#chan	code	gain	offset	innse	comment
   0	   0	91.8	54.6	 571	OK
   1	   0	89.2	58.0	 574	OK
   2	   0	90.2	56.8	 596	OK
   3	   0	91.5	56.7	 578	OK
   4	   0	96.1	49.4	 591	OK
   5	   0	93.7	53.9	 554	OK
   6	   0	92.0	56.6	 604	OK
   7	   0	88.4	58.3	 602	OK
   8	   0	86.0	64.6	 585	OK
   9	   0	94.7	51.8	 602	OK
  10	   0	88.0	59.1	 583	OK
  11	1101	0.0	0.0	   0	dead
  12	   0	87.0	61.4	 577	OK
  13	1101	0.0	0.0	   0	dead
  14	   0	98.7	47.2	 586	OK
  15	   0	83.5	64.0	 618	OK
  16	   0	90.6	56.1	 578	OK
  17	   0	93.6	54.1	 601	OK
  18	   0	90.3	56.3	 576	OK
  19	   0	98.0	48.1	 556	OK
  20	   0	100.4	44.5	 581	OK
  21	   0	95.3	53.6	 584	OK
  22	   0	86.3	62.7	 612	OK
  23	   0	93.6	54.6	 596	OK
  24	   0	93.8	55.2	 622	OK
  25	   0	90.0	56.4	 601	OK
  26	   0	94.3	54.0	 618	OK
  27	   0	93.5	54.8	 601	OK
  28	   0	89.9	58.4	 609	OK
  29	   0	91.3	56.3	 616	OK
  30	   0	97.4	50.2	 603	OK
  31	   0	100.5	47.0	 595	OK
  32	   0	94.0	54.3	 619	OK
  33	   0	85.6	62.0	 618	OK
  34	   0	92.5	56.4	 615	OK
  35	   0	93.1	54.3	 637	OK
  36	   0	89.5	57.7	 619	OK
  37	   0	94.6	52.1	 630	OK
  38	   0	85.4	62.5	 658	OK
  39	   0	91.3	56.4	 626	OK
  40	   0	91.3	57.8	 624	OK
  41	   0	91.9	55.8	 650	OK
  42	   0	94.5	52.5	 600	OK
  43	   0	93.8	55.0	 626	OK
  44	   0	90.4	57.1	 620	OK
  45	   0	91.8	56.8	 621	OK
  46	   0	101.8	43.8	 598	OK
  47	4000	90.1	56.5	 719	high noise
  48	1101	0.0	0.0	   0	dead
  49	   0	96.5	50.0	 627	OK
  50	   0	97.9	49.7	 611	OK
  51	1101	0.0	0.0	   0	dead
  52	   0	100.8	45.7	 615	OK
  53	   0	98.4	48.2	 607	OK
  54	4000	89.8	57.4	 835	high noise
  55	   0	94.9	53.5	 630	OK
  56	   0	89.6	57.9	 667	OK
  57	   0	98.6	46.9	 602	OK
  58	   0	97.2	48.1	 615	OK
  59	   0	88.1	59.3	 637	OK
  60	   0	102.7	43.7	 606	OK
  61	   0	90.4	58.5	 636	OK
  62	   0	99.8	49.1	 632	OK
  63	   0	92.7	54.4	 634	OK
  64	   0	97.1	51.9	 619	OK
  65	   0	95.0	51.9	 628	OK
  66	   0	98.1	49.2	 604	OK
  67	   0	90.1	59.1	 630	OK
  68	   0	94.5	51.5	 628	OK
  69	   0	94.4	53.5	 641	OK
  70	   0	91.0	55.7	 598	OK
  71	   0	87.3	60.3	 662	OK
  72	   0	88.3	60.9	 625	OK
  73	   0	84.5	63.6	 644	OK
  74	   0	92.8	56.2	 651	OK
  75	   0	97.1	48.3	 621	OK
  76	   0	89.7	58.4	 655	OK
  77	   0	99.5	48.1	 614	OK
  78	   0	101.0	45.4	 605	OK
  79	   0	96.3	50.3	 601	OK
  80	   0	88.4	61.0	 626	OK
  81	   0	90.4	57.2	 627	OK
  82	   0	89.6	59.8	 618	OK
  83	   0	92.7	55.4	 614	OK
  84	   0	97.2	48.5	 600	OK
  85	   0	90.7	58.7	 628	OK
  86	   0	81.9	66.3	 624	OK
  87	   0	93.0	54.1	 599	OK
  88	   0	88.1	61.9	 633	OK
  89	   0	93.4	54.2	 615	OK
  90	   0	85.2	62.1	 640	OK
  91	   0	90.4	57.0	 624	OK
  92	   0	93.7	53.3	 609	OK
  93	   0	89.9	57.4	 675	OK
  94	   0	85.8	63.4	 646	OK
  95	   0	90.4	56.4	 615	OK
  96	   0	86.0	62.3	 627	OK
  97	   0	91.3	56.3	 623	OK
  98	   0	92.1	54.2	 628	OK
  99	   0	96.9	51.2	 601	OK
 100	   0	94.3	52.3	 622	OK
 101	   0	87.1	62.7	 642	OK
 102	   0	89.8	57.1	 616	OK
 103	   0	88.1	59.1	 617	OK
 104	   0	88.1	60.9	 616	OK
 105	   0	91.6	55.7	 657	OK
 106	   0	86.4	62.7	 627	OK
 107	   0	90.4	57.4	 611	OK
 108	1101	0.0	0.0	   0	dead
 109	   0	90.4	59.3	 607	OK
 110	   0	95.4	53.4	 616	OK
 111	   0	87.7	61.7	 602	OK
 112	   0	84.2	64.8	 630	OK
 113	   0	93.8	52.2	 610	OK
 114	   0	93.4	55.5	 614	OK
 115	   0	93.8	53.4	 605	OK
 116	   0	96.3	49.3	 600	OK
 117	   0	91.7	57.5	 614	OK
 118	   0	94.1	52.2	 588	OK
 119	   0	92.8	53.2	 632	OK
 120	   0	87.8	60.1	 618	OK
 121	   0	83.4	64.9	 631	OK
 122	   0	86.3	60.9	 640	OK
 123	   0	91.4	57.3	 603	OK
 124	   0	92.5	56.2	 604	OK
 125	   0	92.4	53.3	 630	OK
 126	   0	91.1	56.8	 622	OK
 127	   0	87.6	58.1	 627	OK
 128	   0	83.9	64.0	 714	OK
 129	   0	88.1	60.7	 686	OK
 130	   0	79.9	70.9	 734	OK
 131	   0	76.6	74.6	 749	OK
 132	   0	85.1	63.5	 724	OK
 133	   0	84.1	63.3	 729	OK
 134	   0	83.2	64.8	 733	OK
 135	   0	82.1	67.0	 731	OK
 136	   0	77.0	70.6	 755	OK
 137	   0	78.8	70.4	 747	OK
 138	   0	82.3	66.3	 715	OK
 139	   0	83.9	63.9	 705	OK
 140	   0	84.2	63.9	 717	OK
 141	   0	84.7	64.6	 709	OK
 142	   0	83.9	65.1	 725	OK
 143	   0	81.5	67.9	 721	OK
 144	   0	82.8	66.4	 691	OK
 145	   0	78.4	72.9	 706	OK
 146	   0	78.7	70.6	 725	OK
 147	   0	86.2	61.3	 703	OK
 148	   0	83.2	63.2	 719	OK
 149	   0	84.0	64.9	 732	OK
 150	   0	82.8	65.3	 744	OK
 151	   0	85.1	61.8	 725	OK
 152	   0	85.7	65.0	 717	OK
 153	   0	79.7	71.4	 725	OK
 154	   0	79.4	69.0	 748	OK
 155	   0	78.8	71.7	 749	OK
 156	   0	78.2	70.7	 747	OK
 157	   0	80.7	69.4	 735	OK
 158	   0	83.3	67.5	 747	OK
 159	   0	78.8	72.5	 725	OK
 160	   0	82.9	66.9	 728	OK
 161	   0	86.4	60.4	 724	OK
 162	   0	77.4	71.6	 803	OK
 163	   0	86.5	62.6	 707	OK
 164	   0	82.1	68.8	 732	OK
 165	   0	82.9	67.4	 713	OK
 166	   0	79.1	68.2	 749	OK
 167	   0	84.7	65.6	 713	OK
 168	   0	87.7	58.4	 707	OK
 169	   0	77.3	72.2	 712	OK
 170	   0	74.7	74.7	 758	OK
 171	   0	82.2	67.4	 721	OK
 172	   0	86.6	60.9	 717	OK
 173	   0	82.2	68.0	 731	OK
 174	   0	88.4	59.5	 713	OK
 175	   0	72.7	78.1	 737	OK
 176	   0	81.7	66.1	 730	OK
 177	   0	81.1	70.5	 732	OK
 178	   0	78.7	69.4	 753	OK
 179	   0	86.5	63.2	 703	OK
 180	   0	89.4	59.7	 711	OK
 181	   0	85.2	62.2	 730	OK
 182	   0	80.7	69.7	 734	OK
 183	   0	80.4	67.7	 706	OK
 184	   0	84.8	64.4	 756	OK
 185	   0	78.2	72.7	 785	OK
 186	   0	83.5	65.0	 735	OK
 187	   0	78.2	71.8	 712	OK
 188	   0	87.3	60.0	 709	OK
 189	   0	84.4	63.2	 742	OK
 190	   0	74.7	73.5	 751	OK
 191	   0	73.1	76.6	 752	OK
 192	   0	77.7	71.3	 751	OK
 193	   0	80.7	69.5	 732	OK
 194	   0	78.7	71.6	 759	OK
 195	   0	83.1	65.7	 716	OK
 196	   0	78.1	72.1	 771	OK
 197	   0	80.3	69.4	 704	OK
 198	   0	84.8	63.6	 713	OK
 199	   0	82.0	66.1	 737	OK
 200	   0	76.9	74.6	 730	OK
 201	   0	78.0	73.8	 729	OK
 202	   0	87.9	59.8	 696	OK
 203	   0	78.7	71.0	 735	OK
 204	   0	79.7	68.1	 776	OK
 205	   0	79.1	69.3	 768	OK
 206	   0	72.1	79.4	 774	OK
 207	   0	77.2	73.9	 732	OK
 208	   0	82.3	65.9	 695	OK
 209	   0	75.9	74.7	 710	OK
 210	   0	82.8	65.7	 707	OK
 211	   0	76.8	72.3	 700	OK
 212	   0	79.9	67.7	 713	OK
 213	   0	77.2	71.2	 740	OK
 214	   0	85.3	62.4	 718	OK
 215	   0	84.0	63.5	 693	OK
 216	   0	78.1	71.6	 757	OK
 217	   0	81.3	67.7	 694	OK
 218	   0	79.2	71.7	 728	OK
 219	   0	78.4	70.9	 708	OK
 220	   0	78.8	69.2	 734	OK
 221	   0	83.0	67.1	 711	OK
 222	   0	81.5	69.1	 711	OK
 223	   0	82.2	66.5	 723	OK
 224	   0	79.1	69.6	 775	OK
 225	   0	79.2	70.2	 676	OK
 226	   0	81.5	67.9	 699	OK
 227	   0	80.2	70.9	 722	OK
 228	   0	76.9	72.5	 704	OK
 229	   0	82.8	67.5	 723	OK
 230	   0	81.3	66.8	 695	OK
 231	   0	84.2	65.8	 714	OK
 232	   0	76.6	73.1	 745	OK
 233	   0	81.5	69.4	 715	OK
 234	   0	79.0	68.3	 736	OK
 235	   0	84.4	64.3	 695	OK
 236	4000	80.1	69.0	 839	high noise
 237	   0	71.7	78.4	 781	OK
 238	   0	80.6	70.4	 727	OK
 239	   0	78.4	70.3	 731	OK
 240	   0	88.5	57.6	 675	OK
 241	   0	83.3	66.3	 710	OK
 242	   0	82.2	68.2	 709	OK
 243	   0	71.9	76.9	 757	OK
 244	   0	82.8	66.8	 700	OK
 245	   0	78.2	70.8	 702	OK
 246	   0	82.1	67.2	 703	OK
 247	   0	78.4	70.2	 700	OK
 248	   0	79.6	69.1	 751	OK
 249	   0	81.7	66.3	 721	OK
 250	   0	76.7	72.6	 726	OK
 251	   0	76.5	72.2	 738	OK
 252	   0	83.1	67.5	 704	OK
 253	   0	77.4	72.7	 716	OK
 254	   0	77.2	73.9	 754	OK
 255	   0	84.9	63.2	 709	OK
 256	   0	85.2	64.1	 680	OK
 257	   0	92.2	55.8	 674	OK
 258	   0	87.5	59.8	 664	OK
 259	   0	93.2	54.5	 682	OK
 260	   0	93.6	54.7	 675	OK
 261	   0	87.4	62.3	 665	OK
 262	   0	82.3	68.4	 713	OK
 263	   0	83.2	66.8	 725	OK
 264	   0	93.0	55.6	 659	OK
 265	   0	86.1	60.7	 677	OK
 266	   0	96.3	49.0	 660	OK
 267	   0	85.2	65.4	 676	OK
 268	   0	85.4	62.7	 700	OK
 269	   0	88.0	59.5	 684	OK
 270	   0	81.7	67.0	 710	OK
 271	   0	92.1	55.0	 688	OK
 272	   0	84.2	65.4	 684	OK
 273	   0	93.4	56.2	 681	OK
 274	   0	87.7	59.9	 670	OK
 275	   0	84.8	64.0	 691	OK
 276	   0	78.4	71.1	 713	OK
 277	   0	90.6	58.5	 660	OK
 278	   0	95.9	49.4	 678	OK
 279	   0	88.5	61.4	 683	OK
 280	   0	89.9	58.5	 683	OK
 281	   0	91.3	55.6	 680	OK
 282	   0	89.0	58.4	 679	OK
 283	   0	89.3	58.6	 669	OK
 284	   0	85.8	62.4	 697	OK
 285	   0	95.3	53.1	 674	OK
 286	   0	86.8	60.6	 673	OK
 287	   0	92.1	54.6	 687	OK
 288	   0	86.7	60.2	 703	OK
 289	   0	91.4	55.2	 671	OK
 290	   0	85.7	62.7	 683	OK
 291	   0	77.8	74.3	 724	OK
 292	   0	85.8	64.4	 684	OK
 293	   0	87.7	60.8	 675	OK
 294	   0	89.0	58.9	 687	OK
 295	   0	86.8	63.2	 728	OK
 296	   0	88.4	61.2	 676	OK
 297	   0	94.2	52.2	 679	OK
 298	   0	86.4	63.1	 683	OK
 299	   0	86.6	62.2	 696	OK
 300	   0	90.6	57.2	 664	OK
 301	   0	85.4	61.8	 698	OK
 302	   0	87.9	59.6	 708	OK
 303	   0	85.3	61.7	 684	OK
 304	   0	95.9	48.7	 657	OK
 305	   0	87.6	60.6	 680	OK
 306	   0	87.4	62.1	 695	OK
 307	   0	83.6	65.8	 693	OK
 308	   0	91.4	57.7	 662	OK
 309	   0	92.7	54.5	 700	OK
 310	   0	88.2	61.1	 674	OK
 311	   0	91.6	55.9	 680	OK
 312	   0	89.2	58.2	 731	OK
 313	   0	80.3	68.5	 724	OK
 314	   0	84.3	63.6	 722	OK
 315	   0	85.5	63.7	 707	OK
 316	   0	90.6	59.8	 669	OK
 317	   0	92.3	57.5	 679	OK
 318	   0	98.8	45.9	 667	OK
 319	   0	92.4	54.2	 676	OK
 320	   0	85.3	62.0	 721	OK
 321	   0	83.2	64.7	 689	OK
 322	   0	97.8	51.6	 682	OK
 323	   0	82.6	66.1	 701	OK
 324	   0	84.5	62.1	 699	OK
 325	   0	92.0	53.6	 681	OK
 326	   0	89.6	59.1	 685	OK
 327	   0	80.5	69.0	 719	OK
 328	   0	84.6	63.7	 704	OK
 329	   0	81.2	66.9	 713	OK
 330	   0	86.6	61.0	 705	OK
 331	   0	84.9	66.3	 681	OK
 332	   0	82.8	65.0	 713	OK
 333	   0	88.8	57.6	 710	OK
 334	   0	82.2	66.7	 696	OK
 335	   0	85.9	61.8	 674	OK
 336	   0	91.6	56.9	 679	OK
 337	   0	92.5	55.4	 695	OK
 338	   0	82.0	67.5	 694	OK
 339	   0	84.2	63.5	 717	OK
 340	   0	87.2	61.5	 691	OK
 341	   0	85.0	62.0	 717	OK
 342	   0	85.1	64.0	 682	OK
 343	   0	80.8	69.9	 720	OK
 344	   0	89.3	58.2	 648	OK
 345	   0	86.4	60.8	 690	OK
 346	   0	89.3	58.5	 673	OK
 347	   0	90.8	57.2	 705	OK
 348	   0	86.6	62.5	 685	OK
 349	   0	86.1	62.1	 663	OK
 350	   0	89.5	57.2	 683	OK
 351	   0	84.2	64.9	 709	OK
 352	   0	86.9	60.1	 693	OK
 353	   0	87.3	62.6	 681	OK
 354	   0	88.9	58.8	 680	OK
 355	   0	86.6	60.0	 684	OK
 356	   0	92.8	55.1	 673	OK
 357	   0	85.4	64.5	 695	OK
 358	   0	83.9	63.8	 690	OK
 359	   0	90.5	58.9	 685	OK
 360	   0	92.2	55.0	 667	OK
 361	   0	84.5	63.5	 703	OK
 362	   0	89.3	59.0	 697	OK
 363	   0	81.2	67.2	 695	OK
 364	   0	86.4	60.9	 678	OK
 365	   0	91.1	54.2	 652	OK
 366	   0	86.5	63.0	 688	OK
 367	   0	84.0	65.8	 682	OK
 368	   0	84.6	63.5	 720	OK
 369	   0	87.9	60.1	 682	OK
 370	   0	89.9	56.9	 706	OK
 371	   0	89.9	58.2	 679	OK
 372	   0	84.2	63.8	 653	OK
 373	   0	87.1	62.2	 682	OK
 374	   0	85.5	63.2	 686	OK
 375	   0	79.8	70.9	 732	OK
 376	   0	87.7	63.3	 668	OK
 377	   0	91.1	55.9	 676	OK
 378	   0	97.4	48.7	 637	OK
 379	   0	86.8	59.3	 678	OK
 380	   0	91.8	55.8	 665	OK
 381	   0	86.3	61.4	 650	OK
 382	   0	90.5	57.6	 657	OK
 383	   0	87.8	61.7	 684	OK
 384	   0	88.0	57.5	 672	OK
 385	   0	85.9	61.2	 685	OK
 386	   0	85.3	64.9	 710	OK
 387	   0	82.3	68.7	 707	OK
 388	   0	88.6	60.1	 681	OK
 389	   0	81.4	67.7	 696	OK
 390	   0	85.8	62.1	 698	OK
 391	   0	80.1	69.9	 697	OK
 392	   0	80.3	70.2	 716	OK
 393	   0	80.1	70.4	 712	OK
 394	   0	90.8	56.5	 684	OK
 395	   0	77.0	73.8	 702	OK
 396	   0	88.7	59.3	 700	OK
 397	   0	83.2	66.3	 697	OK
 398	   0	91.9	54.4	 676	OK
 399	   0	85.8	63.6	 699	OK
 400	   0	78.6	72.0	 716	OK
 401	   0	79.5	69.3	 700	OK
 402	   0	89.8	59.0	 678	OK
 403	   0	91.3	54.6	 647	OK
 404	   0	87.3	61.2	 705	OK
 405	   0	80.8	66.8	 688	OK
 406	   0	83.1	65.7	 680	OK
 407	   0	83.8	65.7	 698	OK
 408	   0	86.4	61.1	 682	OK
 409	   0	83.3	67.2	 679	OK
 410	   0	82.4	64.8	 689	OK
 411	   0	84.2	62.9	 680	OK
 412	   0	83.0	67.1	 654	OK
 413	   0	85.6	62.9	 705	OK
 414	   0	84.6	64.1	 678	OK
 415	   0	88.2	59.8	 783	OK
 416	   0	82.5	64.0	 702	OK
 417	   0	97.2	51.8	 669	OK
 418	   0	83.7	63.3	 697	OK
 419	   0	76.1	75.0	 742	OK
 420	   0	85.8	61.5	 729	OK
 421	   0	81.9	69.4	 697	OK
 422	   0	87.2	60.3	 667	OK
 423	   0	87.1	59.8	 675	OK
 424	   0	86.1	63.1	 658	OK
 425	   0	79.5	71.8	 687	OK
 426	   0	84.8	65.8	 694	OK
 427	   0	83.5	65.5	 702	OK
 428	   0	89.9	58.5	 681	OK
 429	   0	77.9	72.8	 730	OK
 430	   0	85.0	64.9	 665	OK
 431	   0	79.2	70.8	 734	OK
 432	   0	83.8	66.0	 699	OK
 433	   0	88.0	61.0	 662	OK
 434	   0	80.8	68.4	 703	OK
 435	   0	82.3	67.5	 670	OK
 436	   0	79.9	69.3	 731	OK
 437	   0	82.2	68.6	 696	OK
 438	   0	85.4	64.7	 718	OK
 439	   0	75.8	75.6	 723	OK
 440	   0	84.4	63.8	 712	OK
 441	   0	80.6	68.4	 687	OK
 442	   0	87.6	60.2	 696	OK
 443	   0	79.9	70.3	 731	OK
 444	   0	86.9	60.7	 681	OK
 445	   0	89.8	55.8	 665	OK
 446	   0	81.1	68.8	 731	OK
 447	   0	88.2	58.8	 703	OK
 448	   0	95.7	49.0	 656	OK
 449	   0	90.4	59.2	 701	OK
 450	   0	89.2	58.9	 696	OK
 451	   0	80.0	70.5	 722	OK
 452	   0	79.8	71.1	 712	OK
 453	   0	87.6	61.1	 704	OK
 454	   0	80.1	71.8	 717	OK
 455	   0	84.0	65.3	 711	OK
 456	   0	88.0	61.5	 689	OK
 457	   0	75.8	73.8	 726	OK
 458	   0	73.8	76.0	 729	OK
 459	   0	86.3	63.1	 678	OK
 460	   0	86.3	62.6	 688	OK
 461	   0	83.0	64.5	 696	OK
 462	   0	80.0	69.1	 688	OK
 463	   0	82.9	67.2	 716	OK
 464	   0	80.9	67.6	 691	OK
 465	   0	86.2	63.6	 753	OK
 466	   0	82.0	69.5	 712	OK
 467	   0	82.2	64.8	 724	OK
 468	   0	83.4	66.2	 713	OK
 469	   0	77.1	73.7	 712	OK
 470	   0	83.5	67.9	 725	OK
 471	   0	76.6	76.6	 733	OK
 472	   0	82.7	66.3	 703	OK
 473	   0	84.0	65.3	 730	OK
 474	   0	73.6	77.7	 718	OK
 475	   0	79.6	69.5	 694	OK
 476	   0	82.0	66.3	 716	OK
 477	   0	84.7	63.0	 702	OK
 478	4000	77.3	73.3	 824	high noise
 479	   0	82.6	66.8	 713	OK
 480	   0	82.7	65.7	 781	OK
 481	   0	77.9	73.4	 724	OK
 482	   0	78.3	71.5	 741	OK
 483	   0	87.0	60.3	 699	OK
 484	   0	81.4	68.3	 700	OK
 485	   0	86.7	62.8	 705	OK
 486	   0	75.4	75.8	 743	OK
 487	   0	86.3	63.7	 685	OK
 488	   0	78.6	71.9	 769	OK
 489	   0	81.8	67.6	 684	OK
 490	   0	86.4	62.4	 698	OK
 491	   0	75.6	75.7	 724	OK
 492	   0	82.0	66.8	 672	OK
 493	   0	81.7	68.3	 716	OK
 494	   0	76.7	72.1	 730	OK
 495	   0	80.6	71.6	 719	OK
 496	   0	81.4	69.2	 691	OK
 497	   0	83.7	64.1	 663	OK
 498	   0	76.9	73.6	 718	OK
 499	   0	82.5	66.7	 691	OK
 500	   0	85.6	63.0	 690	OK
 501	   0	76.0	75.6	 714	OK
 502	   0	85.6	65.3	 720	OK
 503	   0	80.4	70.5	 698	OK
 504	   0	86.5	61.3	 709	OK
 505	   0	79.2	68.9	 708	OK
 506	   0	82.1	66.8	 717	OK
 507	   0	88.2	58.7	 676	OK
 508	   0	78.8	72.4	 710	OK
 509	   0	79.0	71.9	 701	OK
 510	   0	82.9	65.8	 715	OK
 511	   0	83.1	66.8	 697	OK
 512	   0	79.9	69.8	 745	OK
 513	   0	85.0	61.7	 725	OK
 514	   0	77.8	71.7	 758	OK
 515	   0	87.7	58.5	 738	OK
 516	   0	85.9	63.2	 725	OK
 517	   0	87.5	59.4	 721	OK
 518	   0	84.1	62.3	 734	OK
 519	   0	87.6	59.3	 727	OK
 520	   0	86.7	62.0	 713	OK
 521	   0	83.6	65.5	 741	OK
 522	   0	85.1	63.2	 744	OK
 523	   0	86.0	63.9	 712	OK
 524	   0	83.1	65.2	 733	OK
 525	   0	87.6	59.9	 728	OK
 526	   0	87.0	61.8	 741	OK
 527	   0	83.9	64.4	 717	OK
 528	   0	84.7	65.4	 722	OK
 529	   0	88.8	58.4	 713	OK
 530	   0	83.7	65.6	 743	OK
 531	   0	81.0	67.2	 730	OK
 532	   0	84.6	64.5	 701	OK
 533	   0	82.2	65.9	 724	OK
 534	   0	83.1	65.9	 731	OK
 535	   0	83.7	66.0	 740	OK
 536	   0	79.0	72.0	 744	OK
 537	   0	77.2	73.5	 778	OK
 538	   0	87.1	61.6	 756	OK
 539	   0	84.7	62.6	 729	OK
 540	   0	82.9	66.8	 719	OK
 541	   0	92.6	54.5	 711	OK
 542	   0	80.0	71.7	 731	OK
 543	   0	85.1	62.8	 736	OK
 544	   0	78.0	72.8	 744	OK
 545	   0	79.3	72.9	 733	OK
 546	   0	92.7	53.5	 707	OK
 547	   0	81.9	66.5	 738	OK
 548	   0	85.2	64.4	 723	OK
 549	   0	83.6	64.0	 730	OK
 550	   0	86.5	60.2	 733	OK
 551	   0	81.2	69.8	 704	OK
 552	   0	83.9	65.4	 746	OK
 553	   0	84.0	67.1	 761	OK
 554	   0	81.9	66.2	 729	OK
 555	   0	77.5	74.3	 751	OK
 556	   0	84.7	64.5	 734	OK
 557	   0	87.0	60.7	 726	OK
 558	   0	95.6	53.0	 703	OK
 559	   0	77.9	72.8	 743	OK
 560	   0	84.1	63.0	 721	OK
 561	   0	87.3	59.6	 731	OK
 562	   0	80.7	69.3	 764	OK
 563	   0	86.1	64.1	 696	OK
 564	   0	88.3	58.6	 746	OK
 565	   0	86.8	60.9	 708	OK
 566	   0	84.4	64.1	 735	OK
 567	   0	86.2	62.1	 730	OK
 568	   0	87.2	60.1	 710	OK
 569	   0	83.0	66.6	 755	OK
 570	   0	91.4	56.8	 689	OK
 571	   0	82.6	66.3	 722	OK
 572	   0	76.5	73.1	 744	OK
 573	   0	85.3	64.9	 726	OK
 574	   0	83.6	66.3	 756	OK
 575	   0	85.6	62.7	 697	OK
 576	   0	87.0	60.8	 717	OK
 577	   0	89.5	59.6	 708	OK
 578	   0	85.6	63.7	 699	OK
 579	   0	89.7	59.4	 722	OK
 580	   0	85.7	61.2	 729	OK
 581	   0	79.8	70.0	 743	OK
 582	   0	85.5	63.4	 691	OK
 583	   0	80.3	69.0	 733	OK
 584	   0	88.0	59.9	 722	OK
 585	   0	80.4	68.7	 718	OK
 586	   0	77.2	74.1	 752	OK
 587	   0	78.3	73.5	 731	OK
 588	   0	86.3	61.7	 709	OK
 589	   0	82.4	67.8	 752	OK
 590	   0	83.2	64.8	 717	OK
 591	   0	83.1	65.8	 737	OK
 592	   0	79.1	70.6	 751	OK
 593	   0	78.2	71.3	 732	OK
 594	   0	79.7	71.6	 728	OK
 595	   0	78.9	69.4	 762	OK
 596	   0	86.7	61.7	 744	OK
 597	   0	80.5	69.9	 750	OK
 598	   0	80.4	70.5	 769	OK
 599	   0	75.0	74.7	 776	OK
 600	   0	84.9	62.8	 725	OK
 601	   0	89.5	60.7	 720	OK
 602	   0	83.1	67.1	 713	OK
 603	   0	82.4	67.5	 735	OK
 604	   0	80.8	68.2	 730	OK
 605	   0	87.1	60.5	 707	OK
 606	   0	80.7	69.4	 733	OK
 607	   0	80.7	69.2	 732	OK
 608	   0	83.8	63.8	 712	OK
 609	   0	86.9	60.4	 700	OK
 610	   0	78.5	70.1	 763	OK
 611	   0	74.8	77.3	 749	OK
 612	   0	81.8	68.6	 753	OK
 613	   0	78.1	73.4	 748	OK
 614	   0	90.3	57.6	 690	OK
 615	   0	82.1	66.2	 715	OK
 616	   0	79.9	67.8	 735	OK
 617	   0	80.0	70.7	 702	OK
 618	   0	85.1	64.0	 706	OK
 619	   0	78.1	72.1	 749	OK
 620	   0	80.4	69.5	 725	OK
 621	   0	87.8	60.3	 694	OK
 622	   0	81.5	67.3	 690	OK
 623	   0	77.4	73.5	 726	OK
 624	   0	80.1	69.3	 725	OK
 625	   0	79.0	70.3	 734	OK
 626	   0	83.8	63.8	 725	OK
 627	   0	85.4	62.6	 715	OK
 628	   0	82.3	69.6	 720	OK
 629	   0	80.4	70.6	 723	OK
 630	   0	86.7	60.4	 712	OK
 631	   0	81.4	69.9	 713	OK
 632	   0	86.6	61.0	 689	OK
 633	   0	81.1	69.8	 741	OK
 634	   0	82.5	65.3	 701	OK
 635	   0	78.5	70.9	 726	OK
 636	   0	83.4	67.3	 698	OK
 637	   0	86.2	60.5	 704	OK
 638	   0	80.7	66.0	 716	OK
 639	   0	85.6	64.0	 710	OK
 640	   0	84.2	63.8	 679	OK
 641	   0	81.5	66.7	 728	OK
 642	   0	76.5	72.2	 736	OK
 643	   0	84.6	65.5	 686	OK
 644	   0	84.7	64.9	 696	OK
 645	   0	84.5	64.4	 715	OK
 646	   0	83.8	66.2	 709	OK
 647	   0	87.2	62.4	 680	OK
 648	   0	82.8	67.1	 689	OK
 649	   0	84.9	63.2	 709	OK
 650	   0	83.5	66.0	 714	OK
 651	   0	87.3	61.0	 713	OK
 652	   0	89.0	59.6	 700	OK
 653	   0	86.6	62.5	 671	OK
 654	   0	79.5	68.0	 714	OK
 655	   0	83.0	67.1	 680	OK
 656	   0	82.9	64.8	 708	OK
 657	   0	78.7	69.9	 726	OK
 658	   0	87.8	59.4	 687	OK
 659	   0	84.7	64.0	 673	OK
 660	   0	88.9	60.1	 702	OK
 661	   0	89.5	57.2	 705	OK
 662	   0	88.3	61.0	 672	OK
 663	   0	86.1	63.0	 716	OK
 664	   0	93.7	53.3	 673	OK
 665	   0	79.9	68.1	 722	OK
 666	   0	86.3	60.7	 709	OK
 667	   0	85.9	61.9	 685	OK
 668	   0	86.6	60.2	 675	OK
 669	   0	84.1	64.5	 685	OK
 670	   0	88.4	58.6	 684	OK
 671	   0	85.6	64.9	 725	OK
 672	   0	81.4	68.8	 702	OK
 673	   0	80.9	66.9	 683	OK
 674	   0	88.0	59.9	 689	OK
 675	   0	75.2	75.8	 719	OK
 676	   0	81.7	67.3	 699	OK
 677	   0	83.6	64.6	 689	OK
 678	   0	79.3	71.3	 722	OK
 679	   0	83.5	64.6	 700	OK
 680	   0	91.8	55.1	 673	OK
 681	   0	85.0	61.9	 726	OK
 682	   0	91.4	56.8	 689	OK
 683	   0	90.2	57.5	 705	OK
 684	   0	79.5	71.8	 700	OK
 685	   0	83.8	66.3	 706	OK
 686	   0	85.5	62.7	 731	OK
 687	   0	91.5	55.0	 685	OK
 688	   0	88.0	60.5	 692	OK
 689	   0	86.4	62.0	 686	OK
 690	   0	91.7	56.3	 682	OK
 691	   0	88.8	56.8	 681	OK
 692	   0	89.3	57.1	 669	OK
 693	   0	84.0	63.8	 700	OK
 694	   0	83.8	64.1	 715	OK
 695	   0	80.4	71.3	 744	OK
 696	   0	89.1	57.8	 697	OK
 697	   0	80.8	68.0	 728	OK
 698	   0	91.5	58.6	 715	OK
 699	   0	87.2	62.1	 692	OK
 700	   0	95.0	51.6	 693	OK
 701	   0	84.9	62.6	 706	OK
 702	   0	85.0	62.6	 730	OK
 703	   0	85.3	62.4	 718	OK
 704	   0	90.9	57.5	 715	OK
 705	   0	93.7	53.0	 709	OK
 706	   0	95.5	52.3	 698	OK
 707	   0	85.7	61.5	 703	OK
 708	   0	84.4	64.1	 725	OK
 709	   0	90.7	54.3	 701	OK
 710	   0	88.8	57.7	 713	OK
 711	   0	88.5	61.9	 732	OK
 712	   0	86.9	61.3	 690	OK
 713	   0	84.5	64.3	 729	OK
 714	   0	81.8	66.4	 738	OK
 715	   0	87.5	59.5	 708	OK
 716	   0	83.0	64.8	 696	OK
 717	   0	83.2	66.9	 726	OK
 718	   0	86.0	63.3	 705	OK
 719	   0	87.5	61.3	 699	OK
 720	   0	87.5	62.4	 690	OK
 721	   0	88.3	58.3	 699	OK
 722	   0	92.4	54.9	 714	OK
 723	   0	84.2	62.2	 733	OK
 724	   0	89.6	58.0	 688	OK
 725	   0	84.0	62.4	 698	OK
 726	   0	82.4	65.7	 736	OK
 727	   0	87.7	61.6	 716	OK
 728	   0	84.7	63.8	 703	OK
 729	   0	87.4	59.9	 677	OK
 730	   0	84.9	63.3	 709	OK
 731	   0	82.3	66.3	 718	OK
 732	   0	87.8	60.5	 700	OK
 733	   0	82.7	66.7	 712	OK
 734	   0	84.7	65.4	 713	OK
 735	   0	77.5	70.8	 739	OK
 736	   0	84.5	66.2	 701	OK
 737	   0	88.0	59.6	 728	OK
 738	   0	80.8	70.6	 708	OK
 739	   0	79.7	70.4	 752	OK
 740	   0	83.1	64.4	 704	OK
 741	   0	86.5	61.6	 733	OK
 742	   0	86.3	63.0	 738	OK
 743	   0	86.2	61.0	 690	OK
 744	   0	81.7	68.2	 729	OK
 745	   0	83.4	66.8	 776	OK
 746	   0	89.4	59.3	 693	OK
 747	   0	83.2	64.0	 724	OK
 748	   0	80.5	69.8	 718	OK
 749	   0	80.9	68.3	 705	OK
 750	   0	85.9	63.5	 707	OK
 751	   0	92.9	53.5	 681	OK
 752	   0	85.8	62.5	 721	OK
 753	   0	78.8	70.9	 755	OK
 754	   0	87.0	62.6	 711	OK
 755	   0	87.9	61.7	 705	OK
 756	   0	81.1	66.5	 732	OK
 757	   0	85.4	65.0	 724	OK
 758	   0	88.3	60.2	 690	OK
 759	   0	88.6	61.4	 689	OK
 760	   0	82.7	65.9	 740	OK
 761	   0	81.3	67.4	 724	OK
 762	   0	88.7	60.2	 717	OK
 763	   0	80.1	69.0	 743	OK
 764	   0	78.0	71.0	 737	OK
 765	   0	90.7	57.4	 675	OK
 766	   0	87.2	61.6	 713	OK
 767	   0	86.2	63.5	 707	OK
 768	   0	84.9	65.9	 693	OK
 769	   0	84.2	66.7	 668	OK
 770	   0	88.5	60.1	 673	OK
 771	   0	93.4	54.3	 649	OK
 772	   0	80.4	68.8	 652	OK
 773	   0	92.1	54.2	 650	OK
 774	   0	84.6	63.2	 648	OK
 775	   0	88.4	62.0	 663	OK
 776	   0	90.8	56.3	 649	OK
 777	   0	95.1	54.3	 654	OK
 778	   0	95.9	50.0	 643	OK
 779	   0	84.7	62.9	 678	OK
 780	   0	91.1	56.1	 706	OK
 781	   0	93.3	55.6	 635	OK
 782	   0	96.5	50.5	 619	OK
 783	   0	92.0	56.0	 636	OK
 784	   0	98.4	48.9	 642	OK
 785	   0	90.0	57.5	 645	OK
 786	   0	91.2	58.7	 640	OK
 787	   0	86.1	63.6	 652	OK
 788	   0	91.6	55.7	 646	OK
 789	   0	92.2	54.9	 627	OK
 790	   0	88.3	59.0	 646	OK
 791	   0	93.3	55.0	 648	OK
 792	   0	97.0	49.3	 632	OK
 793	   0	93.2	57.0	 674	OK
 794	   0	94.8	52.9	 636	OK
 795	   0	93.1	55.6	 662	OK
 796	   0	92.7	56.2	 640	OK
 797	   0	86.7	63.9	 682	OK
 798	   0	92.4	55.5	 640	OK
 799	   0	90.7	55.3	 636	OK
 800	   0	89.5	58.1	 660	OK
 801	   0	89.8	58.1	 654	OK
 802	   0	92.1	55.8	 633	OK
 803	   0	100.2	45.8	 642	OK
 804	   0	81.0	67.3	 710	OK
 805	   0	90.3	56.9	 648	OK
 806	   0	87.5	60.6	 644	OK
 807	   0	91.7	54.5	 632	OK
 808	   0	94.0	53.4	 661	OK
 809	   0	87.1	62.5	 679	OK
 810	   0	86.1	63.1	 655	OK
 811	   0	89.4	59.7	 653	OK
 812	   0	88.9	59.3	 655	OK
 813	   0	88.4	59.2	 663	OK
 814	   0	83.5	67.6	 650	OK
 815	   0	85.4	62.0	 663	OK
 816	   0	85.3	62.6	 666	OK
 817	   0	87.7	62.1	 685	OK
 818	   0	88.4	58.9	 663	OK
 819	   0	94.4	52.4	 655	OK
 820	   0	94.3	50.8	 617	OK
 821	   0	91.4	57.7	 648	OK
 822	   0	94.5	52.9	 671	OK
 823	   0	93.0	53.0	 646	OK
 824	   0	90.3	59.5	 644	OK
 825	   0	95.1	52.5	 660	OK
 826	   0	94.3	54.1	 652	OK
 827	   0	90.1	58.9	 630	OK
 828	   0	97.1	48.0	 645	OK
 829	   0	93.9	54.9	 651	OK
 830	   0	87.5	60.8	 680	OK
 831	   0	90.9	59.6	 636	OK
 832	   0	83.5	65.9	 676	OK
 833	   0	89.7	60.1	 659	OK
 834	   0	85.9	63.6	 668	OK
 835	   0	93.0	53.9	 671	OK
 836	   0	96.5	50.9	 642	OK
 837	   0	94.3	52.3	 652	OK
 838	   0	85.6	64.6	 674	OK
 839	   0	92.3	58.1	 635	OK
 840	   0	80.1	69.7	 709	OK
 841	   0	89.3	61.1	 654	OK
 842	   0	90.2	58.9	 650	OK
 843	   0	87.9	58.8	 649	OK
 844	   0	91.3	58.4	 649	OK
 845	   0	81.7	68.6	 674	OK
 846	   0	95.1	51.9	 666	OK
 847	   0	90.4	59.4	 663	OK
 848	1101	0.0	0.0	   0	dead
 849	   0	95.6	52.3	 666	OK
 850	   0	90.2	59.2	 660	OK
 851	   0	83.7	66.6	 676	OK
 852	   0	92.0	54.5	 659	OK
 853	   0	90.6	57.1	 645	OK
 854	   0	93.3	53.4	 654	OK
 855	   0	94.5	53.2	 658	OK
 856	   0	88.9	58.1	 658	OK
 857	   0	96.2	52.1	 643	OK
 858	   0	83.3	64.8	 664	OK
 859	   0	80.8	69.4	 691	OK
 860	   0	85.5	63.2	 683	OK
 861	   0	85.5	63.2	 679	OK
 862	   0	88.5	60.3	 670	OK
 863	   0	90.1	59.6	 648	OK
 864	   0	88.7	59.6	 655	OK
 865	   0	94.0	54.8	 638	OK
 866	   0	87.4	60.4	 663	OK
 867	   0	85.2	65.4	 657	OK
 868	   0	90.4	58.8	 640	OK
 869	   0	92.2	56.4	 666	OK
 870	   0	90.0	57.1	 666	OK
 871	   0	90.9	56.9	 666	OK
 872	   0	78.6	71.3	 686	OK
 873	   0	85.7	62.0	 684	OK
 874	   0	82.4	68.8	 680	OK
 875	   0	82.0	68.6	 672	OK
 876	   0	81.8	68.7	 672	OK
 877	   0	88.4	59.7	 672	OK
 878	   0	91.7	57.2	 640	OK
 879	   0	94.3	53.1	 650	OK
 880	   0	92.7	55.0	 641	OK
 881	   0	86.1	62.5	 655	OK
 882	   0	90.0	59.0	 657	OK
 883	   0	83.5	64.9	 645	OK
 884	   0	89.0	62.3	 666	OK
 885	   0	94.6	54.0	 661	OK
 886	   0	85.3	63.3	 652	OK
 887	   0	85.9	64.1	 654	OK
 888	   0	89.4	57.5	 649	OK
 889	   0	88.8	60.8	 648	OK
 890	   0	90.7	56.7	 634	OK
 891	   0	85.4	62.7	 660	OK
 892	   0	89.1	57.7	 654	OK
 893	   0	93.3	55.3	 622	OK
 894	   0	89.6	59.9	 627	OK
 895	   0	92.7	53.1	 633	OK
 896	   0	90.4	56.3	 691	OK
 897	   0	93.5	56.6	 661	OK
 898	   0	91.1	56.7	 672	OK
 899	   0	82.8	67.1	 694	OK
 900	   0	87.5	59.5	 711	OK
 901	   0	85.3	62.5	 688	OK
 902	   0	88.3	61.1	 700	OK
 903	   0	83.7	65.3	 710	OK
 904	   0	88.5	61.0	 682	OK
 905	   0	91.0	57.2	 690	OK
 906	   0	89.3	57.6	 690	OK
 907	   0	91.2	55.8	 662	OK
 908	   0	82.3	66.7	 713	OK
 909	   0	84.0	66.9	 706	OK
 910	   0	93.1	53.6	 667	OK
 911	   0	84.4	64.1	 709	OK
 912	   0	84.4	63.9	 695	OK
 913	   0	83.9	65.9	 717	OK
 914	   0	89.9	56.6	 699	OK
 915	   0	89.3	59.2	 651	OK
 916	   0	92.7	55.1	 687	OK
 917	   0	86.5	62.4	 699	OK
 918	   0	97.1	49.0	 675	OK
 919	   0	90.1	57.8	 667	OK
 920	   0	80.8	66.7	 694	OK
 921	   0	95.8	51.5	 658	OK
 922	   0	89.0	59.6	 681	OK
 923	   0	82.7	66.1	 722	OK
 924	   0	89.5	56.6	 688	OK
 925	   0	95.4	53.7	 651	OK
 926	   0	88.9	58.1	 676	OK
 927	   0	88.0	61.2	 686	OK
 928	   0	86.9	61.7	 722	OK
 929	   0	91.5	55.4	 690	OK
 930	   0	95.1	50.3	 689	OK
 931	   0	87.2	62.1	 693	OK
 932	   0	83.9	65.8	 708	OK
 933	   0	88.6	60.4	 704	OK
 934	   0	91.9	54.6	 683	OK
 935	   0	91.4	55.9	 681	OK
 936	   0	91.8	57.1	 696	OK
 937	   0	92.3	55.5	 685	OK
 938	   0	93.8	54.5	 659	OK
 939	   0	86.2	63.6	 720	OK
 940	   0	86.6	63.9	 699	OK
 941	   0	86.4	61.6	 677	OK
 942	   0	87.9	60.1	 681	OK
 943	   0	93.7	54.3	 652	OK
 944	   0	89.0	60.5	 694	OK
 945	   0	96.9	50.8	 652	OK
 946	   0	88.2	59.4	 701	OK
 947	   0	89.9	60.1	 667	OK
 948	   0	89.5	58.0	 680	OK
 949	   0	77.3	71.1	 725	OK
 950	   0	94.7	54.2	 670	OK
 951	   0	78.8	70.6	 722	OK
 952	   0	84.0	66.3	 699	OK
 953	   0	87.3	62.9	 682	OK
 954	   0	90.6	57.7	 683	OK
 955	   0	89.5	58.7	 667	OK
 956	   0	90.2	56.7	 695	OK
 957	   0	91.7	57.8	 680	OK
 958	   0	85.6	62.4	 708	OK
 959	   0	97.5	48.6	 668	OK
 960	   0	93.0	53.7	 678	OK
 961	   0	84.0	66.3	 686	OK
 962	   0	90.8	57.3	 658	OK
 963	   0	90.6	57.0	 699	OK
 964	   0	88.2	61.0	 689	OK
 965	   0	91.5	55.5	 653	OK
 966	   0	82.0	65.8	 702	OK
 967	   0	87.6	61.1	 691	OK
 968	   0	91.2	57.0	 681	OK
 969	   0	92.9	53.3	 665	OK
 970	   0	90.0	59.7	 667	OK
 971	   0	87.2	60.6	 680	OK
 972	   0	80.1	71.4	 699	OK
 973	   0	85.7	64.8	 677	OK
 974	   0	84.3	66.6	 687	OK
 975	   0	88.9	58.1	 671	OK
 976	   0	82.7	64.9	 695	OK
 977	   0	90.1	59.6	 665	OK
 978	   0	82.3	67.0	 680	OK
 979	   0	87.2	60.7	 692	OK
 980	   0	83.3	64.8	 692	OK
 981	   0	97.3	48.8	 647	OK
 982	   0	89.7	60.2	 661	OK
 983	   0	87.1	60.5	 698	OK
 984	   0	85.5	63.0	 694	OK
 985	   0	88.3	59.0	 669	OK
 986	   0	84.9	64.2	 702	OK
 987	   0	85.1	64.8	 687	OK
 988	   0	82.6	65.7	 675	OK
 989	   0	88.9	59.5	 670	OK
 990	   0	85.3	64.2	 657	OK
 991	   0	87.7	61.4	 667	OK
 992	   0	85.4	62.8	 669	OK
 993	   0	91.8	56.9	 656	OK
 994	   0	77.0	74.6	 749	OK
 995	   0	81.8	68.6	 707	OK
 996	   0	86.7	62.9	 648	OK
 997	   0	87.3	60.9	 673	OK
 998	   0	87.5	62.0	 676	OK
 999	   0	88.9	61.2	 660	OK
1000	   0	84.7	62.1	 684	OK
1001	   0	84.2	65.8	 678	OK
1002	   0	85.2	62.2	 693	OK
1003	   0	87.2	60.1	 644	OK
1004	   0	84.9	64.7	 680	OK
1005	   0	88.4	58.3	 659	OK
1006	   0	88.0	58.6	 668	OK
1007	   0	90.5	56.0	 657	OK
1008	   0	79.7	70.2	 684	OK
1009	   0	82.9	67.4	 686	OK
1010	   0	89.4	61.5	 655	OK
1011	   0	81.7	69.1	 685	OK
1012	   0	85.7	62.2	 693	OK
1013	   0	83.5	66.3	 684	OK
1014	   0	91.3	55.6	 665	OK
1015	   0	80.6	67.4	 656	OK
1016	   0	89.6	57.4	 671	OK
1017	   0	87.4	59.5	 668	OK
1018	   0	86.2	63.0	 687	OK
1019	   0	87.7	60.8	 658	OK
1020	   0	86.3	61.8	 659	OK
1021	   0	82.8	66.3	 678	OK
1022	   0	80.6	70.1	 666	OK
1023	   0	91.3	58.2	 648	OK
1024	   0	97.6	47.8	 598	OK
1025	   0	98.7	47.8	 562	OK
1026	   0	98.4	47.8	 616	OK
1027	   0	100.2	46.8	 560	OK
1028	   0	100.9	47.1	 582	OK
1029	   0	96.7	51.5	 588	OK
1030	   0	97.8	48.6	 590	OK
1031	   0	92.9	55.7	 588	OK
1032	   0	101.7	44.0	 566	OK
1033	   0	101.7	45.0	 556	OK
1034	   0	109.7	35.8	 550	OK
1035	   0	104.7	41.8	 560	OK
1036	   0	99.4	48.1	 617	OK
1037	   0	104.9	41.1	 585	OK
1038	   0	102.5	42.8	 585	OK
1039	   0	103.5	41.3	 561	OK
1040	   0	104.2	42.3	 566	OK
1041	   0	98.1	47.1	 601	OK
1042	   0	105.3	39.8	 563	OK
1043	1000	107.9	36.8	 536	unbonded
1044	   0	103.5	43.5	 565	OK
1045	   0	104.8	42.1	 590	OK
1046	   0	95.1	53.5	 582	OK
1047	   0	102.1	45.7	 571	OK
1048	   0	104.2	41.1	 572	OK
1049	   0	95.2	52.8	 585	OK
1050	   0	98.2	49.4	 575	OK
1051	1000	105.4	41.9	 534	unbonded
1052	   0	102.1	43.6	 569	OK
1053	   0	104.5	42.5	 559	OK
1054	   0	102.4	43.0	 565	OK
1055	   0	101.9	45.5	 563	OK
1056	   0	103.3	43.3	 562	OK
1057	   0	99.4	46.8	 563	OK
1058	   0	97.1	50.6	 584	OK
1059	   0	102.8	44.5	 543	OK
1060	   0	106.4	38.1	 558	OK
1061	   0	103.9	41.5	 570	OK
1062	   0	102.8	43.3	 570	OK
1063	   0	106.1	40.4	 543	OK
1064	   0	102.3	43.7	 574	OK
1065	   0	103.3	42.0	 582	OK
1066	   0	101.0	45.0	 562	OK
1067	   0	92.4	54.4	 588	OK
1068	   0	110.8	36.4	 545	OK
1069	   0	106.9	38.7	 564	OK
1070	   0	100.4	47.6	 554	OK
1071	   0	101.0	44.2	 550	OK
1072	   0	105.6	41.1	 578	OK
1073	   0	107.3	37.8	 569	OK
1074	   0	97.6	48.5	 564	OK
1075	   0	104.0	42.5	 574	OK
1076	   0	102.6	44.4	 571	OK
1077	   0	103.9	41.7	 599	OK
1078	   0	105.7	39.4	 567	OK
1079	   0	97.2	51.6	 579	OK
1080	   0	106.8	38.3	 566	OK
1081	   0	103.2	41.9	 563	OK
1082	   0	105.0	42.6	 568	OK
1083	   0	92.1	56.5	 606	OK
1084	   0	100.3	48.1	 591	OK
1085	   0	101.5	46.1	 578	OK
1086	   0	101.1	44.7	 566	OK
1087	   0	110.5	34.1	 558	OK
1088	   0	100.3	46.2	 583	OK
1089	   0	105.3	42.3	 556	OK
1090	   0	98.1	48.0	 577	OK
1091	   0	101.1	44.7	 566	OK
1092	   0	100.8	46.2	 571	OK
1093	   0	113.1	31.1	 548	OK
1094	   0	99.1	46.2	 586	OK
1095	   0	95.3	53.6	 600	OK
1096	   0	105.9	39.8	 571	OK
1097	   0	100.2	45.3	 585	OK
1098	   0	104.5	43.6	 600	OK
1099	   0	94.3	54.2	 614	OK
1100	   0	106.0	39.7	 573	OK
1101	   0	99.9	47.4	 585	OK
1102	   0	105.7	41.7	 560	OK
1103	   0	99.5	49.0	 602	OK
1104	   0	103.6	42.1	 588	OK
1105	   0	99.2	48.3	 584	OK
1106	   0	93.6	53.7	 589	OK
1107	   0	104.7	42.1	 580	OK
1108	   0	96.1	51.4	 595	OK
1109	   0	95.9	54.0	 609	OK
1110	   0	96.5	51.6	 576	OK
1111	   0	107.3	37.9	 567	OK
1112	   0	98.3	49.1	 587	OK
1113	   0	89.6	58.4	 622	OK
1114	   0	97.3	50.6	 578	OK
1115	   0	86.3	63.5	 604	OK
1116	   0	96.9	50.9	 593	OK
1117	   0	100.6	48.1	 587	OK
1118	   0	99.4	47.7	 594	OK
1119	   0	101.3	43.7	 578	OK
1120	   0	92.7	53.6	 603	OK
1121	   0	103.9	44.5	 562	OK
1122	   0	98.7	48.3	 568	OK
1123	   0	95.7	51.4	 597	OK
1124	   0	100.1	46.5	 579	OK
1125	   0	105.7	40.2	 562	OK
1126	   0	101.7	44.2	 622	OK
1127	   0	90.6	57.0	 631	OK
1128	   0	101.1	46.1	 570	OK
1129	   0	90.0	58.0	 586	OK
1130	   0	102.6	41.3	 585	OK
1131	   0	100.7	45.6	 576	OK
1132	   0	101.2	44.1	 579	OK
1133	   0	107.2	38.9	 566	OK
1134	   0	108.6	36.1	 563	OK
1135	   0	99.7	48.3	 591	OK
1136	   0	108.9	36.9	 548	OK
1137	   0	108.9	36.9	 577	OK
1138	   0	98.2	48.6	 585	OK
1139	   0	100.9	47.5	 574	OK
1140	   0	108.6	37.9	 572	OK
1141	   0	104.1	42.6	 548	OK
1142	   0	99.2	48.3	 588	OK
1143	   0	99.3	48.7	 589	OK
1144	   0	97.4	48.6	 581	OK
1145	   0	96.7	51.9	 564	OK
1146	   0	112.9	33.4	 571	OK
1147	   0	94.7	53.4	 605	OK
1148	   0	101.1	47.4	 607	OK
1149	   0	89.4	58.9	 608	OK
1150	   0	105.5	40.1	 570	OK
1151	   0	96.9	49.7	 569	OK
1152	   0	101.1	46.4	 603	OK
1153	   0	89.4	58.3	 603	OK
1154	   0	92.4	54.0	 612	OK
1155	   0	97.4	48.5	 604	OK
1156	   0	94.5	54.1	 609	OK
1157	   0	94.4	53.3	 600	OK
1158	   0	96.3	53.2	 599	OK
1159	   0	94.0	53.1	 622	OK
1160	   0	93.7	53.0	 608	OK
1161	   0	92.1	56.6	 598	OK
1162	   0	97.2	52.5	 593	OK
1163	   0	99.7	48.3	 606	OK
1164	   0	93.0	55.1	 609	OK
1165	   0	95.1	51.0	 584	OK
1166	   0	101.4	45.1	 598	OK
1167	   0	99.4	47.4	 578	OK
1168	   0	99.8	47.1	 583	OK
1169	   0	95.3	52.0	 600	OK
1170	   0	103.5	43.5	 614	OK
1171	   0	97.8	49.2	 610	OK
1172	   0	91.6	58.5	 630	OK
1173	   0	95.5	53.8	 611	OK
1174	   0	86.9	60.5	 603	OK
1175	   0	100.4	46.5	 615	OK
1176	   0	107.0	38.7	 590	OK
1177	   0	97.2	51.0	 627	OK
1178	   0	101.6	45.4	 588	OK
1179	   0	109.6	35.3	 570	OK
1180	   0	106.1	38.5	 563	OK
1181	   0	94.0	53.3	 602	OK
1182	   0	97.1	52.1	 608	OK
1183	   0	98.0	48.5	 609	OK
1184	   0	96.5	49.5	 619	OK
1185	   0	101.3	44.1	 593	OK
1186	   0	102.5	46.2	 624	OK
1187	   0	94.1	53.0	 609	OK
1188	   0	104.9	40.8	 586	OK
1189	   0	105.4	38.7	 596	OK
1190	   0	103.8	40.1	 598	OK
1191	   0	96.4	52.1	 602	OK
1192	   0	98.4	47.5	 611	OK
1193	   0	96.9	51.2	 611	OK
1194	   0	95.9	53.3	 612	OK
1195	   0	92.1	55.6	 626	OK
1196	   0	92.9	54.6	 622	OK
1197	   0	102.0	43.4	 616	OK
1198	   0	101.2	45.0	 602	OK
1199	   0	99.7	48.0	 635	OK
1200	   0	98.1	51.3	 597	OK
1201	   0	106.1	39.7	 595	OK
1202	   0	102.7	42.4	 594	OK
1203	   0	104.9	40.6	 600	OK
1204	   0	92.2	57.1	 616	OK
1205	   0	95.7	51.6	 618	OK
1206	   0	94.3	54.2	 620	OK
1207	   0	99.3	48.0	 602	OK
1208	   0	102.3	45.9	 600	OK
1209	   0	95.4	53.5	 621	OK
1210	   0	98.4	49.0	 622	OK
1211	   0	99.0	48.1	 614	OK
1212	   0	104.7	43.6	 603	OK
1213	   0	94.3	54.2	 619	OK
1214	   0	92.5	54.8	 627	OK
1215	   0	95.0	52.2	 611	OK
1216	   0	93.0	55.0	 634	OK
1217	   0	98.8	50.4	 625	OK
1218	   0	92.5	56.0	 644	OK
1219	   0	93.6	55.2	 610	OK
1220	   0	102.6	42.5	 601	OK
1221	   0	95.7	51.6	 607	OK
1222	   0	100.9	46.5	 581	OK
1223	   0	101.2	45.7	 600	OK
1224	   0	87.2	63.1	 655	OK
1225	   0	102.9	42.4	 601	OK
1226	   0	93.5	54.9	 615	OK
1227	   0	100.5	47.1	 588	OK
1228	   0	89.7	58.5	 639	OK
1229	   0	94.5	51.2	 612	OK
1230	   0	101.5	45.7	 600	OK
1231	   0	90.4	56.0	 646	OK
1232	   0	99.0	47.4	 591	OK
1233	   0	93.6	53.9	 599	OK
1234	   0	100.0	46.3	 602	OK
1235	   0	103.8	41.6	 569	OK
1236	   0	97.6	48.3	 606	OK
1237	   0	96.0	52.4	 601	OK
1238	   0	88.9	61.9	 585	OK
1239	   0	97.1	49.7	 611	OK
1240	   0	92.7	56.2	 610	OK
1241	   0	101.4	44.0	 590	OK
1242	   0	99.6	45.3	 599	OK
1243	   0	90.0	58.9	 600	OK
1244	   0	100.1	47.6	 603	OK
1245	   0	96.7	51.9	 578	OK
1246	   0	92.6	53.8	 617	OK
1247	   0	88.0	60.3	 627	OK
1248	   0	97.7	48.2	 578	OK
1249	   0	97.3	49.4	 594	OK
1250	   0	95.2	51.1	 585	OK
1251	   0	83.9	66.1	 643	OK
1252	   0	99.5	48.6	 571	OK
1253	   0	91.9	57.6	 584	OK
1254	   0	101.4	46.1	 549	OK
1255	   0	92.9	54.3	 615	OK
1256	   0	100.4	47.0	 557	OK
1257	   0	91.5	55.6	 607	OK
1258	   0	101.0	45.5	 555	OK
1259	   0	98.0	49.2	 583	OK
1260	   0	90.7	59.3	 583	OK
1261	   0	82.8	66.5	 621	OK
1262	   0	93.0	56.8	 571	OK
1263	   0	97.0	51.6	 563	OK
1264	   0	93.9	53.5	 581	OK
1265	   0	99.3	46.5	 551	OK
1266	   0	87.9	59.7	 606	OK
1267	   0	93.1	54.4	 585	OK
1268	   0	95.7	50.3	 582	OK
1269	   0	94.6	53.8	 562	OK
1270	   0	96.4	52.5	 566	OK
1271	   0	92.7	55.8	 577	OK
1272	   0	92.8	54.5	 581	OK
1273	   0	92.2	56.0	 583	OK
1274	   0	100.7	47.2	 587	OK
1275	   0	89.9	57.8	 604	OK
1276	   0	93.0	54.7	 582	OK
1277	   0	94.5	54.3	 578	OK
1278	   0	91.5	58.0	 583	OK
1279	   0	88.5	59.0	 592	OK
1280	   0	89.1	58.6	 578	OK
1281	   0	96.7	49.7	 573	OK
1282	   0	90.6	56.2	 595	OK
1283	   0	95.3	52.4	 580	OK
1284	   0	92.8	54.9	 568	OK
1285	   0	94.8	52.2	 572	OK
1286	   0	94.0	52.1	 562	OK
1287	   0	95.5	52.5	 556	OK
1288	   0	94.9	54.1	 562	OK
1289	   0	88.7	60.3	 586	OK
1290	   0	92.0	54.6	 565	OK
1291	   0	98.8	46.3	 548	OK
1292	   0	92.1	55.0	 572	OK
1293	1000	99.9	48.6	 526	unbonded
1294	   0	90.8	58.8	 595	OK
1295	   0	101.5	44.0	 563	OK
1296	   0	94.3	53.7	 550	OK
1297	   0	91.1	58.4	 575	OK
1298	   0	87.5	62.3	 598	OK
1299	   0	96.5	48.8	 548	OK
1300	   0	90.2	56.9	 600	OK
1301	   0	89.5	58.5	 590	OK
1302	   0	97.2	49.1	 566	OK
1303	   0	92.2	55.8	 582	OK
1304	   0	95.1	51.6	 570	OK
1305	   0	91.3	55.1	 584	OK
1306	   0	97.8	48.0	 570	OK
1307	   0	91.5	57.8	 573	OK
1308	   0	95.6	52.2	 570	OK
1309	   0	98.6	46.5	 566	OK
1310	   0	93.8	54.3	 572	OK
1311	   0	95.9	50.2	 574	OK
1312	   0	88.7	60.0	 579	OK
1313	   0	90.8	57.1	 565	OK
1314	   0	95.5	51.7	 566	OK
1315	   0	86.3	62.4	 565	OK
1316	   0	86.3	63.4	 599	OK
1317	4000	100.3	47.2	 726	high noise
1318	   0	93.4	53.6	 577	OK
1319	   0	98.0	50.0	 558	OK
1320	   0	90.4	58.6	 605	OK
1321	   0	97.6	50.6	 550	OK
1322	   0	98.9	47.4	 556	OK
1323	   0	98.4	47.1	 574	OK
1324	   0	95.0	50.4	 564	OK
1325	   0	85.8	63.1	 596	OK
1326	   0	93.1	53.3	 571	OK
1327	   0	89.9	58.3	 577	OK
1328	   0	93.5	53.3	 564	OK
1329	   0	83.0	67.1	 612	OK
1330	   0	98.1	48.4	 558	OK
1331	   0	98.6	46.4	 566	OK
1332	   0	92.1	56.2	 588	OK
1333	   0	89.6	57.0	 576	OK
1334	   0	90.5	57.7	 581	OK
1335	   0	90.8	57.6	 610	OK
1336	   0	84.6	63.2	 610	OK
1337	   0	97.0	49.8	 569	OK
1338	   0	99.1	46.7	 561	OK
1339	   0	87.8	60.7	 604	OK
1340	   0	89.0	57.5	 592	OK
1341	   0	85.8	63.6	 601	OK
1342	   0	84.7	64.1	 606	OK
1343	   0	95.2	52.6	 582	OK
1344	   0	94.0	54.5	 572	OK
1345	   0	94.3	52.5	 577	OK
1346	   0	89.1	60.7	 584	OK
1347	   0	90.5	57.4	 581	OK
1348	   0	84.6	63.5	 620	OK
1349	   0	90.4	57.6	 599	OK
1350	   0	84.3	65.5	 598	OK
1351	   0	92.9	56.1	 579	OK
1352	   0	94.5	51.4	 572	OK
1353	   0	90.8	58.2	 586	OK
1354	   0	93.1	53.7	 575	OK
1355	   0	90.5	56.9	 586	OK
1356	   0	85.7	61.7	 610	OK
1357	   0	84.5	63.1	 613	OK
1358	   0	87.7	60.5	 582	OK
1359	   0	89.8	56.9	 580	OK
1360	   0	96.3	51.5	 558	OK
1361	   0	97.7	49.0	 562	OK
1362	   0	93.8	54.4	 556	OK
1363	   0	88.0	60.0	 560	OK
1364	   0	91.9	56.9	 606	OK
1365	   0	89.4	57.6	 578	OK
1366	   0	90.5	57.5	 600	OK
1367	   0	87.7	59.6	 595	OK
1368	   0	90.2	57.8	 577	OK
1369	   0	94.6	53.3	 578	OK
1370	   0	84.9	65.4	 588	OK
1371	   0	87.6	60.0	 568	OK
1372	   0	86.9	62.4	 574	OK
1373	   0	86.7	62.7	 602	OK
1374	   0	86.0	62.6	 583	OK
1375	   0	87.0	60.4	 596	OK
1376	   0	94.1	54.6	 569	OK
1377	   0	83.4	66.5	 561	OK
1378	   0	87.9	58.6	 602	OK
1379	   0	85.4	63.2	 585	OK
1380	   0	89.8	59.9	 593	OK
1381	   0	85.8	62.0	 603	OK
1382	   0	96.1	50.0	 571	OK
1383	   0	88.4	61.0	 573	OK
1384	   0	87.6	61.1	 579	OK
1385	   0	94.3	51.9	 561	OK
1386	   0	89.8	56.8	 576	OK
1387	   0	85.8	62.8	 585	OK
1388	   0	91.2	56.9	 581	OK
1389	   0	93.8	54.9	 557	OK
1390	   0	94.7	51.9	 547	OK
1391	   0	87.9	60.9	 584	OK
1392	   0	90.0	59.3	 561	OK
1393	   0	83.5	65.6	 587	OK
1394	   0	91.6	56.4	 591	OK
1395	   0	85.3	64.2	 571	OK
1396	   0	89.7	59.1	 574	OK
1397	   0	87.2	63.3	 580	OK
1398	   0	84.1	63.0	 591	OK
1399	   0	84.4	63.8	 586	OK
1400	   0	89.8	58.6	 604	OK
1401	   0	86.7	62.4	 574	OK
1402	   0	89.9	56.3	 559	OK
1403	   0	92.9	55.0	 569	OK
1404	   0	93.7	53.4	 579	OK
1405	   0	95.3	52.1	 544	OK
1406	   0	85.9	63.6	 599	OK
1407	   0	94.1	54.4	 578	OK
1408	   0	78.5	71.1	 686	OK
1409	   0	73.0	76.9	 705	OK
1410	   0	86.8	63.8	 673	OK
1411	   0	84.7	63.3	 636	OK
1412	   0	82.6	67.6	 656	OK
1413	   0	79.8	71.7	 674	OK
1414	   0	77.8	70.9	 676	OK
1415	   0	72.9	76.8	 732	OK
1416	   0	83.6	63.9	 682	OK
1417	   0	82.8	64.3	 641	OK
1418	   0	80.7	69.6	 687	OK
1419	   0	87.1	62.4	 656	OK
1420	   0	80.1	70.9	 661	OK
1421	   0	72.6	77.2	 693	OK
1422	   0	82.6	65.5	 693	OK
1423	   0	78.0	73.3	 727	OK
1424	   0	86.2	61.1	 668	OK
1425	   0	77.8	71.7	 693	OK
1426	   0	82.1	65.5	 670	OK
1427	   0	80.7	69.5	 646	OK
1428	   0	83.5	65.9	 682	OK
1429	   0	79.5	70.0	 677	OK
1430	   0	83.3	65.7	 653	OK
1431	   0	81.4	68.0	 713	OK
1432	   0	79.6	70.7	 683	OK
1433	   0	80.7	70.3	 664	OK
1434	   0	80.4	69.4	 673	OK
1435	   0	77.8	72.5	 704	OK
1436	   0	79.6	70.3	 679	OK
1437	   0	79.4	69.2	 696	OK
1438	   0	83.5	66.0	 649	OK
1439	   0	86.4	60.8	 637	OK
1440	   0	86.3	63.3	 673	OK
1441	   0	83.8	65.7	 661	OK
1442	   0	81.8	67.2	 715	OK
1443	   0	78.9	69.5	 692	OK
1444	   0	75.1	73.3	 683	OK
1445	   0	87.3	60.3	 665	OK
1446	   0	78.1	69.8	 708	OK
1447	   0	81.8	66.2	 670	OK
1448	   0	84.1	66.3	 683	OK
1449	   0	85.9	61.7	 656	OK
1450	   0	81.6	68.3	 653	OK
1451	   0	78.5	71.8	 690	OK
1452	   0	78.8	70.0	 697	OK
1453	   0	79.1	71.3	 704	OK
1454	   0	79.0	69.7	 698	OK
1455	   0	83.0	67.8	 690	OK
1456	   0	79.4	71.4	 714	OK
1457	   0	79.6	69.7	 748	OK
1458	   0	74.5	76.3	 745	OK
1459	   0	79.3	71.7	 689	OK
1460	   0	84.1	64.1	 679	OK
1461	   0	90.6	55.8	 651	OK
1462	   0	89.5	57.1	 650	OK
1463	   0	76.0	73.9	 708	OK
1464	   0	74.2	76.8	 687	OK
1465	   0	77.9	70.9	 688	OK
1466	   0	83.8	62.9	 676	OK
1467	   0	86.8	62.5	 690	OK
1468	   0	78.9	71.9	 682	OK
1469	   0	85.7	64.5	 667	OK
1470	   0	85.3	62.1	 663	OK
1471	   0	83.7	65.7	 666	OK
1472	   0	81.9	67.2	 710	OK
1473	   0	79.7	69.5	 695	OK
1474	   0	75.9	74.2	 708	OK
1475	   0	78.8	70.2	 694	OK
1476	   0	76.7	73.3	 702	OK
1477	   0	82.3	65.8	 659	OK
1478	   0	80.7	69.5	 691	OK
1479	   0	80.2	69.5	 685	OK
1480	   0	86.6	63.2	 666	OK
1481	   0	77.3	72.9	 696	OK
1482	   0	76.3	71.8	 687	OK
1483	   0	80.4	68.1	 678	OK
1484	   0	84.6	65.2	 650	OK
1485	   0	83.1	65.9	 664	OK
1486	   0	74.8	75.6	 722	OK
1487	   0	82.8	65.2	 674	OK
1488	   0	78.7	70.1	 666	OK
1489	   0	81.7	69.4	 657	OK
1490	   0	77.3	73.3	 673	OK
1491	   0	81.1	68.4	 680	OK
1492	   0	79.7	70.9	 649	OK
1493	   0	79.4	71.1	 687	OK
1494	   0	79.8	68.3	 686	OK
1495	   0	81.9	67.3	 667	OK
1496	   0	78.4	73.5	 683	OK
1497	   0	80.9	68.5	 695	OK
1498	   0	86.4	60.6	 677	OK
1499	   0	75.6	74.8	 714	OK
1500	   0	79.5	71.1	 674	OK
1501	   0	80.0	67.9	 670	OK
1502	   0	79.9	71.0	 663	OK
1503	   0	83.9	65.8	 665	OK
1504	   0	82.2	67.7	 676	OK
1505	   0	70.1	80.4	 677	OK
1506	   0	82.4	65.2	 677	OK
1507	   0	79.6	70.7	 693	OK
1508	   0	82.3	67.5	 659	OK
1509	   0	75.4	74.0	 695	OK
1510	   0	77.6	70.7	 681	OK
1511	1101	0.0	0.0	   0	dead
1512	   0	75.3	74.4	 669	OK
1513	   0	80.8	70.1	 654	OK
1514	   0	80.9	69.2	 666	OK
1515	   0	78.4	72.7	 705	OK
1516	   0	77.2	73.7	 692	OK
1517	   0	80.7	68.0	 640	OK
1518	   0	83.1	66.9	 674	OK
1519	   0	78.0	72.7	 673	OK
1520	   0	86.0	61.9	 642	OK
1521	   0	79.1	71.3	 663	OK
1522	   0	78.2	70.8	 673	OK
1523	   0	75.9	73.1	 687	OK
1524	   0	76.4	74.6	 690	OK
1525	   0	73.4	75.8	 688	OK
1526	   0	81.8	68.6	 688	OK
1527	   0	77.8	73.8	 651	OK
1528	   0	82.5	67.6	 665	OK
1529	   0	80.2	68.1	 662	OK
1530	   0	81.2	70.3	 664	OK
1531	   0	82.5	68.0	 678	OK
1532	   0	80.2	67.7	 668	OK
1533	4000	77.2	73.6	 783	high noise
1534	   0	79.2	69.4	 673	OK
1535	   0	70.1	81.0	 673	OK
1536	   0	87.2	63.2	 623	OK
1537	   0	91.0	56.4	 638	OK
1538	   0	83.5	65.6	 650	OK
1539	   0	79.4	72.0	 648	OK
1540	   0	83.2	66.5	 661	OK
1541	   0	90.0	57.0	 631	OK
1542	   0	86.8	60.5	 628	OK
1543	   0	86.7	63.8	 622	OK
1544	   0	86.4	61.2	 652	OK
1545	   0	94.6	50.6	 622	OK
1546	   0	92.9	53.1	 615	OK
1547	   0	92.0	55.7	 638	OK
1548	   0	79.7	68.6	 683	OK
1549	   0	88.0	60.4	 644	OK
1550	   0	83.3	64.6	 630	OK
1551	   0	89.9	55.9	 643	OK
1552	   0	91.0	56.5	 615	OK
1553	   0	91.4	55.9	 622	OK
1554	   0	83.8	66.1	 639	OK
1555	   0	91.2	56.1	 616	OK
1556	   0	85.0	64.7	 634	OK
1557	   0	82.5	68.4	 657	OK
1558	   0	89.2	57.2	 625	OK
1559	   0	88.7	60.8	 624	OK
1560	   0	90.3	57.0	 638	OK
1561	   0	87.3	60.3	 648	OK
1562	   0	89.0	58.8	 642	OK
1563	   0	90.0	59.6	 650	OK
1564	   0	89.2	59.5	 623	OK
1565	   0	87.3	59.4	 622	OK
1566	   0	91.6	57.1	 624	OK
1567	   0	90.2	56.5	 637	OK
1568	   0	89.2	61.0	 622	OK
1569	   0	87.5	63.5	 630	OK
1570	   0	86.2	60.9	 659	OK
1571	   0	81.9	64.6	 654	OK
1572	   0	92.0	57.3	 605	OK
1573	   0	88.5	61.9	 626	OK
1574	   0	82.8	65.0	 638	OK
1575	   0	84.7	64.0	 655	OK
1576	   0	80.6	70.3	 669	OK
1577	   0	80.9	68.3	 665	OK
1578	   0	82.2	67.5	 648	OK
1579	   0	88.7	59.4	 655	OK
1580	   0	92.1	54.8	 614	OK
1581	   0	86.6	62.3	 658	OK
1582	   0	83.5	66.2	 642	OK
1583	   0	82.6	64.9	 669	OK
1584	   0	88.3	59.4	 663	OK
1585	   0	88.0	62.4	 656	OK
1586	   0	85.7	61.8	 646	OK
1587	   0	80.3	68.0	 663	OK
1588	   0	84.8	64.0	 652	OK
1589	   0	84.7	64.9	 638	OK
1590	   0	89.9	57.5	 666	OK
1591	   0	87.2	63.1	 633	OK
1592	   0	87.9	58.8	 636	OK
1593	   0	91.1	55.7	 628	OK
1594	   0	97.5	48.9	 621	OK
1595	   0	91.1	56.3	 621	OK
1596	   0	85.4	63.0	 657	OK
1597	   0	84.5	62.6	 675	OK
1598	   0	86.6	62.3	 649	OK
1599	   0	94.1	52.7	 638	OK
1600	   0	87.1	62.9	 661	OK
1601	   0	87.9	58.9	 626	OK
1602	   0	89.0	58.8	 628	OK
1603	   0	93.1	53.6	 634	OK
1604	   0	86.0	61.6	 628	OK
1605	   0	81.2	67.6	 646	OK
1606	   0	79.4	69.3	 648	OK
1607	   0	89.1	59.9	 636	OK
1608	   0	86.6	60.6	 613	OK
1609	   0	88.7	56.9	 631	OK
1610	   0	83.1	66.0	 646	OK
1611	   0	83.6	65.4	 646	OK
1612	   0	88.5	59.4	 645	OK
1613	   0	85.6	61.1	 615	OK
1614	   0	83.9	64.1	 631	OK
1615	   0	86.2	64.0	 639	OK
1616	   0	82.1	64.7	 652	OK
1617	   0	89.3	60.0	 630	OK
1618	   0	88.1	59.1	 616	OK
1619	   0	90.5	58.1	 633	OK
1620	   0	83.1	65.6	 642	OK
1621	   0	85.1	64.2	 664	OK
1622	   0	86.7	60.9	 653	OK
1623	   0	81.1	70.2	 666	OK
1624	   0	92.8	53.6	 613	OK
1625	   0	80.1	69.4	 663	OK
1626	   0	84.0	65.3	 652	OK
1627	   0	87.4	62.9	 644	OK
1628	   0	84.8	65.6	 623	OK
1629	   0	80.2	68.6	 669	OK
1630	   0	85.7	63.6	 646	OK
1631	   0	95.3	53.9	 662	OK
1632	   0	92.2	56.6	 593	OK
1633	   0	95.2	53.5	 609	OK
1634	   0	83.9	64.9	 641	OK
1635	   0	82.8	68.1	 633	OK
1636	   0	79.9	68.7	 646	OK
1637	   0	89.4	58.5	 616	OK
1638	   0	85.2	63.9	 637	OK
1639	   0	82.5	67.5	 648	OK
1640	   0	85.1	65.3	 643	OK
1641	   0	90.3	55.8	 631	OK
1642	   0	81.7	68.6	 664	OK
1643	   0	85.3	63.8	 633	OK
1644	   0	89.0	61.0	 644	OK
1645	   0	86.2	61.9	 636	OK
1646	   0	90.6	58.1	 603	OK
1647	   0	86.5	63.4	 633	OK
1648	   0	86.5	61.5	 641	OK
1649	   0	82.2	69.1	 637	OK
1650	   0	85.6	62.3	 650	OK
1651	   0	84.4	63.1	 638	OK
1652	   0	85.7	62.9	 634	OK
1653	   0	84.3	66.7	 627	OK
1654	   0	87.1	61.5	 651	OK
1655	   0	81.2	67.2	 636	OK
1656	   0	88.3	57.9	 629	OK
1657	   0	85.1	63.0	 619	OK
1658	   0	88.6	57.5	 630	OK
1659	   0	82.3	65.5	 635	OK
1660	   0	89.0	57.4	 599	OK
1661	   0	85.2	62.6	 648	OK
1662	   0	87.1	60.6	 617	OK
1663	   0	95.0	50.7	 616	OK
1664	   0	82.9	68.1	 634	OK
1665	   0	87.1	63.9	 662	OK
1666	   0	87.5	63.1	 638	OK
1667	   0	83.2	66.1	 646	OK
1668	   0	83.1	64.2	 651	OK
1669	   0	85.4	64.5	 630	OK
1670	   0	87.5	61.6	 643	OK
1671	   0	76.6	73.9	 671	OK
1672	   0	79.2	70.8	 675	OK
1673	   0	77.9	69.3	 672	OK
1674	   0	85.1	62.3	 660	OK
1675	   0	81.1	70.4	 660	OK
1676	   0	78.3	71.9	 655	OK
1677	   0	80.1	71.2	 650	OK
1678	   0	85.2	64.4	 625	OK
1679	   0	81.8	65.9	 670	OK
1680	   0	84.2	66.3	 652	OK
1681	1101	0.0	0.0	   0	dead
1682	   0	81.3	66.7	 637	OK
1683	   0	78.4	73.4	 680	OK
1684	   0	83.7	66.9	 639	OK
1685	   0	82.1	65.7	 635	OK
1686	   0	80.8	67.8	 658	OK
1687	   0	86.0	63.4	 635	OK
1688	   0	83.6	65.2	 653	OK
1689	   0	79.9	69.3	 677	OK
1690	   0	82.7	66.7	 668	OK
1691	   0	82.9	68.0	 663	OK
1692	   0	80.9	67.5	 655	OK
1693	   0	87.3	60.8	 647	OK
1694	   0	78.0	70.5	 684	OK
1695	   0	81.0	69.2	 653	OK
1696	   0	80.7	69.3	 646	OK
1697	   0	87.6	61.7	 605	OK
1698	   0	74.7	76.3	 649	OK
1699	   0	82.4	67.7	 643	OK
1700	   0	81.8	67.3	 658	OK
1701	   0	85.7	61.5	 624	OK
1702	   0	79.8	69.6	 690	OK
1703	   0	83.7	64.4	 662	OK
1704	   0	88.4	62.2	 638	OK
1705	   0	82.6	66.2	 640	OK
1706	   0	92.0	54.4	 649	OK
1707	   0	83.3	66.4	 653	OK
1708	   0	81.1	66.2	 642	OK
1709	   0	81.3	68.4	 677	OK
1710	   0	83.8	65.6	 680	OK
1711	   0	79.3	71.9	 656	OK
1712	   0	84.4	64.9	 652	OK
1713	   0	80.1	71.2	 674	OK
1714	   0	84.6	66.1	 664	OK
1715	   0	76.2	74.6	 685	OK
1716	1101	0.0	0.0	   0	dead
1717	   0	76.1	74.9	 687	OK
1718	   0	84.4	65.0	 679	OK
1719	   0	83.8	65.3	 658	OK
1720	   0	83.5	67.1	 650	OK
1721	   0	86.5	62.3	 660	OK
1722	   0	82.3	66.6	 665	OK
1723	   0	85.2	63.6	 654	OK
1724	   0	85.3	63.3	 657	OK
1725	   0	94.2	54.2	 675	OK
1726	   0	80.5	67.8	 671	OK
1727	   0	83.2	68.2	 665	OK
1728	   0	85.1	62.7	 661	OK
1729	   0	85.3	61.8	 635	OK
1730	   0	89.9	58.5	 627	OK
1731	   0	82.7	66.5	 642	OK
1732	   0	87.6	61.7	 652	OK
1733	   0	87.2	60.8	 630	OK
1734	   0	80.6	69.2	 675	OK
1735	   0	82.2	65.3	 657	OK
1736	   0	86.2	62.6	 627	OK
1737	   0	88.0	59.2	 629	OK
1738	   0	81.1	69.3	 668	OK
1739	1101	0.0	0.0	   0	dead
1740	   0	80.9	69.6	 682	OK
1741	   0	77.7	70.4	 663	OK
1742	   0	79.4	70.1	 667	OK
1743	   0	83.4	65.9	 635	OK
1744	   0	91.0	56.1	 658	OK
1745	   0	85.3	62.5	 644	OK
1746	   0	83.0	66.4	 671	OK
1747	   0	84.8	61.7	 660	OK
1748	   0	85.0	65.1	 628	OK
1749	   0	79.4	70.9	 659	OK
1750	   0	80.4	68.2	 693	OK
1751	   0	78.3	73.2	 667	OK
1752	   0	82.1	68.8	 649	OK
1753	   0	83.3	66.1	 658	OK
1754	   0	77.8	72.4	 669	OK
1755	   0	88.0	60.0	 612	OK
1756	   0	71.9	81.1	 711	OK
1757	   0	80.7	68.1	 627	OK
1758	   0	87.2	62.4	 646	OK
1759	   0	76.7	74.1	 661	OK
1760	   0	79.5	71.8	 635	OK
1761	   0	81.8	67.1	 663	OK
1762	   0	83.2	66.6	 629	OK
1763	   0	75.4	73.3	 655	OK
1764	   0	81.6	69.8	 653	OK
1765	   0	82.4	67.4	 655	OK
1766	   0	79.0	69.9	 659	OK
1767	   0	81.5	66.8	 675	OK
1768	   0	84.8	64.3	 652	OK
1769	   0	76.1	73.5	 683	OK
1770	   0	84.3	64.0	 648	OK
1771	   0	90.7	58.6	 611	OK
1772	   0	84.2	65.6	 649	OK
1773	   0	86.7	62.3	 641	OK
1774	   0	80.8	69.0	 685	OK
1775	   0	84.3	64.1	 625	OK
1776	   0	68.9	84.5	 718	OK
1777	   0	78.0	73.6	 660	OK
1778	   0	85.9	61.1	 662	OK
1779	   0	82.5	65.6	 637	OK
1780	   0	82.8	67.2	 638	OK
1781	   0	80.1	68.4	 655	OK
1782	   0	84.4	65.2	 635	OK
1783	   0	79.4	69.0	 655	OK
1784	   0	76.5	74.9	 654	OK
1785	   0	80.1	69.6	 646	OK
1786	   0	77.6	72.8	 656	OK
1787	   0	81.6	66.8	 616	OK
1788	   0	81.4	67.8	 670	OK
1789	   0	76.4	73.5	 656	OK
1790	   0	82.5	68.9	 656	OK
1791	   0	78.7	73.6	 659	OK
1792	   0	77.8	73.1	 707	OK
1793	   0	88.5	58.6	 643	OK
1794	   0	88.7	60.1	 677	OK
1795	   0	80.5	70.8	 709	OK
1796	   0	86.7	61.0	 676	OK
1797	   0	82.6	66.2	 688	OK
1798	   0	87.8	61.5	 682	OK
1799	   0	74.9	75.9	 685	OK
1800	   0	84.0	67.1	 697	OK
1801	   0	82.6	66.8	 691	OK
1802	   0	84.2	65.1	 705	OK
1803	   0	83.8	65.6	 657	OK
1804	   0	90.9	55.7	 684	OK
1805	   0	75.1	75.0	 699	OK
1806	   0	78.0	69.6	 703	OK
1807	   0	90.1	58.8	 651	OK
1808	   0	81.8	66.1	 690	OK
1809	   0	79.1	68.5	 673	OK
1810	   0	84.4	64.6	 675	OK
1811	   0	85.8	62.1	 690	OK
1812	   0	85.8	64.5	 674	OK
1813	   0	75.1	75.9	 713	OK
1814	   0	83.5	64.2	 668	OK
1815	   0	77.7	74.2	 692	OK
1816	   0	79.9	68.2	 692	OK
1817	   0	80.8	69.2	 693	OK
1818	   0	82.9	65.9	 691	OK
1819	   0	83.7	64.7	 669	OK
1820	   0	84.7	63.1	 663	OK
1821	   0	86.3	61.7	 689	OK
1822	   0	75.8	75.2	 703	OK
1823	   0	82.4	66.6	 696	OK
1824	   0	83.4	65.7	 680	OK
1825	   0	81.4	65.6	 694	OK
1826	   0	83.5	67.1	 653	OK
1827	   0	80.9	68.6	 692	OK
1828	   0	93.3	54.3	 685	OK
1829	   0	79.1	68.7	 713	OK
1830	   0	82.7	67.1	 711	OK
1831	   0	88.8	59.1	 649	OK
1832	   0	83.0	66.7	 693	OK
1833	   0	80.0	70.2	 680	OK
1834	   0	88.8	60.6	 664	OK
1835	   0	92.0	55.0	 637	OK
1836	   0	78.4	73.3	 682	OK
1837	   0	85.2	64.2	 681	OK
1838	   0	86.7	59.3	 677	OK
1839	   0	86.4	61.8	 687	OK
1840	   0	80.7	68.8	 670	OK
1841	   0	87.0	62.9	 680	OK
1842	   0	78.5	73.2	 708	OK
1843	   0	87.7	61.1	 678	OK
1844	   0	89.6	56.9	 684	OK
1845	   0	85.9	62.0	 677	OK
1846	   0	85.4	63.9	 684	OK
1847	   0	90.8	59.1	 650	OK
1848	   0	88.1	61.8	 685	OK
1849	   0	84.7	64.0	 689	OK
1850	   0	81.7	68.7	 672	OK
1851	   0	83.9	65.3	 666	OK
1852	   0	80.8	68.5	 689	OK
1853	   0	90.0	57.6	 682	OK
1854	   0	85.4	63.6	 686	OK
1855	   0	86.2	62.6	 682	OK
1856	   0	85.3	63.5	 697	OK
1857	   0	81.7	66.4	 683	OK
1858	   0	87.4	63.2	 668	OK
1859	   0	88.7	59.9	 669	OK
1860	   0	84.6	64.8	 683	OK
1861	   0	79.5	69.9	 666	OK
1862	   0	83.7	66.1	 687	OK
1863	   0	93.6	53.7	 653	OK
1864	   0	84.4	64.7	 703	OK
1865	   0	87.3	61.9	 685	OK
1866	   0	78.6	69.9	 703	OK
1867	   0	84.9	64.8	 646	OK
1868	   0	86.8	62.1	 679	OK
1869	   0	79.2	69.2	 700	OK
1870	   0	86.6	62.8	 697	OK
1871	   0	78.4	71.7	 712	OK
1872	   0	78.1	70.9	 679	OK
1873	   0	72.4	80.3	 665	OK
1874	   0	79.8	68.8	 678	OK
1875	   0	77.4	72.2	 701	OK
1876	   0	85.4	65.1	 685	OK
1877	   0	78.5	71.3	 722	OK
1878	   0	88.1	62.4	 657	OK
1879	   0	84.0	65.8	 682	OK
1880	   0	81.8	65.9	 681	OK
1881	   0	82.3	66.3	 682	OK
1882	   0	85.1	65.3	 646	OK
1883	   0	80.6	69.8	 692	OK
1884	   0	76.0	72.8	 710	OK
1885	   0	91.4	54.0	 626	OK
1886	   0	83.6	65.9	 655	OK
1887	   0	77.6	71.1	 676	OK
1888	   0	77.0	74.5	 695	OK
1889	   0	82.8	68.0	 686	OK
1890	   0	83.2	65.6	 684	OK
1891	   0	85.1	64.1	 671	OK
1892	   0	84.0	65.0	 690	OK
1893	   0	77.9	70.7	 690	OK
1894	   0	79.6	69.8	 678	OK
1895	   0	85.3	62.8	 672	OK
1896	   0	75.9	75.4	 684	OK
1897	   0	82.7	67.0	 677	OK
1898	   0	85.3	62.4	 657	OK
1899	   0	84.0	65.2	 654	OK
1900	   0	81.6	66.8	 685	OK
1901	   0	91.9	55.5	 639	OK
1902	   0	85.0	62.9	 678	OK
1903	   0	81.3	67.1	 651	OK
1904	   0	84.7	64.7	 660	OK
1905	   0	79.2	72.6	 686	OK
1906	   0	82.1	66.0	 675	OK
1907	   0	78.5	72.2	 672	OK
1908	   0	81.3	68.4	 682	OK
1909	   0	74.8	77.5	 679	OK
1910	   0	76.9	74.9	 691	OK
1911	   0	83.8	63.9	 663	OK
1912	   0	82.6	65.8	 689	OK
1913	   0	87.9	61.9	 685	OK
1914	   0	79.2	69.0	 699	OK
1915	   0	82.6	65.8	 663	OK
1916	   0	83.0	68.3	 666	OK
1917	   0	82.0	68.9	 674	OK
1918	   0	75.2	74.7	 701	OK
1919	   0	78.1	71.6	 683	OK
1920	   0	83.6	66.8	 650	OK
1921	   0	77.9	70.1	 675	OK
1922	   0	82.5	68.2	 646	OK
1923	   0	84.1	66.5	 632	OK
1924	1101	0.0	0.0	   0	dead
1925	   0	82.9	65.4	 670	OK
1926	   0	88.3	61.0	 625	OK
1927	   0	85.2	62.3	 665	OK
1928	   0	85.5	64.6	 624	OK
1929	   0	82.0	67.3	 653	OK
1930	   0	87.6	60.9	 654	OK
1931	   0	85.5	62.4	 654	OK
1932	   0	79.8	68.1	 659	OK
1933	   0	82.3	67.1	 620	OK
1934	   0	90.6	59.0	 652	OK
1935	   0	90.0	58.6	 646	OK
1936	   0	82.6	65.4	 636	OK
1937	   0	77.7	73.1	 649	OK
1938	   0	90.0	56.4	 641	OK
1939	   0	81.4	68.0	 645	OK
1940	   0	83.7	67.1	 663	OK
1941	   0	95.7	54.0	 620	OK
1942	   0	86.5	61.4	 647	OK
1943	   0	79.2	71.6	 721	OK
1944	   0	82.9	67.5	 628	OK
1945	   0	82.4	66.9	 652	OK
1946	   0	83.3	67.0	 650	OK
1947	   0	90.9	56.8	 643	OK
1948	   0	85.0	64.6	 662	OK
1949	   0	80.2	70.8	 666	OK
1950	   0	85.2	64.1	 637	OK
1951	   0	86.7	62.3	 646	OK
1952	   0	84.4	66.3	 671	OK
1953	   0	84.6	66.0	 666	OK
1954	   0	84.5	65.5	 653	OK
1955	   0	81.6	66.3	 683	OK
1956	   0	84.7	66.5	 659	OK
1957	   0	85.0	64.0	 652	OK
1958	   0	87.1	62.9	 642	OK
1959	   0	84.3	65.1	 662	OK
1960	   0	89.8	59.3	 652	OK
1961	   0	91.1	55.3	 645	OK
1962	   0	88.6	60.9	 698	OK
1963	   0	82.4	65.6	 675	OK
1964	   0	81.8	68.5	 677	OK
1965	   0	80.4	70.4	 658	OK
1966	   0	88.0	59.4	 656	OK
1967	   0	82.8	64.1	 668	OK
1968	   0	88.8	57.3	 654	OK
1969	   0	84.6	62.4	 647	OK
1970	   0	83.5	65.3	 631	OK
1971	   0	84.4	62.6	 646	OK
1972	   0	89.3	61.3	 620	OK
1973	   0	86.0	61.0	 661	OK
1974	   0	90.3	60.0	 660	OK
1975	   0	91.0	58.2	 646	OK
1976	   0	83.2	65.7	 670	OK
1977	   0	87.6	59.4	 649	OK
1978	   0	86.4	61.5	 659	OK
1979	   0	84.9	63.9	 663	OK
1980	   0	90.7	56.7	 623	OK
1981	   0	82.1	65.2	 658	OK
1982	   0	91.1	53.6	 668	OK
1983	   0	89.3	59.7	 644	OK
1984	   0	87.4	60.0	 630	OK
1985	   0	79.8	70.3	 670	OK
1986	   0	90.6	58.6	 657	OK
1987	   0	86.4	59.4	 680	OK
1988	   0	83.3	65.3	 654	OK
1989	   0	90.0	56.9	 670	OK
1990	   0	83.7	64.0	 674	OK
1991	   0	87.9	60.3	 653	OK
1992	   0	87.3	62.0	 667	OK
1993	   0	89.6	58.2	 618	OK
1994	   0	82.7	66.7	 669	OK
1995	   0	86.2	60.7	 646	OK
1996	   0	88.0	59.8	 635	OK
1997	   0	80.9	69.7	 658	OK
1998	   0	89.2	56.5	 658	OK
1999	   0	84.1	64.2	 660	OK
2000	   0	85.0	61.7	 672	OK
2001	   0	92.2	54.3	 658	OK
2002	   0	90.1	56.8	 649	OK
2003	   0	78.8	71.4	 676	OK
2004	   0	85.2	64.1	 658	OK
2005	   0	83.5	67.2	 678	OK
2006	   0	85.3	62.5	 671	OK
2007	   0	88.2	60.0	 649	OK
2008	   0	85.7	62.1	 635	OK
2009	   0	86.8	61.0	 658	OK
2010	   0	92.9	55.1	 650	OK
2011	   0	88.1	57.5	 646	OK
2012	   0	84.5	61.2	 637	OK
2013	   0	81.1	68.3	 687	OK
2014	   0	87.8	61.0	 635	OK
2015	   0	85.3	61.3	 666	OK
2016	   0	85.9	64.8	 685	OK
2017	   0	85.8	60.9	 657	OK
2018	   0	88.2	59.3	 649	OK
2019	   0	87.3	62.1	 648	OK
2020	   0	88.3	61.0	 645	OK
2021	   0	85.4	63.9	 644	OK
2022	   0	86.7	62.7	 642	OK
2023	   0	95.6	52.9	 616	OK
2024	   0	91.5	57.5	 631	OK
2025	   0	82.5	66.1	 654	OK
2026	   0	87.5	62.0	 635	OK
2027	   0	81.0	67.8	 657	OK
2028	   0	85.0	64.4	 653	OK
2029	   0	78.3	72.1	 671	OK
2030	   0	80.1	69.8	 692	OK
2031	   0	80.3	67.9	 656	OK
2032	   0	83.1	64.5	 659	OK
2033	   0	89.2	56.6	 679	OK
2034	   0	85.7	63.4	 672	OK
2035	   0	79.3	71.6	 649	OK
2036	   0	80.1	68.6	 685	OK
2037	   0	86.6	62.6	 648	OK
2038	   0	81.5	66.9	 684	OK
2039	   0	82.1	65.9	 661	OK
2040	   0	83.1	67.6	 669	OK
2041	   0	91.2	57.9	 681	OK
2042	   0	78.2	69.0	 672	OK
2043	   0	86.7	62.3	 673	OK
2044	   0	87.1	61.5	 692	OK
2045	   0	88.7	61.1	 655	OK
2046	   0	83.1	66.5	 662	OK
2047	   0	81.0	69.0	 674	OK
2048	   0	84.8	64.4	 614	OK
2049	   0	89.4	58.4	 592	OK
2050	   0	94.0	54.2	 607	OK
2051	   0	80.1	69.9	 624	OK
2052	   0	88.6	61.2	 610	OK
2053	   0	91.8	57.0	 604	OK
2054	   0	89.0	58.4	 589	OK
2055	   0	91.8	56.9	 616	OK
2056	   0	91.4	58.4	 612	OK
2057	   0	84.6	63.9	 619	OK
2058	   0	97.0	52.2	 572	OK
2059	   0	90.0	56.0	 603	OK
2060	   0	84.9	63.2	 645	OK
2061	   0	90.6	56.3	 603	OK
2062	   0	88.5	60.2	 599	OK
2063	   0	97.7	49.0	 583	OK
2064	   0	94.6	54.8	 576	OK
2065	   0	88.2	60.9	 597	OK
2066	   0	80.7	70.0	 627	OK
2067	   0	83.0	66.2	 627	OK
2068	   0	94.5	52.0	 606	OK
2069	   0	83.2	65.3	 612	OK
2070	   0	91.2	56.6	 587	OK
2071	   0	91.2	56.8	 578	OK
2072	   0	89.5	59.2	 688	OK
2073	   0	92.1	54.7	 600	OK
2074	   0	97.1	48.8	 569	OK
2075	   0	86.0	64.1	 613	OK
2076	   0	89.4	58.9	 598	OK
2077	   0	96.1	51.1	 578	OK
2078	   0	92.4	54.0	 593	OK
2079	   0	89.2	59.0	 601	OK
2080	   0	89.2	57.4	 598	OK
2081	   0	89.7	59.4	 664	OK
2082	   0	93.4	55.2	 611	OK
2083	   0	93.6	54.0	 590	OK
2084	   0	94.5	51.5	 575	OK
2085	   0	94.8	54.2	 564	OK
2086	   0	93.3	53.5	 606	OK
2087	   0	81.2	68.2	 643	OK
2088	   0	86.9	62.2	 614	OK
2089	   0	93.7	53.8	 606	OK
2090	   0	94.4	51.1	 607	OK
2091	   0	92.2	54.2	 595	OK
2092	   0	92.3	55.5	 585	OK
2093	   0	95.2	52.6	 617	OK
2094	   0	97.8	47.8	 579	OK
2095	   0	88.6	60.6	 597	OK
2096	   0	86.8	62.8	 610	OK
2097	   0	84.2	66.0	 620	OK
2098	   0	96.4	51.8	 588	OK
2099	   0	86.3	61.3	 618	OK
2100	   0	94.9	51.5	 575	OK
2101	   0	97.6	48.5	 580	OK
2102	   0	94.9	52.6	 590	OK
2103	   0	91.1	58.2	 611	OK
2104	   0	83.3	65.6	 635	OK
2105	   0	88.9	60.3	 608	OK
2106	   0	98.9	48.7	 617	OK
2107	   0	92.8	52.9	 582	OK
2108	   0	89.2	60.6	 618	OK
2109	   0	90.0	59.6	 621	OK
2110	   0	81.0	69.0	 656	OK
2111	   0	96.6	49.6	 583	OK
2112	   0	86.5	61.2	 619	OK
2113	   0	94.9	53.3	 568	OK
2114	   0	91.3	57.3	 604	OK
2115	   0	86.7	60.8	 599	OK
2116	   0	84.5	64.5	 628	OK
2117	   0	91.8	55.1	 589	OK
2118	   0	87.9	59.7	 626	OK
2119	   0	82.9	66.8	 628	OK
2120	   0	89.3	58.9	 631	OK
2121	   0	93.3	55.1	 599	OK
2122	   0	90.8	57.5	 598	OK
2123	   0	83.6	67.0	 605	OK
2124	   0	85.1	62.6	 611	OK
2125	   0	86.2	62.4	 641	OK
2126	   0	88.3	59.8	 605	OK
2127	   0	96.3	51.2	 588	OK
2128	   0	84.6	63.3	 617	OK
2129	   0	92.8	54.8	 594	OK
2130	   0	87.2	60.6	 609	OK
2131	   0	90.3	57.5	 585	OK
2132	   0	90.1	57.9	 609	OK
2133	   0	81.8	69.2	 618	OK
2134	   0	98.6	48.7	 585	OK
2135	   0	85.8	63.0	 623	OK
2136	   0	91.9	56.3	 593	OK
2137	   0	84.2	64.3	 614	OK
2138	   0	85.6	63.9	 615	OK
2139	   0	88.7	57.7	 601	OK
2140	   0	93.1	56.7	 616	OK
2141	   0	84.0	66.3	 639	OK
2142	   0	94.5	51.6	 582	OK
2143	   0	92.7	55.3	 587	OK
2144	   0	91.5	58.0	 592	OK
2145	   0	84.3	65.4	 593	OK
2146	   0	88.1	59.6	 607	OK
2147	   0	90.5	59.2	 604	OK
2148	   0	85.4	63.6	 592	OK
2149	   0	89.1	60.3	 597	OK
2150	   0	90.1	60.4	 590	OK
2151	   0	79.5	69.1	 604	OK
2152	   0	87.4	63.2	 616	OK
2153	   0	85.8	63.6	 582	OK
2154	   0	90.8	59.1	 593	OK
2155	   0	86.0	63.3	 581	OK
2156	   0	83.5	67.0	 601	OK
2157	   0	83.3	66.2	 616	OK
2158	   0	90.4	59.5	 603	OK
2159	   0	81.7	66.1	 615	OK
2160	   0	94.8	53.7	 565	OK
2161	   0	85.8	62.7	 616	OK
2162	   0	90.3	57.8	 599	OK
2163	   0	86.7	60.5	 600	OK
2164	   0	83.5	64.5	 587	OK
2165	   0	83.4	64.5	 636	OK
2166	   0	92.6	55.9	 587	OK
2167	   0	82.1	65.4	 627	OK
2168	   0	90.4	59.3	 581	OK
2169	   0	93.9	52.5	 592	OK
2170	   0	80.8	70.7	 609	OK
2171	   0	89.9	59.1	 610	OK
2172	   0	88.0	58.4	 589	OK
2173	   0	85.1	62.3	 612	OK
2174	   0	92.6	53.7	 593	OK
2175	   0	88.7	60.0	 604	OK
2176	   0	88.7	59.6	 614	OK
2177	   0	92.1	54.8	 593	OK
2178	   0	90.6	57.7	 611	OK
2179	   0	89.4	57.2	 649	OK
2180	1101	0.0	0.0	   0	dead
2181	   0	92.9	56.3	 617	OK
2182	   0	90.6	56.1	 623	OK
2183	   0	89.4	57.8	 627	OK
2184	   0	87.5	63.5	 643	OK
2185	   0	87.4	59.2	 630	OK
2186	   0	87.2	61.0	 661	OK
2187	   0	83.5	66.5	 635	OK
2188	   0	87.4	62.8	 617	OK
2189	   0	86.7	61.4	 627	OK
2190	   0	89.7	59.8	 626	OK
2191	   0	85.9	60.9	 627	OK
2192	   0	86.9	62.0	 640	OK
2193	   0	92.3	55.5	 607	OK
2194	   0	91.1	56.1	 642	OK
2195	   0	92.7	55.5	 603	OK
2196	   0	92.0	54.9	 621	OK
2197	   0	82.9	66.0	 646	OK
2198	   0	88.1	60.3	 628	OK
2199	   0	94.9	53.2	 607	OK
2200	   0	91.3	57.5	 639	OK
2201	   0	84.5	64.7	 656	OK
2202	   0	85.1	64.3	 645	OK
2203	   0	93.5	52.9	 625	OK
2204	   0	91.5	57.7	 621	OK
2205	   0	88.4	58.8	 641	OK
2206	   0	86.5	63.7	 629	OK
2207	   0	89.4	56.9	 620	OK
2208	   0	90.7	58.3	 617	OK
2209	   0	88.6	61.6	 630	OK
2210	   0	86.2	63.4	 677	OK
2211	   0	86.0	62.3	 654	OK
2212	   0	90.1	59.8	 629	OK
2213	   0	87.1	63.5	 623	OK
2214	   0	91.1	56.2	 637	OK
2215	   0	83.1	66.4	 632	OK
2216	   0	90.1	60.2	 648	OK
2217	   0	96.5	49.4	 606	OK
2218	   0	75.8	73.7	 706	OK
2219	   0	89.4	60.8	 645	OK
2220	   0	84.8	64.3	 651	OK
2221	   0	84.5	64.4	 651	OK
2222	   0	89.9	59.4	 654	OK
2223	   0	92.2	55.3	 655	OK
2224	   0	88.7	60.2	 619	OK
2225	   0	93.9	52.7	 627	OK
2226	   0	91.2	57.0	 609	OK
2227	   0	87.9	61.9	 631	OK
2228	   0	91.5	54.6	 628	OK
2229	   0	89.5	58.8	 644	OK
2230	   0	91.5	56.7	 629	OK
2231	   0	86.7	60.8	 640	OK
2232	   0	89.1	57.1	 622	OK
2233	   0	87.7	60.2	 632	OK
2234	   0	90.5	56.7	 684	OK
2235	   0	87.6	62.4	 668	OK
2236	   0	88.4	59.9	 653	OK
2237	   0	90.7	56.2	 638	OK
2238	   0	86.5	62.7	 682	OK
2239	   0	90.2	57.2	 595	OK
2240	   0	86.3	64.6	 659	OK
2241	   0	96.9	50.3	 600	OK
2242	   0	88.1	59.1	 651	OK
2243	   0	83.9	63.8	 643	OK
2244	   0	81.1	70.3	 640	OK
2245	   0	101.5	43.5	 623	OK
2246	   0	87.9	61.5	 614	OK
2247	   0	87.8	61.7	 633	OK
2248	   0	89.8	60.2	 620	OK
2249	   0	86.0	64.2	 649	OK
2250	   0	83.1	67.0	 647	OK
2251	   0	90.9	54.7	 642	OK
2252	   0	82.9	67.3	 673	OK
2253	   0	85.4	64.0	 660	OK
2254	   0	89.8	58.2	 639	OK
2255	   0	88.3	61.9	 628	OK
2256	   0	89.3	58.9	 634	OK
2257	   0	85.6	63.0	 640	OK
2258	   0	91.4	56.0	 636	OK
2259	   0	87.6	61.8	 626	OK
2260	   0	80.9	69.5	 661	OK
2261	   0	82.8	66.3	 654	OK
2262	   0	85.8	61.5	 635	OK
2263	   0	88.0	61.8	 643	OK
2264	   0	78.8	71.1	 666	OK
2265	   0	91.8	56.0	 640	OK
2266	   0	81.4	69.0	 646	OK
2267	   0	89.9	57.0	 622	OK
2268	   0	86.9	61.6	 629	OK
2269	   0	84.9	65.9	 634	OK
2270	   0	89.6	58.5	 606	OK
2271	   0	90.4	57.4	 651	OK
2272	   0	83.0	64.6	 635	OK
2273	   0	86.9	63.6	 626	OK
2274	   0	82.5	65.2	 655	OK
2275	   0	91.6	55.2	 636	OK
2276	   0	83.9	65.9	 637	OK
2277	   0	83.1	65.7	 646	OK
2278	   0	86.8	59.6	 611	OK
2279	   0	90.8	56.9	 606	OK
2280	   0	77.8	74.4	 636	OK
2281	   0	85.7	62.5	 630	OK
2282	   0	94.6	51.6	 611	OK
2283	   0	85.8	61.7	 627	OK
2284	   0	86.3	63.1	 624	OK
2285	   0	84.4	66.0	 635	OK
2286	   0	82.8	67.3	 659	OK
2287	   0	78.8	71.5	 672	OK
2288	   0	84.4	63.2	 640	OK
2289	   0	91.4	57.2	 614	OK
2290	   0	83.1	66.6	 650	OK
2291	   0	87.3	61.6	 604	OK
2292	   0	78.9	71.5	 643	OK
2293	   0	89.3	58.7	 627	OK
2294	   0	87.1	60.2	 626	OK
2295	   0	83.5	66.0	 632	OK
2296	   0	83.1	66.6	 631	OK
2297	   0	83.3	67.6	 620	OK
2298	   0	88.1	60.2	 622	OK
2299	   0	85.9	64.4	 647	OK
2300	   0	90.3	57.2	 612	OK
2301	   0	89.8	58.6	 630	OK
2302	   0	88.0	61.9	 625	OK
2303	   0	89.5	60.3	 625	OK
2304	1000	111.0	33.0	 528	unbonded
2305	   0	96.2	51.8	 570	OK
2306	1000	106.9	41.1	 529	unbonded
2307	1000	105.0	40.1	 528	unbonded
2308	   0	99.1	47.5	 562	OK
2309	1000	104.8	40.3	 508	unbonded
2310	   0	100.7	46.0	 544	OK
2311	1000	108.3	37.4	 529	unbonded
2312	   0	102.0	44.7	 541	OK
2313	1000	103.0	42.7	 506	unbonded
2314	1000	110.2	35.9	 511	unbonded
2315	1000	107.7	37.2	 526	unbonded
2316	   0	101.7	44.7	 542	OK
2317	   0	94.5	54.0	 554	OK
2318	   0	104.8	42.5	 543	OK
2319	   0	99.9	46.2	 550	OK
2320	   0	100.2	45.8	 560	OK
2321	1000	104.7	41.9	 527	unbonded
2322	   0	108.5	38.8	 550	OK
2323	1000	106.7	38.1	 525	unbonded
2324	   0	100.0	43.9	 562	OK
2325	1000	99.8	46.9	 529	unbonded
2326	1000	105.0	39.7	 524	unbonded
2327	1000	101.6	45.4	 540	unbonded
2328	1000	108.2	37.5	 528	unbonded
2329	1000	96.6	49.2	 539	unbonded
2330	1000	106.9	38.7	 521	unbonded
2331	   0	96.1	50.0	 548	OK
2332	1000	102.1	46.1	 533	unbonded
2333	1000	106.3	40.0	 528	unbonded
2334	   0	94.7	52.1	 560	OK
2335	1000	112.4	31.3	 537	unbonded
2336	1000	106.0	38.7	 539	unbonded
2337	1000	99.3	46.2	 518	unbonded
2338	1000	107.2	38.7	 515	unbonded
2339	   0	101.2	45.7	 553	OK
2340	1000	105.2	41.6	 536	unbonded
2341	1000	103.3	44.2	 527	unbonded
2342	   0	95.7	51.1	 547	OK
2343	   0	99.1	49.0	 542	OK
2344	1000	108.6	37.3	 530	unbonded
2345	1000	105.0	40.2	 524	unbonded
2346	1000	101.9	46.4	 530	unbonded
2347	   0	101.7	43.8	 542	OK
2348	   0	105.4	39.8	 550	OK
2349	   0	101.9	42.9	 551	OK
2350	   0	106.5	41.7	 550	OK
2351	1000	100.6	46.2	 528	unbonded
2352	1000	104.1	42.6	 538	unbonded
2353	   0	99.0	46.3	 572	OK
2354	   0	96.6	49.1	 581	OK
2355	   0	103.0	43.4	 558	OK
2356	   0	103.2	43.9	 542	OK
2357	1000	104.6	42.2	 538	unbonded
2358	1000	106.4	40.7	 535	unbonded
2359	   0	100.8	43.6	 555	OK
2360	   0	106.7	39.2	 550	OK
2361	   0	100.4	45.8	 549	OK
2362	1000	98.5	47.9	 531	unbonded
2363	   0	91.3	56.3	 570	OK
2364	   0	105.4	40.9	 542	OK
2365	1000	108.1	38.4	 539	unbonded
2366	   0	103.3	42.8	 560	OK
2367	   0	98.9	49.2	 564	OK
2368	1000	102.4	44.0	 533	unbonded
2369	1000	103.7	42.5	 527	unbonded
2370	   0	99.6	48.5	 541	OK
2371	1000	102.5	44.0	 524	unbonded
2372	   0	99.9	47.5	 567	OK
2373	   0	105.8	41.2	 542	OK
2374	   0	102.1	44.9	 549	OK
2375	   0	107.3	37.0	 554	OK
2376	1000	102.2	43.9	 526	unbonded
2377	   0	97.3	50.1	 559	OK
2378	   0	91.9	55.4	 582	OK
2379	   0	103.3	43.3	 549	OK
2380	1000	107.0	38.0	 510	unbonded
2381	   0	101.0	46.1	 542	OK
2382	1000	106.9	37.2	 526	unbonded
2383	   0	95.8	52.4	 562	OK
2384	8000	96.9	52.0	 540	partbonded
2385	1000	100.2	45.1	 534	unbonded
2386	8000	96.3	51.4	 541	partbonded
2387	1000	108.2	37.7	 538	unbonded
2388	   0	101.6	44.7	 562	OK
2389	   0	96.7	51.8	 576	OK
2390	   0	98.4	48.9	 558	OK
2391	1000	100.0	47.3	 535	unbonded
2392	   0	95.7	51.0	 571	OK
2393	   0	99.5	49.6	 562	OK
2394	1000	108.1	37.2	 539	unbonded
2395	   0	95.6	51.5	 564	OK
2396	   0	97.0	48.4	 552	OK
2397	   0	99.4	48.9	 557	OK
2398	   0	100.7	46.9	 554	OK
2399	   0	97.0	49.1	 555	OK
2400	   0	99.8	47.5	 572	OK
2401	   0	107.9	38.0	 553	OK
2402	   0	97.4	51.1	 547	OK
2403	1000	99.5	47.5	 526	unbonded
2404	   0	94.1	54.5	 561	OK
2405	   0	100.4	45.9	 550	OK
2406	1000	99.5	47.9	 526	unbonded
2407	   0	96.5	50.6	 545	OK
2408	   0	101.3	44.3	 564	OK
2409	   0	90.8	57.9	 556	OK
2410	   0	96.8	51.1	 566	OK
2411	1000	106.5	38.4	 516	unbonded
2412	   0	101.6	43.8	 544	OK
2413	   0	100.3	45.6	 546	OK
2414	   0	96.2	52.4	 559	OK
2415	1000	98.1	48.2	 538	unbonded
2416	   0	97.0	50.4	 543	OK
2417	   0	101.2	45.0	 546	OK
2418	   0	99.9	47.4	 551	OK
2419	1000	104.8	42.7	 536	unbonded
2420	1000	100.7	46.2	 521	unbonded
2421	   0	106.1	38.9	 544	OK
2422	   0	102.0	45.2	 552	OK
2423	1000	103.4	41.8	 528	unbonded
2424	   0	98.7	47.0	 554	OK
2425	1000	111.5	34.4	 521	unbonded
2426	   0	95.9	50.9	 549	OK
2427	1000	105.2	41.8	 530	unbonded
2428	   0	94.0	54.5	 565	OK
2429	   0	94.8	51.6	 567	OK
2430	1000	104.7	42.0	 521	unbonded
2431	   0	96.4	51.0	 549	OK
2432	   0	95.8	54.0	 545	OK
2433	   0	95.8	51.9	 572	OK
2434	   0	96.6	49.7	 578	OK
2435	   0	94.6	53.7	 572	OK
2436	   0	103.5	41.2	 560	OK
2437	   0	100.7	46.1	 556	OK
2438	   0	95.9	51.6	 567	OK
2439	   0	94.7	52.5	 581	OK
2440	   0	91.6	58.3	 580	OK
2441	   0	97.5	48.7	 551	OK
2442	   0	97.8	49.0	 564	OK
2443	   0	91.7	57.1	 586	OK
2444	   0	100.1	46.9	 542	OK
2445	   0	94.6	51.9	 564	OK
2446	   0	98.5	49.3	 563	OK
2447	   0	88.7	60.2	 599	OK
2448	   0	95.0	54.7	 558	OK
2449	   0	95.4	51.3	 566	OK
2450	   0	101.1	44.7	 567	OK
2451	   0	94.6	53.5	 562	OK
2452	   0	102.6	45.6	 560	OK
2453	   0	94.1	55.3	 583	OK
2454	   0	97.8	51.0	 561	OK
2455	   0	87.7	60.8	 580	OK
2456	   0	90.5	60.2	 617	OK
2457	   0	93.7	53.6	 575	OK
2458	   0	98.3	50.7	 548	OK
2459	   0	98.4	47.4	 546	OK
2460	   0	93.2	54.4	 580	OK
2461	   0	94.7	52.2	 567	OK
2462	   0	92.3	58.0	 578	OK
2463	   0	92.3	55.0	 559	OK
2464	   0	94.2	54.4	 564	OK
2465	   0	94.7	53.9	 560	OK
2466	   0	101.8	44.9	 554	OK
2467	   0	91.0	57.6	 573	OK
2468	   0	97.2	51.9	 558	OK
2469	   0	97.5	50.0	 556	OK
2470	   0	93.4	56.3	 576	OK
2471	   0	104.6	42.3	 574	OK
2472	   0	95.7	51.4	 586	OK
2473	   0	98.3	50.4	 580	OK
2474	   0	97.4	49.7	 585	OK
2475	   0	95.0	50.9	 588	OK
2476	   0	91.4	58.0	 578	OK
2477	   0	93.9	52.8	 576	OK
2478	1101	0.0	0.0	   0	dead
2479	   0	92.4	57.3	 599	OK
2480	   0	104.9	39.9	 545	OK
2481	   0	91.3	57.3	 582	OK
2482	   0	93.8	55.8	 575	OK
2483	   0	93.7	53.0	 618	OK
2484	   0	94.9	51.3	 587	OK
2485	   0	90.3	58.5	 589	OK
2486	   0	108.4	37.1	 550	OK
2487	   0	98.3	48.6	 581	OK
2488	   0	91.6	57.5	 604	OK
2489	   0	104.0	43.6	 546	OK
2490	   0	97.9	47.8	 563	OK
2491	   0	104.4	41.8	 547	OK
2492	   0	106.6	39.4	 563	OK
2493	   0	89.0	58.1	 568	OK
2494	   0	98.5	47.8	 588	OK
2495	   0	103.4	41.6	 555	OK
2496	   0	93.5	53.1	 573	OK
2497	   0	107.4	37.7	 553	OK
2498	   0	101.1	45.4	 579	OK
2499	   0	93.1	55.2	 639	OK
2500	   0	96.1	50.3	 572	OK
2501	   0	99.3	47.1	 558	OK
2502	   0	102.7	44.6	 557	OK
2503	   0	110.0	35.6	 552	OK
2504	   0	95.4	50.5	 566	OK
2505	   0	96.3	50.7	 565	OK
2506	   0	92.9	54.2	 606	OK
2507	   0	93.0	53.7	 572	OK
2508	   0	98.7	49.6	 598	OK
2509	   0	95.9	52.7	 561	OK
2510	   0	98.4	48.2	 629	OK
2511	   0	89.0	57.9	 598	OK
2512	   0	83.8	63.8	 616	OK
2513	   0	85.1	64.6	 605	OK
2514	   0	98.4	51.2	 590	OK
2515	   0	102.1	45.6	 561	OK
2516	   0	93.3	55.9	 587	OK
2517	   0	92.4	56.4	 583	OK
2518	   0	97.2	51.8	 574	OK
2519	   0	91.5	56.6	 576	OK
2520	   0	96.9	50.5	 587	OK
2521	   0	98.5	47.6	 561	OK
2522	   0	88.7	57.7	 599	OK
2523	   0	98.3	48.6	 561	OK
2524	   0	94.7	55.0	 568	OK
2525	   0	101.4	45.0	 572	OK
2526	   0	92.9	54.7	 567	OK
2527	   0	100.6	47.4	 554	OK
2528	   0	90.6	57.2	 591	OK
2529	   0	102.7	43.9	 574	OK
2530	   0	95.9	52.2	 579	OK
2531	   0	91.3	58.3	 567	OK
2532	   0	91.8	57.5	 603	OK
2533	   0	87.2	62.6	 596	OK
2534	   0	89.3	59.4	 580	OK
2535	   0	89.8	60.1	 577	OK
2536	   0	84.5	64.6	 603	OK
2537	   0	90.5	58.9	 596	OK
2538	   0	88.1	59.2	 615	OK
2539	   0	94.2	53.3	 588	OK
2540	   0	97.7	50.6	 571	OK
2541	   0	89.5	59.7	 588	OK
2542	   0	88.9	61.2	 580	OK
2543	   0	94.9	52.6	 566	OK
2544	   0	97.7	49.7	 568	OK
2545	   0	86.4	60.8	 605	OK
2546	   0	92.8	53.8	 578	OK
2547	   0	98.0	50.1	 558	OK
2548	   0	98.0	47.5	 581	OK
2549	   0	92.0	54.4	 566	OK
2550	   0	98.1	49.3	 553	OK
2551	   0	87.6	60.1	 568	OK
2552	   0	96.3	50.3	 590	OK
2553	   0	84.8	65.9	 604	OK
2554	   0	96.4	52.2	 568	OK
2555	   0	96.3	51.4	 576	OK
2556	   0	94.8	55.5	 544	OK
2557	   0	91.8	55.0	 581	OK
2558	   0	92.5	56.8	 579	OK
2559	   0	99.0	46.0	 545	OK
