#chan	code	gain	offset	innse	comment
   0	4000	77.7	77.7	 824	high noise
   1	   0	80.6	80.6	 585	OK
   2	   0	72.3	72.3	 734	OK
   3	   0	79.5	79.5	 717	OK
   4	   0	83.3	83.3	 676	OK
   5	1000	75.2	75.2	 501	unbonded
   6	   0	77.2	77.2	 659	OK
   7	4000	76.6	76.6	 836	high noise
   8	   0	77.4	77.4	 697	OK
   9	   0	74.4	74.4	 641	OK
  10	   0	77.4	77.4	 590	OK
  11	   0	71.9	71.9	 685	OK
  12	1000	83.1	83.1	 516	unbonded
  13	   0	77.9	77.9	 670	OK
  14	   0	85.3	85.3	 715	OK
  15	   0	75.6	75.6	 785	OK
  16	   0	87.1	87.1	 710	OK
  17	   0	85.1	85.1	 645	OK
  18	   0	83.5	83.5	 740	OK
  19	   0	77.9	77.9	 606	OK
  20	4000	77.1	77.1	 858	high noise
  21	1000	77.5	77.5	 521	unbonded
  22	1000	77.0	77.0	 521	unbonded
  23	   0	73.9	73.9	 631	OK
  24	   0	75.5	75.5	 700	OK
  25	   0	76.8	76.8	 710	OK
  26	   0	75.7	75.7	 696	OK
  27	   0	73.7	73.7	 770	OK
  28	   0	76.7	76.7	 672	OK
  29	   0	75.4	75.4	 702	OK
  30	   0	79.4	79.4	 723	OK
  31	   0	82.3	82.3	 717	OK
  32	4000	77.4	77.4	 859	high noise
  33	   0	81.8	81.8	 694	OK
  34	   0	75.7	75.7	 782	OK
  35	   0	81.1	81.1	 646	OK
  36	   0	84.7	84.7	 668	OK
  37	4000	82.6	82.6	 812	high noise
  38	   0	81.7	81.7	 709	OK
  39	   0	79.7	79.7	 666	OK
  40	   0	80.7	80.7	 709	OK
  41	   0	82.1	82.1	 708	OK
  42	   0	80.8	80.8	 722	OK
  43	   0	79.8	79.8	 732	OK
  44	   0	73.2	73.2	 735	OK
  45	   0	80.5	80.5	 680	OK
  46	   0	85.5	85.5	 642	OK
  47	   0	84.1	84.1	 683	OK
  48	   0	80.9	80.9	 714	OK
  49	   0	82.1	82.1	 703	OK
  50	   0	79.3	79.3	 704	OK
  51	   0	79.2	79.2	 651	OK
  52	   0	82.6	82.6	 663	OK
  53	   0	82.3	82.3	 633	OK
  54	   0	88.6	88.6	 609	OK
  55	   0	77.4	77.4	 591	OK
  56	   0	76.9	76.9	 801	OK
  57	4000	78.8	78.8	 807	high noise
  58	   0	81.5	81.5	 670	OK
  59	   0	84.4	84.4	 762	OK
  60	   0	84.4	84.4	 726	OK
  61	   0	82.3	82.3	 782	OK
  62	4000	76.6	76.6	 803	high noise
  63	4000	85.8	85.8	 838	high noise
  64	   0	80.1	80.1	 694	OK
  65	   0	82.5	82.5	 668	OK
  66	   0	92.4	92.4	 734	OK
  67	   0	77.0	77.0	 632	OK
  68	   0	90.4	90.4	 766	OK
  69	   0	84.2	84.2	 634	OK
  70	   0	83.0	83.0	 778	OK
  71	4000	80.2	80.2	 836	high noise
  72	   0	82.6	82.6	 767	OK
  73	   0	80.6	80.6	 646	OK
  74	   0	83.9	83.9	 641	OK
  75	   0	85.0	85.0	 550	OK
  76	   0	84.8	84.8	 737	OK
  77	   0	82.5	82.5	 604	OK
  78	   0	84.1	84.1	 650	OK
  79	   0	91.7	91.7	 707	OK
  80	   0	80.5	80.5	 707	OK
  81	   0	84.3	84.3	 753	OK
  82	   0	84.9	84.9	 565	OK
  83	   0	88.9	88.9	 608	OK
  84	   0	83.4	83.4	 670	OK
  85	   0	80.4	80.4	 721	OK
  86	4000	82.7	82.7	 809	high noise
  87	   0	80.7	80.7	 689	OK
  88	   0	87.4	87.4	 730	OK
  89	   0	83.6	83.6	 700	OK
  90	   0	81.1	81.1	 636	OK
  91	   0	81.8	81.8	 690	OK
  92	   0	80.4	80.4	 698	OK
  93	   0	76.7	76.7	 600	OK
  94	   0	84.3	84.3	 640	OK
  95	   0	81.5	81.5	 724	OK
  96	   0	82.7	82.7	 628	OK
  97	   0	83.2	83.2	 763	OK
  98	   0	78.2	78.2	 703	OK
  99	   0	77.0	77.0	 729	OK
 100	4000	80.5	80.5	 829	high noise
 101	   0	82.5	82.5	 728	OK
 102	   0	79.5	79.5	 705	OK
 103	1000	83.4	83.4	 511	unbonded
 104	   0	84.7	84.7	 739	OK
 105	   0	79.8	79.8	 568	OK
 106	4000	78.6	78.6	 839	high noise
 107	   0	77.8	77.8	 673	OK
 108	   0	82.4	82.4	 699	OK
 109	   0	75.8	75.8	 779	OK
 110	   0	79.1	79.1	 757	OK
 111	4000	83.8	83.8	 914	high noise
 112	   0	89.4	89.4	 791	OK
 113	   0	84.2	84.2	 749	OK
 114	   0	80.6	80.6	 708	OK
 115	   0	83.3	83.3	 760	OK
 116	   0	78.1	78.1	 639	OK
 117	   0	77.2	77.2	 777	OK
 118	   0	76.2	76.2	 608	OK
 119	   0	79.4	79.4	 679	OK
 120	1000	74.9	74.9	 431	unbonded
 121	   0	83.7	83.7	 712	OK
 122	   0	84.1	84.1	 641	OK
 123	   0	79.4	79.4	 750	OK
 124	   0	81.6	81.6	 677	OK
 125	   0	73.4	73.4	 682	OK
 126	   0	82.1	82.1	 631	OK
 127	   0	75.6	75.6	 760	OK
 128	   0	73.9	73.9	 548	OK
 129	   0	70.9	70.9	 640	OK
 130	4000	72.9	72.9	 902	high noise
 131	4000	76.4	76.4	 861	high noise
 132	   0	76.3	76.3	 734	OK
 133	   0	82.8	82.8	 716	OK
 134	   0	80.2	80.2	 737	OK
 135	   0	79.6	79.6	 658	OK
 136	   0	80.4	80.4	 753	OK
 137	   0	72.5	72.5	 760	OK
 138	   0	75.4	75.4	 652	OK
 139	4000	75.7	75.7	 871	high noise
 140	   0	76.5	76.5	 747	OK
 141	   0	79.2	79.2	 669	OK
 142	   0	70.7	70.7	 750	OK
 143	   0	69.6	69.6	 715	OK
 144	   0	76.5	76.5	 635	OK
 145	   0	76.7	76.7	 720	OK
 146	   0	75.4	75.4	 747	OK
 147	   0	73.4	73.4	 679	OK
 148	   0	75.5	75.5	 700	OK
 149	   0	76.1	76.1	 730	OK
 150	   0	76.2	76.2	 708	OK
 151	   0	72.9	72.9	 800	OK
 152	   0	76.0	76.0	 557	OK
 153	4000	73.9	73.9	 811	high noise
 154	   0	77.9	77.9	 782	OK
 155	   0	79.4	79.4	 700	OK
 156	   0	74.1	74.1	 792	OK
 157	4000	81.8	81.8	 882	high noise
 158	   0	78.5	78.5	 763	OK
 159	   0	80.1	80.1	 597	OK
 160	   0	74.8	74.8	 642	OK
 161	1000	75.9	75.9	 534	unbonded
 162	   0	78.6	78.6	 737	OK
 163	   0	80.8	80.8	 701	OK
 164	   0	76.6	76.6	 616	OK
 165	1000	80.8	80.8	 536	unbonded
 166	   0	78.8	78.8	 716	OK
 167	   0	69.9	69.9	 663	OK
 168	   0	76.4	76.4	 744	OK
 169	   0	79.1	79.1	 743	OK
 170	   0	75.5	75.5	 629	OK
 171	   0	80.2	80.2	 655	OK
 172	   0	75.2	75.2	 612	OK
 173	   0	79.9	79.9	 701	OK
 174	   0	74.3	74.3	 646	OK
 175	   0	78.3	78.3	 694	OK
 176	   0	72.0	72.0	 768	OK
 177	   0	81.5	81.5	 595	OK
 178	   0	74.3	74.3	 658	OK
 179	   0	79.2	79.2	 729	OK
 180	   0	74.3	74.3	 780	OK
 181	   0	73.2	73.2	 683	OK
 182	   0	80.6	80.6	 775	OK
 183	   0	78.2	78.2	 629	OK
 184	   0	81.2	81.2	 559	OK
 185	   0	77.6	77.6	 648	OK
 186	   0	81.2	81.2	 707	OK
 187	8000	83.6	83.6	 540	partbonded
 188	   0	81.8	81.8	 722	OK
 189	   0	79.1	79.1	 633	OK
 190	   0	81.5	81.5	 670	OK
 191	   0	81.8	81.8	 724	OK
 192	   0	78.7	78.7	 718	OK
 193	   0	77.7	77.7	 663	OK
 194	   0	74.7	74.7	 593	OK
 195	   0	75.8	75.8	 647	OK
 196	   0	77.9	77.9	 789	OK
 197	   0	72.6	72.6	 660	OK
 198	   0	74.8	74.8	 769	OK
 199	   0	79.2	79.2	 631	OK
 200	   0	80.4	80.4	 598	OK
 201	   0	76.3	76.3	 722	OK
 202	4000	76.2	76.2	 823	high noise
 203	   0	81.7	81.7	 587	OK
 204	   0	79.0	79.0	 733	OK
 205	   0	71.1	71.1	 667	OK
 206	   0	80.2	80.2	 740	OK
 207	   0	79.3	79.3	 724	OK
 208	   0	72.0	72.0	 786	OK
 209	   0	80.2	80.2	 680	OK
 210	   0	78.9	78.9	 731	OK
 211	   0	73.1	73.1	 796	OK
 212	   0	75.5	75.5	 551	OK
 213	   0	73.1	73.1	 730	OK
 214	   0	79.7	79.7	 637	OK
 215	   0	78.3	78.3	 573	OK
 216	   0	77.3	77.3	 778	OK
 217	   0	76.2	76.2	 706	OK
 218	   0	75.5	75.5	 640	OK
 219	   0	78.1	78.1	 637	OK
 220	   0	78.0	78.0	 764	OK
 221	   0	77.1	77.1	 763	OK
 222	   0	73.0	73.0	 758	OK
 223	   0	71.4	71.4	 802	OK
 224	   0	79.1	79.1	 587	OK
 225	   0	80.1	80.1	 761	OK
 226	   0	79.4	79.4	 605	OK
 227	   0	75.0	75.0	 765	OK
 228	   0	79.8	79.8	 768	OK
 229	4000	80.4	80.4	 811	high noise
 230	   0	76.9	76.9	 545	OK
 231	   0	73.6	73.6	 621	OK
 232	   0	83.0	83.0	 688	OK
 233	   0	77.8	77.8	 632	OK
 234	   0	70.8	70.8	 776	OK
 235	   0	74.5	74.5	 701	OK
 236	   0	76.7	76.7	 708	OK
 237	   0	72.3	72.3	 679	OK
 238	   0	72.7	72.7	 750	OK
 239	   0	78.9	78.9	 696	OK
 240	   0	75.9	75.9	 714	OK
 241	   0	75.5	75.5	 734	OK
 242	   0	78.0	78.0	 768	OK
 243	   0	70.4	70.4	 677	OK
 244	   0	75.5	75.5	 730	OK
 245	   0	74.0	74.0	 758	OK
 246	4000	71.0	71.0	 900	high noise
 247	   0	79.0	79.0	 769	OK
 248	   0	73.1	73.1	 706	OK
 249	   0	76.0	76.0	 647	OK
 250	   0	73.6	73.6	 681	OK
 251	   0	75.8	75.8	 680	OK
 252	   0	79.1	79.1	 609	OK
 253	   0	73.6	73.6	 718	OK
 254	   0	71.1	71.1	 588	OK
 255	1000	73.9	73.9	 534	unbonded
 256	   0	94.2	94.2	 710	OK
 257	   0	91.0	91.0	 604	OK
 258	4000	90.0	90.0	 724	high noise
 259	1000	95.5	95.5	 529	unbonded
 260	4000	85.5	85.5	 749	high noise
 261	4000	87.0	87.0	 718	high noise
 262	   0	83.8	83.8	 586	OK
 263	   0	98.9	98.9	 601	OK
 264	   0	90.7	90.7	 647	OK
 265	   0	96.1	96.1	 656	OK
 266	   0	99.3	99.3	 638	OK
 267	   0	92.7	92.7	 578	OK
 268	   0	85.0	85.0	 713	OK
 269	1000	98.0	98.0	 465	unbonded
 270	   0	85.8	85.8	 555	OK
 271	   0	94.4	94.4	 589	OK
 272	   0	93.3	93.3	 686	OK
 273	   0	92.2	92.2	 596	OK
 274	   0	87.0	87.0	 710	OK
 275	   0	94.1	94.1	 623	OK
 276	   0	86.0	86.0	 639	OK
 277	   0	79.3	79.3	 699	OK
 278	   0	88.9	88.9	 546	OK
 279	   0	100.6	100.6	 656	OK
 280	   0	84.7	84.7	 700	OK
 281	   0	96.4	96.4	 619	OK
 282	   0	88.8	88.8	 669	OK
 283	1000	90.8	90.8	 535	unbonded
 284	   0	93.6	93.6	 654	OK
 285	1000	90.1	90.1	 535	unbonded
 286	   0	90.0	90.0	 608	OK
 287	   0	91.2	91.2	 714	OK
 288	   0	85.4	85.4	 588	OK
 289	1000	84.9	84.9	 480	unbonded
 290	   0	88.2	88.2	 621	OK
 291	   0	96.6	96.6	 688	OK
 292	   0	94.0	94.0	 575	OK
 293	   0	91.6	91.6	 626	OK
 294	1000	80.7	80.7	 539	unbonded
 295	   0	86.2	86.2	 564	OK
 296	   0	89.3	89.3	 601	OK
 297	   0	92.1	92.1	 616	OK
 298	   0	86.9	86.9	 596	OK
 299	   0	92.9	92.9	 641	OK
 300	   0	96.7	96.7	 630	OK
 301	   0	88.3	88.3	 575	OK
 302	   0	88.2	88.2	 592	OK
 303	   0	88.4	88.4	 644	OK
 304	   0	85.6	85.6	 621	OK
 305	   0	94.4	94.4	 618	OK
 306	   0	89.4	89.4	 593	OK
 307	4000	91.0	91.0	 745	high noise
 308	   0	90.3	90.3	 678	OK
 309	   0	95.8	95.8	 698	OK
 310	   0	91.1	91.1	 666	OK
 311	   0	87.8	87.8	 673	OK
 312	   0	87.9	87.9	 624	OK
 313	   0	87.7	87.7	 577	OK
 314	   0	87.7	87.7	 604	OK
 315	   0	87.6	87.6	 635	OK
 316	   0	100.3	100.3	 607	OK
 317	   0	95.6	95.6	 605	OK
 318	   0	90.2	90.2	 574	OK
 319	   0	93.7	93.7	 610	OK
 320	1000	93.2	93.2	 464	unbonded
 321	   0	98.2	98.2	 600	OK
 322	   0	93.6	93.6	 585	OK
 323	   0	96.2	96.2	 553	OK
 324	1000	90.7	90.7	 525	unbonded
 325	   0	91.8	91.8	 615	OK
 326	1000	88.3	88.3	 475	unbonded
 327	   0	88.8	88.8	 559	OK
 328	   0	88.5	88.5	 642	OK
 329	1000	90.3	90.3	 492	unbonded
 330	   0	89.3	89.3	 695	OK
 331	   0	90.5	90.5	 599	OK
 332	   0	98.8	98.8	 569	OK
 333	   0	85.6	85.6	 697	OK
 334	   0	94.3	94.3	 624	OK
 335	4000	91.6	91.6	 737	high noise
 336	   0	81.9	81.9	 673	OK
 337	   0	88.0	88.0	 579	OK
 338	   0	93.8	93.8	 545	OK
 339	   0	90.5	90.5	 658	OK
 340	1000	86.5	86.5	 457	unbonded
 341	   0	91.6	91.6	 574	OK
 342	   0	87.0	87.0	 666	OK
 343	4000	85.6	85.6	 731	high noise
 344	   0	86.5	86.5	 679	OK
 345	   0	91.5	91.5	 672	OK
 346	   0	98.0	98.0	 566	OK
 347	4000	86.3	86.3	 745	high noise
 348	   0	91.8	91.8	 575	OK
 349	4000	86.0	86.0	 745	high noise
 350	1000	92.3	92.3	 483	unbonded
 351	   0	91.9	91.9	 573	OK
 352	1000	86.5	86.5	 511	unbonded
 353	   0	83.2	83.2	 636	OK
 354	   0	85.0	85.0	 653	OK
 355	4000	96.3	96.3	 744	high noise
 356	   0	91.4	91.4	 593	OK
 357	   0	88.3	88.3	 675	OK
 358	   0	90.1	90.1	 683	OK
 359	   0	91.0	91.0	 688	OK
 360	   0	89.8	89.8	 680	OK
 361	   0	92.0	92.0	 591	OK
 362	   0	90.2	90.2	 661	OK
 363	   0	90.3	90.3	 574	OK
 364	   0	84.6	84.6	 634	OK
 365	   0	90.6	90.6	 618	OK
 366	4000	87.1	87.1	 738	high noise
 367	   0	89.7	89.7	 683	OK
 368	1000	92.6	92.6	 536	unbonded
 369	   0	89.6	89.6	 623	OK
 370	   0	92.6	92.6	 636	OK
 371	   0	94.7	94.7	 549	OK
 372	   0	87.1	87.1	 560	OK
 373	   0	93.8	93.8	 627	OK
 374	1000	92.9	92.9	 460	unbonded
 375	4000	84.5	84.5	 767	high noise
 376	4000	89.2	89.2	 761	high noise
 377	4000	89.1	89.1	 728	high noise
 378	   0	94.0	94.0	 675	OK
 379	4000	92.6	92.6	 811	high noise
 380	   0	86.5	86.5	 587	OK
 381	1000	89.6	89.6	 533	unbonded
 382	   0	95.2	95.2	 701	OK
 383	   0	90.9	90.9	 608	OK
 384	   0	77.0	77.0	 642	OK
 385	   0	83.8	83.8	 633	OK
 386	   0	83.4	83.4	 636	OK
 387	   0	81.8	81.8	 607	OK
 388	   0	83.5	83.5	 639	OK
 389	   0	88.4	88.4	 586	OK
 390	   0	87.4	87.4	 656	OK
 391	4000	85.2	85.2	 727	high noise
 392	4000	77.4	77.4	 733	high noise
 393	   0	78.6	78.6	 597	OK
 394	4000	82.8	82.8	 778	high noise
 395	   0	82.1	82.1	 619	OK
 396	   0	83.3	83.3	 633	OK
 397	4000	84.9	84.9	 724	high noise
 398	   0	88.4	88.4	 643	OK
 399	   0	86.1	86.1	 663	OK
 400	   0	86.4	86.4	 590	OK
 401	1000	82.9	82.9	 446	unbonded
 402	   0	83.8	83.8	 629	OK
 403	   0	75.1	75.1	 710	OK
 404	   0	85.7	85.7	 655	OK
 405	   0	82.0	82.0	 559	OK
 406	   0	81.4	81.4	 587	OK
 407	   0	87.1	87.1	 695	OK
 408	1000	84.4	84.4	 501	unbonded
 409	   0	78.3	78.3	 697	OK
 410	4000	79.4	79.4	 743	high noise
 411	   0	81.7	81.7	 611	OK
 412	1000	87.6	87.6	 527	unbonded
 413	   0	83.9	83.9	 683	OK
 414	   0	88.8	88.8	 641	OK
 415	1000	88.6	88.6	 521	unbonded
 416	   0	80.5	80.5	 613	OK
 417	   0	88.0	88.0	 641	OK
 418	   0	87.2	87.2	 596	OK
 419	   0	78.3	78.3	 696	OK
 420	4000	87.2	87.2	 724	high noise
 421	   0	86.7	86.7	 558	OK
 422	4000	84.5	84.5	 760	high noise
 423	1000	91.3	91.3	 479	unbonded
 424	   0	86.8	86.8	 612	OK
 425	   0	86.6	86.6	 577	OK
 426	   0	87.2	87.2	 606	OK
 427	   0	85.7	85.7	 616	OK
 428	   0	90.5	90.5	 624	OK
 429	   0	87.9	87.9	 644	OK
 430	1000	85.0	85.0	 387	unbonded
 431	4000	82.3	82.3	 746	high noise
 432	   0	79.8	79.8	 641	OK
 433	   0	86.9	86.9	 636	OK
 434	   0	85.3	85.3	 672	OK
 435	   0	81.5	81.5	 701	OK
 436	4000	80.3	80.3	 752	high noise
 437	   0	87.2	87.2	 587	OK
 438	1000	85.3	85.3	 526	unbonded
 439	4000	82.4	82.4	 727	high noise
 440	   0	89.9	89.9	 656	OK
 441	   0	85.1	85.1	 610	OK
 442	   0	85.2	85.2	 590	OK
 443	   0	84.3	84.3	 630	OK
 444	   0	87.4	87.4	 681	OK
 445	8000	89.0	89.0	 540	partbonded
 446	   0	87.8	87.8	 608	OK
 447	1000	84.7	84.7	 533	unbonded
 448	   0	87.1	87.1	 605	OK
 449	   0	94.6	94.6	 648	OK
 450	4000	88.4	88.4	 728	high noise
 451	   0	88.0	88.0	 655	OK
 452	   0	82.5	82.5	 643	OK
 453	   0	81.9	81.9	 614	OK
 454	   0	87.6	87.6	 596	OK
 455	   0	88.8	88.8	 634	OK
 456	   0	83.5	83.5	 556	OK
 457	   0	89.2	89.2	 631	OK
 458	1000	83.2	83.2	 468	unbonded
 459	   0	84.4	84.4	 715	OK
 460	   0	81.5	81.5	 605	OK
 461	4000	81.8	81.8	 731	high noise
 462	   0	90.8	90.8	 617	OK
 463	   0	90.3	90.3	 646	OK
 464	   0	94.5	94.5	 598	OK
 465	   0	78.6	78.6	 586	OK
 466	   0	84.0	84.0	 594	OK
 467	   0	78.7	78.7	 680	OK
 468	   0	82.6	82.6	 689	OK
 469	   0	92.8	92.8	 704	OK
 470	   0	85.7	85.7	 583	OK
 471	   0	85.0	85.0	 564	OK
 472	   0	83.4	83.4	 580	OK
 473	   0	81.0	81.0	 607	OK
 474	   0	86.6	86.6	 692	OK
 475	   0	85.6	85.6	 546	OK
 476	   0	86.0	86.0	 673	OK
 477	   0	81.2	81.2	 634	OK
 478	   0	83.4	83.4	 595	OK
 479	   0	80.9	80.9	 606	OK
 480	   0	81.4	81.4	 682	OK
 481	   0	86.8	86.8	 688	OK
 482	4000	82.9	82.9	 748	high noise
 483	   0	79.8	79.8	 601	OK
 484	   0	84.4	84.4	 598	OK
 485	   0	84.6	84.6	 665	OK
 486	1000	82.6	82.6	 474	unbonded
 487	4000	74.8	74.8	 746	high noise
 488	   0	82.8	82.8	 636	OK
 489	1000	84.7	84.7	 468	unbonded
 490	   0	80.2	80.2	 675	OK
 491	   0	81.6	81.6	 594	OK
 492	4000	82.9	82.9	 726	high noise
 493	   0	83.1	83.1	 623	OK
 494	   0	85.9	85.9	 676	OK
 495	   0	86.0	86.0	 634	OK
 496	   0	82.2	82.2	 612	OK
 497	   0	82.8	82.8	 577	OK
 498	1000	81.1	81.1	 532	unbonded
 499	   0	82.2	82.2	 619	OK
 500	   0	79.4	79.4	 599	OK
 501	   0	85.6	85.6	 565	OK
 502	4000	89.6	89.6	 730	high noise
 503	   0	88.7	88.7	 659	OK
 504	1000	87.5	87.5	 538	unbonded
 505	   0	83.5	83.5	 685	OK
 506	   0	90.9	90.9	 628	OK
 507	   0	81.9	81.9	 664	OK
 508	   0	83.2	83.2	 632	OK
 509	   0	81.0	81.0	 714	OK
 510	   0	85.9	85.9	 637	OK
 511	   0	82.5	82.5	 622	OK
 512	   0	86.3	86.3	 583	OK
 513	1000	88.1	88.1	 537	unbonded
 514	1000	89.9	89.9	 451	unbonded
 515	   0	88.9	88.9	 582	OK
 516	   0	86.8	86.8	 685	OK
 517	   0	92.6	92.6	 601	OK
 518	   0	90.0	90.0	 609	OK
 519	   0	88.7	88.7	 592	OK
 520	   0	87.2	87.2	 583	OK
 521	   0	91.5	91.5	 677	OK
 522	   0	87.3	87.3	 686	OK
 523	   0	94.3	94.3	 604	OK
 524	   0	91.3	91.3	 661	OK
 525	   0	86.5	86.5	 568	OK
 526	   0	88.3	88.3	 603	OK
 527	   0	87.9	87.9	 550	OK
 528	   0	86.2	86.2	 661	OK
 529	   0	91.3	91.3	 564	OK
 530	4000	95.2	95.2	 698	high noise
 531	   0	89.3	89.3	 672	OK
 532	   0	89.9	89.9	 606	OK
 533	   0	89.8	89.8	 605	OK
 534	   0	90.2	90.2	 587	OK
 535	   0	86.3	86.3	 560	OK
 536	   0	87.5	87.5	 611	OK
 537	   0	86.2	86.2	 593	OK
 538	   0	88.1	88.1	 661	OK
 539	   0	92.8	92.8	 578	OK
 540	   0	93.7	93.7	 576	OK
 541	   0	89.7	89.7	 605	OK
 542	4000	91.0	91.0	 751	high noise
 543	   0	98.3	98.3	 617	OK
 544	   0	92.0	92.0	 686	OK
 545	   0	90.9	90.9	 618	OK
 546	   0	86.1	86.1	 694	OK
 547	   0	86.6	86.6	 675	OK
 548	   0	80.6	80.6	 649	OK
 549	   0	93.0	93.0	 654	OK
 550	   0	89.9	89.9	 695	OK
 551	1000	89.8	89.8	 538	unbonded
 552	   0	93.9	93.9	 546	OK
 553	   0	86.3	86.3	 623	OK
 554	1000	93.9	93.9	 472	unbonded
 555	   0	81.3	81.3	 658	OK
 556	1000	86.1	86.1	 453	unbonded
 557	   0	88.6	88.6	 632	OK
 558	   0	93.8	93.8	 651	OK
 559	   0	93.0	93.0	 618	OK
 560	   0	97.2	97.2	 553	OK
 561	4000	91.9	91.9	 733	high noise
 562	1000	84.9	84.9	 493	unbonded
 563	1000	88.5	88.5	 518	unbonded
 564	   0	89.6	89.6	 679	OK
 565	1000	92.3	92.3	 431	unbonded
 566	   0	89.8	89.8	 656	OK
 567	4000	90.0	90.0	 700	high noise
 568	   0	84.6	84.6	 630	OK
 569	   0	96.2	96.2	 598	OK
 570	   0	88.3	88.3	 572	OK
 571	   0	94.6	94.6	 586	OK
 572	1000	99.5	99.5	 503	unbonded
 573	   0	88.3	88.3	 696	OK
 574	   0	89.2	89.2	 595	OK
 575	   0	94.5	94.5	 592	OK
 576	1000	94.5	94.5	 521	unbonded
 577	   0	90.2	90.2	 640	OK
 578	4000	92.5	92.5	 734	high noise
 579	   0	89.9	89.9	 564	OK
 580	   0	99.9	99.9	 646	OK
 581	   0	90.3	90.3	 659	OK
 582	   0	91.8	91.8	 616	OK
 583	   0	89.0	89.0	 630	OK
 584	   0	88.9	88.9	 562	OK
 585	   0	88.9	88.9	 654	OK
 586	   0	88.0	88.0	 628	OK
 587	   0	92.5	92.5	 541	OK
 588	   0	96.5	96.5	 612	OK
 589	   0	88.3	88.3	 658	OK
 590	   0	95.7	95.7	 598	OK
 591	   0	94.5	94.5	 598	OK
 592	4000	86.6	86.6	 703	high noise
 593	   0	87.3	87.3	 658	OK
 594	   0	87.6	87.6	 658	OK
 595	   0	85.6	85.6	 547	OK
 596	   0	87.5	87.5	 549	OK
 597	   0	87.6	87.6	 663	OK
 598	4000	91.6	91.6	 758	high noise
 599	   0	86.7	86.7	 616	OK
 600	   0	82.7	82.7	 657	OK
 601	   0	95.0	95.0	 575	OK
 602	   0	85.3	85.3	 631	OK
 603	1000	85.5	85.5	 526	unbonded
 604	   0	91.9	91.9	 567	OK
 605	   0	93.5	93.5	 571	OK
 606	   0	87.5	87.5	 591	OK
 607	1000	80.1	80.1	 539	unbonded
 608	   0	78.1	78.1	 636	OK
 609	   0	85.4	85.4	 630	OK
 610	1000	89.0	89.0	 499	unbonded
 611	   0	84.6	84.6	 552	OK
 612	1000	88.4	88.4	 525	unbonded
 613	   0	88.4	88.4	 665	OK
 614	   0	101.5	101.5	 545	OK
 615	   0	87.8	87.8	 633	OK
 616	   0	92.0	92.0	 683	OK
 617	   0	88.7	88.7	 576	OK
 618	   0	91.7	91.7	 620	OK
 619	   0	90.2	90.2	 638	OK
 620	1000	94.3	94.3	 534	unbonded
 621	   0	89.1	89.1	 639	OK
 622	   0	83.9	83.9	 612	OK
 623	   0	95.4	95.4	 601	OK
 624	   0	83.4	83.4	 645	OK
 625	1000	91.5	91.5	 537	unbonded
 626	   0	89.3	89.3	 599	OK
 627	   0	88.3	88.3	 611	OK
 628	   0	86.4	86.4	 551	OK
 629	   0	88.4	88.4	 663	OK
 630	   0	88.2	88.2	 607	OK
 631	1000	93.5	93.5	 499	unbonded
 632	   0	86.9	86.9	 651	OK
 633	1000	93.9	93.9	 532	unbonded
 634	   0	90.7	90.7	 543	OK
 635	   0	88.2	88.2	 568	OK
 636	   0	96.2	96.2	 564	OK
 637	   0	82.7	82.7	 627	OK
 638	   0	90.7	90.7	 606	OK
 639	1000	92.7	92.7	 531	unbonded
 640	   0	91.6	91.6	 724	OK
 641	   0	85.1	85.1	 678	OK
 642	   0	91.0	91.0	 621	OK
 643	   0	86.9	86.9	 639	OK
 644	   0	90.1	90.1	 640	OK
 645	1000	86.5	86.5	 513	unbonded
 646	   0	84.3	84.3	 608	OK
 647	   0	91.5	91.5	 601	OK
 648	1000	91.6	91.6	 505	unbonded
 649	   0	91.5	91.5	 633	OK
 650	   0	82.9	82.9	 694	OK
 651	   0	92.4	92.4	 675	OK
 652	   0	83.9	83.9	 640	OK
 653	   0	86.5	86.5	 643	OK
 654	   0	86.3	86.3	 683	OK
 655	   0	87.1	87.1	 656	OK
 656	4000	87.4	87.4	 775	high noise
 657	   0	88.7	88.7	 697	OK
 658	4000	81.6	81.6	 760	high noise
 659	   0	84.1	84.1	 656	OK
 660	   0	94.0	94.0	 621	OK
 661	   0	83.9	83.9	 601	OK
 662	   0	84.7	84.7	 676	OK
 663	   0	86.1	86.1	 684	OK
 664	   0	91.8	91.8	 709	OK
 665	   0	90.0	90.0	 595	OK
 666	   0	97.7	97.7	 719	OK
 667	   0	89.9	89.9	 568	OK
 668	   0	79.0	79.0	 698	OK
 669	   0	87.5	87.5	 639	OK
 670	   0	92.9	92.9	 676	OK
 671	1000	90.6	90.6	 516	unbonded
 672	4000	85.4	85.4	 749	high noise
 673	4000	87.6	87.6	 754	high noise
 674	   0	87.3	87.3	 642	OK
 675	   0	100.7	100.7	 669	OK
 676	   0	84.3	84.3	 703	OK
 677	   0	84.1	84.1	 571	OK
 678	   0	84.5	84.5	 658	OK
 679	   0	89.3	89.3	 695	OK
 680	   0	87.0	87.0	 687	OK
 681	4000	85.0	85.0	 749	high noise
 682	   0	89.8	89.8	 665	OK
 683	   0	82.5	82.5	 671	OK
 684	   0	81.8	81.8	 658	OK
 685	   0	93.3	93.3	 585	OK
 686	   0	82.4	82.4	 717	OK
 687	4000	95.2	95.2	 745	high noise
 688	   0	91.5	91.5	 553	OK
 689	4000	92.4	92.4	 772	high noise
 690	   0	92.4	92.4	 691	OK
 691	   0	89.5	89.5	 595	OK
 692	   0	86.1	86.1	 634	OK
 693	   0	93.1	93.1	 661	OK
 694	4000	87.9	87.9	 819	high noise
 695	   0	83.7	83.7	 702	OK
 696	   0	97.5	97.5	 692	OK
 697	4000	89.1	89.1	 801	high noise
 698	   0	92.9	92.9	 695	OK
 699	   0	97.8	97.8	 726	OK
 700	4000	94.3	94.3	 762	high noise
 701	   0	86.3	86.3	 723	OK
 702	   0	88.7	88.7	 574	OK
 703	   0	88.1	88.1	 667	OK
 704	   0	86.5	86.5	 694	OK
 705	   0	86.2	86.2	 706	OK
 706	   0	90.3	90.3	 604	OK
 707	   0	86.2	86.2	 592	OK
 708	   0	90.6	90.6	 599	OK
 709	   0	90.3	90.3	 674	OK
 710	   0	99.8	99.8	 621	OK
 711	   0	94.2	94.2	 649	OK
 712	   0	92.0	92.0	 631	OK
 713	   0	89.0	89.0	 673	OK
 714	   0	90.3	90.3	 646	OK
 715	   0	84.5	84.5	 722	OK
 716	1000	95.2	95.2	 529	unbonded
 717	4000	86.9	86.9	 781	high noise
 718	   0	92.1	92.1	 622	OK
 719	   0	91.1	91.1	 629	OK
 720	   0	94.7	94.7	 679	OK
 721	   0	84.4	84.4	 648	OK
 722	1000	96.5	96.5	 316	unbonded
 723	   0	86.1	86.1	 579	OK
 724	   0	94.8	94.8	 552	OK
 725	1000	88.1	88.1	 512	unbonded
 726	   0	85.6	85.6	 589	OK
 727	   0	87.7	87.7	 590	OK
 728	   0	84.8	84.8	 646	OK
 729	1000	89.5	89.5	 507	unbonded
 730	   0	92.5	92.5	 657	OK
 731	   0	80.4	80.4	 587	OK
 732	   0	86.6	86.6	 643	OK
 733	   0	86.1	86.1	 658	OK
 734	   0	85.3	85.3	 720	OK
 735	1000	91.4	91.4	 535	unbonded
 736	   0	90.5	90.5	 552	OK
 737	   0	89.9	89.9	 695	OK
 738	   0	81.3	81.3	 609	OK
 739	4000	87.0	87.0	 762	high noise
 740	   0	88.1	88.1	 686	OK
 741	   0	88.2	88.2	 554	OK
 742	4000	87.7	87.7	 765	high noise
 743	   0	88.4	88.4	 662	OK
 744	1000	84.6	84.6	 507	unbonded
 745	   0	92.1	92.1	 719	OK
 746	1000	91.0	91.0	 476	unbonded
 747	   0	86.5	86.5	 570	OK
 748	   0	83.7	83.7	 604	OK
 749	   0	88.0	88.0	 599	OK
 750	   0	91.2	91.2	 547	OK
 751	   0	91.9	91.9	 606	OK
 752	4000	80.7	80.7	 844	high noise
 753	   0	89.4	89.4	 566	OK
 754	   0	89.9	89.9	 605	OK
 755	   0	92.6	92.6	 644	OK
 756	   0	84.6	84.6	 605	OK
 757	   0	92.7	92.7	 605	OK
 758	   0	90.3	90.3	 710	OK
 759	1000	86.6	86.6	 534	unbonded
 760	   0	86.8	86.8	 596	OK
 761	   0	85.1	85.1	 706	OK
 762	   0	93.9	93.9	 567	OK
 763	4000	86.2	86.2	 789	high noise
 764	   0	83.3	83.3	 615	OK
 765	4000	80.1	80.1	 879	high noise
 766	   0	91.6	91.6	 594	OK
 767	   0	89.9	89.9	 591	OK
 768	   0	85.6	85.6	 763	OK
 769	   0	91.9	91.9	 565	OK
 770	   0	82.1	82.1	 563	OK
 771	8000	86.9	86.9	 540	partbonded
 772	   0	82.3	82.3	 610	OK
 773	   0	86.5	86.5	 661	OK
 774	   0	88.8	88.8	 617	OK
 775	   0	86.0	86.0	 700	OK
 776	   0	86.1	86.1	 552	OK
 777	   0	88.6	88.6	 731	OK
 778	   0	85.5	85.5	 753	OK
 779	   0	81.4	81.4	 777	OK
 780	   0	90.5	90.5	 649	OK
 781	1000	85.7	85.7	 537	unbonded
 782	   0	86.3	86.3	 746	OK
 783	   0	90.8	90.8	 607	OK
 784	   0	92.0	92.0	 549	OK
 785	   0	85.6	85.6	 587	OK
 786	   0	96.0	96.0	 695	OK
 787	   0	87.4	87.4	 637	OK
 788	   0	80.8	80.8	 763	OK
 789	   0	87.8	87.8	 736	OK
 790	   0	90.2	90.2	 716	OK
 791	   0	92.2	92.2	 701	OK
 792	   0	84.9	84.9	 746	OK
 793	   0	88.4	88.4	 583	OK
 794	   0	89.7	89.7	 720	OK
 795	   0	91.8	91.8	 694	OK
 796	   0	86.1	86.1	 732	OK
 797	   0	91.3	91.3	 723	OK
 798	   0	85.8	85.8	 629	OK
 799	   0	87.5	87.5	 707	OK
 800	   0	82.0	82.0	 609	OK
 801	   0	82.8	82.8	 685	OK
 802	   0	85.7	85.7	 740	OK
 803	   0	92.9	92.9	 846	OK
 804	   0	88.0	88.0	 664	OK
 805	   0	97.5	97.5	 695	OK
 806	   0	86.6	86.6	 649	OK
 807	   0	85.1	85.1	 851	OK
 808	   0	90.3	90.3	 666	OK
 809	   0	79.7	79.7	 635	OK
 810	   0	85.4	85.4	 832	OK
 811	   0	99.4	99.4	 767	OK
 812	4000	86.8	86.8	 884	high noise
 813	4000	85.6	85.6	 871	high noise
 814	   0	88.0	88.0	 702	OK
 815	4000	95.4	95.4	 925	high noise
 816	   0	86.3	86.3	 756	OK
 817	   0	89.2	89.2	 749	OK
 818	4000	82.0	82.0	 914	high noise
 819	4000	94.2	94.2	 927	high noise
 820	   0	83.5	83.5	 848	OK
 821	   0	86.6	86.6	 758	OK
 822	4000	88.2	88.2	 997	high noise
 823	4000	96.0	96.0	 870	high noise
 824	4000	90.7	90.7	 887	high noise
 825	4000	89.4	89.4	 873	high noise
 826	   0	91.8	91.8	 835	OK
 827	   0	82.7	82.7	 846	OK
 828	   0	92.1	92.1	 839	OK
 829	4000	91.1	91.1	 959	high noise
 830	   0	92.4	92.4	 860	OK
 831	   0	90.2	90.2	 856	OK
 832	4000	91.5	91.5	 872	high noise
 833	   0	92.0	92.0	 869	OK
 834	4000	88.1	88.1	1028	high noise
 835	4000	84.3	84.3	 925	high noise
 836	4000	93.4	93.4	 960	high noise
 837	   0	89.7	89.7	 802	OK
 838	4000	89.0	89.0	1027	high noise
 839	   0	88.5	88.5	 798	OK
 840	4000	82.9	82.9	 888	high noise
 841	4000	94.1	94.1	 917	high noise
 842	4000	86.3	86.3	 909	high noise
 843	4000	86.0	86.0	 993	high noise
 844	   0	96.0	96.0	 745	OK
 845	   0	89.0	89.0	 830	OK
 846	4000	93.2	93.2	 971	high noise
 847	   0	89.0	89.0	 711	OK
 848	   0	86.5	86.5	 766	OK
 849	   0	82.9	82.9	 859	OK
 850	   0	84.1	84.1	 849	OK
 851	   0	81.8	81.8	 811	OK
 852	4000	90.3	90.3	 900	high noise
 853	4000	88.0	88.0	1026	high noise
 854	   0	91.3	91.3	 746	OK
 855	   0	92.1	92.1	 847	OK
 856	   0	88.2	88.2	 797	OK
 857	4000	100.1	100.1	 917	high noise
 858	   0	90.9	90.9	 829	OK
 859	4000	86.0	86.0	 894	high noise
 860	   0	85.9	85.9	 756	OK
 861	4000	85.0	85.0	 874	high noise
 862	   0	88.8	88.8	 781	OK
 863	   0	91.3	91.3	 737	OK
 864	   0	89.8	89.8	 828	OK
 865	   0	91.3	91.3	 641	OK
 866	   0	96.0	96.0	 774	OK
 867	   0	88.2	88.2	 806	OK
 868	   0	81.3	81.3	 629	OK
 869	   0	87.3	87.3	 643	OK
 870	   0	91.1	91.1	 707	OK
 871	   0	92.5	92.5	 641	OK
 872	   0	86.3	86.3	 766	OK
 873	   0	93.3	93.3	 704	OK
 874	   0	91.0	91.0	 793	OK
 875	   0	90.3	90.3	 690	OK
 876	   0	86.5	86.5	 697	OK
 877	   0	85.8	85.8	 633	OK
 878	   0	91.5	91.5	 679	OK
 879	   0	85.5	85.5	 655	OK
 880	   0	84.1	84.1	 777	OK
 881	1000	90.9	90.9	 533	unbonded
 882	   0	85.9	85.9	 600	OK
 883	   0	93.7	93.7	 806	OK
 884	   0	83.2	83.2	 617	OK
 885	   0	85.8	85.8	 594	OK
 886	   0	88.3	88.3	 840	OK
 887	   0	82.9	82.9	 587	OK
 888	   0	84.3	84.3	 784	OK
 889	   0	86.3	86.3	 579	OK
 890	   0	88.3	88.3	 785	OK
 891	   0	84.5	84.5	 618	OK
 892	   0	83.5	83.5	 825	OK
 893	   0	86.5	86.5	 686	OK
 894	   0	77.7	77.7	 666	OK
 895	1000	84.0	84.0	 538	unbonded
 896	   0	82.5	82.5	 679	OK
 897	1000	93.2	93.2	 498	unbonded
 898	   0	88.4	88.4	 642	OK
 899	   0	89.7	89.7	 631	OK
 900	   0	88.7	88.7	 558	OK
 901	   0	87.2	87.2	 681	OK
 902	   0	84.6	84.6	 688	OK
 903	   0	88.5	88.5	 654	OK
 904	   0	84.5	84.5	 611	OK
 905	1000	92.4	92.4	 538	unbonded
 906	   0	91.1	91.1	 553	OK
 907	   0	89.7	89.7	 639	OK
 908	   0	87.2	87.2	 636	OK
 909	1000	90.4	90.4	 442	unbonded
 910	   0	90.7	90.7	 571	OK
 911	   0	89.7	89.7	 607	OK
 912	   0	90.3	90.3	 582	OK
 913	   0	86.7	86.7	 553	OK
 914	   0	89.5	89.5	 649	OK
 915	   0	89.9	89.9	 593	OK
 916	   0	92.2	92.2	 646	OK
 917	   0	97.8	97.8	 564	OK
 918	   0	90.7	90.7	 601	OK
 919	   0	91.5	91.5	 542	OK
 920	   0	94.1	94.1	 586	OK
 921	   0	85.3	85.3	 581	OK
 922	   0	87.3	87.3	 626	OK
 923	   0	85.6	85.6	 653	OK
 924	   0	93.3	93.3	 615	OK
 925	1000	91.7	91.7	 523	unbonded
 926	   0	96.2	96.2	 579	OK
 927	   0	88.1	88.1	 654	OK
 928	   0	88.2	88.2	 663	OK
 929	   0	89.5	89.5	 618	OK
 930	   0	88.7	88.7	 625	OK
 931	1000	99.1	99.1	 488	unbonded
 932	   0	94.8	94.8	 588	OK
 933	   0	84.8	84.8	 597	OK
 934	   0	88.4	88.4	 658	OK
 935	   0	96.0	96.0	 563	OK
 936	4000	87.0	87.0	 732	high noise
 937	   0	93.7	93.7	 553	OK
 938	   0	93.8	93.8	 558	OK
 939	1000	85.1	85.1	 514	unbonded
 940	   0	93.2	93.2	 653	OK
 941	   0	85.0	85.0	 610	OK
 942	1000	90.2	90.2	 537	unbonded
 943	   0	91.5	91.5	 617	OK
 944	   0	86.6	86.6	 686	OK
 945	1000	86.4	86.4	 537	unbonded
 946	4000	86.2	86.2	 740	high noise
 947	   0	88.7	88.7	 599	OK
 948	4000	94.4	94.4	 710	high noise
 949	   0	86.4	86.4	 643	OK
 950	   0	88.1	88.1	 587	OK
 951	   0	85.7	85.7	 579	OK
 952	   0	89.0	89.0	 602	OK
 953	   0	91.3	91.3	 570	OK
 954	   0	94.6	94.6	 666	OK
 955	1000	89.4	89.4	 488	unbonded
 956	4000	90.9	90.9	 728	high noise
 957	   0	95.1	95.1	 598	OK
 958	1000	95.4	95.4	 533	unbonded
 959	1000	89.2	89.2	 507	unbonded
 960	1000	88.1	88.1	 502	unbonded
 961	   0	92.1	92.1	 573	OK
 962	   0	91.2	91.2	 584	OK
 963	   0	84.6	84.6	 623	OK
 964	   0	89.9	89.9	 627	OK
 965	   0	89.6	89.6	 610	OK
 966	1000	92.6	92.6	 465	unbonded
 967	   0	90.7	90.7	 553	OK
 968	   0	93.4	93.4	 631	OK
 969	   0	88.2	88.2	 564	OK
 970	   0	91.5	91.5	 601	OK
 971	   0	86.3	86.3	 642	OK
 972	   0	89.4	89.4	 551	OK
 973	   0	88.7	88.7	 627	OK
 974	   0	91.9	91.9	 644	OK
 975	   0	92.9	92.9	 584	OK
 976	   0	91.3	91.3	 592	OK
 977	1000	94.7	94.7	 488	unbonded
 978	4000	89.9	89.9	 715	high noise
 979	   0	83.9	83.9	 675	OK
 980	1000	81.8	81.8	 524	unbonded
 981	   0	85.6	85.6	 654	OK
 982	   0	92.9	92.9	 551	OK
 983	   0	82.7	82.7	 588	OK
 984	   0	93.9	93.9	 574	OK
 985	   0	85.7	85.7	 557	OK
 986	4000	95.0	95.0	 719	high noise
 987	   0	86.9	86.9	 646	OK
 988	   0	84.4	84.4	 679	OK
 989	   0	91.6	91.6	 561	OK
 990	   0	88.5	88.5	 567	OK
 991	   0	88.0	88.0	 562	OK
 992	   0	92.7	92.7	 619	OK
 993	   0	78.7	78.7	 547	OK
 994	   0	89.0	89.0	 681	OK
 995	   0	87.3	87.3	 597	OK
 996	   0	88.0	88.0	 611	OK
 997	1000	90.9	90.9	 429	unbonded
 998	   0	85.0	85.0	 639	OK
 999	4000	84.8	84.8	 702	high noise
1000	   0	91.2	91.2	 560	OK
1001	   0	90.8	90.8	 605	OK
1002	1000	89.3	89.3	 525	unbonded
1003	1000	96.2	96.2	 502	unbonded
1004	1000	95.4	95.4	 480	unbonded
1005	   0	85.9	85.9	 574	OK
1006	   0	92.8	92.8	 624	OK
1007	1000	85.7	85.7	 406	unbonded
1008	   0	92.5	92.5	 679	OK
1009	1000	90.0	90.0	 534	unbonded
1010	   0	93.3	93.3	 592	OK
1011	   0	92.6	92.6	 666	OK
1012	   0	92.6	92.6	 578	OK
1013	   0	90.9	90.9	 671	OK
1014	   0	86.3	86.3	 630	OK
1015	1000	84.9	84.9	 519	unbonded
1016	1000	88.7	88.7	 497	unbonded
1017	4000	89.3	89.3	 708	high noise
1018	4000	84.6	84.6	 757	high noise
1019	4000	93.6	93.6	 710	high noise
1020	4000	85.7	85.7	 716	high noise
1021	   0	92.2	92.2	 568	OK
1022	1000	85.9	85.9	 515	unbonded
1023	4000	90.5	90.5	 705	high noise
1024	   0	76.3	76.3	 594	OK
1025	   0	77.9	77.9	 659	OK
1026	1000	93.7	93.7	 481	unbonded
1027	1000	93.0	93.0	 532	unbonded
1028	   0	91.7	91.7	 606	OK
1029	   0	81.9	81.9	 591	OK
1030	1000	89.1	89.1	 535	unbonded
1031	   0	85.0	85.0	 605	OK
1032	   0	85.9	85.9	 542	OK
1033	   0	90.2	90.2	 557	OK
1034	   0	85.9	85.9	 658	OK
1035	1000	91.0	91.0	 520	unbonded
1036	1000	86.0	86.0	 475	unbonded
1037	   0	83.5	83.5	 659	OK
1038	   0	96.0	96.0	 628	OK
1039	   0	90.2	90.2	 616	OK
1040	   0	88.8	88.8	 596	OK
1041	   0	87.6	87.6	 560	OK
1042	   0	81.9	81.9	 631	OK
1043	1000	91.8	91.8	 464	unbonded
1044	   0	82.5	82.5	 556	OK
1045	   0	84.4	84.4	 637	OK
1046	   0	81.9	81.9	 655	OK
1047	1000	87.7	87.7	 418	unbonded
1048	1000	84.9	84.9	 518	unbonded
1049	   0	83.0	83.0	 653	OK
1050	   0	84.0	84.0	 596	OK
1051	1000	86.8	86.8	 525	unbonded
1052	   0	88.1	88.1	 664	OK
1053	   0	81.6	81.6	 669	OK
1054	   0	88.2	88.2	 636	OK
1055	   0	89.1	89.1	 613	OK
1056	   0	86.2	86.2	 645	OK
1057	1000	82.5	82.5	 526	unbonded
1058	1000	88.5	88.5	 481	unbonded
1059	   0	86.2	86.2	 555	OK
1060	   0	82.4	82.4	 552	OK
1061	   0	83.0	83.0	 570	OK
1062	   0	88.3	88.3	 618	OK
1063	4000	87.7	87.7	 775	high noise
1064	1000	89.0	89.0	 445	unbonded
1065	   0	86.1	86.1	 675	OK
1066	1000	83.3	83.3	 492	unbonded
1067	   0	87.0	87.0	 678	OK
1068	1000	90.4	90.4	 505	unbonded
1069	   0	96.6	96.6	 661	OK
1070	   0	88.7	88.7	 578	OK
1071	   0	93.4	93.4	 559	OK
1072	   0	84.4	84.4	 571	OK
1073	   0	87.9	87.9	 623	OK
1074	   0	82.3	82.3	 680	OK
1075	   0	85.1	85.1	 675	OK
1076	4000	83.9	83.9	 715	high noise
1077	   0	88.2	88.2	 646	OK
1078	   0	96.9	96.9	 561	OK
1079	   0	85.0	85.0	 593	OK
1080	1000	88.6	88.6	 536	unbonded
1081	   0	91.0	91.0	 602	OK
1082	1000	86.3	86.3	 445	unbonded
1083	   0	87.3	87.3	 590	OK
1084	   0	82.3	82.3	 623	OK
1085	   0	84.3	84.3	 652	OK
1086	   0	86.8	86.8	 583	OK
1087	   0	82.3	82.3	 546	OK
1088	   0	98.0	98.0	 650	OK
1089	   0	86.8	86.8	 597	OK
1090	   0	83.6	83.6	 651	OK
1091	1000	83.3	83.3	 454	unbonded
1092	4000	94.8	94.8	 695	high noise
1093	   0	87.8	87.8	 574	OK
1094	1000	84.9	84.9	 518	unbonded
1095	4000	87.4	87.4	 710	high noise
1096	   0	84.7	84.7	 559	OK
1097	   0	88.1	88.1	 658	OK
1098	   0	90.4	90.4	 577	OK
1099	4000	87.7	87.7	 697	high noise
1100	   0	88.7	88.7	 562	OK
1101	   0	86.8	86.8	 595	OK
1102	   0	86.6	86.6	 651	OK
1103	   0	91.9	91.9	 585	OK
1104	   0	87.3	87.3	 609	OK
1105	   0	87.2	87.2	 592	OK
1106	1000	90.7	90.7	 517	unbonded
1107	   0	89.3	89.3	 617	OK
1108	1000	80.2	80.2	 478	unbonded
1109	   0	83.1	83.1	 566	OK
1110	   0	90.3	90.3	 626	OK
1111	1000	84.9	84.9	 530	unbonded
1112	   0	94.1	94.1	 573	OK
1113	1000	89.9	89.9	 463	unbonded
1114	   0	80.8	80.8	 572	OK
1115	   0	88.8	88.8	 625	OK
1116	   0	88.6	88.6	 675	OK
1117	   0	91.0	91.0	 626	OK
1118	   0	86.2	86.2	 566	OK
1119	1000	91.4	91.4	 484	unbonded
1120	   0	93.2	93.2	 668	OK
1121	   0	82.6	82.6	 652	OK
1122	   0	89.6	89.6	 558	OK
1123	   0	86.2	86.2	 631	OK
1124	   0	85.8	85.8	 556	OK
1125	   0	86.2	86.2	 682	OK
1126	   0	89.6	89.6	 581	OK
1127	   0	88.6	88.6	 682	OK
1128	   0	81.7	81.7	 546	OK
1129	   0	78.9	78.9	 548	OK
1130	   0	80.9	80.9	 608	OK
1131	4000	83.3	83.3	 834	high noise
1132	4000	83.8	83.8	 688	high noise
1133	   0	89.2	89.2	 646	OK
1134	4000	83.5	83.5	 747	high noise
1135	1000	93.3	93.3	 398	unbonded
1136	   0	83.9	83.9	 582	OK
1137	   0	83.8	83.8	 673	OK
1138	   0	85.6	85.6	 659	OK
1139	   0	87.5	87.5	 681	OK
1140	   0	88.7	88.7	 640	OK
1141	4000	81.0	81.0	 719	high noise
1142	1000	92.0	92.0	 532	unbonded
1143	1000	96.2	96.2	 521	unbonded
1144	   0	90.3	90.3	 604	OK
1145	   0	81.3	81.3	 600	OK
1146	   0	84.8	84.8	 569	OK
1147	   0	81.3	81.3	 649	OK
1148	   0	87.8	87.8	 613	OK
1149	   0	85.9	85.9	 584	OK
1150	1000	84.8	84.8	 486	unbonded
1151	   0	80.5	80.5	 657	OK
1152	4000	82.7	82.7	 756	high noise
1153	   0	81.7	81.7	 556	OK
1154	   0	87.6	87.6	 690	OK
1155	   0	87.4	87.4	 642	OK
1156	1000	85.6	85.6	 512	unbonded
1157	4000	84.9	84.9	 721	high noise
1158	   0	90.7	90.7	 590	OK
1159	   0	84.1	84.1	 641	OK
1160	   0	85.1	85.1	 583	OK
1161	   0	83.2	83.2	 576	OK
1162	   0	86.0	86.0	 608	OK
1163	   0	91.6	91.6	 547	OK
1164	   0	81.3	81.3	 611	OK
1165	   0	92.2	92.2	 631	OK
1166	4000	72.0	72.0	 696	high noise
1167	   0	87.2	87.2	 614	OK
1168	4000	84.0	84.0	 739	high noise
1169	4000	93.5	93.5	 697	high noise
1170	   0	81.3	81.3	 583	OK
1171	   0	90.7	90.7	 580	OK
1172	   0	79.1	79.1	 611	OK
1173	   0	87.2	87.2	 637	OK
1174	   0	81.6	81.6	 691	OK
1175	1000	89.3	89.3	 497	unbonded
1176	4000	83.2	83.2	 722	high noise
1177	   0	87.1	87.1	 645	OK
1178	   0	86.6	86.6	 571	OK
1179	   0	85.5	85.5	 671	OK
1180	   0	91.2	91.2	 621	OK
1181	   0	88.0	88.0	 616	OK
1182	   0	90.8	90.8	 569	OK
1183	1000	83.3	83.3	 438	unbonded
1184	   0	85.3	85.3	 643	OK
1185	   0	86.3	86.3	 669	OK
1186	   0	88.2	88.2	 632	OK
1187	   0	78.9	78.9	 580	OK
1188	   0	84.6	84.6	 674	OK
1189	   0	83.4	83.4	 589	OK
1190	   0	92.0	92.0	 629	OK
1191	   0	83.5	83.5	 655	OK
1192	   0	85.4	85.4	 573	OK
1193	   0	83.5	83.5	 581	OK
1194	   0	87.0	87.0	 665	OK
1195	   0	78.2	78.2	 652	OK
1196	   0	92.1	92.1	 586	OK
1197	   0	86.5	86.5	 591	OK
1198	1000	92.9	92.9	 486	unbonded
1199	1000	91.7	91.7	 507	unbonded
1200	   0	88.1	88.1	 660	OK
1201	4000	92.2	92.2	 707	high noise
1202	   0	83.5	83.5	 617	OK
1203	   0	88.3	88.3	 615	OK
1204	   0	90.8	90.8	 579	OK
1205	4000	90.1	90.1	 707	high noise
1206	   0	79.2	79.2	 594	OK
1207	   0	93.1	93.1	 575	OK
1208	1000	94.2	94.2	 520	unbonded
1209	   0	89.1	89.1	 598	OK
1210	   0	96.5	96.5	 632	OK
1211	   0	82.8	82.8	 625	OK
1212	   0	87.2	87.2	 679	OK
1213	   0	91.9	91.9	 615	OK
1214	   0	90.1	90.1	 597	OK
1215	   0	85.0	85.0	 598	OK
1216	   0	90.9	90.9	 642	OK
1217	   0	88.2	88.2	 664	OK
1218	1000	82.1	82.1	 530	unbonded
1219	   0	92.1	92.1	 588	OK
1220	   0	79.3	79.3	 619	OK
1221	   0	90.8	90.8	 561	OK
1222	1000	92.2	92.2	 526	unbonded
1223	4000	97.3	97.3	 714	high noise
1224	   0	92.6	92.6	 595	OK
1225	   0	90.0	90.0	 663	OK
1226	   0	83.7	83.7	 608	OK
1227	   0	90.7	90.7	 657	OK
1228	   0	82.9	82.9	 639	OK
1229	1000	91.7	91.7	 521	unbonded
1230	   0	87.9	87.9	 611	OK
1231	   0	86.7	86.7	 647	OK
1232	   0	86.2	86.2	 634	OK
1233	   0	94.9	94.9	 586	OK
1234	   0	78.9	78.9	 595	OK
1235	   0	85.3	85.3	 561	OK
1236	   0	84.2	84.2	 579	OK
1237	   0	86.6	86.6	 599	OK
1238	   0	87.7	87.7	 619	OK
1239	   0	93.4	93.4	 586	OK
1240	   0	83.7	83.7	 676	OK
1241	1000	84.2	84.2	 531	unbonded
1242	   0	84.7	84.7	 543	OK
1243	   0	82.8	82.8	 660	OK
1244	   0	87.1	87.1	 558	OK
1245	1000	88.5	88.5	 511	unbonded
1246	   0	80.8	80.8	 563	OK
1247	   0	86.2	86.2	 552	OK
1248	   0	85.2	85.2	 563	OK
1249	   0	89.2	89.2	 585	OK
1250	   0	86.5	86.5	 626	OK
1251	   0	83.4	83.4	 657	OK
1252	   0	81.7	81.7	 547	OK
1253	1000	94.2	94.2	 522	unbonded
1254	1000	87.9	87.9	 442	unbonded
1255	   0	91.8	91.8	 555	OK
1256	4000	92.2	92.2	 720	high noise
1257	1000	82.7	82.7	 531	unbonded
1258	1000	93.3	93.3	 538	unbonded
1259	1000	86.5	86.5	 517	unbonded
1260	1000	78.4	78.4	 497	unbonded
1261	   0	87.8	87.8	 576	OK
1262	   0	84.3	84.3	 644	OK
1263	1000	87.0	87.0	 465	unbonded
1264	   0	81.3	81.3	 600	OK
1265	1000	89.5	89.5	 532	unbonded
1266	   0	83.2	83.2	 575	OK
1267	   0	86.3	86.3	 665	OK
1268	   0	89.2	89.2	 631	OK
1269	4000	85.4	85.4	 709	high noise
1270	   0	88.4	88.4	 694	OK
1271	1000	88.8	88.8	 515	unbonded
1272	   0	85.8	85.8	 641	OK
1273	1000	85.1	85.1	 537	unbonded
1274	   0	87.9	87.9	 549	OK
1275	4000	87.6	87.6	 701	high noise
1276	1000	91.5	91.5	 538	unbonded
1277	   0	84.1	84.1	 570	OK
1278	   0	89.5	89.5	 574	OK
1279	   0	95.9	95.9	 641	OK
1280	4000	82.0	82.0	 902	high noise
1281	   0	77.7	77.7	 664	OK
1282	   0	74.3	74.3	 740	OK
1283	   0	81.5	81.5	 722	OK
1284	   0	80.9	80.9	 651	OK
1285	   0	78.1	78.1	 741	OK
1286	   0	78.6	78.6	 558	OK
1287	4000	80.6	80.6	 822	high noise
1288	4000	74.5	74.5	 824	high noise
1289	   0	79.9	79.9	 681	OK
1290	   0	72.6	72.6	 626	OK
1291	   0	80.1	80.1	 652	OK
1292	   0	79.2	79.2	 749	OK
1293	   0	73.1	73.1	 628	OK
1294	   0	72.9	72.9	 713	OK
1295	   0	76.7	76.7	 708	OK
1296	   0	81.0	81.0	 635	OK
1297	   0	75.0	75.0	 694	OK
1298	   0	81.7	81.7	 798	OK
1299	   0	73.7	73.7	 646	OK
1300	   0	73.8	73.8	 705	OK
1301	   0	79.4	79.4	 550	OK
1302	   0	80.1	80.1	 723	OK
1303	   0	81.4	81.4	 630	OK
1304	   0	80.5	80.5	 640	OK
1305	1000	81.7	81.7	 492	unbonded
1306	   0	77.1	77.1	 727	OK
1307	   0	77.9	77.9	 733	OK
1308	   0	81.7	81.7	 685	OK
1309	   0	78.0	78.0	 690	OK
1310	   0	78.5	78.5	 669	OK
1311	   0	83.7	83.7	 712	OK
1312	   0	77.2	77.2	 782	OK
1313	   0	79.5	79.5	 786	OK
1314	   0	74.3	74.3	 677	OK
1315	   0	86.8	86.8	 699	OK
1316	   0	86.9	86.9	 649	OK
1317	   0	78.3	78.3	 717	OK
1318	   0	78.8	78.8	 629	OK
1319	   0	82.7	82.7	 699	OK
1320	   0	78.4	78.4	 626	OK
1321	4000	86.8	86.8	 812	high noise
1322	   0	75.4	75.4	 626	OK
1323	   0	81.5	81.5	 571	OK
1324	   0	79.9	79.9	 718	OK
1325	   0	77.7	77.7	 573	OK
1326	   0	82.7	82.7	 612	OK
1327	   0	81.9	81.9	 704	OK
1328	   0	73.6	73.6	 581	OK
1329	   0	76.9	76.9	 767	OK
1330	   0	76.1	76.1	 740	OK
1331	   0	75.8	75.8	 673	OK
1332	1000	81.8	81.8	 527	unbonded
1333	4000	76.1	76.1	 866	high noise
1334	   0	80.3	80.3	 565	OK
1335	   0	79.3	79.3	 666	OK
1336	   0	82.2	82.2	 753	OK
1337	4000	77.6	77.6	 818	high noise
1338	   0	80.0	80.0	 775	OK
1339	   0	78.6	78.6	 708	OK
1340	   0	75.9	75.9	 686	OK
1341	   0	82.2	82.2	 593	OK
1342	   0	88.1	88.1	 650	OK
1343	4000	85.7	85.7	 811	high noise
1344	   0	88.3	88.3	 643	OK
1345	   0	79.4	79.4	 738	OK
1346	   0	83.0	83.0	 745	OK
1347	   0	87.7	87.7	 631	OK
1348	   0	85.4	85.4	 728	OK
1349	   0	79.1	79.1	 775	OK
1350	   0	84.1	84.1	 653	OK
1351	   0	76.1	76.1	 761	OK
1352	   0	80.5	80.5	 657	OK
1353	4000	78.6	78.6	 805	high noise
1354	   0	81.3	81.3	 768	OK
1355	   0	76.9	76.9	 701	OK
1356	   0	80.3	80.3	 709	OK
1357	   0	80.8	80.8	 670	OK
1358	4000	88.6	88.6	 840	high noise
1359	   0	77.4	77.4	 735	OK
1360	   0	79.8	79.8	 695	OK
1361	   0	80.5	80.5	 722	OK
1362	1000	84.0	84.0	 502	unbonded
1363	   0	81.2	81.2	 702	OK
1364	   0	74.4	74.4	 674	OK
1365	   0	81.2	81.2	 719	OK
1366	   0	79.8	79.8	 615	OK
1367	4000	83.2	83.2	 849	high noise
1368	   0	85.3	85.3	 700	OK
1369	   0	86.5	86.5	 649	OK
1370	   0	87.3	87.3	 612	OK
1371	   0	81.9	81.9	 747	OK
1372	   0	78.1	78.1	 692	OK
1373	   0	76.5	76.5	 632	OK
1374	   0	80.5	80.5	 711	OK
1375	4000	75.1	75.1	 843	high noise
1376	   0	83.2	83.2	 705	OK
1377	   0	85.9	85.9	 761	OK
1378	   0	84.3	84.3	 610	OK
1379	   0	79.9	79.9	 679	OK
1380	   0	90.3	90.3	 654	OK
1381	   0	79.1	79.1	 608	OK
1382	   0	78.7	78.7	 730	OK
1383	4000	78.0	78.0	 804	high noise
1384	4000	78.5	78.5	 901	high noise
1385	   0	77.0	77.0	 630	OK
1386	   0	82.8	82.8	 665	OK
1387	4000	82.0	82.0	 807	high noise
1388	   0	82.4	82.4	 651	OK
1389	   0	76.5	76.5	 732	OK
1390	   0	76.6	76.6	 708	OK
1391	   0	76.2	76.2	 687	OK
1392	1000	78.3	78.3	 479	unbonded
1393	   0	82.9	82.9	 659	OK
1394	   0	81.0	81.0	 660	OK
1395	   0	80.2	80.2	 744	OK
1396	   0	79.8	79.8	 744	OK
1397	   0	81.5	81.5	 753	OK
1398	   0	79.3	79.3	 636	OK
1399	   0	84.8	84.8	 735	OK
1400	4000	78.5	78.5	 847	high noise
1401	   0	75.0	75.0	 789	OK
1402	   0	76.1	76.1	 747	OK
1403	   0	82.3	82.3	 549	OK
1404	   0	84.7	84.7	 658	OK
1405	   0	75.0	75.0	 658	OK
1406	   0	79.0	79.0	 725	OK
1407	4000	85.3	85.3	 844	high noise
1408	   0	73.5	73.5	 793	OK
1409	   0	76.7	76.7	 623	OK
1410	   0	73.8	73.8	 746	OK
1411	   0	75.2	75.2	 764	OK
1412	1000	73.9	73.9	 512	unbonded
1413	   0	73.7	73.7	 757	OK
1414	   0	74.8	74.8	 766	OK
1415	4000	70.4	70.4	 903	high noise
1416	   0	80.3	80.3	 738	OK
1417	   0	80.0	80.0	 701	OK
1418	   0	78.7	78.7	 636	OK
1419	   0	79.9	79.9	 659	OK
1420	   0	76.2	76.2	 712	OK
1421	4000	75.1	75.1	 863	high noise
1422	4000	73.3	73.3	 862	high noise
1423	   0	77.8	77.8	 744	OK
1424	   0	77.2	77.2	 759	OK
1425	   0	74.4	74.4	 735	OK
1426	   0	76.2	76.2	 690	OK
1427	   0	82.4	82.4	 627	OK
1428	   0	82.4	82.4	 641	OK
1429	   0	75.3	75.3	 728	OK
1430	4000	70.9	70.9	 837	high noise
1431	   0	76.0	76.0	 753	OK
1432	   0	76.9	76.9	 638	OK
1433	   0	75.7	75.7	 716	OK
1434	   0	75.2	75.2	 769	OK
1435	   0	80.6	80.6	 624	OK
1436	   0	75.1	75.1	 611	OK
1437	   0	74.4	74.4	 698	OK
1438	   0	72.9	72.9	 624	OK
1439	   0	84.8	84.8	 748	OK
1440	   0	81.4	81.4	 758	OK
1441	   0	81.3	81.3	 685	OK
1442	   0	75.4	75.4	 835	OK
1443	   0	78.5	78.5	 680	OK
1444	   0	77.0	77.0	 685	OK
1445	   0	76.5	76.5	 645	OK
1446	   0	76.6	76.6	 623	OK
1447	   0	74.5	74.5	 734	OK
1448	   0	76.2	76.2	 662	OK
1449	   0	77.2	77.2	 685	OK
1450	   0	78.1	78.1	 712	OK
1451	   0	80.8	80.8	 613	OK
1452	   0	78.1	78.1	 756	OK
1453	4000	83.3	83.3	 877	high noise
1454	   0	73.8	73.8	 735	OK
1455	   0	82.3	82.3	 691	OK
1456	   0	74.0	74.0	 787	OK
1457	   0	71.6	71.6	 715	OK
1458	   0	75.8	75.8	 767	OK
1459	   0	83.9	83.9	 829	OK
1460	   0	71.5	71.5	 702	OK
1461	4000	75.4	75.4	 853	high noise
1462	   0	76.2	76.2	 624	OK
1463	   0	74.4	74.4	 660	OK
1464	   0	74.6	74.6	 720	OK
1465	4000	77.1	77.1	 841	high noise
1466	   0	76.8	76.8	 727	OK
1467	   0	76.9	76.9	 671	OK
1468	   0	78.1	78.1	 814	OK
1469	   0	79.2	79.2	 652	OK
1470	   0	80.4	80.4	 623	OK
1471	   0	81.2	81.2	 788	OK
1472	   0	75.6	75.6	 760	OK
1473	   0	81.6	81.6	 690	OK
1474	4000	73.6	73.6	 840	high noise
1475	   0	70.8	70.8	 728	OK
1476	   0	75.2	75.2	 695	OK
1477	   0	77.5	77.5	 747	OK
1478	   0	76.7	76.7	 813	OK
1479	   0	73.3	73.3	 713	OK
1480	   0	75.2	75.2	 615	OK
1481	4000	75.2	75.2	 848	high noise
1482	   0	78.7	78.7	 763	OK
1483	   0	78.1	78.1	 656	OK
1484	   0	77.0	77.0	 622	OK
1485	   0	81.3	81.3	 789	OK
1486	   0	78.6	78.6	 735	OK
1487	   0	76.9	76.9	 728	OK
1488	   0	77.2	77.2	 673	OK
1489	   0	72.0	72.0	 681	OK
1490	   0	76.2	76.2	 799	OK
1491	   0	75.4	75.4	 714	OK
1492	   0	74.3	74.3	 775	OK
1493	   0	74.0	74.0	 813	OK
1494	   0	76.5	76.5	 674	OK
1495	   0	79.3	79.3	 760	OK
1496	   0	73.1	73.1	 789	OK
1497	   0	73.5	73.5	 790	OK
1498	   0	83.4	83.4	 598	OK
1499	   0	78.4	78.4	 676	OK
1500	   0	69.7	69.7	 766	OK
1501	   0	76.4	76.4	 708	OK
1502	   0	82.6	82.6	 752	OK
1503	   0	82.6	82.6	 739	OK
1504	   0	73.1	73.1	 739	OK
1505	4000	75.3	75.3	 940	high noise
1506	   0	74.0	74.0	 598	OK
1507	   0	80.3	80.3	 815	OK
1508	   0	80.4	80.4	 771	OK
1509	   0	69.8	69.8	 806	OK
1510	   0	75.8	75.8	 748	OK
1511	   0	75.7	75.7	 833	OK
1512	   0	75.2	75.2	 790	OK
1513	   0	78.5	78.5	 667	OK
1514	   0	74.1	74.1	 672	OK
1515	   0	69.2	69.2	 731	OK
1516	   0	77.0	77.0	 618	OK
1517	   0	78.5	78.5	 668	OK
1518	   0	76.6	76.6	 729	OK
1519	   0	75.2	75.2	 698	OK
1520	   0	78.0	78.0	 556	OK
1521	4000	75.4	75.4	 838	high noise
1522	   0	78.6	78.6	 735	OK
1523	4000	71.4	71.4	 906	high noise
1524	   0	72.6	72.6	 677	OK
1525	4000	74.9	74.9	 854	high noise
1526	   0	75.9	75.9	 724	OK
1527	   0	72.3	72.3	 792	OK
1528	   0	76.5	76.5	 617	OK
1529	   0	74.9	74.9	 640	OK
1530	   0	80.5	80.5	 653	OK
1531	   0	78.2	78.2	 697	OK
1532	   0	74.0	74.0	 800	OK
1533	4000	76.1	76.1	 902	high noise
1534	1000	78.7	78.7	 489	unbonded
1535	   0	79.5	79.5	 812	OK
1536	   0	96.6	96.6	 658	OK
1537	   0	92.4	92.4	 687	OK
1538	   0	79.5	79.5	 682	OK
1539	   0	85.2	85.2	 635	OK
1540	   0	84.8	84.8	 630	OK
1541	   0	89.8	89.8	 677	OK
1542	   0	99.4	99.4	 653	OK
1543	   0	83.4	83.4	 659	OK
1544	   0	88.8	88.8	 637	OK
1545	   0	93.6	93.6	 585	OK
1546	4000	91.1	91.1	 759	high noise
1547	   0	88.9	88.9	 613	OK
1548	   0	87.8	87.8	 672	OK
1549	4000	88.8	88.8	 740	high noise
1550	   0	96.3	96.3	 655	OK
1551	   0	89.4	89.4	 622	OK
1552	   0	90.0	90.0	 612	OK
1553	   0	87.8	87.8	 610	OK
1554	   0	92.1	92.1	 651	OK
1555	   0	93.4	93.4	 580	OK
1556	   0	92.3	92.3	 598	OK
1557	1000	89.0	89.0	 498	unbonded
1558	   0	83.9	83.9	 606	OK
1559	1000	83.5	83.5	 508	unbonded
1560	   0	104.6	104.6	 583	OK
1561	   0	93.8	93.8	 577	OK
1562	   0	92.2	92.2	 637	OK
1563	   0	92.8	92.8	 576	OK
1564	   0	87.9	87.9	 688	OK
1565	   0	84.5	84.5	 614	OK
1566	   0	82.6	82.6	 678	OK
1567	   0	90.2	90.2	 584	OK
1568	   0	106.6	106.6	 637	OK
1569	   0	91.7	91.7	 643	OK
1570	1000	87.6	87.6	 465	unbonded
1571	   0	95.3	95.3	 702	OK
1572	   0	94.2	94.2	 602	OK
1573	   0	88.3	88.3	 578	OK
1574	   0	88.0	88.0	 592	OK
1575	   0	96.9	96.9	 590	OK
1576	   0	88.5	88.5	 714	OK
1577	   0	84.0	84.0	 594	OK
1578	   0	87.5	87.5	 721	OK
1579	4000	87.1	87.1	 756	high noise
1580	   0	90.9	90.9	 618	OK
1581	   0	93.6	93.6	 658	OK
1582	   0	91.1	91.1	 690	OK
1583	   0	93.0	93.0	 635	OK
1584	   0	93.5	93.5	 667	OK
1585	   0	98.7	98.7	 711	OK
1586	   0	96.2	96.2	 582	OK
1587	1000	88.1	88.1	 501	unbonded
1588	   0	94.4	94.4	 693	OK
1589	   0	91.2	91.2	 694	OK
1590	   0	94.4	94.4	 571	OK
1591	   0	89.6	89.6	 723	OK
1592	   0	93.1	93.1	 619	OK
1593	   0	91.3	91.3	 604	OK
1594	   0	94.2	94.2	 584	OK
1595	   0	93.3	93.3	 692	OK
1596	4000	83.5	83.5	 734	high noise
1597	   0	88.3	88.3	 562	OK
1598	   0	89.4	89.4	 642	OK
1599	1000	92.1	92.1	 518	unbonded
1600	   0	87.9	87.9	 601	OK
1601	   0	86.7	86.7	 710	OK
1602	   0	92.7	92.7	 599	OK
1603	   0	98.5	98.5	 687	OK
1604	   0	87.3	87.3	 683	OK
1605	   0	90.5	90.5	 610	OK
1606	   0	95.0	95.0	 566	OK
1607	4000	89.0	89.0	 751	high noise
1608	   0	88.1	88.1	 627	OK
1609	   0	93.3	93.3	 605	OK
1610	   0	94.3	94.3	 610	OK
1611	4000	90.3	90.3	 736	high noise
1612	   0	84.5	84.5	 648	OK
1613	   0	88.6	88.6	 717	OK
1614	   0	89.7	89.7	 669	OK
1615	   0	90.6	90.6	 688	OK
1616	   0	95.4	95.4	 636	OK
1617	   0	87.9	87.9	 707	OK
1618	1000	93.6	93.6	 479	unbonded
1619	   0	88.8	88.8	 628	OK
1620	   0	88.3	88.3	 642	OK
1621	1000	91.1	91.1	 538	unbonded
1622	4000	85.7	85.7	 752	high noise
1623	   0	91.8	91.8	 545	OK
1624	   0	94.3	94.3	 584	OK
1625	   0	93.3	93.3	 609	OK
1626	   0	92.3	92.3	 560	OK
1627	   0	92.5	92.5	 546	OK
1628	   0	89.6	89.6	 641	OK
1629	   0	89.1	89.1	 674	OK
1630	   0	84.9	84.9	 641	OK
1631	   0	91.7	91.7	 713	OK
1632	   0	98.9	98.9	 571	OK
1633	   0	88.0	88.0	 545	OK
1634	4000	88.2	88.2	 791	high noise
1635	   0	88.8	88.8	 674	OK
1636	   0	82.7	82.7	 574	OK
1637	   0	84.7	84.7	 675	OK
1638	4000	87.3	87.3	 800	high noise
1639	4000	82.8	82.8	 739	high noise
1640	   0	88.8	88.8	 638	OK
1641	   0	90.1	90.1	 588	OK
1642	   0	91.4	91.4	 568	OK
1643	4000	87.7	87.7	 767	high noise
1644	   0	88.2	88.2	 595	OK
1645	   0	91.5	91.5	 564	OK
1646	1000	87.5	87.5	 504	unbonded
1647	4000	87.1	87.1	 747	high noise
1648	   0	87.6	87.6	 663	OK
1649	4000	91.3	91.3	 737	high noise
1650	1000	87.2	87.2	 476	unbonded
1651	   0	84.8	84.8	 665	OK
1652	   0	87.5	87.5	 664	OK
1653	   0	91.7	91.7	 692	OK
1654	   0	96.4	96.4	 561	OK
1655	   0	82.6	82.6	 717	OK
1656	1000	93.0	93.0	 473	unbonded
1657	   0	85.2	85.2	 586	OK
1658	   0	92.9	92.9	 590	OK
1659	4000	94.0	94.0	 733	high noise
1660	   0	83.8	83.8	 557	OK
1661	   0	89.0	89.0	 700	OK
1662	   0	91.5	91.5	 646	OK
1663	   0	84.7	84.7	 726	OK
1664	   0	78.4	78.4	 662	OK
1665	1000	81.3	81.3	 502	unbonded
1666	   0	84.7	84.7	 605	OK
1667	   0	81.7	81.7	 715	OK
1668	   0	82.9	82.9	 666	OK
1669	   0	83.3	83.3	 710	OK
1670	   0	84.5	84.5	 688	OK
1671	   0	80.4	80.4	 590	OK
1672	   0	81.4	81.4	 691	OK
1673	   0	84.8	84.8	 593	OK
1674	   0	81.9	81.9	 605	OK
1675	4000	79.3	79.3	 728	high noise
1676	   0	76.3	76.3	 550	OK
1677	   0	79.4	79.4	 620	OK
1678	1000	87.7	87.7	 539	unbonded
1679	   0	80.6	80.6	 669	OK
1680	   0	83.7	83.7	 576	OK
1681	   0	76.6	76.6	 660	OK
1682	   0	87.6	87.6	 645	OK
1683	1000	78.5	78.5	 406	unbonded
1684	4000	85.3	85.3	 815	high noise
1685	   0	86.7	86.7	 646	OK
1686	4000	84.1	84.1	 725	high noise
1687	   0	85.7	85.7	 576	OK
1688	4000	86.9	86.9	 725	high noise
1689	1000	84.3	84.3	 483	unbonded
1690	   0	81.8	81.8	 549	OK
1691	   0	79.2	79.2	 679	OK
1692	   0	86.0	86.0	 634	OK
1693	   0	85.7	85.7	 654	OK
1694	   0	81.7	81.7	 622	OK
1695	   0	81.5	81.5	 685	OK
1696	   0	81.1	81.1	 650	OK
1697	4000	83.0	83.0	 733	high noise
1698	   0	80.4	80.4	 549	OK
1699	4000	86.6	86.6	 740	high noise
1700	1000	84.1	84.1	 493	unbonded
1701	   0	83.5	83.5	 674	OK
1702	   0	79.5	79.5	 577	OK
1703	   0	90.6	90.6	 629	OK
1704	   0	87.3	87.3	 607	OK
1705	4000	85.8	85.8	 776	high noise
1706	   0	84.0	84.0	 696	OK
1707	   0	78.1	78.1	 651	OK
1708	4000	85.9	85.9	 738	high noise
1709	   0	86.8	86.8	 557	OK
1710	1000	84.4	84.4	 514	unbonded
1711	   0	87.2	87.2	 699	OK
1712	   0	85.7	85.7	 557	OK
1713	   0	79.9	79.9	 638	OK
1714	   0	83.9	83.9	 700	OK
1715	4000	79.8	79.8	 721	high noise
1716	1000	84.6	84.6	 507	unbonded
1717	   0	86.4	86.4	 623	OK
1718	   0	82.8	82.8	 660	OK
1719	4000	87.1	87.1	 725	high noise
1720	1000	85.7	85.7	 482	unbonded
1721	   0	82.2	82.2	 664	OK
1722	   0	87.1	87.1	 550	OK
1723	   0	85.7	85.7	 638	OK
1724	   0	90.1	90.1	 662	OK
1725	   0	91.8	91.8	 551	OK
1726	1000	83.7	83.7	 535	unbonded
1727	   0	89.2	89.2	 612	OK
1728	1000	92.4	92.4	 536	unbonded
1729	   0	84.6	84.6	 615	OK
1730	   0	88.1	88.1	 603	OK
1731	   0	81.3	81.3	 592	OK
1732	4000	89.6	89.6	 750	high noise
1733	1000	87.9	87.9	 353	unbonded
1734	   0	81.3	81.3	 638	OK
1735	4000	82.0	82.0	 880	high noise
1736	1000	77.1	77.1	 387	unbonded
1737	1000	87.4	87.4	 523	unbonded
1738	   0	84.9	84.9	 564	OK
1739	1000	93.9	93.9	 500	unbonded
1740	   0	88.9	88.9	 677	OK
1741	   0	81.4	81.4	 608	OK
1742	   0	84.6	84.6	 640	OK
1743	1000	87.1	87.1	 523	unbonded
1744	4000	82.9	82.9	 754	high noise
1745	   0	86.2	86.2	 648	OK
1746	   0	86.0	86.0	 606	OK
1747	4000	85.9	85.9	 738	high noise
1748	   0	91.1	91.1	 634	OK
1749	1000	82.1	82.1	 496	unbonded
1750	   0	92.2	92.2	 574	OK
1751	   0	81.5	81.5	 663	OK
1752	4000	82.2	82.2	 814	high noise
1753	   0	84.7	84.7	 616	OK
1754	   0	92.7	92.7	 613	OK
1755	   0	89.1	89.1	 650	OK
1756	   0	80.8	80.8	 636	OK
1757	   0	85.2	85.2	 631	OK
1758	   0	82.7	82.7	 705	OK
1759	   0	81.2	81.2	 578	OK
1760	   0	84.6	84.6	 697	OK
1761	   0	83.6	83.6	 585	OK
1762	   0	78.2	78.2	 606	OK
1763	4000	83.4	83.4	 728	high noise
1764	   0	83.6	83.6	 549	OK
1765	   0	77.3	77.3	 569	OK
1766	   0	87.5	87.5	 560	OK
1767	4000	77.9	77.9	 724	high noise
1768	   0	80.0	80.0	 713	OK
1769	1000	83.6	83.6	 537	unbonded
1770	4000	88.9	88.9	 729	high noise
1771	   0	83.6	83.6	 686	OK
1772	   0	82.2	82.2	 617	OK
1773	   0	86.2	86.2	 710	OK
1774	   0	89.2	89.2	 632	OK
1775	1000	78.9	78.9	 532	unbonded
1776	   0	78.4	78.4	 557	OK
1777	   0	87.0	87.0	 594	OK
1778	   0	85.2	85.2	 653	OK
1779	   0	99.2	99.2	 650	OK
1780	   0	88.9	88.9	 584	OK
1781	   0	82.2	82.2	 661	OK
1782	1000	84.0	84.0	 469	unbonded
1783	   0	88.5	88.5	 704	OK
1784	   0	86.8	86.8	 542	OK
1785	   0	74.9	74.9	 613	OK
1786	   0	82.2	82.2	 669	OK
1787	   0	77.5	77.5	 604	OK
1788	   0	82.2	82.2	 614	OK
1789	   0	76.5	76.5	 686	OK
1790	   0	81.4	81.4	 619	OK
1791	4000	80.8	80.8	 729	high noise
1792	4000	89.7	89.7	 745	high noise
1793	   0	88.4	88.4	 559	OK
1794	1000	81.6	81.6	 506	unbonded
1795	   0	94.3	94.3	 598	OK
1796	   0	96.2	96.2	 602	OK
1797	   0	89.0	89.0	 581	OK
1798	4000	80.7	80.7	 749	high noise
1799	4000	84.6	84.6	 703	high noise
1800	   0	91.0	91.0	 587	OK
1801	4000	82.9	82.9	 697	high noise
1802	   0	86.7	86.7	 617	OK
1803	1000	85.8	85.8	 478	unbonded
1804	   0	86.1	86.1	 661	OK
1805	   0	91.3	91.3	 577	OK
1806	   0	79.3	79.3	 685	OK
1807	   0	90.3	90.3	 586	OK
1808	   0	83.4	83.4	 681	OK
1809	   0	91.4	91.4	 566	OK
1810	   0	89.6	89.6	 627	OK
1811	   0	97.4	97.4	 650	OK
1812	1000	91.1	91.1	 528	unbonded
1813	   0	86.2	86.2	 626	OK
1814	   0	85.1	85.1	 589	OK
1815	   0	85.8	85.8	 577	OK
1816	   0	87.6	87.6	 662	OK
1817	4000	89.4	89.4	 727	high noise
1818	   0	93.6	93.6	 568	OK
1819	4000	85.9	85.9	 703	high noise
1820	   0	87.5	87.5	 579	OK
1821	   0	89.6	89.6	 571	OK
1822	1000	89.2	89.2	 481	unbonded
1823	   0	89.3	89.3	 627	OK
1824	   0	88.2	88.2	 566	OK
1825	   0	83.5	83.5	 564	OK
1826	   0	85.1	85.1	 592	OK
1827	   0	85.9	85.9	 587	OK
1828	4000	83.8	83.8	 705	high noise
1829	   0	87.0	87.0	 626	OK
1830	   0	82.3	82.3	 633	OK
1831	1000	86.6	86.6	 536	unbonded
1832	   0	92.7	92.7	 626	OK
1833	   0	84.3	84.3	 592	OK
1834	1000	89.5	89.5	 486	unbonded
1835	   0	90.1	90.1	 624	OK
1836	1000	86.2	86.2	 532	unbonded
1837	   0	86.6	86.6	 603	OK
1838	   0	89.8	89.8	 598	OK
1839	   0	89.0	89.0	 553	OK
1840	   0	94.3	94.3	 580	OK
1841	   0	86.3	86.3	 569	OK
1842	   0	91.1	91.1	 585	OK
1843	   0	90.9	90.9	 576	OK
1844	1000	83.8	83.8	 506	unbonded
1845	   0	90.8	90.8	 607	OK
1846	   0	89.4	89.4	 602	OK
1847	   0	99.7	99.7	 597	OK
1848	1000	91.3	91.3	 528	unbonded
1849	   0	90.3	90.3	 630	OK
1850	   0	88.2	88.2	 648	OK
1851	   0	87.6	87.6	 637	OK
1852	1000	90.1	90.1	 488	unbonded
1853	1000	101.4	101.4	 528	unbonded
1854	   0	89.0	89.0	 615	OK
1855	   0	94.2	94.2	 573	OK
1856	   0	93.8	93.8	 572	OK
1857	   0	88.3	88.3	 549	OK
1858	   0	93.7	93.7	 600	OK
1859	   0	88.3	88.3	 548	OK
1860	   0	87.8	87.8	 683	OK
1861	   0	91.1	91.1	 668	OK
1862	   0	92.0	92.0	 635	OK
1863	   0	94.4	94.4	 584	OK
1864	4000	91.4	91.4	 693	high noise
1865	   0	86.2	86.2	 553	OK
1866	   0	95.7	95.7	 619	OK
1867	   0	79.9	79.9	 603	OK
1868	   0	88.4	88.4	 588	OK
1869	   0	84.6	84.6	 589	OK
1870	1000	97.5	97.5	 531	unbonded
1871	4000	86.2	86.2	 769	high noise
1872	1000	86.1	86.1	 463	unbonded
1873	   0	90.7	90.7	 556	OK
1874	   0	87.3	87.3	 569	OK
1875	   0	92.4	92.4	 613	OK
1876	1000	91.3	91.3	 452	unbonded
1877	   0	93.0	93.0	 637	OK
1878	   0	92.6	92.6	 579	OK
1879	   0	87.1	87.1	 601	OK
1880	4000	86.7	86.7	 708	high noise
1881	   0	86.4	86.4	 553	OK
1882	1000	97.3	97.3	 539	unbonded
1883	4000	86.2	86.2	 721	high noise
1884	1000	88.0	88.0	 520	unbonded
1885	   0	90.7	90.7	 669	OK
1886	   0	83.7	83.7	 564	OK
1887	   0	88.4	88.4	 562	OK
1888	1000	91.6	91.6	 536	unbonded
1889	   0	95.4	95.4	 621	OK
1890	1000	89.5	89.5	 526	unbonded
1891	   0	89.1	89.1	 643	OK
1892	   0	95.7	95.7	 591	OK
1893	1000	95.8	95.8	 532	unbonded
1894	   0	91.5	91.5	 692	OK
1895	   0	85.5	85.5	 621	OK
1896	   0	84.2	84.2	 543	OK
1897	   0	93.6	93.6	 581	OK
1898	   0	92.9	92.9	 609	OK
1899	4000	83.2	83.2	 731	high noise
1900	1000	88.2	88.2	 530	unbonded
1901	   0	90.5	90.5	 614	OK
1902	   0	90.2	90.2	 558	OK
1903	   0	86.9	86.9	 643	OK
1904	   0	86.5	86.5	 608	OK
1905	   0	90.9	90.9	 636	OK
1906	   0	89.3	89.3	 620	OK
1907	   0	82.7	82.7	 578	OK
1908	   0	88.5	88.5	 662	OK
1909	4000	83.0	83.0	 701	high noise
1910	   0	89.8	89.8	 570	OK
1911	1000	88.8	88.8	 484	unbonded
1912	4000	88.7	88.7	 720	high noise
1913	   0	93.7	93.7	 562	OK
1914	   0	99.2	99.2	 558	OK
1915	4000	91.3	91.3	 761	high noise
1916	   0	85.0	85.0	 568	OK
1917	   0	87.6	87.6	 642	OK
1918	1000	81.4	81.4	 524	unbonded
1919	4000	90.4	90.4	 773	high noise
1920	   0	83.7	83.7	 650	OK
1921	4000	76.5	76.5	 754	high noise
1922	   0	93.4	93.4	 637	OK
1923	4000	84.6	84.6	 762	high noise
1924	   0	87.2	87.2	 690	OK
1925	   0	85.1	85.1	 707	OK
1926	   0	85.1	85.1	 712	OK
1927	   0	90.0	90.0	 644	OK
1928	   0	83.3	83.3	 597	OK
1929	   0	92.5	92.5	 661	OK
1930	   0	83.7	83.7	 610	OK
1931	   0	89.0	89.0	 651	OK
1932	   0	82.4	82.4	 636	OK
1933	1000	87.0	87.0	 454	unbonded
1934	   0	84.5	84.5	 709	OK
1935	4000	88.1	88.1	 749	high noise
1936	   0	88.6	88.6	 590	OK
1937	   0	92.4	92.4	 675	OK
1938	1000	93.8	93.8	 526	unbonded
1939	4000	83.5	83.5	 745	high noise
1940	   0	83.0	83.0	 689	OK
1941	   0	95.0	95.0	 619	OK
1942	4000	86.6	86.6	 770	high noise
1943	   0	95.5	95.5	 665	OK
1944	4000	84.9	84.9	 864	high noise
1945	   0	90.1	90.1	 561	OK
1946	4000	88.8	88.8	 752	high noise
1947	   0	89.1	89.1	 545	OK
1948	4000	89.2	89.2	 769	high noise
1949	   0	83.4	83.4	 688	OK
1950	   0	89.0	89.0	 593	OK
1951	   0	85.8	85.8	 645	OK
1952	   0	87.1	87.1	 577	OK
1953	   0	81.7	81.7	 614	OK
1954	1000	84.5	84.5	 516	unbonded
1955	   0	94.7	94.7	 654	OK
1956	4000	87.6	87.6	 763	high noise
1957	   0	92.5	92.5	 625	OK
1958	   0	86.9	86.9	 611	OK
1959	   0	87.8	87.8	 664	OK
1960	   0	88.0	88.0	 597	OK
1961	   0	83.5	83.5	 724	OK
1962	   0	90.0	90.0	 657	OK
1963	   0	87.9	87.9	 698	OK
1964	   0	93.2	93.2	 697	OK
1965	1000	88.9	88.9	 527	unbonded
1966	   0	91.3	91.3	 685	OK
1967	   0	89.7	89.7	 648	OK
1968	   0	90.8	90.8	 618	OK
1969	   0	97.1	97.1	 703	OK
1970	   0	90.5	90.5	 633	OK
1971	   0	88.6	88.6	 611	OK
1972	4000	93.2	93.2	 765	high noise
1973	   0	84.9	84.9	 696	OK
1974	   0	84.5	84.5	 596	OK
1975	   0	91.6	91.6	 701	OK
1976	   0	94.8	94.8	 709	OK
1977	   0	85.9	85.9	 682	OK
1978	   0	93.5	93.5	 623	OK
1979	4000	87.3	87.3	 765	high noise
1980	   0	94.3	94.3	 655	OK
1981	   0	85.5	85.5	 620	OK
1982	   0	97.0	97.0	 609	OK
1983	   0	92.1	92.1	 586	OK
1984	   0	96.9	96.9	 620	OK
1985	4000	88.3	88.3	 743	high noise
1986	   0	89.2	89.2	 639	OK
1987	   0	91.0	91.0	 559	OK
1988	   0	89.3	89.3	 703	OK
1989	   0	90.8	90.8	 697	OK
1990	   0	93.1	93.1	 607	OK
1991	   0	92.9	92.9	 646	OK
1992	   0	88.2	88.2	 613	OK
1993	1000	94.4	94.4	 473	unbonded
1994	   0	88.5	88.5	 624	OK
1995	   0	92.1	92.1	 691	OK
1996	1000	86.9	86.9	 527	unbonded
1997	   0	91.9	91.9	 612	OK
1998	   0	90.4	90.4	 613	OK
1999	   0	86.8	86.8	 628	OK
2000	   0	91.9	91.9	 613	OK
2001	   0	89.5	89.5	 566	OK
2002	1000	86.1	86.1	 407	unbonded
2003	4000	87.8	87.8	 753	high noise
2004	   0	97.4	97.4	 652	OK
2005	   0	90.4	90.4	 696	OK
2006	   0	89.4	89.4	 668	OK
2007	   0	88.4	88.4	 689	OK
2008	   0	96.7	96.7	 573	OK
2009	   0	85.7	85.7	 668	OK
2010	   0	84.9	84.9	 633	OK
2011	1000	94.8	94.8	 539	unbonded
2012	   0	91.1	91.1	 556	OK
2013	   0	90.7	90.7	 650	OK
2014	   0	89.7	89.7	 644	OK
2015	4000	83.3	83.3	 758	high noise
2016	   0	88.1	88.1	 595	OK
2017	4000	86.5	86.5	 856	high noise
2018	1000	92.4	92.4	 520	unbonded
2019	   0	91.0	91.0	 589	OK
2020	   0	84.4	84.4	 698	OK
2021	1000	84.5	84.5	 525	unbonded
2022	   0	86.1	86.1	 567	OK
2023	1000	83.0	83.0	 508	unbonded
2024	4000	86.0	86.0	 745	high noise
2025	   0	84.7	84.7	 602	OK
2026	   0	84.7	84.7	 638	OK
2027	   0	86.3	86.3	 621	OK
2028	   0	82.0	82.0	 710	OK
2029	   0	91.3	91.3	 620	OK
2030	   0	89.6	89.6	 601	OK
2031	   0	85.9	85.9	 698	OK
2032	1000	85.2	85.2	 404	unbonded
2033	   0	81.4	81.4	 619	OK
2034	4000	86.0	86.0	 751	high noise
2035	   0	89.9	89.9	 703	OK
2036	4000	85.6	85.6	 769	high noise
2037	   0	86.5	86.5	 600	OK
2038	   0	82.3	82.3	 653	OK
2039	   0	88.1	88.1	 570	OK
2040	1000	87.0	87.0	 533	unbonded
2041	   0	91.8	91.8	 611	OK
2042	   0	89.5	89.5	 602	OK
2043	   0	91.0	91.0	 714	OK
2044	1000	89.6	89.6	 530	unbonded
2045	   0	87.9	87.9	 604	OK
2046	   0	82.2	82.2	 628	OK
2047	   0	83.9	83.9	 543	OK
2048	   0	87.7	87.7	 713	OK
2049	   0	84.6	84.6	 579	OK
2050	   0	81.8	81.8	 631	OK
2051	   0	90.1	90.1	 652	OK
2052	   0	87.6	87.6	 709	OK
2053	   0	93.3	93.3	 701	OK
2054	   0	89.8	89.8	 721	OK
2055	   0	94.0	94.0	 618	OK
2056	   0	90.7	90.7	 755	OK
2057	4000	78.2	78.2	 779	high noise
2058	   0	85.3	85.3	 670	OK
2059	   0	82.9	82.9	 700	OK
2060	4000	88.5	88.5	 777	high noise
2061	   0	86.0	86.0	 563	OK
2062	   0	84.0	84.0	 733	OK
2063	   0	84.2	84.2	 706	OK
2064	   0	86.6	86.6	 626	OK
2065	   0	88.8	88.8	 640	OK
2066	   0	92.7	92.7	 623	OK
2067	4000	87.5	87.5	 762	high noise
2068	4000	84.7	84.7	 761	high noise
2069	   0	88.9	88.9	 700	OK
2070	   0	92.7	92.7	 593	OK
2071	   0	80.6	80.6	 566	OK
2072	1000	85.3	85.3	 516	unbonded
2073	   0	88.8	88.8	 596	OK
2074	   0	93.4	93.4	 608	OK
2075	   0	89.8	89.8	 619	OK
2076	   0	84.3	84.3	 598	OK
2077	   0	82.2	82.2	 616	OK
2078	   0	88.4	88.4	 608	OK
2079	   0	87.4	87.4	 702	OK
2080	   0	83.5	83.5	 616	OK
2081	   0	87.2	87.2	 621	OK
2082	   0	86.3	86.3	 662	OK
2083	4000	87.4	87.4	 772	high noise
2084	   0	87.5	87.5	 639	OK
2085	4000	87.0	87.0	 782	high noise
2086	   0	86.4	86.4	 676	OK
2087	   0	82.2	82.2	 712	OK
2088	   0	87.5	87.5	 631	OK
2089	   0	89.1	89.1	 755	OK
2090	   0	89.7	89.7	 736	OK
2091	   0	93.2	93.2	 754	OK
2092	   0	85.0	85.0	 652	OK
2093	   0	91.2	91.2	 600	OK
2094	   0	88.2	88.2	 661	OK
2095	   0	103.1	103.1	 675	OK
2096	   0	86.9	86.9	 609	OK
2097	   0	92.1	92.1	 629	OK
2098	   0	93.3	93.3	 741	OK
2099	   0	82.6	82.6	 752	OK
2100	   0	88.3	88.3	 736	OK
2101	   0	92.3	92.3	 597	OK
2102	   0	90.7	90.7	 638	OK
2103	   0	87.2	87.2	 688	OK
2104	4000	86.6	86.6	 771	high noise
2105	   0	87.0	87.0	 616	OK
2106	   0	88.4	88.4	 565	OK
2107	   0	87.6	87.6	 549	OK
2108	   0	92.7	92.7	 730	OK
2109	   0	90.8	90.8	 636	OK
2110	   0	88.9	88.9	 551	OK
2111	   0	89.2	89.2	 642	OK
2112	   0	86.1	86.1	 737	OK
2113	   0	87.3	87.3	 605	OK
2114	1000	99.2	99.2	 525	unbonded
2115	   0	99.7	99.7	 595	OK
2116	4000	86.4	86.4	 766	high noise
2117	   0	90.3	90.3	 607	OK
2118	   0	94.5	94.5	 701	OK
2119	   0	91.3	91.3	 605	OK
2120	   0	88.8	88.8	 543	OK
2121	   0	86.7	86.7	 733	OK
2122	   0	84.9	84.9	 648	OK
2123	   0	90.0	90.0	 584	OK
2124	   0	82.9	82.9	 708	OK
2125	   0	87.9	87.9	 581	OK
2126	   0	86.3	86.3	 674	OK
2127	   0	88.5	88.5	 708	OK
2128	   0	87.1	87.1	 746	OK
2129	   0	82.1	82.1	 654	OK
2130	   0	84.4	84.4	 709	OK
2131	4000	75.4	75.4	 792	high noise
2132	   0	84.3	84.3	 640	OK
2133	   0	88.3	88.3	 596	OK
2134	4000	83.7	83.7	 784	high noise
2135	   0	85.8	85.8	 728	OK
2136	   0	86.5	86.5	 626	OK
2137	   0	90.6	90.6	 653	OK
2138	   0	92.9	92.9	 676	OK
2139	   0	88.9	88.9	 660	OK
2140	   0	91.1	91.1	 580	OK
2141	   0	89.7	89.7	 682	OK
2142	   0	98.5	98.5	 619	OK
2143	   0	93.3	93.3	 705	OK
2144	   0	88.9	88.9	 709	OK
2145	   0	95.0	95.0	 624	OK
2146	   0	86.6	86.6	 620	OK
2147	   0	90.1	90.1	 715	OK
2148	1000	85.0	85.0	 489	unbonded
2149	4000	85.0	85.0	 787	high noise
2150	   0	95.3	95.3	 706	OK
2151	   0	90.1	90.1	 680	OK
2152	   0	83.5	83.5	 627	OK
2153	   0	91.3	91.3	 679	OK
2154	   0	87.9	87.9	 635	OK
2155	   0	96.0	96.0	 671	OK
2156	   0	91.7	91.7	 665	OK
2157	   0	86.8	86.8	 670	OK
2158	   0	91.2	91.2	 577	OK
2159	   0	86.2	86.2	 628	OK
2160	   0	80.2	80.2	 631	OK
2161	   0	85.0	85.0	 661	OK
2162	   0	90.4	90.4	 616	OK
2163	   0	91.3	91.3	 619	OK
2164	   0	95.2	95.2	 676	OK
2165	   0	89.8	89.8	 597	OK
2166	   0	90.1	90.1	 613	OK
2167	   0	91.8	91.8	 594	OK
2168	   0	86.9	86.9	 660	OK
2169	4000	89.2	89.2	 778	high noise
2170	4000	86.5	86.5	 815	high noise
2171	   0	88.0	88.0	 607	OK
2172	   0	90.6	90.6	 726	OK
2173	   0	83.9	83.9	 721	OK
2174	   0	89.1	89.1	 560	OK
2175	   0	85.3	85.3	 634	OK
2176	   0	89.3	89.3	 556	OK
2177	4000	85.8	85.8	 726	high noise
2178	1000	84.5	84.5	 470	unbonded
2179	   0	94.0	94.0	 585	OK
2180	   0	82.9	82.9	 677	OK
2181	   0	93.5	93.5	 612	OK
2182	   0	82.2	82.2	 611	OK
2183	1000	100.1	100.1	 382	unbonded
2184	1000	90.0	90.0	 526	unbonded
2185	   0	88.2	88.2	 633	OK
2186	   0	98.1	98.1	 581	OK
2187	   0	95.9	95.9	 547	OK
2188	   0	96.2	96.2	 587	OK
2189	   0	100.2	100.2	 603	OK
2190	   0	95.1	95.1	 614	OK
2191	1000	87.8	87.8	 537	unbonded
2192	   0	93.1	93.1	 599	OK
2193	   0	83.2	83.2	 579	OK
2194	4000	84.6	84.6	 752	high noise
2195	   0	91.5	91.5	 567	OK
2196	4000	90.7	90.7	 704	high noise
2197	4000	84.2	84.2	 699	high noise
2198	   0	89.9	89.9	 587	OK
2199	   0	90.9	90.9	 605	OK
2200	4000	84.6	84.6	 722	high noise
2201	   0	86.3	86.3	 643	OK
2202	1000	89.6	89.6	 487	unbonded
2203	   0	93.5	93.5	 591	OK
2204	   0	84.6	84.6	 698	OK
2205	   0	91.9	91.9	 588	OK
2206	4000	93.3	93.3	 733	high noise
2207	   0	91.9	91.9	 631	OK
2208	   0	92.1	92.1	 625	OK
2209	   0	91.6	91.6	 578	OK
2210	   0	86.2	86.2	 697	OK
2211	4000	85.3	85.3	 746	high noise
2212	   0	85.5	85.5	 671	OK
2213	4000	86.8	86.8	 728	high noise
2214	   0	85.3	85.3	 656	OK
2215	4000	85.4	85.4	 705	high noise
2216	   0	93.9	93.9	 576	OK
2217	   0	86.4	86.4	 615	OK
2218	   0	95.2	95.2	 629	OK
2219	   0	86.6	86.6	 578	OK
2220	   0	85.8	85.8	 660	OK
2221	   0	89.6	89.6	 635	OK
2222	   0	87.5	87.5	 670	OK
2223	   0	86.5	86.5	 555	OK
2224	   0	94.3	94.3	 638	OK
2225	   0	86.3	86.3	 626	OK
2226	   0	88.6	88.6	 559	OK
2227	   0	85.2	85.2	 567	OK
2228	   0	100.3	100.3	 549	OK
2229	   0	87.4	87.4	 611	OK
2230	4000	94.9	94.9	 773	high noise
2231	   0	93.7	93.7	 610	OK
2232	   0	88.3	88.3	 645	OK
2233	   0	100.0	100.0	 606	OK
2234	1000	91.6	91.6	 413	unbonded
2235	   0	92.3	92.3	 645	OK
2236	   0	97.5	97.5	 616	OK
2237	   0	89.6	89.6	 671	OK
2238	   0	96.7	96.7	 614	OK
2239	4000	100.7	100.7	 719	high noise
2240	   0	90.9	90.9	 665	OK
2241	1000	87.1	87.1	 427	unbonded
2242	   0	97.0	97.0	 698	OK
2243	   0	84.3	84.3	 554	OK
2244	   0	87.5	87.5	 635	OK
2245	1000	89.1	89.1	 516	unbonded
2246	1000	87.6	87.6	 435	unbonded
2247	   0	89.7	89.7	 590	OK
2248	   0	93.5	93.5	 560	OK
2249	   0	95.0	95.0	 652	OK
2250	   0	101.7	101.7	 550	OK
2251	4000	87.4	87.4	 750	high noise
2252	   0	85.6	85.6	 622	OK
2253	   0	95.0	95.0	 630	OK
2254	   0	87.2	87.2	 596	OK
2255	1000	85.2	85.2	 352	unbonded
2256	   0	80.7	80.7	 664	OK
2257	   0	92.5	92.5	 608	OK
2258	   0	88.8	88.8	 613	OK
2259	   0	83.3	83.3	 611	OK
2260	   0	101.3	101.3	 660	OK
2261	   0	84.0	84.0	 630	OK
2262	   0	94.0	94.0	 629	OK
2263	   0	94.6	94.6	 591	OK
2264	   0	80.9	80.9	 608	OK
2265	1000	92.1	92.1	 452	unbonded
2266	   0	85.4	85.4	 569	OK
2267	1000	90.1	90.1	 535	unbonded
2268	   0	87.6	87.6	 606	OK
2269	4000	89.6	89.6	 722	high noise
2270	   0	90.6	90.6	 592	OK
2271	1000	95.6	95.6	 516	unbonded
2272	   0	91.1	91.1	 665	OK
2273	   0	92.5	92.5	 579	OK
2274	1000	81.8	81.8	 511	unbonded
2275	   0	99.2	99.2	 597	OK
2276	   0	95.6	95.6	 563	OK
2277	   0	91.7	91.7	 604	OK
2278	   0	92.2	92.2	 610	OK
2279	   0	91.1	91.1	 603	OK
2280	1000	88.2	88.2	 531	unbonded
2281	   0	88.7	88.7	 698	OK
2282	1000	91.2	91.2	 539	unbonded
2283	4000	89.1	89.1	 723	high noise
2284	   0	91.7	91.7	 695	OK
2285	   0	91.9	91.9	 580	OK
2286	   0	89.6	89.6	 656	OK
2287	   0	98.1	98.1	 641	OK
2288	4000	87.2	87.2	 709	high noise
2289	1000	93.2	93.2	 531	unbonded
2290	   0	89.0	89.0	 566	OK
2291	   0	81.1	81.1	 647	OK
2292	   0	79.0	79.0	 645	OK
2293	   0	93.6	93.6	 580	OK
2294	   0	86.2	86.2	 579	OK
2295	   0	90.6	90.6	 630	OK
2296	1000	89.2	89.2	 479	unbonded
2297	   0	91.7	91.7	 664	OK
2298	1000	95.0	95.0	 497	unbonded
2299	   0	91.9	91.9	 648	OK
2300	   0	92.8	92.8	 567	OK
2301	   0	100.6	100.6	 581	OK
2302	   0	87.7	87.7	 558	OK
2303	   0	84.1	84.1	 638	OK
2304	   0	86.8	86.8	 601	OK
2305	4000	84.8	84.8	 732	high noise
2306	   0	91.3	91.3	 577	OK
2307	4000	84.3	84.3	 775	high noise
2308	   0	87.2	87.2	 583	OK
2309	4000	81.0	81.0	 843	high noise
2310	   0	90.8	90.8	 590	OK
2311	4000	86.6	86.6	 720	high noise
2312	1000	89.0	89.0	 502	unbonded
2313	4000	83.9	83.9	 721	high noise
2314	   0	87.0	87.0	 700	OK
2315	   0	83.7	83.7	 674	OK
2316	   0	78.8	78.8	 636	OK
2317	   0	88.5	88.5	 586	OK
2318	   0	82.5	82.5	 685	OK
2319	   0	82.1	82.1	 555	OK
2320	   0	87.9	87.9	 589	OK
2321	   0	90.1	90.1	 609	OK
2322	   0	86.8	86.8	 575	OK
2323	   0	87.0	87.0	 672	OK
2324	4000	81.4	81.4	 772	high noise
2325	   0	91.9	91.9	 630	OK
2326	   0	88.9	88.9	 651	OK
2327	   0	87.0	87.0	 554	OK
2328	   0	84.5	84.5	 642	OK
2329	4000	84.7	84.7	 727	high noise
2330	   0	87.2	87.2	 632	OK
2331	4000	82.0	82.0	 791	high noise
2332	   0	87.6	87.6	 649	OK
2333	4000	84.8	84.8	 844	high noise
2334	   0	91.6	91.6	 576	OK
2335	   0	92.3	92.3	 603	OK
2336	   0	96.7	96.7	 560	OK
2337	4000	88.2	88.2	 728	high noise
2338	   0	96.1	96.1	 600	OK
2339	   0	86.4	86.4	 622	OK
2340	1000	89.1	89.1	 450	unbonded
2341	   0	87.9	87.9	 661	OK
2342	1000	91.6	91.6	 512	unbonded
2343	   0	83.5	83.5	 632	OK
2344	   0	86.4	86.4	 565	OK
2345	   0	89.5	89.5	 606	OK
2346	   0	91.7	91.7	 654	OK
2347	   0	89.8	89.8	 639	OK
2348	   0	87.7	87.7	 559	OK
2349	   0	80.7	80.7	 663	OK
2350	   0	93.9	93.9	 621	OK
2351	   0	92.6	92.6	 635	OK
2352	   0	86.0	86.0	 618	OK
2353	   0	82.7	82.7	 665	OK
2354	4000	86.5	86.5	 780	high noise
2355	1000	94.5	94.5	 476	unbonded
2356	   0	89.6	89.6	 673	OK
2357	   0	88.4	88.4	 654	OK
2358	   0	88.2	88.2	 711	OK
2359	   0	90.4	90.4	 606	OK
2360	   0	90.0	90.0	 658	OK
2361	   0	93.7	93.7	 648	OK
2362	4000	91.0	91.0	 747	high noise
2363	   0	94.6	94.6	 578	OK
2364	   0	88.4	88.4	 715	OK
2365	   0	84.8	84.8	 714	OK
2366	   0	87.5	87.5	 682	OK
2367	   0	90.9	90.9	 630	OK
2368	   0	89.7	89.7	 583	OK
2369	   0	92.8	92.8	 628	OK
2370	   0	93.2	93.2	 587	OK
2371	   0	95.7	95.7	 587	OK
2372	   0	85.4	85.4	 575	OK
2373	   0	90.4	90.4	 589	OK
2374	   0	88.9	88.9	 562	OK
2375	   0	98.0	98.0	 591	OK
2376	   0	87.5	87.5	 651	OK
2377	   0	89.8	89.8	 581	OK
2378	   0	87.0	87.0	 633	OK
2379	   0	83.2	83.2	 701	OK
2380	   0	82.5	82.5	 718	OK
2381	   0	77.5	77.5	 566	OK
2382	   0	84.9	84.9	 578	OK
2383	   0	92.7	92.7	 588	OK
2384	   0	82.5	82.5	 542	OK
2385	   0	85.7	85.7	 631	OK
2386	   0	83.5	83.5	 662	OK
2387	   0	86.5	86.5	 560	OK
2388	   0	85.8	85.8	 579	OK
2389	   0	86.7	86.7	 671	OK
2390	   0	83.0	83.0	 693	OK
2391	   0	88.7	88.7	 617	OK
2392	   0	88.9	88.9	 608	OK
2393	   0	84.5	84.5	 649	OK
2394	   0	89.4	89.4	 568	OK
2395	   0	86.3	86.3	 582	OK
2396	1000	92.2	92.2	 471	unbonded
2397	   0	85.8	85.8	 596	OK
2398	   0	83.8	83.8	 699	OK
2399	   0	89.7	89.7	 586	OK
2400	   0	81.1	81.1	 673	OK
2401	   0	89.8	89.8	 657	OK
2402	   0	88.2	88.2	 610	OK
2403	1000	85.1	85.1	 427	unbonded
2404	   0	86.1	86.1	 712	OK
2405	   0	83.5	83.5	 549	OK
2406	4000	79.9	79.9	 768	high noise
2407	   0	88.0	88.0	 643	OK
2408	1000	85.2	85.2	 529	unbonded
2409	   0	84.5	84.5	 563	OK
2410	   0	92.1	92.1	 593	OK
2411	1000	87.0	87.0	 477	unbonded
2412	   0	85.4	85.4	 607	OK
2413	   0	84.2	84.2	 685	OK
2414	   0	87.5	87.5	 671	OK
2415	   0	90.0	90.0	 710	OK
2416	   0	93.2	93.2	 621	OK
2417	   0	83.2	83.2	 556	OK
2418	1000	90.4	90.4	 526	unbonded
2419	   0	97.1	97.1	 574	OK
2420	   0	84.5	84.5	 626	OK
2421	   0	91.7	91.7	 635	OK
2422	   0	86.4	86.4	 717	OK
2423	   0	80.0	80.0	 688	OK
2424	   0	82.6	82.6	 637	OK
2425	1000	87.3	87.3	 421	unbonded
2426	   0	81.8	81.8	 614	OK
2427	1000	87.8	87.8	 400	unbonded
2428	   0	83.7	83.7	 634	OK
2429	   0	80.3	80.3	 713	OK
2430	1000	88.9	88.9	 525	unbonded
2431	1000	85.0	85.0	 492	unbonded
2432	   0	82.6	82.6	 668	OK
2433	   0	82.0	82.0	 638	OK
2434	1000	86.8	86.8	 539	unbonded
2435	1000	92.4	92.4	 502	unbonded
2436	   0	80.4	80.4	 690	OK
2437	1000	82.3	82.3	 427	unbonded
2438	   0	81.7	81.7	 644	OK
2439	1000	84.2	84.2	 400	unbonded
2440	   0	85.7	85.7	 608	OK
2441	   0	82.1	82.1	 643	OK
2442	   0	79.2	79.2	 565	OK
2443	   0	91.5	91.5	 602	OK
2444	   0	86.1	86.1	 578	OK
2445	   0	87.7	87.7	 626	OK
2446	1000	85.2	85.2	 506	unbonded
2447	   0	86.3	86.3	 630	OK
2448	   0	90.5	90.5	 592	OK
2449	   0	84.4	84.4	 603	OK
2450	   0	90.0	90.0	 588	OK
2451	   0	86.6	86.6	 598	OK
2452	   0	87.4	87.4	 717	OK
2453	   0	85.9	85.9	 585	OK
2454	1000	85.5	85.5	 517	unbonded
2455	   0	82.3	82.3	 704	OK
2456	   0	87.6	87.6	 664	OK
2457	4000	87.3	87.3	 758	high noise
2458	   0	89.3	89.3	 626	OK
2459	   0	90.2	90.2	 634	OK
2460	   0	89.1	89.1	 716	OK
2461	   0	88.6	88.6	 607	OK
2462	   0	83.7	83.7	 595	OK
2463	   0	93.4	93.4	 620	OK
2464	   0	81.9	81.9	 610	OK
2465	4000	92.1	92.1	 773	high noise
2466	   0	88.5	88.5	 703	OK
2467	   0	88.1	88.1	 614	OK
2468	   0	86.9	86.9	 648	OK
2469	   0	84.8	84.8	 706	OK
2470	   0	87.2	87.2	 631	OK
2471	   0	82.7	82.7	 594	OK
2472	   0	83.6	83.6	 567	OK
2473	4000	79.2	79.2	 734	high noise
2474	   0	89.5	89.5	 568	OK
2475	   0	94.4	94.4	 675	OK
2476	1000	86.7	86.7	 392	unbonded
2477	   0	85.2	85.2	 642	OK
2478	   0	92.8	92.8	 622	OK
2479	   0	89.7	89.7	 652	OK
2480	   0	84.9	84.9	 608	OK
2481	   0	84.8	84.8	 698	OK
2482	1000	96.8	96.8	 511	unbonded
2483	4000	84.1	84.1	 749	high noise
2484	   0	89.3	89.3	 625	OK
2485	   0	94.1	94.1	 675	OK
2486	   0	87.0	87.0	 675	OK
2487	   0	88.0	88.0	 591	OK
2488	   0	86.2	86.2	 648	OK
2489	4000	92.4	92.4	 738	high noise
2490	   0	93.1	93.1	 597	OK
2491	   0	91.3	91.3	 703	OK
2492	   0	90.1	90.1	 642	OK
2493	1000	92.1	92.1	 507	unbonded
2494	   0	83.5	83.5	 665	OK
2495	   0	87.2	87.2	 703	OK
2496	   0	92.7	92.7	 670	OK
2497	   0	89.7	89.7	 715	OK
2498	   0	87.3	87.3	 666	OK
2499	4000	88.9	88.9	 724	high noise
2500	   0	87.6	87.6	 656	OK
2501	4000	87.1	87.1	 758	high noise
2502	   0	87.5	87.5	 666	OK
2503	1000	81.5	81.5	 477	unbonded
2504	1000	92.4	92.4	 515	unbonded
2505	   0	94.9	94.9	 608	OK
2506	   0	89.2	89.2	 628	OK
2507	   0	81.9	81.9	 606	OK
2508	   0	82.6	82.6	 562	OK
2509	4000	81.5	81.5	 757	high noise
2510	4000	82.8	82.8	 728	high noise
2511	1000	82.8	82.8	 523	unbonded
2512	   0	80.8	80.8	 613	OK
2513	   0	83.3	83.3	 544	OK
2514	   0	85.8	85.8	 588	OK
2515	   0	86.4	86.4	 639	OK
2516	   0	94.8	94.8	 564	OK
2517	4000	80.8	80.8	 730	high noise
2518	   0	87.2	87.2	 587	OK
2519	   0	84.6	84.6	 666	OK
2520	1000	89.3	89.3	 531	unbonded
2521	   0	91.4	91.4	 606	OK
2522	   0	92.7	92.7	 678	OK
2523	   0	83.6	83.6	 660	OK
2524	   0	89.9	89.9	 555	OK
2525	   0	83.5	83.5	 624	OK
2526	1000	84.7	84.7	 522	unbonded
2527	   0	82.6	82.6	 605	OK
2528	4000	91.1	91.1	 753	high noise
2529	   0	80.9	80.9	 597	OK
2530	1000	85.3	85.3	 540	unbonded
2531	   0	88.1	88.1	 588	OK
2532	   0	93.0	93.0	 583	OK
2533	   0	87.8	87.8	 679	OK
2534	   0	91.5	91.5	 586	OK
2535	4000	88.5	88.5	 792	high noise
2536	   0	89.2	89.2	 644	OK
2537	   0	83.2	83.2	 632	OK
2538	1000	81.6	81.6	 508	unbonded
2539	   0	86.4	86.4	 600	OK
2540	   0	84.5	84.5	 541	OK
2541	1000	91.7	91.7	 531	unbonded
2542	   0	91.5	91.5	 615	OK
2543	   0	94.6	94.6	 715	OK
2544	   0	86.5	86.5	 627	OK
2545	   0	94.9	94.9	 572	OK
2546	   0	82.9	82.9	 586	OK
2547	   0	86.1	86.1	 659	OK
2548	   0	81.0	81.0	 547	OK
2549	   0	92.9	92.9	 683	OK
2550	   0	84.0	84.0	 609	OK
2551	   0	86.8	86.8	 608	OK
2552	4000	88.3	88.3	 749	high noise
2553	   0	87.3	87.3	 563	OK
2554	4000	83.6	83.6	 734	high noise
2555	   0	80.7	80.7	 576	OK
2556	   0	84.6	84.6	 646	OK
2557	   0	87.3	87.3	 607	OK
2558	4000	82.6	82.6	 721	high noise
2559	4000	86.5	86.5	 762	high noise
