#chan	code	gain	offset	innse	comment
   0	   0	87.8	87.8	 741	OK
   1	   0	91.0	91.0	 680	OK
   2	   0	96.2	96.2	 719	OK
   3	   0	86.7	86.7	 699	OK
   4	1000	89.3	89.3	 450	unbonded
   5	   0	86.7	86.7	 722	OK
   6	   0	88.5	88.5	 677	OK
   7	   0	87.2	87.2	 745	OK
   8	   0	86.1	86.1	 639	OK
   9	   0	89.1	89.1	 599	OK
  10	   0	85.1	85.1	 688	OK
  11	   0	95.2	95.2	 643	OK
  12	1000	96.4	96.4	 513	unbonded
  13	   0	87.9	87.9	 568	OK
  14	   0	92.3	92.3	 563	OK
  15	   0	87.5	87.5	 555	OK
  16	4000	86.8	86.8	 768	high noise
  17	   0	93.8	93.8	 568	OK
  18	1000	91.5	91.5	 507	unbonded
  19	   0	95.7	95.7	 567	OK
  20	   0	92.9	92.9	 583	OK
  21	   0	91.7	91.7	 625	OK
  22	   0	84.8	84.8	 719	OK
  23	   0	88.5	88.5	 640	OK
  24	   0	87.8	87.8	 620	OK
  25	   0	88.7	88.7	 609	OK
  26	   0	87.6	87.6	 731	OK
  27	   0	90.9	90.9	 674	OK
  28	   0	89.5	89.5	 697	OK
  29	   0	90.4	90.4	 718	OK
  30	1000	93.2	93.2	 524	unbonded
  31	   0	90.3	90.3	 677	OK
  32	   0	85.1	85.1	 632	OK
  33	   0	95.7	95.7	 654	OK
  34	   0	82.0	82.0	 731	OK
  35	1000	86.5	86.5	 528	unbonded
  36	   0	94.3	94.3	 720	OK
  37	   0	92.8	92.8	 665	OK
  38	   0	91.9	91.9	 711	OK
  39	   0	91.1	91.1	 607	OK
  40	1000	90.6	90.6	 493	unbonded
  41	4000	87.7	87.7	 790	high noise
  42	   0	89.3	89.3	 655	OK
  43	   0	93.9	93.9	 575	OK
  44	   0	89.6	89.6	 548	OK
  45	   0	85.8	85.8	 748	OK
  46	   0	93.3	93.3	 667	OK
  47	   0	93.6	93.6	 636	OK
  48	   0	91.2	91.2	 653	OK
  49	   0	89.8	89.8	 638	OK
  50	4000	95.3	95.3	 798	high noise
  51	   0	93.3	93.3	 692	OK
  52	1000	87.2	87.2	 520	unbonded
  53	   0	94.3	94.3	 761	OK
  54	   0	96.1	96.1	 664	OK
  55	   0	92.3	92.3	 756	OK
  56	   0	96.8	96.8	 604	OK
  57	   0	83.1	83.1	 709	OK
  58	4000	97.6	97.6	 789	high noise
  59	   0	91.1	91.1	 583	OK
  60	   0	91.3	91.3	 701	OK
  61	   0	90.2	90.2	 668	OK
  62	   0	94.1	94.1	 614	OK
  63	1000	88.3	88.3	 486	unbonded
  64	1000	95.2	95.2	 535	unbonded
  65	   0	95.1	95.1	 680	OK
  66	   0	89.2	89.2	 726	OK
  67	   0	94.3	94.3	 687	OK
  68	   0	88.8	88.8	 549	OK
  69	   0	79.5	79.5	 684	OK
  70	   0	83.5	83.5	 707	OK
  71	4000	91.2	91.2	 857	high noise
  72	   0	88.8	88.8	 716	OK
  73	4000	92.3	92.3	 781	high noise
  74	   0	87.2	87.2	 615	OK
  75	   0	91.4	91.4	 601	OK
  76	   0	85.7	85.7	 747	OK
  77	   0	88.7	88.7	 666	OK
  78	   0	97.3	97.3	 634	OK
  79	   0	88.2	88.2	 743	OK
  80	   0	83.7	83.7	 722	OK
  81	   0	89.2	89.2	 600	OK
  82	   0	89.0	89.0	 687	OK
  83	   0	91.0	91.0	 659	OK
  84	   0	88.5	88.5	 719	OK
  85	   0	83.3	83.3	 647	OK
  86	   0	89.0	89.0	 635	OK
  87	4000	95.5	95.5	 826	high noise
  88	   0	84.6	84.6	 705	OK
  89	   0	89.4	89.4	 581	OK
  90	4000	88.1	88.1	 765	high noise
  91	   0	89.2	89.2	 652	OK
  92	   0	96.3	96.3	 643	OK
  93	   0	88.5	88.5	 606	OK
  94	   0	88.0	88.0	 707	OK
  95	1000	91.3	91.3	 493	unbonded
  96	   0	89.8	89.8	 546	OK
  97	   0	84.4	84.4	 634	OK
  98	   0	91.3	91.3	 741	OK
  99	   0	91.8	91.8	 633	OK
 100	   0	95.3	95.3	 662	OK
 101	   0	92.0	92.0	 602	OK
 102	   0	86.5	86.5	 731	OK
 103	   0	89.0	89.0	 622	OK
 104	4000	86.0	86.0	 775	high noise
 105	   0	83.8	83.8	 646	OK
 106	4000	94.1	94.1	 778	high noise
 107	4000	88.7	88.7	 776	high noise
 108	   0	88.7	88.7	 570	OK
 109	   0	85.9	85.9	 646	OK
 110	   0	95.4	95.4	 586	OK
 111	   0	81.8	81.8	 637	OK
 112	4000	95.0	95.0	 773	high noise
 113	   0	90.8	90.8	 718	OK
 114	   0	91.1	91.1	 655	OK
 115	4000	88.9	88.9	 821	high noise
 116	4000	87.6	87.6	 849	high noise
 117	   0	83.9	83.9	 750	OK
 118	   0	82.9	82.9	 565	OK
 119	   0	89.7	89.7	 707	OK
 120	   0	88.1	88.1	 661	OK
 121	   0	90.9	90.9	 726	OK
 122	   0	82.7	82.7	 647	OK
 123	   0	91.2	91.2	 645	OK
 124	4000	80.3	80.3	 766	high noise
 125	   0	90.3	90.3	 708	OK
 126	   0	90.2	90.2	 745	OK
 127	   0	91.8	91.8	 756	OK
 128	   0	80.9	80.9	 601	OK
 129	   0	80.2	80.2	 781	OK
 130	   0	78.1	78.1	 794	OK
 131	   0	83.8	83.8	 770	OK
 132	   0	79.1	79.1	 668	OK
 133	   0	80.4	80.4	 798	OK
 134	   0	80.8	80.8	 779	OK
 135	   0	82.7	82.7	 649	OK
 136	   0	87.2	87.2	 719	OK
 137	   0	79.3	79.3	 852	OK
 138	4000	80.7	80.7	 874	high noise
 139	   0	72.5	72.5	 667	OK
 140	   0	78.3	78.3	 790	OK
 141	   0	85.7	85.7	 705	OK
 142	   0	86.6	86.6	 694	OK
 143	   0	76.4	76.4	 823	OK
 144	   0	88.0	88.0	 789	OK
 145	   0	81.4	81.4	 795	OK
 146	   0	84.5	84.5	 744	OK
 147	   0	85.5	85.5	 715	OK
 148	   0	78.6	78.6	 684	OK
 149	   0	74.2	74.2	 806	OK
 150	   0	85.8	85.8	 766	OK
 151	   0	84.4	84.4	 726	OK
 152	4000	80.0	80.0	 906	high noise
 153	   0	82.4	82.4	 738	OK
 154	   0	82.4	82.4	 679	OK
 155	   0	86.1	86.1	 794	OK
 156	   0	82.8	82.8	 739	OK
 157	   0	78.9	78.9	 785	OK
 158	   0	88.7	88.7	 693	OK
 159	   0	81.2	81.2	 783	OK
 160	   0	74.6	74.6	 837	OK
 161	   0	81.9	81.9	 692	OK
 162	   0	81.8	81.8	 777	OK
 163	   0	75.4	75.4	 650	OK
 164	4000	78.6	78.6	 872	high noise
 165	   0	83.5	83.5	 712	OK
 166	   0	85.8	85.8	 741	OK
 167	   0	80.5	80.5	 815	OK
 168	   0	83.9	83.9	 649	OK
 169	   0	80.4	80.4	 854	OK
 170	   0	89.1	89.1	 797	OK
 171	   0	84.9	84.9	 849	OK
 172	   0	83.0	83.0	 727	OK
 173	   0	82.9	82.9	 750	OK
 174	4000	76.5	76.5	 902	high noise
 175	   0	86.8	86.8	 729	OK
 176	   0	76.4	76.4	 806	OK
 177	   0	87.5	87.5	 680	OK
 178	   0	87.9	87.9	 804	OK
 179	   0	84.0	84.0	 693	OK
 180	   0	86.1	86.1	 775	OK
 181	   0	82.5	82.5	 782	OK
 182	   0	90.7	90.7	 792	OK
 183	   0	85.4	85.4	 835	OK
 184	   0	84.2	84.2	 731	OK
 185	   0	81.2	81.2	 732	OK
 186	   0	89.5	89.5	 769	OK
 187	   0	89.5	89.5	 776	OK
 188	1000	85.2	85.2	 539	unbonded
 189	   0	85.7	85.7	 660	OK
 190	   0	82.6	82.6	 808	OK
 191	   0	86.9	86.9	 660	OK
 192	4000	90.4	90.4	 897	high noise
 193	   0	81.3	81.3	 704	OK
 194	   0	86.8	86.8	 696	OK
 195	   0	82.5	82.5	 714	OK
 196	   0	82.8	82.8	 663	OK
 197	4000	83.0	83.0	 905	high noise
 198	   0	86.7	86.7	 690	OK
 199	   0	82.5	82.5	 855	OK
 200	   0	77.5	77.5	 624	OK
 201	   0	83.1	83.1	 838	OK
 202	   0	80.9	80.9	 690	OK
 203	   0	82.7	82.7	 797	OK
 204	   0	86.0	86.0	 844	OK
 205	   0	84.3	84.3	 706	OK
 206	4000	80.1	80.1	 990	high noise
 207	   0	85.0	85.0	 659	OK
 208	   0	80.7	80.7	 665	OK
 209	   0	84.3	84.3	 753	OK
 210	   0	78.5	78.5	 805	OK
 211	   0	79.5	79.5	 607	OK
 212	   0	76.3	76.3	 738	OK
 213	   0	77.5	77.5	 738	OK
 214	   0	86.1	86.1	 813	OK
 215	   0	84.6	84.6	 563	OK
 216	   0	77.7	77.7	 811	OK
 217	   0	80.0	80.0	 742	OK
 218	   0	79.3	79.3	 771	OK
 219	   0	80.6	80.6	 653	OK
 220	   0	87.4	87.4	 670	OK
 221	   0	78.6	78.6	 673	OK
 222	   0	86.6	86.6	 842	OK
 223	   0	84.0	84.0	 635	OK
 224	   0	81.0	81.0	 730	OK
 225	   0	80.0	80.0	 753	OK
 226	   0	81.0	81.0	 798	OK
 227	4000	85.9	85.9	 913	high noise
 228	   0	80.1	80.1	 746	OK
 229	   0	77.2	77.2	 755	OK
 230	   0	78.5	78.5	 804	OK
 231	   0	82.9	82.9	 808	OK
 232	   0	82.8	82.8	 774	OK
 233	   0	79.6	79.6	 770	OK
 234	   0	82.8	82.8	 819	OK
 235	   0	84.9	84.9	 643	OK
 236	   0	82.8	82.8	 670	OK
 237	   0	82.0	82.0	 648	OK
 238	   0	82.1	82.1	 822	OK
 239	4000	80.4	80.4	 893	high noise
 240	   0	85.6	85.6	 717	OK
 241	   0	78.1	78.1	 706	OK
 242	   0	81.8	81.8	 624	OK
 243	   0	81.8	81.8	 785	OK
 244	   0	83.8	83.8	 726	OK
 245	   0	81.8	81.8	 839	OK
 246	   0	84.2	84.2	 805	OK
 247	   0	83.1	83.1	 702	OK
 248	4000	77.8	77.8	 899	high noise
 249	   0	85.3	85.3	 795	OK
 250	   0	78.6	78.6	 776	OK
 251	   0	80.8	80.8	 813	OK
 252	4000	79.6	79.6	 917	high noise
 253	   0	74.5	74.5	 795	OK
 254	   0	80.7	80.7	 846	OK
 255	   0	84.4	84.4	 813	OK
 256	   0	80.6	80.6	 562	OK
 257	   0	82.8	82.8	 625	OK
 258	4000	77.7	77.7	 824	high noise
 259	4000	78.5	78.5	 853	high noise
 260	   0	80.9	80.9	 788	OK
 261	   0	76.7	76.7	 643	OK
 262	   0	77.5	77.5	 623	OK
 263	   0	80.0	80.0	 690	OK
 264	   0	82.0	82.0	 800	OK
 265	   0	80.2	80.2	 790	OK
 266	   0	82.3	82.3	 623	OK
 267	   0	84.3	84.3	 593	OK
 268	   0	76.9	76.9	 760	OK
 269	   0	75.1	75.1	 689	OK
 270	   0	79.6	79.6	 781	OK
 271	   0	78.8	78.8	 647	OK
 272	   0	78.4	78.4	 753	OK
 273	   0	84.1	84.1	 740	OK
 274	   0	80.9	80.9	 793	OK
 275	1000	85.2	85.2	 481	unbonded
 276	4000	79.9	79.9	 820	high noise
 277	   0	72.2	72.2	 750	OK
 278	   0	78.5	78.5	 787	OK
 279	   0	80.2	80.2	 776	OK
 280	   0	84.1	84.1	 681	OK
 281	   0	78.3	78.3	 791	OK
 282	   0	83.1	83.1	 686	OK
 283	   0	79.9	79.9	 700	OK
 284	   0	77.6	77.6	 758	OK
 285	1000	79.1	79.1	 534	unbonded
 286	   0	81.8	81.8	 683	OK
 287	   0	79.4	79.4	 800	OK
 288	   0	79.1	79.1	 548	OK
 289	   0	81.7	81.7	 769	OK
 290	   0	78.0	78.0	 728	OK
 291	   0	79.6	79.6	 619	OK
 292	4000	76.4	76.4	 832	high noise
 293	   0	78.8	78.8	 775	OK
 294	   0	76.1	76.1	 572	OK
 295	   0	81.8	81.8	 714	OK
 296	   0	77.2	77.2	 576	OK
 297	   0	76.7	76.7	 683	OK
 298	   0	77.3	77.3	 717	OK
 299	4000	87.6	87.6	 821	high noise
 300	   0	81.6	81.6	 636	OK
 301	   0	77.2	77.2	 734	OK
 302	   0	78.8	78.8	 653	OK
 303	   0	77.4	77.4	 750	OK
 304	   0	79.5	79.5	 703	OK
 305	   0	76.1	76.1	 761	OK
 306	   0	73.8	73.8	 706	OK
 307	4000	75.1	75.1	 847	high noise
 308	   0	77.5	77.5	 781	OK
 309	   0	80.6	80.6	 784	OK
 310	1000	85.7	85.7	 536	unbonded
 311	   0	79.4	79.4	 603	OK
 312	4000	74.9	74.9	 879	high noise
 313	   0	86.2	86.2	 590	OK
 314	   0	84.1	84.1	 636	OK
 315	   0	78.1	78.1	 812	OK
 316	   0	79.9	79.9	 656	OK
 317	   0	76.0	76.0	 700	OK
 318	   0	76.7	76.7	 652	OK
 319	   0	87.9	87.9	 643	OK
 320	4000	86.0	86.0	 869	high noise
 321	   0	81.8	81.8	 588	OK
 322	   0	79.0	79.0	 759	OK
 323	   0	82.1	82.1	 715	OK
 324	   0	81.2	81.2	 665	OK
 325	4000	82.4	82.4	 876	high noise
 326	1000	78.5	78.5	 524	unbonded
 327	4000	78.7	78.7	 843	high noise
 328	   0	82.1	82.1	 614	OK
 329	   0	79.1	79.1	 646	OK
 330	   0	81.0	81.0	 780	OK
 331	   0	86.3	86.3	 755	OK
 332	   0	82.3	82.3	 761	OK
 333	1000	85.0	85.0	 530	unbonded
 334	   0	81.1	81.1	 675	OK
 335	   0	77.4	77.4	 789	OK
 336	   0	80.6	80.6	 668	OK
 337	   0	82.2	82.2	 660	OK
 338	   0	82.5	82.5	 652	OK
 339	   0	84.1	84.1	 609	OK
 340	   0	79.1	79.1	 710	OK
 341	   0	84.3	84.3	 792	OK
 342	   0	79.7	79.7	 747	OK
 343	   0	83.2	83.2	 546	OK
 344	   0	74.8	74.8	 703	OK
 345	   0	73.2	73.2	 717	OK
 346	   0	74.4	74.4	 763	OK
 347	   0	84.3	84.3	 584	OK
 348	   0	84.5	84.5	 793	OK
 349	   0	78.4	78.4	 702	OK
 350	   0	77.8	77.8	 737	OK
 351	   0	75.6	75.6	 790	OK
 352	   0	76.6	76.6	 720	OK
 353	   0	76.5	76.5	 717	OK
 354	   0	76.1	76.1	 805	OK
 355	   0	88.4	88.4	 730	OK
 356	   0	84.4	84.4	 677	OK
 357	   0	81.0	81.0	 630	OK
 358	   0	82.0	82.0	 576	OK
 359	   0	80.8	80.8	 770	OK
 360	   0	74.1	74.1	 694	OK
 361	   0	83.9	83.9	 685	OK
 362	   0	78.8	78.8	 578	OK
 363	   0	79.2	79.2	 799	OK
 364	   0	78.6	78.6	 764	OK
 365	4000	79.6	79.6	 855	high noise
 366	   0	75.2	75.2	 655	OK
 367	   0	71.2	71.2	 710	OK
 368	   0	86.1	86.1	 749	OK
 369	   0	80.5	80.5	 751	OK
 370	   0	78.4	78.4	 683	OK
 371	   0	77.8	77.8	 760	OK
 372	   0	78.6	78.6	 546	OK
 373	   0	76.3	76.3	 800	OK
 374	   0	82.2	82.2	 625	OK
 375	   0	77.6	77.6	 717	OK
 376	   0	78.4	78.4	 730	OK
 377	   0	82.2	82.2	 770	OK
 378	   0	80.6	80.6	 683	OK
 379	   0	77.8	77.8	 628	OK
 380	   0	84.9	84.9	 750	OK
 381	   0	69.8	69.8	 671	OK
 382	   0	76.2	76.2	 725	OK
 383	4000	76.8	76.8	 851	high noise
 384	   0	84.9	84.9	 675	OK
 385	   0	90.9	90.9	 747	OK
 386	   0	85.9	85.9	 722	OK
 387	   0	85.4	85.4	 618	OK
 388	1000	84.9	84.9	 484	unbonded
 389	   0	87.4	87.4	 652	OK
 390	   0	81.9	81.9	 712	OK
 391	   0	81.2	81.2	 635	OK
 392	4000	84.1	84.1	 807	high noise
 393	   0	81.1	81.1	 605	OK
 394	   0	82.7	82.7	 632	OK
 395	   0	87.4	87.4	 655	OK
 396	   0	83.3	83.3	 686	OK
 397	   0	86.8	86.8	 626	OK
 398	   0	85.6	85.6	 596	OK
 399	   0	80.5	80.5	 582	OK
 400	   0	86.5	86.5	 664	OK
 401	   0	83.6	83.6	 683	OK
 402	   0	88.8	88.8	 610	OK
 403	   0	92.3	92.3	 573	OK
 404	   0	86.1	86.1	 619	OK
 405	   0	89.8	89.8	 619	OK
 406	   0	82.3	82.3	 566	OK
 407	   0	85.6	85.6	 722	OK
 408	   0	90.1	90.1	 660	OK
 409	   0	87.4	87.4	 738	OK
 410	   0	82.2	82.2	 578	OK
 411	   0	89.4	89.4	 720	OK
 412	   0	88.4	88.4	 670	OK
 413	   0	86.2	86.2	 663	OK
 414	   0	85.7	85.7	 625	OK
 415	4000	81.5	81.5	 834	high noise
 416	   0	87.9	87.9	 737	OK
 417	   0	87.4	87.4	 591	OK
 418	1000	89.9	89.9	 477	unbonded
 419	   0	80.8	80.8	 677	OK
 420	4000	86.5	86.5	 825	high noise
 421	   0	86.3	86.3	 542	OK
 422	   0	81.3	81.3	 739	OK
 423	   0	80.5	80.5	 627	OK
 424	   0	89.0	89.0	 596	OK
 425	1000	87.0	87.0	 494	unbonded
 426	   0	87.3	87.3	 597	OK
 427	   0	87.6	87.6	 608	OK
 428	   0	90.8	90.8	 590	OK
 429	   0	88.7	88.7	 639	OK
 430	   0	83.0	83.0	 640	OK
 431	   0	94.0	94.0	 657	OK
 432	   0	94.0	94.0	 577	OK
 433	   0	90.5	90.5	 614	OK
 434	   0	90.5	90.5	 627	OK
 435	   0	90.1	90.1	 651	OK
 436	   0	88.4	88.4	 718	OK
 437	   0	91.0	91.0	 645	OK
 438	   0	75.9	75.9	 696	OK
 439	   0	85.6	85.6	 628	OK
 440	   0	88.7	88.7	 669	OK
 441	   0	95.1	95.1	 644	OK
 442	   0	77.0	77.0	 604	OK
 443	   0	85.6	85.6	 638	OK
 444	   0	92.2	92.2	 666	OK
 445	   0	81.2	81.2	 608	OK
 446	   0	88.4	88.4	 680	OK
 447	   0	91.1	91.1	 574	OK
 448	   0	96.2	96.2	 655	OK
 449	   0	83.2	83.2	 632	OK
 450	   0	85.9	85.9	 718	OK
 451	   0	87.4	87.4	 684	OK
 452	   0	86.8	86.8	 631	OK
 453	   0	86.5	86.5	 723	OK
 454	   0	88.4	88.4	 748	OK
 455	   0	85.4	85.4	 593	OK
 456	   0	81.7	81.7	 749	OK
 457	4000	86.8	86.8	 764	high noise
 458	8000	85.0	85.0	 540	partbonded
 459	4000	88.9	88.9	 754	high noise
 460	   0	86.1	86.1	 562	OK
 461	4000	87.5	87.5	 785	high noise
 462	4000	85.7	85.7	 770	high noise
 463	   0	87.4	87.4	 599	OK
 464	   0	96.3	96.3	 585	OK
 465	   0	90.5	90.5	 697	OK
 466	   0	89.2	89.2	 713	OK
 467	   0	86.3	86.3	 660	OK
 468	   0	88.7	88.7	 725	OK
 469	4000	94.8	94.8	 752	high noise
 470	   0	89.5	89.5	 570	OK
 471	   0	88.5	88.5	 732	OK
 472	   0	83.5	83.5	 588	OK
 473	   0	90.5	90.5	 723	OK
 474	   0	87.6	87.6	 664	OK
 475	   0	86.3	86.3	 641	OK
 476	   0	82.1	82.1	 580	OK
 477	   0	82.7	82.7	 608	OK
 478	   0	88.5	88.5	 736	OK
 479	   0	88.7	88.7	 682	OK
 480	   0	86.0	86.0	 657	OK
 481	   0	88.1	88.1	 547	OK
 482	1000	83.5	83.5	 532	unbonded
 483	4000	78.8	78.8	 794	high noise
 484	   0	90.0	90.0	 713	OK
 485	   0	86.3	86.3	 627	OK
 486	   0	78.8	78.8	 642	OK
 487	   0	84.7	84.7	 595	OK
 488	4000	82.7	82.7	 779	high noise
 489	   0	85.8	85.8	 603	OK
 490	   0	87.9	87.9	 625	OK
 491	   0	89.0	89.0	 644	OK
 492	4000	86.7	86.7	 768	high noise
 493	   0	86.9	86.9	 626	OK
 494	1000	86.6	86.6	 520	unbonded
 495	   0	81.6	81.6	 594	OK
 496	   0	89.1	89.1	 745	OK
 497	   0	82.8	82.8	 668	OK
 498	   0	86.4	86.4	 549	OK
 499	   0	86.3	86.3	 560	OK
 500	   0	90.9	90.9	 744	OK
 501	   0	88.6	88.6	 703	OK
 502	1000	80.5	80.5	 470	unbonded
 503	   0	80.3	80.3	 636	OK
 504	   0	90.6	90.6	 743	OK
 505	4000	90.0	90.0	 752	high noise
 506	1000	89.8	89.8	 521	unbonded
 507	   0	87.5	87.5	 687	OK
 508	   0	87.1	87.1	 750	OK
 509	   0	82.9	82.9	 640	OK
 510	   0	86.9	86.9	 683	OK
 511	   0	87.3	87.3	 665	OK
 512	   0	80.5	80.5	 720	OK
 513	   0	78.3	78.3	 746	OK
 514	   0	80.0	80.0	 858	OK
 515	   0	79.3	79.3	 567	OK
 516	   0	81.4	81.4	 717	OK
 517	   0	71.9	71.9	 746	OK
 518	4000	73.3	73.3	 868	high noise
 519	   0	78.0	78.0	 675	OK
 520	   0	81.2	81.2	 810	OK
 521	   0	75.6	75.6	 754	OK
 522	4000	76.0	76.0	 917	high noise
 523	4000	78.9	78.9	 920	high noise
 524	   0	78.0	78.0	 681	OK
 525	   0	77.3	77.3	 690	OK
 526	   0	81.0	81.0	 606	OK
 527	   0	81.2	81.2	 722	OK
 528	   0	77.8	77.8	 781	OK
 529	   0	82.6	82.6	 635	OK
 530	   0	79.6	79.6	 635	OK
 531	   0	75.7	75.7	 772	OK
 532	   0	81.3	81.3	 755	OK
 533	   0	75.5	75.5	 777	OK
 534	   0	73.0	73.0	 842	OK
 535	   0	82.9	82.9	 817	OK
 536	1000	78.6	78.6	 509	unbonded
 537	   0	78.1	78.1	 742	OK
 538	   0	75.3	75.3	 816	OK
 539	4000	75.2	75.2	 906	high noise
 540	4000	75.6	75.6	 869	high noise
 541	   0	77.0	77.0	 734	OK
 542	   0	75.8	75.8	 755	OK
 543	   0	85.2	85.2	 702	OK
 544	   0	80.0	80.0	 722	OK
 545	   0	77.1	77.1	 786	OK
 546	   0	79.2	79.2	 716	OK
 547	   0	75.9	75.9	 648	OK
 548	   0	80.3	80.3	 695	OK
 549	   0	74.8	74.8	 690	OK
 550	   0	68.3	68.3	 691	OK
 551	   0	80.9	80.9	 785	OK
 552	   0	69.9	69.9	 863	OK
 553	   0	74.9	74.9	 609	OK
 554	   0	78.7	78.7	 693	OK
 555	   0	74.8	74.8	 845	OK
 556	   0	72.3	72.3	 859	OK
 557	   0	82.6	82.6	 707	OK
 558	4000	76.2	76.2	 871	high noise
 559	4000	75.1	75.1	 979	high noise
 560	   0	78.7	78.7	 713	OK
 561	   0	81.9	81.9	 771	OK
 562	   0	72.1	72.1	 755	OK
 563	   0	81.8	81.8	 723	OK
 564	4000	84.4	84.4	 871	high noise
 565	   0	79.7	79.7	 701	OK
 566	   0	78.5	78.5	 671	OK
 567	   0	75.5	75.5	 715	OK
 568	   0	79.3	79.3	 709	OK
 569	   0	75.7	75.7	 786	OK
 570	4000	79.2	79.2	 896	high noise
 571	   0	76.4	76.4	 716	OK
 572	   0	80.0	80.0	 700	OK
 573	   0	79.7	79.7	 809	OK
 574	   0	79.4	79.4	 788	OK
 575	   0	78.0	78.0	 813	OK
 576	   0	81.4	81.4	 775	OK
 577	   0	83.7	83.7	 704	OK
 578	   0	74.5	74.5	 808	OK
 579	   0	85.2	85.2	 737	OK
 580	4000	77.8	77.8	 980	high noise
 581	   0	79.0	79.0	 726	OK
 582	4000	72.9	72.9	 917	high noise
 583	   0	78.5	78.5	 754	OK
 584	   0	72.9	72.9	 573	OK
 585	   0	78.9	78.9	 846	OK
 586	   0	72.2	72.2	 595	OK
 587	   0	74.0	74.0	 851	OK
 588	   0	81.8	81.8	 791	OK
 589	   0	83.7	83.7	 763	OK
 590	   0	84.9	84.9	 723	OK
 591	   0	70.8	70.8	 788	OK
 592	   0	77.3	77.3	 631	OK
 593	4000	73.3	73.3	 908	high noise
 594	   0	76.7	76.7	 849	OK
 595	   0	75.3	75.3	 842	OK
 596	   0	76.9	76.9	 667	OK
 597	   0	84.3	84.3	 679	OK
 598	   0	76.9	76.9	 632	OK
 599	   0	77.6	77.6	 678	OK
 600	   0	72.6	72.6	 863	OK
 601	   0	76.4	76.4	 722	OK
 602	   0	76.9	76.9	 847	OK
 603	   0	78.9	78.9	 630	OK
 604	   0	78.8	78.8	 648	OK
 605	   0	74.4	74.4	 625	OK
 606	   0	79.7	79.7	 823	OK
 607	   0	81.8	81.8	 665	OK
 608	   0	76.5	76.5	 684	OK
 609	   0	81.0	81.0	 551	OK
 610	   0	76.5	76.5	 866	OK
 611	   0	82.0	82.0	 815	OK
 612	   0	75.4	75.4	 782	OK
 613	   0	77.3	77.3	 737	OK
 614	   0	75.5	75.5	 806	OK
 615	   0	82.8	82.8	 591	OK
 616	   0	76.2	76.2	 716	OK
 617	   0	76.8	76.8	 834	OK
 618	   0	77.0	77.0	 553	OK
 619	   0	75.0	75.0	 774	OK
 620	   0	83.8	83.8	 694	OK
 621	   0	74.9	74.9	 805	OK
 622	4000	80.7	80.7	 903	high noise
 623	   0	74.7	74.7	 809	OK
 624	   0	78.2	78.2	 779	OK
 625	4000	74.6	74.6	 901	high noise
 626	   0	77.5	77.5	 799	OK
 627	   0	81.6	81.6	 722	OK
 628	4000	73.0	73.0	 988	high noise
 629	   0	79.4	79.4	 630	OK
 630	   0	79.1	79.1	 732	OK
 631	   0	77.3	77.3	 659	OK
 632	4000	74.9	74.9	 906	high noise
 633	   0	76.4	76.4	 732	OK
 634	   0	80.0	80.0	 715	OK
 635	   0	72.9	72.9	 798	OK
 636	   0	73.3	73.3	 823	OK
 637	   0	76.4	76.4	 709	OK
 638	   0	69.9	69.9	 775	OK
 639	   0	78.6	78.6	 670	OK
 640	   0	84.3	84.3	 592	OK
 641	   0	79.4	79.4	 765	OK
 642	   0	84.5	84.5	 697	OK
 643	4000	85.1	85.1	 836	high noise
 644	   0	81.1	81.1	 664	OK
 645	   0	87.1	87.1	 651	OK
 646	   0	84.8	84.8	 634	OK
 647	   0	90.1	90.1	 666	OK
 648	   0	82.4	82.4	 575	OK
 649	   0	86.3	86.3	 677	OK
 650	   0	85.8	85.8	 596	OK
 651	   0	89.6	89.6	 552	OK
 652	   0	92.3	92.3	 653	OK
 653	   0	84.3	84.3	 750	OK
 654	   0	92.6	92.6	 655	OK
 655	   0	84.0	84.0	 726	OK
 656	   0	89.2	89.2	 607	OK
 657	   0	88.3	88.3	 710	OK
 658	   0	82.9	82.9	 743	OK
 659	   0	85.9	85.9	 660	OK
 660	   0	88.9	88.9	 579	OK
 661	   0	82.9	82.9	 633	OK
 662	   0	87.2	87.2	 753	OK
 663	   0	82.6	82.6	 577	OK
 664	   0	83.8	83.8	 545	OK
 665	   0	85.9	85.9	 641	OK
 666	4000	84.0	84.0	 865	high noise
 667	   0	87.9	87.9	 602	OK
 668	   0	94.0	94.0	 698	OK
 669	   0	85.3	85.3	 688	OK
 670	   0	83.9	83.9	 642	OK
 671	   0	80.5	80.5	 672	OK
 672	   0	89.4	89.4	 600	OK
 673	   0	85.3	85.3	 666	OK
 674	   0	85.1	85.1	 556	OK
 675	   0	87.5	87.5	 720	OK
 676	   0	88.8	88.8	 652	OK
 677	   0	82.4	82.4	 624	OK
 678	   0	92.0	92.0	 647	OK
 679	   0	82.4	82.4	 640	OK
 680	   0	87.6	87.6	 665	OK
 681	   0	88.7	88.7	 668	OK
 682	   0	88.1	88.1	 606	OK
 683	   0	88.4	88.4	 721	OK
 684	   0	94.6	94.6	 628	OK
 685	   0	88.3	88.3	 714	OK
 686	   0	95.9	95.9	 636	OK
 687	   0	89.8	89.8	 736	OK
 688	   0	86.1	86.1	 740	OK
 689	4000	87.9	87.9	 793	high noise
 690	   0	86.1	86.1	 717	OK
 691	   0	94.1	94.1	 666	OK
 692	   0	93.4	93.4	 726	OK
 693	   0	89.9	89.9	 686	OK
 694	   0	87.5	87.5	 650	OK
 695	   0	95.0	95.0	 739	OK
 696	   0	90.3	90.3	 679	OK
 697	   0	88.2	88.2	 740	OK
 698	   0	94.8	94.8	 566	OK
 699	   0	94.9	94.9	 671	OK
 700	   0	91.7	91.7	 667	OK
 701	   0	89.2	89.2	 682	OK
 702	   0	97.6	97.6	 722	OK
 703	   0	85.5	85.5	 681	OK
 704	   0	92.3	92.3	 687	OK
 705	   0	91.4	91.4	 673	OK
 706	   0	82.8	82.8	 647	OK
 707	4000	86.6	86.6	 791	high noise
 708	   0	82.7	82.7	 649	OK
 709	   0	90.3	90.3	 573	OK
 710	   0	96.3	96.3	 746	OK
 711	   0	90.1	90.1	 642	OK
 712	   0	87.5	87.5	 728	OK
 713	   0	87.1	87.1	 670	OK
 714	   0	83.1	83.1	 613	OK
 715	   0	88.9	88.9	 640	OK
 716	   0	91.9	91.9	 750	OK
 717	   0	92.5	92.5	 737	OK
 718	   0	84.1	84.1	 679	OK
 719	   0	85.1	85.1	 569	OK
 720	   0	92.8	92.8	 674	OK
 721	   0	86.0	86.0	 743	OK
 722	   0	88.0	88.0	 600	OK
 723	   0	85.5	85.5	 751	OK
 724	   0	84.9	84.9	 643	OK
 725	   0	88.6	88.6	 596	OK
 726	   0	86.8	86.8	 667	OK
 727	   0	94.1	94.1	 648	OK
 728	4000	85.2	85.2	 831	high noise
 729	4000	88.1	88.1	 815	high noise
 730	   0	91.1	91.1	 560	OK
 731	   0	86.6	86.6	 708	OK
 732	   0	90.9	90.9	 624	OK
 733	   0	85.2	85.2	 651	OK
 734	   0	88.0	88.0	 712	OK
 735	   0	89.4	89.4	 688	OK
 736	   0	82.2	82.2	 609	OK
 737	   0	84.5	84.5	 631	OK
 738	   0	94.3	94.3	 594	OK
 739	   0	89.8	89.8	 726	OK
 740	   0	92.5	92.5	 744	OK
 741	   0	85.3	85.3	 633	OK
 742	   0	86.3	86.3	 710	OK
 743	   0	87.2	87.2	 630	OK
 744	   0	88.0	88.0	 682	OK
 745	   0	89.8	89.8	 689	OK
 746	   0	85.3	85.3	 612	OK
 747	   0	92.2	92.2	 740	OK
 748	   0	87.9	87.9	 554	OK
 749	   0	90.2	90.2	 723	OK
 750	   0	91.2	91.2	 640	OK
 751	4000	86.2	86.2	 791	high noise
 752	4000	84.3	84.3	 845	high noise
 753	   0	83.0	83.0	 578	OK
 754	   0	85.1	85.1	 652	OK
 755	   0	86.3	86.3	 739	OK
 756	4000	85.9	85.9	 799	high noise
 757	   0	92.6	92.6	 776	OK
 758	   0	84.2	84.2	 603	OK
 759	   0	88.9	88.9	 774	OK
 760	   0	84.1	84.1	 644	OK
 761	   0	87.7	87.7	 688	OK
 762	   0	88.0	88.0	 578	OK
 763	4000	84.4	84.4	 788	high noise
 764	   0	84.5	84.5	 739	OK
 765	   0	86.3	86.3	 676	OK
 766	   0	83.8	83.8	 657	OK
 767	   0	91.9	91.9	 722	OK
 768	   0	78.3	78.3	 710	OK
 769	   0	90.0	90.0	 759	OK
 770	   0	81.0	81.0	 717	OK
 771	   0	75.8	75.8	 753	OK
 772	   0	79.1	79.1	 711	OK
 773	   0	79.1	79.1	 620	OK
 774	   0	82.0	82.0	 648	OK
 775	   0	82.0	82.0	 745	OK
 776	   0	77.7	77.7	 631	OK
 777	4000	83.2	83.2	 875	high noise
 778	1000	85.8	85.8	 461	unbonded
 779	4000	78.0	78.0	 899	high noise
 780	   0	79.1	79.1	 749	OK
 781	   0	75.6	75.6	 768	OK
 782	   0	75.4	75.4	 785	OK
 783	   0	80.7	80.7	 634	OK
 784	   0	81.1	81.1	 692	OK
 785	   0	79.3	79.3	 591	OK
 786	   0	78.1	78.1	 649	OK
 787	   0	86.3	86.3	 740	OK
 788	   0	82.7	82.7	 626	OK
 789	   0	83.6	83.6	 702	OK
 790	   0	83.2	83.2	 777	OK
 791	   0	83.6	83.6	 646	OK
 792	   0	88.3	88.3	 759	OK
 793	4000	85.6	85.6	 888	high noise
 794	   0	81.3	81.3	 863	OK
 795	   0	85.9	85.9	 736	OK
 796	   0	79.6	79.6	 692	OK
 797	   0	81.0	81.0	 744	OK
 798	   0	82.7	82.7	 748	OK
 799	   0	81.1	81.1	 790	OK
 800	   0	87.8	87.8	 736	OK
 801	   0	84.6	84.6	 734	OK
 802	   0	80.4	80.4	 781	OK
 803	   0	78.3	78.3	 630	OK
 804	   0	79.6	79.6	 742	OK
 805	   0	83.9	83.9	 774	OK
 806	   0	78.0	78.0	 779	OK
 807	   0	76.2	76.2	 745	OK
 808	   0	81.1	81.1	 822	OK
 809	   0	82.9	82.9	 648	OK
 810	   0	82.8	82.8	 736	OK
 811	1000	75.5	75.5	 526	unbonded
 812	   0	81.3	81.3	 784	OK
 813	4000	82.8	82.8	 903	high noise
 814	   0	81.4	81.4	 738	OK
 815	   0	78.7	78.7	 871	OK
 816	   0	89.4	89.4	 667	OK
 817	   0	84.0	84.0	 828	OK
 818	   0	78.4	78.4	 655	OK
 819	   0	84.4	84.4	 754	OK
 820	4000	88.2	88.2	 910	high noise
 821	   0	79.2	79.2	 707	OK
 822	   0	78.2	78.2	 866	OK
 823	   0	87.9	87.9	 788	OK
 824	   0	77.4	77.4	 864	OK
 825	   0	76.6	76.6	 810	OK
 826	   0	82.5	82.5	 762	OK
 827	   0	83.1	83.1	 735	OK
 828	   0	81.3	81.3	 669	OK
 829	   0	85.2	85.2	 582	OK
 830	   0	77.2	77.2	 744	OK
 831	   0	81.5	81.5	 762	OK
 832	   0	86.9	86.9	 832	OK
 833	   0	82.3	82.3	 733	OK
 834	   0	76.7	76.7	 587	OK
 835	   0	89.3	89.3	 563	OK
 836	   0	93.8	93.8	 718	OK
 837	   0	81.8	81.8	 703	OK
 838	4000	91.1	91.1	 968	high noise
 839	   0	86.0	86.0	 714	OK
 840	   0	91.5	91.5	 719	OK
 841	   0	75.5	75.5	 784	OK
 842	   0	73.1	73.1	 845	OK
 843	   0	81.5	81.5	 705	OK
 844	   0	87.8	87.8	 742	OK
 845	4000	75.8	75.8	 895	high noise
 846	   0	84.1	84.1	 817	OK
 847	   0	83.8	83.8	 706	OK
 848	4000	80.7	80.7	 918	high noise
 849	   0	85.5	85.5	 823	OK
 850	   0	81.8	81.8	 641	OK
 851	   0	74.3	74.3	 671	OK
 852	   0	83.3	83.3	 844	OK
 853	   0	80.8	80.8	 779	OK
 854	   0	82.4	82.4	 812	OK
 855	   0	83.8	83.8	 870	OK
 856	4000	72.4	72.4	 888	high noise
 857	   0	82.3	82.3	 805	OK
 858	   0	84.7	84.7	 738	OK
 859	   0	80.4	80.4	 763	OK
 860	   0	74.6	74.6	 730	OK
 861	   0	85.0	85.0	 861	OK
 862	   0	81.4	81.4	 785	OK
 863	   0	81.4	81.4	 737	OK
 864	4000	84.5	84.5	1001	high noise
 865	   0	77.3	77.3	 689	OK
 866	   0	80.0	80.0	 828	OK
 867	   0	75.1	75.1	 676	OK
 868	   0	80.8	80.8	 787	OK
 869	   0	78.4	78.4	 852	OK
 870	4000	82.2	82.2	 918	high noise
 871	   0	80.3	80.3	 670	OK
 872	   0	76.7	76.7	 796	OK
 873	   0	78.6	78.6	 725	OK
 874	   0	84.2	84.2	 746	OK
 875	   0	73.9	73.9	 682	OK
 876	   0	77.5	77.5	 783	OK
 877	   0	81.3	81.3	 832	OK
 878	4000	80.1	80.1	 974	high noise
 879	   0	79.6	79.6	 872	OK
 880	   0	87.0	87.0	 846	OK
 881	   0	77.6	77.6	 822	OK
 882	4000	80.9	80.9	 942	high noise
 883	   0	81.4	81.4	 696	OK
 884	   0	82.8	82.8	 783	OK
 885	   0	79.9	79.9	 739	OK
 886	   0	81.9	81.9	 649	OK
 887	   0	80.0	80.0	 816	OK
 888	   0	81.1	81.1	 801	OK
 889	   0	84.9	84.9	 655	OK
 890	   0	81.3	81.3	 747	OK
 891	   0	80.5	80.5	 666	OK
 892	   0	83.8	83.8	 819	OK
 893	   0	85.4	85.4	 817	OK
 894	   0	79.9	79.9	 835	OK
 895	   0	82.8	82.8	 854	OK
 896	4000	80.4	80.4	 889	high noise
 897	4000	79.1	79.1	 905	high noise
 898	   0	76.7	76.7	 657	OK
 899	4000	79.8	79.8	 868	high noise
 900	   0	75.1	75.1	 768	OK
 901	   0	80.0	80.0	 617	OK
 902	   0	81.1	81.1	 821	OK
 903	   0	82.2	82.2	 659	OK
 904	   0	82.8	82.8	 757	OK
 905	   0	73.8	73.8	 666	OK
 906	4000	75.4	75.4	 924	high noise
 907	   0	75.0	75.0	 836	OK
 908	   0	74.6	74.6	 823	OK
 909	   0	79.0	79.0	 834	OK
 910	   0	83.8	83.8	 751	OK
 911	   0	82.2	82.2	 688	OK
 912	   0	75.0	75.0	 865	OK
 913	   0	79.8	79.8	 716	OK
 914	   0	74.5	74.5	 692	OK
 915	   0	75.2	75.2	 733	OK
 916	   0	74.6	74.6	 758	OK
 917	   0	77.2	77.2	 847	OK
 918	   0	77.4	77.4	 671	OK
 919	   0	73.7	73.7	 708	OK
 920	   0	77.7	77.7	 606	OK
 921	   0	73.0	73.0	 860	OK
 922	   0	82.2	82.2	 694	OK
 923	   0	75.6	75.6	 762	OK
 924	   0	76.5	76.5	 729	OK
 925	   0	74.8	74.8	 827	OK
 926	   0	71.9	71.9	 744	OK
 927	   0	77.6	77.6	 756	OK
 928	1000	77.5	77.5	 540	unbonded
 929	   0	78.1	78.1	 818	OK
 930	   0	80.5	80.5	 847	OK
 931	   0	81.4	81.4	 809	OK
 932	   0	78.6	78.6	 602	OK
 933	   0	76.0	76.0	 714	OK
 934	   0	79.7	79.7	 775	OK
 935	   0	81.3	81.3	 691	OK
 936	   0	74.0	74.0	 743	OK
 937	4000	74.7	74.7	 900	high noise
 938	   0	78.0	78.0	 720	OK
 939	   0	78.7	78.7	 853	OK
 940	   0	79.9	79.9	 727	OK
 941	   0	79.8	79.8	 821	OK
 942	   0	79.0	79.0	 774	OK
 943	   0	79.9	79.9	 827	OK
 944	   0	77.6	77.6	 780	OK
 945	   0	76.5	76.5	 791	OK
 946	   0	76.3	76.3	 845	OK
 947	   0	72.5	72.5	 760	OK
 948	   0	81.4	81.4	 832	OK
 949	   0	74.7	74.7	 657	OK
 950	   0	79.9	79.9	 711	OK
 951	   0	74.6	74.6	 768	OK
 952	   0	79.8	79.8	 643	OK
 953	   0	79.4	79.4	 842	OK
 954	4000	73.0	73.0	 903	high noise
 955	4000	78.1	78.1	 935	high noise
 956	   0	82.0	82.0	 735	OK
 957	   0	79.1	79.1	 606	OK
 958	   0	83.3	83.3	 755	OK
 959	   0	76.9	76.9	 777	OK
 960	   0	73.9	73.9	 751	OK
 961	   0	78.7	78.7	 722	OK
 962	   0	78.1	78.1	 633	OK
 963	   0	73.6	73.6	 841	OK
 964	4000	79.9	79.9	 867	high noise
 965	   0	90.2	90.2	 755	OK
 966	   0	77.4	77.4	 748	OK
 967	   0	76.7	76.7	 864	OK
 968	   0	74.1	74.1	 823	OK
 969	   0	74.6	74.6	 700	OK
 970	   0	75.1	75.1	 543	OK
 971	   0	76.2	76.2	 718	OK
 972	   0	81.6	81.6	 737	OK
 973	   0	77.9	77.9	 807	OK
 974	   0	75.6	75.6	 570	OK
 975	   0	75.2	75.2	 792	OK
 976	   0	78.7	78.7	 862	OK
 977	   0	78.0	78.0	 832	OK
 978	   0	71.7	71.7	 698	OK
 979	   0	77.0	77.0	 686	OK
 980	   0	73.7	73.7	 722	OK
 981	   0	73.6	73.6	 684	OK
 982	4000	66.8	66.8	 871	high noise
 983	   0	73.8	73.8	 749	OK
 984	   0	79.7	79.7	 628	OK
 985	   0	78.3	78.3	 796	OK
 986	   0	77.7	77.7	 705	OK
 987	   0	73.5	73.5	 706	OK
 988	   0	76.7	76.7	 755	OK
 989	   0	78.8	78.8	 716	OK
 990	4000	77.8	77.8	 871	high noise
 991	   0	74.3	74.3	 658	OK
 992	   0	70.6	70.6	 850	OK
 993	   0	76.5	76.5	 739	OK
 994	   0	72.8	72.8	 745	OK
 995	   0	78.9	78.9	 678	OK
 996	   0	71.7	71.7	 763	OK
 997	   0	74.3	74.3	 731	OK
 998	   0	75.7	75.7	 630	OK
 999	   0	73.4	73.4	 784	OK
1000	   0	76.3	76.3	 741	OK
1001	   0	77.2	77.2	 798	OK
1002	   0	73.6	73.6	 699	OK
1003	   0	70.7	70.7	 719	OK
1004	   0	75.7	75.7	 824	OK
1005	   0	70.3	70.3	 734	OK
1006	   0	76.5	76.5	 595	OK
1007	   0	77.3	77.3	 819	OK
1008	   0	70.4	70.4	 646	OK
1009	   0	73.9	73.9	 672	OK
1010	   0	76.8	76.8	 662	OK
1011	   0	74.3	74.3	 753	OK
1012	   0	73.1	73.1	 765	OK
1013	   0	74.5	74.5	 799	OK
1014	   0	74.0	74.0	 840	OK
1015	4000	74.8	74.8	 871	high noise
1016	   0	74.1	74.1	 741	OK
1017	   0	77.8	77.8	 707	OK
1018	   0	69.5	69.5	 745	OK
1019	   0	69.6	69.6	 714	OK
1020	   0	72.2	72.2	 737	OK
1021	   0	74.2	74.2	 778	OK
1022	   0	81.9	81.9	 718	OK
1023	   0	79.6	79.6	 718	OK
1024	   0	91.1	91.1	 625	OK
1025	   0	91.2	91.2	 683	OK
1026	   0	95.9	95.9	 631	OK
1027	   0	97.6	97.6	 704	OK
1028	   0	89.2	89.2	 723	OK
1029	   0	98.7	98.7	 571	OK
1030	   0	96.7	96.7	 547	OK
1031	1000	85.7	85.7	 537	unbonded
1032	4000	94.8	94.8	 845	high noise
1033	   0	90.4	90.4	 696	OK
1034	   0	94.8	94.8	 679	OK
1035	   0	94.4	94.4	 682	OK
1036	   0	89.9	89.9	 547	OK
1037	   0	96.4	96.4	 747	OK
1038	   0	91.1	91.1	 690	OK
1039	   0	93.4	93.4	 613	OK
1040	   0	90.2	90.2	 707	OK
1041	4000	87.4	87.4	 785	high noise
1042	   0	88.8	88.8	 594	OK
1043	   0	91.9	91.9	 641	OK
1044	   0	100.5	100.5	 652	OK
1045	   0	98.1	98.1	 718	OK
1046	   0	90.0	90.0	 598	OK
1047	1000	92.0	92.0	 539	unbonded
1048	   0	87.6	87.6	 630	OK
1049	   0	95.0	95.0	 642	OK
1050	   0	91.1	91.1	 577	OK
1051	1000	88.1	88.1	 447	unbonded
1052	   0	92.2	92.2	 685	OK
1053	   0	86.4	86.4	 723	OK
1054	   0	93.9	93.9	 688	OK
1055	   0	92.2	92.2	 647	OK
1056	   0	91.8	91.8	 587	OK
1057	   0	100.8	100.8	 716	OK
1058	   0	92.8	92.8	 686	OK
1059	   0	99.1	99.1	 727	OK
1060	   0	93.7	93.7	 649	OK
1061	   0	90.9	90.9	 731	OK
1062	   0	93.8	93.8	 656	OK
1063	4000	79.1	79.1	 769	high noise
1064	   0	93.4	93.4	 666	OK
1065	   0	91.5	91.5	 720	OK
1066	   0	92.3	92.3	 699	OK
1067	   0	92.3	92.3	 609	OK
1068	   0	95.6	95.6	 627	OK
1069	   0	93.1	93.1	 650	OK
1070	   0	94.7	94.7	 754	OK
1071	   0	96.1	96.1	 673	OK
1072	   0	90.3	90.3	 697	OK
1073	4000	89.7	89.7	 824	high noise
1074	1000	91.3	91.3	 534	unbonded
1075	   0	87.8	87.8	 727	OK
1076	   0	89.5	89.5	 706	OK
1077	   0	95.8	95.8	 695	OK
1078	   0	90.6	90.6	 706	OK
1079	   0	86.5	86.5	 660	OK
1080	1000	85.5	85.5	 533	unbonded
1081	   0	94.3	94.3	 625	OK
1082	   0	91.9	91.9	 724	OK
1083	   0	89.8	89.8	 597	OK
1084	   0	106.8	106.8	 679	OK
1085	   0	91.0	91.0	 591	OK
1086	   0	93.6	93.6	 570	OK
1087	   0	97.3	97.3	 597	OK
1088	   0	92.3	92.3	 708	OK
1089	   0	96.0	96.0	 740	OK
1090	   0	90.4	90.4	 596	OK
1091	   0	91.4	91.4	 702	OK
1092	   0	88.9	88.9	 734	OK
1093	1000	94.7	94.7	 463	unbonded
1094	   0	97.7	97.7	 581	OK
1095	   0	89.4	89.4	 735	OK
1096	   0	87.7	87.7	 741	OK
1097	   0	98.0	98.0	 624	OK
1098	   0	95.2	95.2	 689	OK
1099	   0	88.1	88.1	 660	OK
1100	   0	93.7	93.7	 602	OK
1101	   0	97.3	97.3	 649	OK
1102	1000	98.9	98.9	 484	unbonded
1103	   0	92.0	92.0	 751	OK
1104	   0	102.9	102.9	 711	OK
1105	   0	89.2	89.2	 699	OK
1106	   0	91.9	91.9	 743	OK
1107	   0	94.8	94.8	 647	OK
1108	   0	97.0	97.0	 619	OK
1109	   0	84.2	84.2	 606	OK
1110	1000	88.2	88.2	 518	unbonded
1111	   0	86.1	86.1	 687	OK
1112	   0	92.6	92.6	 637	OK
1113	   0	86.9	86.9	 734	OK
1114	   0	84.5	84.5	 570	OK
1115	   0	91.7	91.7	 576	OK
1116	   0	87.1	87.1	 715	OK
1117	   0	95.2	95.2	 618	OK
1118	   0	96.7	96.7	 599	OK
1119	   0	90.2	90.2	 677	OK
1120	   0	90.8	90.8	 745	OK
1121	   0	90.6	90.6	 678	OK
1122	4000	88.7	88.7	 778	high noise
1123	1000	88.7	88.7	 521	unbonded
1124	   0	87.7	87.7	 684	OK
1125	   0	100.0	100.0	 601	OK
1126	   0	92.8	92.8	 686	OK
1127	   0	91.8	91.8	 591	OK
1128	   0	89.8	89.8	 672	OK
1129	   0	97.7	97.7	 647	OK
1130	   0	98.5	98.5	 640	OK
1131	   0	90.6	90.6	 712	OK
1132	   0	90.2	90.2	 720	OK
1133	   0	91.4	91.4	 687	OK
1134	   0	96.1	96.1	 732	OK
1135	   0	97.4	97.4	 703	OK
1136	   0	87.1	87.1	 628	OK
1137	   0	92.9	92.9	 590	OK
1138	   0	87.2	87.2	 628	OK
1139	   0	86.0	86.0	 692	OK
1140	   0	93.7	93.7	 654	OK
1141	   0	93.5	93.5	 624	OK
1142	1000	92.7	92.7	 461	unbonded
1143	4000	96.4	96.4	 837	high noise
1144	   0	94.6	94.6	 677	OK
1145	   0	94.2	94.2	 669	OK
1146	   0	89.1	89.1	 618	OK
1147	   0	91.6	91.6	 621	OK
1148	   0	102.8	102.8	 705	OK
1149	   0	88.9	88.9	 696	OK
1150	   0	91.6	91.6	 596	OK
1151	   0	86.3	86.3	 689	OK
1152	4000	75.6	75.6	 843	high noise
1153	1000	82.2	82.2	 496	unbonded
1154	   0	75.4	75.4	 795	OK
1155	   0	79.9	79.9	 794	OK
1156	   0	74.4	74.4	 689	OK
1157	4000	78.0	78.0	 857	high noise
1158	4000	67.5	67.5	 853	high noise
1159	   0	79.9	79.9	 660	OK
1160	4000	78.9	78.9	 949	high noise
1161	   0	77.8	77.8	 705	OK
1162	   0	77.5	77.5	 672	OK
1163	   0	77.1	77.1	 677	OK
1164	4000	72.4	72.4	 915	high noise
1165	   0	72.7	72.7	 726	OK
1166	   0	79.8	79.8	 686	OK
1167	   0	75.2	75.2	 781	OK
1168	   0	79.0	79.0	 819	OK
1169	   0	78.6	78.6	 799	OK
1170	   0	69.2	69.2	 740	OK
1171	   0	77.4	77.4	 664	OK
1172	   0	74.8	74.8	 705	OK
1173	   0	84.1	84.1	 831	OK
1174	   0	73.3	73.3	 827	OK
1175	   0	73.5	73.5	 667	OK
1176	   0	82.7	82.7	 650	OK
1177	   0	73.9	73.9	 673	OK
1178	   0	75.0	75.0	 708	OK
1179	   0	77.8	77.8	 746	OK
1180	1000	77.1	77.1	 484	unbonded
1181	   0	78.1	78.1	 703	OK
1182	   0	79.0	79.0	 735	OK
1183	   0	69.7	69.7	 721	OK
1184	   0	77.1	77.1	 734	OK
1185	   0	75.5	75.5	 657	OK
1186	   0	78.8	78.8	 689	OK
1187	   0	72.9	72.9	 721	OK
1188	4000	75.4	75.4	 882	high noise
1189	   0	75.6	75.6	 611	OK
1190	   0	75.0	75.0	 562	OK
1191	   0	86.5	86.5	 746	OK
1192	   0	79.8	79.8	 674	OK
1193	   0	76.7	76.7	 828	OK
1194	   0	78.5	78.5	 655	OK
1195	   0	85.9	85.9	 724	OK
1196	   0	75.6	75.6	 704	OK
1197	4000	77.4	77.4	 891	high noise
1198	4000	81.4	81.4	 846	high noise
1199	4000	79.0	79.0	 855	high noise
1200	   0	75.8	75.8	 638	OK
1201	   0	76.6	76.6	 613	OK
1202	   0	72.4	72.4	 720	OK
1203	   0	77.4	77.4	 735	OK
1204	   0	74.5	74.5	 714	OK
1205	4000	78.8	78.8	 856	high noise
1206	   0	74.7	74.7	 786	OK
1207	   0	78.3	78.3	 693	OK
1208	   0	81.3	81.3	 751	OK
1209	   0	71.3	71.3	 708	OK
1210	4000	70.9	70.9	 885	high noise
1211	   0	79.1	79.1	 618	OK
1212	   0	80.2	80.2	 722	OK
1213	   0	77.7	77.7	 664	OK
1214	   0	82.5	82.5	 720	OK
1215	   0	80.0	80.0	 717	OK
1216	4000	76.3	76.3	 844	high noise
1217	   0	78.7	78.7	 706	OK
1218	   0	73.9	73.9	 748	OK
1219	   0	78.0	78.0	 806	OK
1220	4000	68.6	68.6	 864	high noise
1221	   0	70.4	70.4	 659	OK
1222	   0	72.9	72.9	 685	OK
1223	   0	76.5	76.5	 741	OK
1224	   0	74.9	74.9	 701	OK
1225	   0	76.6	76.6	 635	OK
1226	   0	80.2	80.2	 711	OK
1227	   0	67.2	67.2	 600	OK
1228	   0	73.8	73.8	 775	OK
1229	   0	79.9	79.9	 690	OK
1230	   0	77.7	77.7	 791	OK
1231	   0	76.3	76.3	 702	OK
1232	   0	71.7	71.7	 816	OK
1233	   0	74.9	74.9	 603	OK
1234	   0	79.8	79.8	 669	OK
1235	   0	71.6	71.6	 747	OK
1236	   0	80.3	80.3	 686	OK
1237	   0	82.7	82.7	 801	OK
1238	   0	68.9	68.9	 682	OK
1239	   0	83.1	83.1	 610	OK
1240	   0	78.4	78.4	 636	OK
1241	   0	70.1	70.1	 673	OK
1242	   0	70.5	70.5	 576	OK
1243	   0	78.9	78.9	 698	OK
1244	   0	73.3	73.3	 682	OK
1245	4000	78.0	78.0	 852	high noise
1246	4000	72.7	72.7	 854	high noise
1247	   0	73.0	73.0	 799	OK
1248	   0	76.6	76.6	 789	OK
1249	   0	71.5	71.5	 752	OK
1250	   0	78.1	78.1	 680	OK
1251	   0	71.2	71.2	 738	OK
1252	   0	77.3	77.3	 736	OK
1253	   0	83.5	83.5	 692	OK
1254	   0	76.4	76.4	 693	OK
1255	   0	76.2	76.2	 696	OK
1256	   0	70.4	70.4	 758	OK
1257	   0	78.2	78.2	 766	OK
1258	   0	72.4	72.4	 765	OK
1259	   0	73.2	73.2	 749	OK
1260	4000	76.9	76.9	 843	high noise
1261	   0	76.6	76.6	 552	OK
1262	   0	75.2	75.2	 654	OK
1263	   0	75.0	75.0	 717	OK
1264	   0	73.9	73.9	 767	OK
1265	   0	76.6	76.6	 807	OK
1266	   0	70.7	70.7	 632	OK
1267	   0	75.6	75.6	 578	OK
1268	   0	78.7	78.7	 712	OK
1269	   0	76.0	76.0	 639	OK
1270	   0	71.4	71.4	 825	OK
1271	   0	82.5	82.5	 783	OK
1272	   0	77.4	77.4	 709	OK
1273	   0	83.4	83.4	 709	OK
1274	4000	75.0	75.0	 852	high noise
1275	   0	76.2	76.2	 605	OK
1276	   0	77.4	77.4	 749	OK
1277	4000	73.9	73.9	 856	high noise
1278	   0	77.4	77.4	 720	OK
1279	4000	74.4	74.4	 854	high noise
1280	   0	100.8	100.8	 740	OK
1281	4000	93.4	93.4	 791	high noise
1282	8000	98.7	98.7	 541	partbonded
1283	   0	89.3	89.3	 745	OK
1284	   0	97.5	97.5	 639	OK
1285	   0	97.4	97.4	 612	OK
1286	   0	91.8	91.8	 683	OK
1287	   0	92.0	92.0	 674	OK
1288	   0	93.8	93.8	 633	OK
1289	   0	86.5	86.5	 626	OK
1290	   0	87.6	87.6	 593	OK
1291	   0	86.5	86.5	 595	OK
1292	   0	90.1	90.1	 667	OK
1293	   0	93.6	93.6	 575	OK
1294	   0	87.7	87.7	 705	OK
1295	   0	89.7	89.7	 673	OK
1296	   0	87.4	87.4	 665	OK
1297	   0	84.5	84.5	 726	OK
1298	   0	94.8	94.8	 617	OK
1299	   0	90.4	90.4	 676	OK
1300	   0	89.8	89.8	 661	OK
1301	   0	94.5	94.5	 671	OK
1302	   0	92.5	92.5	 561	OK
1303	   0	96.1	96.1	 669	OK
1304	4000	86.2	86.2	 769	high noise
1305	   0	91.0	91.0	 616	OK
1306	4000	90.3	90.3	 764	high noise
1307	   0	93.3	93.3	 585	OK
1308	   0	86.5	86.5	 631	OK
1309	   0	93.1	93.1	 741	OK
1310	   0	86.9	86.9	 715	OK
1311	   0	93.2	93.2	 631	OK
1312	   0	92.2	92.2	 652	OK
1313	   0	93.4	93.4	 570	OK
1314	   0	89.4	89.4	 603	OK
1315	   0	86.1	86.1	 592	OK
1316	4000	87.1	87.1	 776	high noise
1317	   0	91.2	91.2	 588	OK
1318	   0	92.6	92.6	 699	OK
1319	   0	87.1	87.1	 654	OK
1320	   0	94.8	94.8	 722	OK
1321	1000	94.5	94.5	 537	unbonded
1322	   0	89.7	89.7	 672	OK
1323	   0	95.0	95.0	 623	OK
1324	4000	86.3	86.3	 792	high noise
1325	   0	86.2	86.2	 630	OK
1326	   0	91.0	91.0	 706	OK
1327	1000	95.3	95.3	 527	unbonded
1328	4000	89.3	89.3	 776	high noise
1329	   0	90.4	90.4	 679	OK
1330	   0	94.4	94.4	 575	OK
1331	   0	92.3	92.3	 649	OK
1332	   0	89.0	89.0	 741	OK
1333	   0	98.0	98.0	 572	OK
1334	   0	91.3	91.3	 660	OK
1335	   0	97.3	97.3	 717	OK
1336	   0	91.7	91.7	 719	OK
1337	   0	83.9	83.9	 675	OK
1338	   0	88.6	88.6	 573	OK
1339	   0	96.0	96.0	 697	OK
1340	   0	91.0	91.0	 732	OK
1341	   0	98.8	98.8	 635	OK
1342	   0	89.3	89.3	 618	OK
1343	1000	93.6	93.6	 487	unbonded
1344	   0	91.9	91.9	 732	OK
1345	   0	96.4	96.4	 563	OK
1346	   0	96.7	96.7	 680	OK
1347	   0	93.7	93.7	 746	OK
1348	   0	86.2	86.2	 635	OK
1349	1000	90.2	90.2	 521	unbonded
1350	   0	89.8	89.8	 729	OK
1351	   0	88.9	88.9	 731	OK
1352	   0	93.8	93.8	 701	OK
1353	   0	94.2	94.2	 751	OK
1354	   0	102.3	102.3	 620	OK
1355	   0	91.1	91.1	 694	OK
1356	   0	85.7	85.7	 701	OK
1357	   0	91.0	91.0	 625	OK
1358	   0	92.3	92.3	 642	OK
1359	   0	90.0	90.0	 667	OK
1360	   0	88.5	88.5	 592	OK
1361	4000	84.5	84.5	 776	high noise
1362	   0	93.1	93.1	 633	OK
1363	   0	84.4	84.4	 657	OK
1364	   0	97.4	97.4	 653	OK
1365	   0	94.9	94.9	 688	OK
1366	4000	94.9	94.9	 777	high noise
1367	   0	86.7	86.7	 561	OK
1368	   0	92.4	92.4	 632	OK
1369	   0	88.6	88.6	 625	OK
1370	   0	91.1	91.1	 599	OK
1371	   0	94.2	94.2	 593	OK
1372	   0	98.2	98.2	 682	OK
1373	   0	92.7	92.7	 731	OK
1374	   0	88.9	88.9	 624	OK
1375	   0	90.4	90.4	 747	OK
1376	   0	93.7	93.7	 666	OK
1377	   0	89.2	89.2	 551	OK
1378	1000	93.7	93.7	 493	unbonded
1379	   0	87.5	87.5	 708	OK
1380	4000	91.2	91.2	 766	high noise
1381	   0	85.9	85.9	 663	OK
1382	   0	85.0	85.0	 657	OK
1383	   0	89.9	89.9	 638	OK
1384	   0	86.2	86.2	 550	OK
1385	   0	88.3	88.3	 672	OK
1386	   0	87.8	87.8	 706	OK
1387	   0	94.1	94.1	 735	OK
1388	   0	91.8	91.8	 722	OK
1389	   0	87.9	87.9	 642	OK
1390	1000	84.7	84.7	 497	unbonded
1391	1000	93.3	93.3	 534	unbonded
1392	   0	93.9	93.9	 666	OK
1393	   0	93.4	93.4	 709	OK
1394	   0	90.4	90.4	 561	OK
1395	   0	87.9	87.9	 575	OK
1396	   0	86.8	86.8	 672	OK
1397	   0	94.0	94.0	 639	OK
1398	4000	96.1	96.1	 771	high noise
1399	   0	95.0	95.0	 676	OK
1400	1000	89.7	89.7	 538	unbonded
1401	   0	90.1	90.1	 674	OK
1402	1000	86.2	86.2	 531	unbonded
1403	   0	89.5	89.5	 627	OK
1404	   0	85.5	85.5	 647	OK
1405	   0	96.9	96.9	 707	OK
1406	   0	84.5	84.5	 713	OK
1407	   0	92.2	92.2	 609	OK
1408	   0	74.3	74.3	 715	OK
1409	   0	85.9	85.9	 674	OK
1410	   0	77.4	77.4	 820	OK
1411	   0	86.8	86.8	 662	OK
1412	   0	86.8	86.8	 708	OK
1413	   0	85.7	85.7	 771	OK
1414	   0	85.7	85.7	 679	OK
1415	   0	81.0	81.0	 814	OK
1416	   0	82.2	82.2	 716	OK
1417	   0	84.2	84.2	 822	OK
1418	4000	78.8	78.8	 885	high noise
1419	   0	83.2	83.2	 732	OK
1420	   0	87.9	87.9	 591	OK
1421	   0	80.7	80.7	 837	OK
1422	   0	89.0	89.0	 777	OK
1423	   0	72.1	72.1	 757	OK
1424	   0	73.9	73.9	 820	OK
1425	   0	84.7	84.7	 795	OK
1426	   0	86.1	86.1	 691	OK
1427	   0	84.4	84.4	 574	OK
1428	   0	84.6	84.6	 774	OK
1429	   0	81.7	81.7	 621	OK
1430	4000	81.8	81.8	 915	high noise
1431	4000	78.3	78.3	 862	high noise
1432	   0	78.2	78.2	 702	OK
1433	   0	85.4	85.4	 711	OK
1434	   0	77.7	77.7	 703	OK
1435	   0	81.9	81.9	 849	OK
1436	   0	82.8	82.8	 684	OK
1437	   0	89.1	89.1	 738	OK
1438	   0	77.3	77.3	 805	OK
1439	   0	83.5	83.5	 661	OK
1440	   0	86.0	86.0	 667	OK
1441	   0	86.0	86.0	 792	OK
1442	   0	79.3	79.3	 816	OK
1443	4000	85.9	85.9	 978	high noise
1444	   0	90.5	90.5	 772	OK
1445	   0	82.5	82.5	 817	OK
1446	   0	86.3	86.3	 677	OK
1447	   0	79.7	79.7	 726	OK
1448	   0	84.2	84.2	 761	OK
1449	   0	85.9	85.9	 782	OK
1450	   0	91.4	91.4	 780	OK
1451	   0	79.6	79.6	 765	OK
1452	4000	88.9	88.9	 902	high noise
1453	   0	82.4	82.4	 779	OK
1454	   0	83.8	83.8	 763	OK
1455	   0	82.1	82.1	 747	OK
1456	   0	86.0	86.0	 701	OK
1457	   0	86.2	86.2	 682	OK
1458	   0	81.5	81.5	 698	OK
1459	   0	82.8	82.8	 827	OK
1460	   0	82.3	82.3	 765	OK
1461	   0	81.5	81.5	 749	OK
1462	   0	79.3	79.3	 783	OK
1463	   0	86.2	86.2	 687	OK
1464	   0	90.2	90.2	 777	OK
1465	   0	87.4	87.4	 697	OK
1466	   0	84.9	84.9	 694	OK
1467	   0	90.1	90.1	 848	OK
1468	   0	83.4	83.4	 638	OK
1469	   0	86.3	86.3	 839	OK
1470	   0	77.5	77.5	 760	OK
1471	   0	78.7	78.7	 597	OK
1472	   0	90.0	90.0	 695	OK
1473	   0	82.3	82.3	 724	OK
1474	   0	84.9	84.9	 650	OK
1475	   0	79.0	79.0	 823	OK
1476	   0	80.0	80.0	 806	OK
1477	   0	87.0	87.0	 742	OK
1478	4000	81.1	81.1	 874	high noise
1479	   0	82.1	82.1	 794	OK
1480	   0	78.4	78.4	 703	OK
1481	   0	82.3	82.3	 854	OK
1482	   0	79.0	79.0	 747	OK
1483	   0	86.0	86.0	 676	OK
1484	   0	80.4	80.4	 794	OK
1485	   0	84.7	84.7	 761	OK
1486	   0	75.4	75.4	 851	OK
1487	   0	78.4	78.4	 793	OK
1488	   0	78.0	78.0	 762	OK
1489	   0	83.5	83.5	 721	OK
1490	   0	78.5	78.5	 715	OK
1491	   0	82.2	82.2	 835	OK
1492	   0	79.8	79.8	 644	OK
1493	   0	81.7	81.7	 742	OK
1494	4000	84.0	84.0	 873	high noise
1495	   0	84.5	84.5	 757	OK
1496	   0	83.4	83.4	 759	OK
1497	   0	86.6	86.6	 633	OK
1498	   0	76.6	76.6	 818	OK
1499	   0	92.5	92.5	 712	OK
1500	   0	83.6	83.6	 649	OK
1501	   0	74.3	74.3	 831	OK
1502	   0	74.3	74.3	 708	OK
1503	   0	84.6	84.6	 624	OK
1504	   0	82.2	82.2	 737	OK
1505	1000	81.8	81.8	 539	unbonded
1506	   0	84.7	84.7	 755	OK
1507	   0	80.3	80.3	 821	OK
1508	   0	80.4	80.4	 784	OK
1509	   0	84.9	84.9	 653	OK
1510	   0	80.5	80.5	 817	OK
1511	   0	75.1	75.1	 734	OK
1512	   0	77.1	77.1	 747	OK
1513	   0	83.3	83.3	 666	OK
1514	   0	83.2	83.2	 680	OK
1515	   0	79.1	79.1	 717	OK
1516	   0	81.4	81.4	 854	OK
1517	   0	87.5	87.5	 698	OK
1518	   0	84.7	84.7	 722	OK
1519	   0	73.9	73.9	 808	OK
1520	   0	81.0	81.0	 739	OK
1521	   0	85.6	85.6	 702	OK
1522	   0	85.4	85.4	 770	OK
1523	   0	77.7	77.7	 761	OK
1524	   0	84.2	84.2	 633	OK
1525	   0	84.9	84.9	 717	OK
1526	   0	75.3	75.3	 798	OK
1527	4000	79.8	79.8	 933	high noise
1528	   0	73.6	73.6	 763	OK
1529	   0	78.6	78.6	 740	OK
1530	   0	78.7	78.7	 654	OK
1531	   0	76.8	76.8	 818	OK
1532	   0	81.7	81.7	 759	OK
1533	   0	81.3	81.3	 743	OK
1534	   0	79.3	79.3	 780	OK
1535	   0	77.4	77.4	 615	OK
1536	   0	87.8	87.8	 598	OK
1537	   0	75.3	75.3	 693	OK
1538	   0	82.5	82.5	 763	OK
1539	   0	82.7	82.7	 725	OK
1540	   0	79.2	79.2	 715	OK
1541	   0	88.0	88.0	 727	OK
1542	1000	80.4	80.4	 519	unbonded
1543	   0	79.7	79.7	 714	OK
1544	   0	79.6	79.6	 760	OK
1545	   0	71.7	71.7	 731	OK
1546	   0	79.3	79.3	 643	OK
1547	   0	78.6	78.6	 598	OK
1548	   0	72.6	72.6	 713	OK
1549	   0	84.3	84.3	 755	OK
1550	   0	77.6	77.6	 757	OK
1551	   0	76.5	76.5	 659	OK
1552	   0	72.6	72.6	 794	OK
1553	   0	84.5	84.5	 799	OK
1554	   0	76.7	76.7	 773	OK
1555	   0	82.8	82.8	 777	OK
1556	   0	75.8	75.8	 707	OK
1557	   0	79.9	79.9	 815	OK
1558	   0	83.0	83.0	 642	OK
1559	   0	77.6	77.6	 629	OK
1560	   0	85.6	85.6	 628	OK
1561	   0	85.1	85.1	 747	OK
1562	   0	76.4	76.4	 745	OK
1563	   0	75.5	75.5	 701	OK
1564	   0	83.0	83.0	 637	OK
1565	4000	80.2	80.2	 843	high noise
1566	   0	85.2	85.2	 615	OK
1567	   0	75.3	75.3	 779	OK
1568	   0	81.3	81.3	 601	OK
1569	   0	83.2	83.2	 742	OK
1570	4000	78.0	78.0	 899	high noise
1571	   0	80.2	80.2	 631	OK
1572	   0	73.6	73.6	 714	OK
1573	   0	81.2	81.2	 772	OK
1574	   0	78.5	78.5	 584	OK
1575	   0	79.4	79.4	 705	OK
1576	   0	73.0	73.0	 687	OK
1577	   0	77.3	77.3	 707	OK
1578	   0	78.6	78.6	 652	OK
1579	   0	78.8	78.8	 690	OK
1580	   0	84.3	84.3	 681	OK
1581	   0	72.7	72.7	 756	OK
1582	   0	81.1	81.1	 804	OK
1583	   0	79.2	79.2	 644	OK
1584	4000	76.3	76.3	 820	high noise
1585	   0	84.3	84.3	 709	OK
1586	   0	77.2	77.2	 666	OK
1587	   0	77.7	77.7	 686	OK
1588	   0	81.7	81.7	 786	OK
1589	   0	83.2	83.2	 745	OK
1590	   0	74.0	74.0	 649	OK
1591	   0	80.9	80.9	 705	OK
1592	   0	77.6	77.6	 813	OK
1593	   0	83.2	83.2	 733	OK
1594	   0	79.2	79.2	 676	OK
1595	   0	86.0	86.0	 750	OK
1596	   0	78.7	78.7	 632	OK
1597	   0	81.1	81.1	 672	OK
1598	   0	81.7	81.7	 730	OK
1599	1000	84.4	84.4	 516	unbonded
1600	   0	83.2	83.2	 621	OK
1601	   0	84.1	84.1	 736	OK
1602	   0	82.3	82.3	 702	OK
1603	   0	83.7	83.7	 774	OK
1604	4000	78.9	78.9	 880	high noise
1605	   0	75.5	75.5	 761	OK
1606	   0	78.1	78.1	 731	OK
1607	   0	83.7	83.7	 730	OK
1608	   0	77.5	77.5	 768	OK
1609	   0	76.0	76.0	 670	OK
1610	   0	82.9	82.9	 764	OK
1611	   0	80.9	80.9	 552	OK
1612	4000	84.8	84.8	 847	high noise
1613	   0	79.2	79.2	 783	OK
1614	   0	78.7	78.7	 674	OK
1615	   0	75.9	75.9	 709	OK
1616	   0	85.9	85.9	 563	OK
1617	   0	81.8	81.8	 768	OK
1618	   0	84.4	84.4	 684	OK
1619	   0	85.0	85.0	 609	OK
1620	   0	81.5	81.5	 786	OK
1621	   0	80.5	80.5	 732	OK
1622	   0	83.5	83.5	 710	OK
1623	   0	80.3	80.3	 794	OK
1624	   0	80.9	80.9	 723	OK
1625	1000	81.6	81.6	 492	unbonded
1626	   0	79.9	79.9	 766	OK
1627	   0	86.7	86.7	 687	OK
1628	   0	80.4	80.4	 765	OK
1629	1000	79.2	79.2	 469	unbonded
1630	   0	75.2	75.2	 769	OK
1631	   0	85.0	85.0	 688	OK
1632	   0	73.1	73.1	 814	OK
1633	   0	77.3	77.3	 676	OK
1634	   0	82.3	82.3	 742	OK
1635	   0	85.6	85.6	 739	OK
1636	   0	79.0	79.0	 792	OK
1637	   0	82.4	82.4	 599	OK
1638	   0	83.8	83.8	 687	OK
1639	   0	78.9	78.9	 689	OK
1640	4000	89.8	89.8	 836	high noise
1641	   0	85.2	85.2	 721	OK
1642	   0	77.6	77.6	 668	OK
1643	   0	82.0	82.0	 658	OK
1644	4000	82.3	82.3	 837	high noise
1645	   0	88.6	88.6	 738	OK
1646	   0	82.4	82.4	 649	OK
1647	   0	78.8	78.8	 778	OK
1648	   0	80.7	80.7	 757	OK
1649	   0	85.7	85.7	 680	OK
1650	   0	74.1	74.1	 702	OK
1651	4000	71.9	71.9	 850	high noise
1652	   0	77.0	77.0	 688	OK
1653	   0	79.7	79.7	 774	OK
1654	1000	76.0	76.0	 489	unbonded
1655	   0	82.8	82.8	 806	OK
1656	   0	81.7	81.7	 640	OK
1657	   0	74.9	74.9	 731	OK
1658	   0	80.4	80.4	 593	OK
1659	   0	76.0	76.0	 706	OK
1660	   0	75.2	75.2	 697	OK
1661	   0	82.5	82.5	 795	OK
1662	   0	82.2	82.2	 616	OK
1663	   0	81.7	81.7	 705	OK
1664	   0	85.7	85.7	 648	OK
1665	   0	89.4	89.4	 688	OK
1666	   0	92.7	92.7	 597	OK
1667	   0	90.4	90.4	 667	OK
1668	1000	83.0	83.0	 484	unbonded
1669	1000	89.0	89.0	 512	unbonded
1670	   0	78.5	78.5	 728	OK
1671	   0	82.8	82.8	 680	OK
1672	   0	78.2	78.2	 655	OK
1673	   0	91.9	91.9	 592	OK
1674	   0	89.8	89.8	 641	OK
1675	   0	84.0	84.0	 628	OK
1676	   0	91.2	91.2	 566	OK
1677	   0	87.2	87.2	 699	OK
1678	   0	74.7	74.7	 615	OK
1679	1000	86.4	86.4	 502	unbonded
1680	   0	86.5	86.5	 691	OK
1681	   0	85.5	85.5	 569	OK
1682	   0	85.8	85.8	 653	OK
1683	   0	87.0	87.0	 620	OK
1684	   0	89.7	89.7	 591	OK
1685	   0	86.2	86.2	 668	OK
1686	   0	93.0	93.0	 612	OK
1687	   0	80.9	80.9	 558	OK
1688	   0	83.9	83.9	 660	OK
1689	   0	90.7	90.7	 668	OK
1690	   0	87.6	87.6	 581	OK
1691	   0	81.8	81.8	 652	OK
1692	   0	83.5	83.5	 677	OK
1693	   0	84.2	84.2	 701	OK
1694	   0	81.2	81.2	 585	OK
1695	   0	92.5	92.5	 682	OK
1696	   0	93.9	93.9	 664	OK
1697	   0	92.7	92.7	 664	OK
1698	   0	89.2	89.2	 633	OK
1699	   0	81.3	81.3	 706	OK
1700	   0	87.3	87.3	 611	OK
1701	   0	81.4	81.4	 586	OK
1702	1000	87.9	87.9	 501	unbonded
1703	   0	91.6	91.6	 688	OK
1704	   0	91.2	91.2	 699	OK
1705	   0	89.8	89.8	 696	OK
1706	   0	80.0	80.0	 617	OK
1707	   0	85.0	85.0	 642	OK
1708	   0	92.2	92.2	 670	OK
1709	1000	88.5	88.5	 539	unbonded
1710	   0	96.1	96.1	 680	OK
1711	   0	85.3	85.3	 692	OK
1712	   0	87.0	87.0	 708	OK
1713	   0	92.4	92.4	 544	OK
1714	   0	83.0	83.0	 650	OK
1715	   0	86.2	86.2	 700	OK
1716	   0	84.1	84.1	 669	OK
1717	   0	92.1	92.1	 680	OK
1718	   0	93.9	93.9	 636	OK
1719	   0	81.7	81.7	 570	OK
1720	4000	86.2	86.2	 818	high noise
1721	   0	87.3	87.3	 698	OK
1722	   0	94.4	94.4	 643	OK
1723	   0	87.2	87.2	 548	OK
1724	   0	93.9	93.9	 617	OK
1725	4000	91.7	91.7	 739	high noise
1726	   0	89.2	89.2	 686	OK
1727	   0	89.1	89.1	 590	OK
1728	1000	87.3	87.3	 504	unbonded
1729	   0	78.9	78.9	 731	OK
1730	   0	84.7	84.7	 726	OK
1731	   0	86.6	86.6	 612	OK
1732	   0	86.8	86.8	 713	OK
1733	   0	88.3	88.3	 610	OK
1734	   0	87.4	87.4	 694	OK
1735	4000	86.3	86.3	 736	high noise
1736	   0	86.1	86.1	 638	OK
1737	   0	82.7	82.7	 652	OK
1738	   0	92.7	92.7	 595	OK
1739	4000	87.5	87.5	 776	high noise
1740	   0	84.8	84.8	 644	OK
1741	   0	90.1	90.1	 651	OK
1742	   0	84.6	84.6	 578	OK
1743	   0	94.4	94.4	 678	OK
1744	1000	91.0	91.0	 414	unbonded
1745	   0	91.1	91.1	 582	OK
1746	   0	87.0	87.0	 665	OK
1747	1000	92.2	92.2	 535	unbonded
1748	   0	89.3	89.3	 684	OK
1749	   0	85.8	85.8	 657	OK
1750	   0	84.3	84.3	 566	OK
1751	   0	83.7	83.7	 674	OK
1752	   0	88.0	88.0	 654	OK
1753	   0	88.5	88.5	 628	OK
1754	   0	92.1	92.1	 616	OK
1755	   0	88.9	88.9	 554	OK
1756	   0	92.8	92.8	 558	OK
1757	4000	90.2	90.2	 770	high noise
1758	1000	87.1	87.1	 475	unbonded
1759	   0	83.8	83.8	 621	OK
1760	   0	86.4	86.4	 553	OK
1761	   0	83.9	83.9	 617	OK
1762	4000	87.7	87.7	 797	high noise
1763	   0	96.5	96.5	 583	OK
1764	   0	90.0	90.0	 637	OK
1765	   0	85.1	85.1	 668	OK
1766	   0	85.3	85.3	 613	OK
1767	1000	85.2	85.2	 525	unbonded
1768	   0	87.2	87.2	 564	OK
1769	   0	90.0	90.0	 604	OK
1770	   0	91.0	91.0	 731	OK
1771	   0	85.0	85.0	 709	OK
1772	   0	88.3	88.3	 619	OK
1773	   0	83.6	83.6	 689	OK
1774	   0	90.6	90.6	 618	OK
1775	   0	87.8	87.8	 643	OK
1776	   0	85.6	85.6	 626	OK
1777	   0	84.3	84.3	 548	OK
1778	4000	85.9	85.9	 738	high noise
1779	   0	88.8	88.8	 711	OK
1780	1000	89.3	89.3	 511	unbonded
1781	   0	82.4	82.4	 605	OK
1782	   0	83.0	83.0	 636	OK
1783	   0	85.2	85.2	 594	OK
1784	   0	85.2	85.2	 708	OK
1785	   0	87.8	87.8	 613	OK
1786	   0	88.3	88.3	 676	OK
1787	   0	85.3	85.3	 608	OK
1788	4000	82.5	82.5	 806	high noise
1789	   0	83.5	83.5	 545	OK
1790	   0	80.4	80.4	 601	OK
1791	   0	92.9	92.9	 701	OK
1792	4000	77.5	77.5	 891	high noise
1793	   0	79.7	79.7	 731	OK
1794	   0	75.0	75.0	 707	OK
1795	   0	73.2	73.2	 644	OK
1796	   0	79.9	79.9	 650	OK
1797	   0	75.1	75.1	 812	OK
1798	   0	79.2	79.2	 786	OK
1799	   0	78.3	78.3	 714	OK
1800	   0	73.5	73.5	 664	OK
1801	   0	80.0	80.0	 743	OK
1802	4000	78.5	78.5	 860	high noise
1803	   0	79.0	79.0	 824	OK
1804	   0	76.5	76.5	 817	OK
1805	   0	75.5	75.5	 629	OK
1806	   0	82.8	82.8	 742	OK
1807	   0	84.5	84.5	 660	OK
1808	   0	79.0	79.0	 778	OK
1809	   0	82.2	82.2	 813	OK
1810	   0	75.0	75.0	 780	OK
1811	   0	75.7	75.7	 826	OK
1812	   0	85.8	85.8	 749	OK
1813	   0	70.8	70.8	 659	OK
1814	   0	83.7	83.7	 765	OK
1815	   0	76.4	76.4	 751	OK
1816	4000	77.2	77.2	 872	high noise
1817	   0	73.5	73.5	 719	OK
1818	   0	72.1	72.1	 770	OK
1819	   0	83.2	83.2	 671	OK
1820	   0	80.4	80.4	 858	OK
1821	   0	74.4	74.4	 720	OK
1822	   0	83.2	83.2	 815	OK
1823	   0	81.7	81.7	 707	OK
1824	   0	70.4	70.4	 614	OK
1825	   0	79.0	79.0	 742	OK
1826	   0	78.8	78.8	 749	OK
1827	   0	79.9	79.9	 651	OK
1828	   0	82.0	82.0	 786	OK
1829	   0	76.7	76.7	 702	OK
1830	   0	81.1	81.1	 710	OK
1831	   0	82.9	82.9	 693	OK
1832	   0	78.1	78.1	 758	OK
1833	   0	78.1	78.1	 707	OK
1834	   0	74.7	74.7	 761	OK
1835	   0	79.7	79.7	 702	OK
1836	   0	80.2	80.2	 756	OK
1837	   0	79.6	79.6	 829	OK
1838	   0	74.0	74.0	 756	OK
1839	4000	82.3	82.3	 957	high noise
1840	   0	78.5	78.5	 743	OK
1841	   0	81.3	81.3	 753	OK
1842	   0	77.8	77.8	 754	OK
1843	   0	75.7	75.7	 609	OK
1844	   0	78.9	78.9	 809	OK
1845	   0	82.9	82.9	 652	OK
1846	   0	77.7	77.7	 796	OK
1847	   0	78.5	78.5	 713	OK
1848	   0	80.6	80.6	 750	OK
1849	   0	79.7	79.7	 659	OK
1850	   0	74.4	74.4	 663	OK
1851	   0	81.8	81.8	 813	OK
1852	   0	82.8	82.8	 762	OK
1853	   0	78.4	78.4	 700	OK
1854	   0	76.3	76.3	 754	OK
1855	   0	77.6	77.6	 702	OK
1856	   0	81.9	81.9	 778	OK
1857	   0	73.9	73.9	 689	OK
1858	   0	77.8	77.8	 735	OK
1859	   0	83.1	83.1	 730	OK
1860	   0	76.6	76.6	 750	OK
1861	   0	78.1	78.1	 600	OK
1862	   0	83.6	83.6	 601	OK
1863	   0	80.3	80.3	 753	OK
1864	   0	80.5	80.5	 646	OK
1865	   0	75.0	75.0	 730	OK
1866	   0	74.5	74.5	 742	OK
1867	   0	76.9	76.9	 747	OK
1868	4000	83.6	83.6	 896	high noise
1869	   0	82.8	82.8	 670	OK
1870	   0	75.0	75.0	 660	OK
1871	   0	72.9	72.9	 791	OK
1872	   0	71.8	71.8	 821	OK
1873	   0	79.9	79.9	 801	OK
1874	   0	84.4	84.4	 760	OK
1875	   0	77.9	77.9	 856	OK
1876	4000	74.6	74.6	 886	high noise
1877	   0	79.0	79.0	 824	OK
1878	   0	79.1	79.1	 807	OK
1879	   0	77.1	77.1	 772	OK
1880	   0	71.7	71.7	 692	OK
1881	   0	80.0	80.0	 644	OK
1882	   0	71.6	71.6	 710	OK
1883	   0	80.4	80.4	 827	OK
1884	   0	76.0	76.0	 802	OK
1885	   0	75.0	75.0	 763	OK
1886	   0	81.6	81.6	 805	OK
1887	   0	70.8	70.8	 773	OK
1888	   0	75.8	75.8	 592	OK
1889	   0	76.7	76.7	 837	OK
1890	   0	69.5	69.5	 836	OK
1891	   0	73.5	73.5	 656	OK
1892	   0	70.8	70.8	 710	OK
1893	   0	78.1	78.1	 727	OK
1894	4000	72.0	72.0	 978	high noise
1895	4000	77.3	77.3	 921	high noise
1896	   0	81.8	81.8	 731	OK
1897	   0	75.1	75.1	 573	OK
1898	   0	78.0	78.0	 759	OK
1899	   0	73.9	73.9	 853	OK
1900	   0	75.5	75.5	 643	OK
1901	   0	77.6	77.6	 706	OK
1902	   0	75.3	75.3	 769	OK
1903	   0	79.1	79.1	 601	OK
1904	   0	77.6	77.6	 795	OK
1905	   0	75.3	75.3	 816	OK
1906	   0	72.6	72.6	 791	OK
1907	   0	75.3	75.3	 814	OK
1908	1000	76.2	76.2	 511	unbonded
1909	4000	74.5	74.5	 861	high noise
1910	   0	77.1	77.1	 712	OK
1911	   0	76.4	76.4	 795	OK
1912	   0	74.4	74.4	 856	OK
1913	   0	76.0	76.0	 708	OK
1914	   0	72.2	72.2	 714	OK
1915	   0	75.9	75.9	 799	OK
1916	   0	72.4	72.4	 646	OK
1917	   0	73.8	73.8	 764	OK
1918	   0	75.1	75.1	 587	OK
1919	   0	81.7	81.7	 829	OK
1920	   0	85.4	85.4	 613	OK
1921	   0	80.8	80.8	 601	OK
1922	   0	89.2	89.2	 637	OK
1923	   0	86.2	86.2	 676	OK
1924	4000	79.2	79.2	 825	high noise
1925	1000	91.9	91.9	 507	unbonded
1926	   0	89.7	89.7	 665	OK
1927	   0	79.9	79.9	 674	OK
1928	   0	85.0	85.0	 617	OK
1929	   0	94.4	94.4	 674	OK
1930	   0	85.9	85.9	 692	OK
1931	   0	87.9	87.9	 674	OK
1932	   0	85.9	85.9	 684	OK
1933	   0	88.0	88.0	 648	OK
1934	   0	88.3	88.3	 625	OK
1935	   0	88.4	88.4	 569	OK
1936	   0	87.4	87.4	 661	OK
1937	   0	88.0	88.0	 645	OK
1938	1000	88.8	88.8	 523	unbonded
1939	1000	88.6	88.6	 430	unbonded
1940	4000	87.4	87.4	 732	high noise
1941	   0	82.1	82.1	 699	OK
1942	   0	86.3	86.3	 662	OK
1943	   0	85.0	85.0	 573	OK
1944	   0	85.3	85.3	 690	OK
1945	   0	88.0	88.0	 669	OK
1946	1000	95.2	95.2	 519	unbonded
1947	   0	86.4	86.4	 668	OK
1948	   0	85.1	85.1	 703	OK
1949	   0	88.7	88.7	 583	OK
1950	   0	95.6	95.6	 649	OK
1951	1000	91.4	91.4	 458	unbonded
1952	1000	88.7	88.7	 518	unbonded
1953	   0	84.1	84.1	 692	OK
1954	   0	98.1	98.1	 665	OK
1955	4000	87.7	87.7	 731	high noise
1956	1000	86.2	86.2	 534	unbonded
1957	   0	83.7	83.7	 565	OK
1958	4000	92.5	92.5	 766	high noise
1959	4000	90.5	90.5	 737	high noise
1960	   0	92.8	92.8	 648	OK
1961	   0	85.8	85.8	 640	OK
1962	   0	86.4	86.4	 653	OK
1963	   0	88.7	88.7	 623	OK
1964	   0	87.9	87.9	 681	OK
1965	   0	89.7	89.7	 566	OK
1966	   0	89.1	89.1	 694	OK
1967	   0	85.0	85.0	 648	OK
1968	4000	87.3	87.3	 791	high noise
1969	   0	89.9	89.9	 580	OK
1970	   0	85.8	85.8	 658	OK
1971	   0	92.6	92.6	 657	OK
1972	   0	95.2	95.2	 601	OK
1973	   0	92.9	92.9	 678	OK
1974	   0	90.3	90.3	 641	OK
1975	   0	89.9	89.9	 595	OK
1976	   0	84.9	84.9	 688	OK
1977	   0	86.4	86.4	 621	OK
1978	   0	89.6	89.6	 696	OK
1979	   0	99.8	99.8	 657	OK
1980	   0	91.5	91.5	 615	OK
1981	   0	96.2	96.2	 705	OK
1982	   0	93.6	93.6	 578	OK
1983	4000	88.4	88.4	 747	high noise
1984	   0	84.1	84.1	 628	OK
1985	   0	86.7	86.7	 667	OK
1986	   0	87.9	87.9	 621	OK
1987	   0	94.6	94.6	 712	OK
1988	4000	87.8	87.8	 762	high noise
1989	1000	84.4	84.4	 522	unbonded
1990	   0	95.9	95.9	 617	OK
1991	   0	88.0	88.0	 625	OK
1992	   0	89.1	89.1	 700	OK
1993	   0	87.1	87.1	 658	OK
1994	   0	82.8	82.8	 696	OK
1995	   0	92.8	92.8	 584	OK
1996	   0	87.6	87.6	 712	OK
1997	   0	85.3	85.3	 599	OK
1998	   0	91.3	91.3	 645	OK
1999	   0	91.1	91.1	 544	OK
2000	   0	91.8	91.8	 655	OK
2001	   0	83.6	83.6	 615	OK
2002	   0	86.9	86.9	 573	OK
2003	   0	86.8	86.8	 646	OK
2004	   0	81.7	81.7	 545	OK
2005	   0	90.3	90.3	 584	OK
2006	   0	86.5	86.5	 614	OK
2007	1000	91.6	91.6	 537	unbonded
2008	   0	91.8	91.8	 649	OK
2009	   0	92.0	92.0	 665	OK
2010	1000	85.9	85.9	 521	unbonded
2011	   0	85.5	85.5	 619	OK
2012	   0	85.4	85.4	 691	OK
2013	   0	83.9	83.9	 647	OK
2014	1000	88.9	88.9	 494	unbonded
2015	   0	85.8	85.8	 619	OK
2016	   0	88.9	88.9	 660	OK
2017	   0	87.3	87.3	 664	OK
2018	   0	85.6	85.6	 599	OK
2019	1000	92.1	92.1	 536	unbonded
2020	1000	87.9	87.9	 481	unbonded
2021	   0	90.0	90.0	 629	OK
2022	   0	87.2	87.2	 631	OK
2023	4000	85.8	85.8	 742	high noise
2024	4000	88.9	88.9	 792	high noise
2025	   0	90.8	90.8	 549	OK
2026	   0	86.9	86.9	 696	OK
2027	   0	88.0	88.0	 705	OK
2028	1000	90.1	90.1	 508	unbonded
2029	   0	83.1	83.1	 677	OK
2030	   0	87.9	87.9	 576	OK
2031	   0	87.2	87.2	 587	OK
2032	   0	84.8	84.8	 577	OK
2033	   0	91.4	91.4	 678	OK
2034	   0	87.5	87.5	 592	OK
2035	4000	84.2	84.2	 755	high noise
2036	1000	89.1	89.1	 455	unbonded
2037	4000	91.7	91.7	 730	high noise
2038	   0	88.8	88.8	 651	OK
2039	   0	87.1	87.1	 676	OK
2040	1000	91.6	91.6	 533	unbonded
2041	   0	80.5	80.5	 714	OK
2042	   0	87.8	87.8	 608	OK
2043	   0	87.5	87.5	 701	OK
2044	   0	88.9	88.9	 627	OK
2045	   0	86.2	86.2	 688	OK
2046	   0	84.6	84.6	 600	OK
2047	   0	90.1	90.1	 552	OK
2048	   0	88.1	88.1	 605	OK
2049	   0	82.6	82.6	 688	OK
2050	   0	81.5	81.5	 747	OK
2051	   0	87.2	87.2	 663	OK
2052	4000	83.6	83.6	 873	high noise
2053	   0	83.8	83.8	 593	OK
2054	   0	85.1	85.1	 782	OK
2055	   0	76.5	76.5	 607	OK
2056	   0	82.3	82.3	 691	OK
2057	   0	83.6	83.6	 659	OK
2058	   0	81.9	81.9	 609	OK
2059	   0	86.1	86.1	 780	OK
2060	   0	77.1	77.1	 644	OK
2061	   0	84.2	84.2	 756	OK
2062	   0	84.6	84.6	 589	OK
2063	   0	69.2	69.2	 684	OK
2064	4000	87.6	87.6	 796	high noise
2065	   0	83.4	83.4	 640	OK
2066	   0	82.3	82.3	 635	OK
2067	   0	80.6	80.6	 767	OK
2068	   0	86.6	86.6	 764	OK
2069	   0	87.0	87.0	 765	OK
2070	   0	81.2	81.2	 652	OK
2071	   0	76.0	76.0	 663	OK
2072	   0	79.9	79.9	 752	OK
2073	   0	85.2	85.2	 649	OK
2074	   0	86.6	86.6	 667	OK
2075	1000	73.5	73.5	 509	unbonded
2076	   0	78.8	78.8	 730	OK
2077	4000	80.1	80.1	 811	high noise
2078	   0	82.7	82.7	 669	OK
2079	4000	78.0	78.0	 836	high noise
2080	1000	80.3	80.3	 522	unbonded
2081	   0	81.5	81.5	 716	OK
2082	   0	91.6	91.6	 671	OK
2083	   0	82.6	82.6	 680	OK
2084	   0	85.3	85.3	 706	OK
2085	   0	89.0	89.0	 741	OK
2086	   0	86.3	86.3	 743	OK
2087	   0	81.7	81.7	 709	OK
2088	   0	79.6	79.6	 722	OK
2089	   0	85.1	85.1	 762	OK
2090	   0	82.1	82.1	 741	OK
2091	   0	85.1	85.1	 669	OK
2092	   0	80.5	80.5	 754	OK
2093	   0	86.3	86.3	 652	OK
2094	   0	92.0	92.0	 728	OK
2095	   0	79.1	79.1	 732	OK
2096	   0	82.0	82.0	 731	OK
2097	   0	79.7	79.7	 746	OK
2098	   0	81.9	81.9	 785	OK
2099	   0	83.7	83.7	 779	OK
2100	   0	80.2	80.2	 722	OK
2101	   0	79.6	79.6	 786	OK
2102	   0	80.5	80.5	 727	OK
2103	   0	82.0	82.0	 653	OK
2104	   0	85.2	85.2	 790	OK
2105	   0	88.0	88.0	 748	OK
2106	   0	81.0	81.0	 604	OK
2107	1000	81.2	81.2	 520	unbonded
2108	1000	81.4	81.4	 538	unbonded
2109	   0	81.2	81.2	 761	OK
2110	   0	90.5	90.5	 663	OK
2111	   0	85.2	85.2	 745	OK
2112	   0	81.8	81.8	 694	OK
2113	   0	82.3	82.3	 615	OK
2114	   0	86.9	86.9	 764	OK
2115	   0	77.2	77.2	 652	OK
2116	   0	89.9	89.9	 655	OK
2117	   0	77.5	77.5	 792	OK
2118	   0	83.6	83.6	 624	OK
2119	4000	88.1	88.1	 829	high noise
2120	   0	78.9	78.9	 738	OK
2121	   0	76.9	76.9	 610	OK
2122	   0	84.5	84.5	 593	OK
2123	4000	83.4	83.4	 802	high noise
2124	   0	83.7	83.7	 596	OK
2125	   0	78.1	78.1	 756	OK
2126	   0	92.2	92.2	 677	OK
2127	1000	82.3	82.3	 532	unbonded
2128	   0	86.3	86.3	 674	OK
2129	1000	76.8	76.8	 533	unbonded
2130	   0	86.0	86.0	 717	OK
2131	   0	82.2	82.2	 707	OK
2132	   0	80.4	80.4	 598	OK
2133	   0	82.4	82.4	 650	OK
2134	   0	85.8	85.8	 637	OK
2135	   0	84.6	84.6	 745	OK
2136	   0	84.1	84.1	 790	OK
2137	   0	76.8	76.8	 572	OK
2138	   0	82.6	82.6	 765	OK
2139	   0	81.2	81.2	 696	OK
2140	   0	79.1	79.1	 661	OK
2141	1000	85.3	85.3	 535	unbonded
2142	   0	84.0	84.0	 662	OK
2143	   0	82.7	82.7	 734	OK
2144	   0	82.7	82.7	 681	OK
2145	   0	84.1	84.1	 745	OK
2146	   0	76.7	76.7	 668	OK
2147	   0	79.4	79.4	 587	OK
2148	   0	84.3	84.3	 697	OK
2149	   0	84.7	84.7	 624	OK
2150	   0	71.6	71.6	 613	OK
2151	   0	86.1	86.1	 698	OK
2152	   0	80.9	80.9	 749	OK
2153	   0	81.6	81.6	 681	OK
2154	   0	79.4	79.4	 685	OK
2155	   0	74.4	74.4	 713	OK
2156	   0	78.8	78.8	 757	OK
2157	   0	71.2	71.2	 609	OK
2158	   0	80.6	80.6	 602	OK
2159	   0	82.1	82.1	 617	OK
2160	   0	76.7	76.7	 714	OK
2161	   0	82.7	82.7	 712	OK
2162	   0	75.1	75.1	 791	OK
2163	   0	77.3	77.3	 545	OK
2164	   0	86.5	86.5	 766	OK
2165	4000	84.1	84.1	 926	high noise
2166	   0	74.4	74.4	 686	OK
2167	   0	86.2	86.2	 666	OK
2168	   0	85.2	85.2	 612	OK
2169	4000	80.4	80.4	 838	high noise
2170	   0	87.4	87.4	 606	OK
2171	   0	79.4	79.4	 643	OK
2172	   0	75.4	75.4	 747	OK
2173	   0	83.6	83.6	 736	OK
2174	   0	79.4	79.4	 755	OK
2175	   0	77.4	77.4	 653	OK
2176	   0	83.6	83.6	 732	OK
2177	   0	71.8	71.8	 716	OK
2178	   0	76.5	76.5	 746	OK
2179	   0	78.0	78.0	 721	OK
2180	   0	79.4	79.4	 769	OK
2181	   0	74.3	74.3	 751	OK
2182	   0	70.6	70.6	 810	OK
2183	   0	82.2	82.2	 779	OK
2184	   0	78.4	78.4	 670	OK
2185	   0	76.1	76.1	 683	OK
2186	4000	75.8	75.8	 866	high noise
2187	   0	78.9	78.9	 783	OK
2188	   0	79.2	79.2	 769	OK
2189	   0	75.9	75.9	 710	OK
2190	   0	77.6	77.6	 636	OK
2191	   0	75.3	75.3	 742	OK
2192	   0	80.4	80.4	 744	OK
2193	   0	75.5	75.5	 763	OK
2194	   0	79.2	79.2	 811	OK
2195	   0	76.4	76.4	 837	OK
2196	   0	75.0	75.0	 722	OK
2197	   0	77.9	77.9	 597	OK
2198	   0	75.5	75.5	 804	OK
2199	   0	81.4	81.4	 599	OK
2200	   0	79.4	79.4	 618	OK
2201	   0	76.2	76.2	 812	OK
2202	   0	71.0	71.0	 724	OK
2203	   0	79.9	79.9	 638	OK
2204	   0	84.7	84.7	 693	OK
2205	   0	76.8	76.8	 646	OK
2206	   0	76.8	76.8	 744	OK
2207	   0	79.4	79.4	 777	OK
2208	   0	81.9	81.9	 626	OK
2209	   0	78.6	78.6	 699	OK
2210	   0	81.0	81.0	 675	OK
2211	   0	79.2	79.2	 772	OK
2212	   0	67.9	67.9	 712	OK
2213	   0	72.1	72.1	 686	OK
2214	   0	80.1	80.1	 831	OK
2215	   0	75.8	75.8	 693	OK
2216	   0	77.8	77.8	 762	OK
2217	   0	68.7	68.7	 588	OK
2218	   0	75.8	75.8	 777	OK
2219	   0	79.4	79.4	 551	OK
2220	   0	76.6	76.6	 761	OK
2221	   0	77.4	77.4	 664	OK
2222	   0	78.6	78.6	 674	OK
2223	   0	85.1	85.1	 701	OK
2224	   0	77.5	77.5	 664	OK
2225	   0	81.3	81.3	 792	OK
2226	   0	78.3	78.3	 718	OK
2227	   0	75.8	75.8	 823	OK
2228	   0	73.9	73.9	 754	OK
2229	   0	74.3	74.3	 768	OK
2230	4000	73.3	73.3	 887	high noise
2231	   0	80.3	80.3	 673	OK
2232	4000	74.5	74.5	 850	high noise
2233	   0	78.8	78.8	 581	OK
2234	4000	70.7	70.7	 886	high noise
2235	   0	76.4	76.4	 553	OK
2236	4000	75.8	75.8	 857	high noise
2237	   0	74.8	74.8	 728	OK
2238	   0	79.1	79.1	 688	OK
2239	   0	80.6	80.6	 699	OK
2240	   0	77.3	77.3	 799	OK
2241	   0	78.8	78.8	 638	OK
2242	   0	76.3	76.3	 812	OK
2243	   0	74.9	74.9	 664	OK
2244	   0	79.3	79.3	 669	OK
2245	   0	70.2	70.2	 776	OK
2246	   0	76.5	76.5	 699	OK
2247	   0	76.0	76.0	 686	OK
2248	   0	74.0	74.0	 759	OK
2249	   0	81.2	81.2	 799	OK
2250	   0	77.4	77.4	 732	OK
2251	   0	73.0	73.0	 829	OK
2252	   0	77.7	77.7	 764	OK
2253	   0	70.8	70.8	 711	OK
2254	   0	71.5	71.5	 697	OK
2255	   0	77.5	77.5	 814	OK
2256	   0	77.5	77.5	 747	OK
2257	   0	76.9	76.9	 787	OK
2258	   0	70.2	70.2	 725	OK
2259	   0	72.7	72.7	 751	OK
2260	   0	74.3	74.3	 686	OK
2261	   0	73.3	73.3	 699	OK
2262	   0	79.1	79.1	 830	OK
2263	   0	80.5	80.5	 575	OK
2264	   0	82.3	82.3	 815	OK
2265	   0	74.3	74.3	 630	OK
2266	   0	76.5	76.5	 679	OK
2267	   0	72.0	72.0	 662	OK
2268	   0	72.6	72.6	 752	OK
2269	   0	74.8	74.8	 772	OK
2270	   0	74.9	74.9	 830	OK
2271	   0	74.7	74.7	 682	OK
2272	   0	79.0	79.0	 771	OK
2273	   0	74.6	74.6	 791	OK
2274	   0	71.2	71.2	 569	OK
2275	   0	74.9	74.9	 773	OK
2276	   0	75.7	75.7	 808	OK
2277	4000	74.6	74.6	 858	high noise
2278	   0	76.4	76.4	 841	OK
2279	   0	74.9	74.9	 723	OK
2280	   0	71.5	71.5	 753	OK
2281	   0	78.5	78.5	 596	OK
2282	   0	70.8	70.8	 712	OK
2283	   0	70.6	70.6	 785	OK
2284	4000	72.8	72.8	 889	high noise
2285	   0	72.4	72.4	 762	OK
2286	   0	71.7	71.7	 747	OK
2287	   0	75.3	75.3	 785	OK
2288	   0	80.3	80.3	 819	OK
2289	   0	77.5	77.5	 824	OK
2290	   0	73.9	73.9	 679	OK
2291	   0	73.3	73.3	 655	OK
2292	   0	73.9	73.9	 738	OK
2293	   0	72.9	72.9	 703	OK
2294	4000	71.7	71.7	 980	high noise
2295	   0	78.8	78.8	 643	OK
2296	   0	79.6	79.6	 781	OK
2297	   0	69.7	69.7	 657	OK
2298	   0	71.1	71.1	 771	OK
2299	   0	67.9	67.9	 638	OK
2300	   0	79.9	79.9	 690	OK
2301	   0	77.4	77.4	 761	OK
2302	   0	74.3	74.3	 588	OK
2303	   0	73.6	73.6	 714	OK
2304	   0	99.7	99.7	 680	OK
2305	   0	93.7	93.7	 664	OK
2306	   0	86.2	86.2	 568	OK
2307	4000	91.2	91.2	 763	high noise
2308	   0	93.9	93.9	 666	OK
2309	   0	87.1	87.1	 578	OK
2310	   0	87.3	87.3	 570	OK
2311	   0	89.1	89.1	 714	OK
2312	   0	95.3	95.3	 658	OK
2313	   0	89.2	89.2	 739	OK
2314	   0	82.0	82.0	 701	OK
2315	   0	87.6	87.6	 645	OK
2316	   0	87.7	87.7	 618	OK
2317	   0	91.7	91.7	 617	OK
2318	   0	87.7	87.7	 665	OK
2319	   0	89.9	89.9	 542	OK
2320	   0	92.2	92.2	 667	OK
2321	   0	97.1	97.1	 656	OK
2322	   0	83.7	83.7	 649	OK
2323	   0	88.3	88.3	 684	OK
2324	   0	90.2	90.2	 629	OK
2325	   0	94.7	94.7	 675	OK
2326	1000	98.2	98.2	 498	unbonded
2327	   0	91.8	91.8	 605	OK
2328	   0	85.4	85.4	 575	OK
2329	   0	93.1	93.1	 646	OK
2330	   0	92.6	92.6	 579	OK
2331	   0	82.9	82.9	 671	OK
2332	   0	88.7	88.7	 740	OK
2333	   0	94.4	94.4	 630	OK
2334	   0	92.3	92.3	 565	OK
2335	   0	91.8	91.8	 555	OK
2336	4000	92.7	92.7	 747	high noise
2337	1000	98.9	98.9	 534	unbonded
2338	   0	93.1	93.1	 586	OK
2339	   0	96.0	96.0	 595	OK
2340	   0	90.4	90.4	 655	OK
2341	   0	95.6	95.6	 579	OK
2342	4000	87.4	87.4	 776	high noise
2343	   0	91.1	91.1	 588	OK
2344	   0	97.6	97.6	 617	OK
2345	   0	88.0	88.0	 616	OK
2346	   0	95.0	95.0	 641	OK
2347	   0	87.2	87.2	 656	OK
2348	1000	96.0	96.0	 515	unbonded
2349	   0	95.1	95.1	 606	OK
2350	   0	92.8	92.8	 676	OK
2351	1000	84.9	84.9	 489	unbonded
2352	   0	89.9	89.9	 626	OK
2353	   0	94.6	94.6	 623	OK
2354	   0	93.1	93.1	 670	OK
2355	   0	92.5	92.5	 651	OK
2356	   0	102.2	102.2	 595	OK
2357	   0	97.6	97.6	 673	OK
2358	   0	100.0	100.0	 592	OK
2359	   0	88.4	88.4	 638	OK
2360	   0	94.4	94.4	 699	OK
2361	   0	85.6	85.6	 653	OK
2362	   0	93.5	93.5	 618	OK
2363	   0	105.4	105.4	 712	OK
2364	   0	93.6	93.6	 685	OK
2365	   0	88.7	88.7	 681	OK
2366	   0	85.3	85.3	 673	OK
2367	   0	90.4	90.4	 660	OK
2368	4000	96.4	96.4	 774	high noise
2369	   0	96.5	96.5	 688	OK
2370	   0	93.5	93.5	 657	OK
2371	   0	102.4	102.4	 587	OK
2372	   0	99.7	99.7	 611	OK
2373	   0	92.1	92.1	 603	OK
2374	   0	99.0	99.0	 637	OK
2375	   0	100.0	100.0	 675	OK
2376	4000	87.3	87.3	 746	high noise
2377	   0	85.8	85.8	 615	OK
2378	   0	90.1	90.1	 543	OK
2379	   0	87.0	87.0	 579	OK
2380	   0	93.3	93.3	 713	OK
2381	   0	90.2	90.2	 600	OK
2382	   0	89.3	89.3	 712	OK
2383	   0	96.7	96.7	 691	OK
2384	   0	95.7	95.7	 617	OK
2385	   0	95.6	95.6	 619	OK
2386	4000	93.9	93.9	 781	high noise
2387	   0	96.4	96.4	 553	OK
2388	   0	94.2	94.2	 590	OK
2389	   0	92.0	92.0	 654	OK
2390	   0	93.9	93.9	 598	OK
2391	   0	84.1	84.1	 586	OK
2392	   0	86.0	86.0	 623	OK
2393	   0	89.1	89.1	 614	OK
2394	   0	93.2	93.2	 643	OK
2395	   0	87.0	87.0	 667	OK
2396	   0	87.4	87.4	 626	OK
2397	   0	85.5	85.5	 643	OK
2398	   0	91.9	91.9	 712	OK
2399	4000	93.0	93.0	 808	high noise
2400	4000	87.2	87.2	 776	high noise
2401	   0	88.7	88.7	 698	OK
2402	   0	89.8	89.8	 674	OK
2403	   0	89.2	89.2	 628	OK
2404	   0	93.8	93.8	 725	OK
2405	   0	91.8	91.8	 641	OK
2406	   0	98.2	98.2	 704	OK
2407	   0	95.6	95.6	 706	OK
2408	   0	93.5	93.5	 688	OK
2409	   0	91.5	91.5	 578	OK
2410	   0	95.5	95.5	 727	OK
2411	   0	92.5	92.5	 655	OK
2412	1000	89.8	89.8	 531	unbonded
2413	   0	89.5	89.5	 729	OK
2414	   0	92.7	92.7	 632	OK
2415	   0	91.0	91.0	 676	OK
2416	   0	87.4	87.4	 634	OK
2417	   0	87.1	87.1	 659	OK
2418	   0	89.7	89.7	 622	OK
2419	   0	88.4	88.4	 647	OK
2420	   0	96.8	96.8	 660	OK
2421	   0	99.3	99.3	 706	OK
2422	4000	94.4	94.4	 792	high noise
2423	   0	87.0	87.0	 615	OK
2424	   0	92.9	92.9	 602	OK
2425	   0	86.6	86.6	 713	OK
2426	   0	87.3	87.3	 634	OK
2427	   0	86.0	86.0	 692	OK
2428	   0	91.7	91.7	 690	OK
2429	   0	90.5	90.5	 701	OK
2430	   0	87.1	87.1	 597	OK
2431	   0	87.3	87.3	 659	OK
2432	1000	74.7	74.7	 531	unbonded
2433	   0	69.1	69.1	 773	OK
2434	   0	73.2	73.2	 774	OK
2435	   0	77.0	77.0	 742	OK
2436	   0	75.9	75.9	 706	OK
2437	   0	79.2	79.2	 711	OK
2438	   0	71.1	71.1	 667	OK
2439	   0	76.8	76.8	 688	OK
2440	   0	78.4	78.4	 547	OK
2441	1000	69.9	69.9	 525	unbonded
2442	   0	74.5	74.5	 781	OK
2443	   0	79.6	79.6	 646	OK
2444	   0	76.2	76.2	 689	OK
2445	   0	73.6	73.6	 732	OK
2446	   0	78.2	78.2	 779	OK
2447	   0	74.6	74.6	 751	OK
2448	   0	80.2	80.2	 763	OK
2449	   0	78.0	78.0	 552	OK
2450	   0	81.6	81.6	 543	OK
2451	1000	71.1	71.1	 531	unbonded
2452	   0	76.9	76.9	 714	OK
2453	   0	73.4	73.4	 643	OK
2454	   0	82.2	82.2	 618	OK
2455	   0	80.5	80.5	 626	OK
2456	   0	79.7	79.7	 789	OK
2457	   0	72.5	72.5	 618	OK
2458	1000	75.9	75.9	 524	unbonded
2459	   0	72.9	72.9	 648	OK
2460	   0	78.2	78.2	 656	OK
2461	   0	77.0	77.0	 743	OK
2462	   0	77.1	77.1	 748	OK
2463	   0	79.3	79.3	 756	OK
2464	1000	73.8	73.8	 511	unbonded
2465	   0	79.3	79.3	 719	OK
2466	   0	76.5	76.5	 741	OK
2467	   0	79.8	79.8	 659	OK
2468	   0	81.2	81.2	 705	OK
2469	   0	78.1	78.1	 743	OK
2470	   0	78.4	78.4	 671	OK
2471	1000	75.5	75.5	 538	unbonded
2472	   0	79.7	79.7	 775	OK
2473	4000	79.7	79.7	 912	high noise
2474	   0	76.1	76.1	 677	OK
2475	   0	81.2	81.2	 726	OK
2476	   0	78.5	78.5	 673	OK
2477	   0	77.6	77.6	 808	OK
2478	   0	75.5	75.5	 799	OK
2479	   0	77.1	77.1	 626	OK
2480	   0	78.4	78.4	 693	OK
2481	   0	76.5	76.5	 663	OK
2482	   0	76.2	76.2	 667	OK
2483	   0	74.2	74.2	 698	OK
2484	   0	71.2	71.2	 720	OK
2485	   0	75.8	75.8	 707	OK
2486	8000	84.7	84.7	 540	partbonded
2487	   0	80.6	80.6	 682	OK
2488	4000	71.4	71.4	 857	high noise
2489	   0	78.0	78.0	 652	OK
2490	   0	78.0	78.0	 627	OK
2491	   0	82.7	82.7	 685	OK
2492	   0	85.2	85.2	 772	OK
2493	   0	76.5	76.5	 677	OK
2494	   0	74.7	74.7	 603	OK
2495	1000	81.1	81.1	 473	unbonded
2496	   0	83.0	83.0	 718	OK
2497	   0	85.4	85.4	 763	OK
2498	   0	81.9	81.9	 590	OK
2499	   0	81.5	81.5	 789	OK
2500	4000	76.8	76.8	 863	high noise
2501	4000	73.2	73.2	 837	high noise
2502	   0	76.0	76.0	 605	OK
2503	   0	75.6	75.6	 575	OK
2504	   0	76.0	76.0	 763	OK
2505	   0	82.4	82.4	 704	OK
2506	4000	80.0	80.0	 823	high noise
2507	   0	76.6	76.6	 683	OK
2508	   0	70.1	70.1	 723	OK
2509	   0	73.8	73.8	 732	OK
2510	   0	72.5	72.5	 649	OK
2511	   0	79.7	79.7	 744	OK
2512	   0	73.2	73.2	 696	OK
2513	   0	73.2	73.2	 778	OK
2514	4000	78.1	78.1	 827	high noise
2515	   0	79.4	79.4	 731	OK
2516	   0	75.7	75.7	 729	OK
2517	   0	79.3	79.3	 738	OK
2518	4000	71.2	71.2	 909	high noise
2519	   0	74.0	74.0	 586	OK
2520	   0	76.4	76.4	 625	OK
2521	   0	81.9	81.9	 735	OK
2522	   0	73.3	73.3	 672	OK
2523	4000	68.8	68.8	 871	high noise
2524	   0	75.7	75.7	 611	OK
2525	   0	77.0	77.0	 637	OK
2526	   0	77.4	77.4	 765	OK
2527	4000	71.6	71.6	 840	high noise
2528	   0	75.0	75.0	 555	OK
2529	4000	76.1	76.1	 856	high noise
2530	   0	80.1	80.1	 674	OK
2531	   0	74.2	74.2	 717	OK
2532	   0	74.3	74.3	 603	OK
2533	   0	78.4	78.4	 669	OK
2534	   0	74.0	74.0	 692	OK
2535	4000	67.4	67.4	 820	high noise
2536	   0	81.9	81.9	 593	OK
2537	   0	71.5	71.5	 651	OK
2538	   0	73.3	73.3	 764	OK
2539	   0	69.8	69.8	 726	OK
2540	   0	74.2	74.2	 732	OK
2541	   0	73.7	73.7	 748	OK
2542	   0	73.7	73.7	 659	OK
2543	   0	75.6	75.6	 683	OK
2544	   0	73.3	73.3	 646	OK
2545	4000	77.4	77.4	 821	high noise
2546	4000	73.4	73.4	 827	high noise
2547	   0	79.1	79.1	 768	OK
2548	   0	76.5	76.5	 787	OK
2549	4000	77.9	77.9	 832	high noise
2550	   0	70.5	70.5	 733	OK
2551	   0	75.1	75.1	 742	OK
2552	   0	69.1	69.1	 724	OK
2553	   0	74.1	74.1	 767	OK
2554	   0	75.6	75.6	 771	OK
2555	   0	74.5	74.5	 801	OK
2556	   0	73.5	73.5	 787	OK
2557	   0	77.6	77.6	 780	OK
2558	   0	74.4	74.4	 663	OK
2559	   0	77.5	77.5	 776	OK
