#chan	code	gain	offset	innse	comment
   0	1000	88.1	88.1	 540	unbonded
   1	4000	81.2	81.2	 802	high noise
   2	1000	81.0	81.0	 426	unbonded
   3	   0	82.6	82.6	 581	OK
   4	1000	82.2	82.2	 499	unbonded
   5	   0	75.2	75.2	 689	OK
   6	4000	84.2	84.2	 782	high noise
   7	   0	84.0	84.0	 679	OK
   8	   0	91.8	91.8	 691	OK
   9	   0	84.2	84.2	 560	OK
  10	1000	81.2	81.2	 454	unbonded
  11	   0	78.1	78.1	 630	OK
  12	   0	73.0	73.0	 590	OK
  13	   0	80.5	80.5	 570	OK
  14	   0	85.1	85.1	 542	OK
  15	   0	80.4	80.4	 716	OK
  16	   0	83.7	83.7	 693	OK
  17	   0	79.7	79.7	 635	OK
  18	   0	80.2	80.2	 743	OK
  19	1000	82.6	82.6	 477	unbonded
  20	   0	75.4	75.4	 724	OK
  21	   0	79.3	79.3	 642	OK
  22	   0	79.3	79.3	 643	OK
  23	   0	82.4	82.4	 568	OK
  24	4000	79.7	79.7	 763	high noise
  25	   0	73.7	73.7	 549	OK
  26	   0	78.1	78.1	 758	OK
  27	   0	78.1	78.1	 728	OK
  28	   0	83.7	83.7	 553	OK
  29	   0	82.3	82.3	 636	OK
  30	   0	81.7	81.7	 590	OK
  31	4000	77.5	77.5	 768	high noise
  32	   0	84.2	84.2	 657	OK
  33	   0	75.5	75.5	 655	OK
  34	   0	81.1	81.1	 639	OK
  35	   0	83.7	83.7	 713	OK
  36	4000	73.1	73.1	 769	high noise
  37	4000	80.5	80.5	 888	high noise
  38	   0	83.4	83.4	 702	OK
  39	   0	82.7	82.7	 670	OK
  40	   0	77.2	77.2	 671	OK
  41	1000	82.3	82.3	 529	unbonded
  42	   0	80.2	80.2	 551	OK
  43	   0	89.7	89.7	 712	OK
  44	   0	87.7	87.7	 750	OK
  45	   0	80.5	80.5	 637	OK
  46	   0	76.3	76.3	 621	OK
  47	   0	79.2	79.2	 671	OK
  48	   0	76.8	76.8	 676	OK
  49	   0	75.3	75.3	 587	OK
  50	   0	79.0	79.0	 691	OK
  51	   0	80.8	80.8	 702	OK
  52	4000	81.0	81.0	 793	high noise
  53	1000	79.4	79.4	 526	unbonded
  54	4000	81.9	81.9	 782	high noise
  55	1000	87.5	87.5	 518	unbonded
  56	   0	86.9	86.9	 680	OK
  57	4000	75.3	75.3	 832	high noise
  58	4000	76.7	76.7	 794	high noise
  59	   0	77.4	77.4	 727	OK
  60	   0	82.1	82.1	 675	OK
  61	1000	84.1	84.1	 537	unbonded
  62	1000	95.2	95.2	 523	unbonded
  63	   0	82.9	82.9	 735	OK
  64	   0	88.0	88.0	 639	OK
  65	   0	76.8	76.8	 754	OK
  66	4000	80.3	80.3	 777	high noise
  67	   0	83.9	83.9	 724	OK
  68	   0	88.8	88.8	 569	OK
  69	4000	75.3	75.3	 777	high noise
  70	   0	81.9	81.9	 733	OK
  71	   0	84.5	84.5	 607	OK
  72	   0	87.5	87.5	 736	OK
  73	   0	79.4	79.4	 695	OK
  74	   0	87.5	87.5	 684	OK
  75	   0	82.1	82.1	 727	OK
  76	   0	81.6	81.6	 570	OK
  77	4000	81.3	81.3	 775	high noise
  78	1000	80.5	80.5	 523	unbonded
  79	   0	81.8	81.8	 653	OK
  80	   0	74.1	74.1	 670	OK
  81	4000	71.6	71.6	 798	high noise
  82	   0	87.0	87.0	 590	OK
  83	1000	76.5	76.5	 403	unbonded
  84	4000	75.9	75.9	 769	high noise
  85	   0	80.1	80.1	 621	OK
  86	   0	82.7	82.7	 567	OK
  87	4000	77.2	77.2	 784	high noise
  88	   0	78.9	78.9	 730	OK
  89	   0	79.5	79.5	 700	OK
  90	   0	81.9	81.9	 755	OK
  91	1000	85.2	85.2	 477	unbonded
  92	1000	83.2	83.2	 530	unbonded
  93	   0	76.8	76.8	 753	OK
  94	   0	80.4	80.4	 583	OK
  95	   0	79.6	79.6	 755	OK
  96	   0	80.0	80.0	 647	OK
  97	   0	78.5	78.5	 632	OK
  98	   0	82.1	82.1	 578	OK
  99	   0	77.3	77.3	 704	OK
 100	   0	81.5	81.5	 688	OK
 101	   0	80.0	80.0	 684	OK
 102	   0	80.9	80.9	 578	OK
 103	   0	82.6	82.6	 729	OK
 104	   0	80.6	80.6	 629	OK
 105	   0	81.3	81.3	 604	OK
 106	   0	82.4	82.4	 707	OK
 107	   0	79.0	79.0	 744	OK
 108	   0	85.8	85.8	 639	OK
 109	   0	86.7	86.7	 598	OK
 110	4000	79.0	79.0	 781	high noise
 111	   0	77.9	77.9	 558	OK
 112	4000	83.6	83.6	 918	high noise
 113	   0	76.5	76.5	 644	OK
 114	   0	82.6	82.6	 594	OK
 115	   0	78.6	78.6	 696	OK
 116	1000	74.4	74.4	 488	unbonded
 117	4000	74.6	74.6	 783	high noise
 118	   0	80.1	80.1	 542	OK
 119	4000	80.4	80.4	 784	high noise
 120	   0	77.1	77.1	 729	OK
 121	4000	78.5	78.5	 787	high noise
 122	1000	75.5	75.5	 509	unbonded
 123	4000	81.6	81.6	 767	high noise
 124	4000	86.4	86.4	 773	high noise
 125	   0	80.7	80.7	 655	OK
 126	   0	78.8	78.8	 624	OK
 127	   0	76.0	76.0	 589	OK
 128	   0	87.0	87.0	 556	OK
 129	   0	89.5	89.5	 632	OK
 130	   0	85.6	85.6	 645	OK
 131	4000	86.6	86.6	 700	high noise
 132	   0	91.7	91.7	 617	OK
 133	   0	90.8	90.8	 655	OK
 134	1000	90.7	90.7	 494	unbonded
 135	1000	85.2	85.2	 497	unbonded
 136	4000	85.5	85.5	 728	high noise
 137	   0	98.8	98.8	 636	OK
 138	   0	87.5	87.5	 634	OK
 139	   0	85.9	85.9	 673	OK
 140	4000	89.0	89.0	 692	high noise
 141	1000	96.2	96.2	 464	unbonded
 142	   0	93.9	93.9	 568	OK
 143	   0	92.2	92.2	 626	OK
 144	   0	90.0	90.0	 643	OK
 145	1000	96.7	96.7	 529	unbonded
 146	   0	97.7	97.7	 642	OK
 147	   0	87.5	87.5	 669	OK
 148	4000	90.3	90.3	 729	high noise
 149	   0	94.7	94.7	 560	OK
 150	1000	92.6	92.6	 477	unbonded
 151	   0	82.2	82.2	 642	OK
 152	   0	86.3	86.3	 613	OK
 153	   0	89.7	89.7	 596	OK
 154	1000	84.2	84.2	 449	unbonded
 155	   0	86.1	86.1	 640	OK
 156	1000	85.1	85.1	 474	unbonded
 157	4000	81.2	81.2	 754	high noise
 158	   0	88.0	88.0	 592	OK
 159	   0	84.7	84.7	 563	OK
 160	   0	99.0	99.0	 656	OK
 161	1000	90.5	90.5	 505	unbonded
 162	   0	91.4	91.4	 560	OK
 163	   0	88.6	88.6	 600	OK
 164	   0	94.7	94.7	 587	OK
 165	   0	89.0	89.0	 674	OK
 166	   0	100.3	100.3	 577	OK
 167	1000	83.3	83.3	 423	unbonded
 168	   0	86.6	86.6	 565	OK
 169	   0	80.7	80.7	 578	OK
 170	1000	96.6	96.6	 521	unbonded
 171	   0	84.2	84.2	 681	OK
 172	   0	93.8	93.8	 556	OK
 173	   0	88.6	88.6	 615	OK
 174	1000	85.7	85.7	 508	unbonded
 175	4000	96.6	96.6	 689	high noise
 176	   0	97.2	97.2	 612	OK
 177	   0	96.3	96.3	 576	OK
 178	   0	89.4	89.4	 616	OK
 179	   0	83.4	83.4	 597	OK
 180	4000	95.5	95.5	 799	high noise
 181	   0	94.0	94.0	 683	OK
 182	   0	86.3	86.3	 561	OK
 183	   0	91.9	91.9	 628	OK
 184	   0	99.8	99.8	 601	OK
 185	   0	90.2	90.2	 620	OK
 186	   0	90.1	90.1	 562	OK
 187	   0	90.5	90.5	 652	OK
 188	   0	89.1	89.1	 612	OK
 189	   0	92.6	92.6	 643	OK
 190	1000	99.6	99.6	 428	unbonded
 191	1000	95.9	95.9	 522	unbonded
 192	   0	93.9	93.9	 553	OK
 193	   0	97.8	97.8	 592	OK
 194	   0	90.0	90.0	 601	OK
 195	   0	89.3	89.3	 648	OK
 196	4000	89.2	89.2	 731	high noise
 197	1000	83.6	83.6	 517	unbonded
 198	   0	84.7	84.7	 669	OK
 199	1000	94.5	94.5	 504	unbonded
 200	   0	84.5	84.5	 605	OK
 201	1000	81.4	81.4	 539	unbonded
 202	1000	93.8	93.8	 490	unbonded
 203	   0	89.3	89.3	 591	OK
 204	   0	86.2	86.2	 581	OK
 205	   0	97.0	97.0	 619	OK
 206	   0	84.3	84.3	 554	OK
 207	1000	87.2	87.2	 515	unbonded
 208	   0	87.8	87.8	 592	OK
 209	1000	85.4	85.4	 539	unbonded
 210	   0	84.5	84.5	 656	OK
 211	   0	84.6	84.6	 609	OK
 212	1000	88.6	88.6	 526	unbonded
 213	   0	87.9	87.9	 615	OK
 214	   0	83.1	83.1	 598	OK
 215	1000	92.3	92.3	 485	unbonded
 216	   0	86.8	86.8	 593	OK
 217	1000	82.0	82.0	 534	unbonded
 218	4000	81.5	81.5	 828	high noise
 219	   0	80.4	80.4	 662	OK
 220	4000	81.6	81.6	 715	high noise
 221	   0	85.2	85.2	 658	OK
 222	4000	88.3	88.3	 715	high noise
 223	4000	82.3	82.3	 704	high noise
 224	   0	77.7	77.7	 608	OK
 225	   0	84.5	84.5	 640	OK
 226	   0	89.9	89.9	 669	OK
 227	   0	94.1	94.1	 614	OK
 228	   0	95.4	95.4	 573	OK
 229	1000	91.0	91.0	 480	unbonded
 230	1000	92.1	92.1	 382	unbonded
 231	   0	90.4	90.4	 605	OK
 232	1000	97.6	97.6	 531	unbonded
 233	4000	83.3	83.3	 688	high noise
 234	8000	78.2	78.2	 540	partbonded
 235	   0	88.1	88.1	 615	OK
 236	   0	91.1	91.1	 644	OK
 237	   0	84.5	84.5	 571	OK
 238	1000	91.5	91.5	 509	unbonded
 239	   0	85.8	85.8	 578	OK
 240	4000	93.5	93.5	 720	high noise
 241	   0	79.2	79.2	 556	OK
 242	   0	96.9	96.9	 632	OK
 243	   0	87.1	87.1	 613	OK
 244	1000	94.6	94.6	 530	unbonded
 245	   0	79.6	79.6	 562	OK
 246	   0	84.4	84.4	 621	OK
 247	1000	89.3	89.3	 473	unbonded
 248	   0	91.9	91.9	 615	OK
 249	   0	88.7	88.7	 600	OK
 250	1000	87.1	87.1	 488	unbonded
 251	   0	87.3	87.3	 659	OK
 252	   0	84.9	84.9	 545	OK
 253	1000	90.4	90.4	 528	unbonded
 254	1000	85.6	85.6	 526	unbonded
 255	   0	87.4	87.4	 594	OK
 256	   0	74.9	74.9	 745	OK
 257	   0	82.0	82.0	 666	OK
 258	1000	87.5	87.5	 539	unbonded
 259	   0	79.6	79.6	 597	OK
 260	   0	85.4	85.4	 582	OK
 261	   0	76.8	76.8	 657	OK
 262	   0	84.9	84.9	 645	OK
 263	   0	78.4	78.4	 691	OK
 264	   0	87.1	87.1	 585	OK
 265	   0	80.0	80.0	 715	OK
 266	1000	84.9	84.9	 475	unbonded
 267	   0	78.4	78.4	 556	OK
 268	4000	87.8	87.8	 760	high noise
 269	   0	82.9	82.9	 708	OK
 270	   0	86.9	86.9	 612	OK
 271	   0	88.1	88.1	 584	OK
 272	   0	92.5	92.5	 645	OK
 273	   0	77.9	77.9	 583	OK
 274	   0	83.5	83.5	 690	OK
 275	   0	72.9	72.9	 636	OK
 276	   0	76.3	76.3	 674	OK
 277	   0	78.6	78.6	 662	OK
 278	   0	79.9	79.9	 614	OK
 279	   0	82.4	82.4	 714	OK
 280	4000	87.3	87.3	 767	high noise
 281	   0	83.6	83.6	 652	OK
 282	   0	80.8	80.8	 703	OK
 283	1000	77.8	77.8	 348	unbonded
 284	   0	84.0	84.0	 590	OK
 285	   0	78.5	78.5	 648	OK
 286	   0	80.4	80.4	 570	OK
 287	   0	77.2	77.2	 743	OK
 288	   0	82.1	82.1	 697	OK
 289	   0	77.4	77.4	 613	OK
 290	1000	84.7	84.7	 472	unbonded
 291	   0	86.0	86.0	 633	OK
 292	   0	81.2	81.2	 689	OK
 293	   0	82.2	82.2	 621	OK
 294	   0	77.3	77.3	 582	OK
 295	   0	82.6	82.6	 636	OK
 296	   0	81.3	81.3	 629	OK
 297	1000	86.0	86.0	 488	unbonded
 298	   0	86.9	86.9	 697	OK
 299	   0	90.0	90.0	 674	OK
 300	1000	82.2	82.2	 503	unbonded
 301	   0	89.5	89.5	 636	OK
 302	   0	84.0	84.0	 700	OK
 303	   0	80.4	80.4	 589	OK
 304	4000	81.3	81.3	 748	high noise
 305	   0	87.3	87.3	 547	OK
 306	   0	85.1	85.1	 609	OK
 307	4000	83.8	83.8	 758	high noise
 308	4000	83.9	83.9	 784	high noise
 309	   0	83.0	83.0	 703	OK
 310	   0	92.1	92.1	 554	OK
 311	   0	89.4	89.4	 681	OK
 312	   0	86.3	86.3	 658	OK
 313	   0	77.5	77.5	 647	OK
 314	   0	78.7	78.7	 743	OK
 315	1000	89.5	89.5	 382	unbonded
 316	4000	91.4	91.4	 758	high noise
 317	   0	84.0	84.0	 595	OK
 318	   0	78.6	78.6	 704	OK
 319	   0	86.9	86.9	 725	OK
 320	4000	88.2	88.2	 752	high noise
 321	   0	83.6	83.6	 640	OK
 322	   0	87.3	87.3	 705	OK
 323	   0	85.0	85.0	 669	OK
 324	1000	84.4	84.4	 466	unbonded
 325	   0	82.5	82.5	 728	OK
 326	   0	80.8	80.8	 568	OK
 327	   0	84.9	84.9	 676	OK
 328	4000	78.2	78.2	 755	high noise
 329	   0	90.6	90.6	 676	OK
 330	   0	86.4	86.4	 659	OK
 331	4000	72.3	72.3	 754	high noise
 332	   0	78.9	78.9	 615	OK
 333	   0	83.2	83.2	 636	OK
 334	   0	89.2	89.2	 693	OK
 335	   0	85.9	85.9	 660	OK
 336	   0	76.4	76.4	 631	OK
 337	   0	76.7	76.7	 688	OK
 338	   0	77.0	77.0	 583	OK
 339	   0	84.1	84.1	 620	OK
 340	1000	82.1	82.1	 516	unbonded
 341	4000	75.4	75.4	 768	high noise
 342	   0	83.5	83.5	 727	OK
 343	   0	82.2	82.2	 692	OK
 344	   0	83.2	83.2	 685	OK
 345	   0	89.7	89.7	 609	OK
 346	   0	77.1	77.1	 577	OK
 347	4000	77.1	77.1	 770	high noise
 348	   0	84.6	84.6	 648	OK
 349	1000	82.1	82.1	 356	unbonded
 350	   0	84.1	84.1	 683	OK
 351	   0	81.8	81.8	 640	OK
 352	   0	78.0	78.0	 737	OK
 353	1000	80.5	80.5	 523	unbonded
 354	4000	80.1	80.1	 776	high noise
 355	   0	84.5	84.5	 684	OK
 356	4000	72.5	72.5	 793	high noise
 357	   0	75.1	75.1	 727	OK
 358	   0	77.5	77.5	 563	OK
 359	   0	80.7	80.7	 689	OK
 360	4000	87.7	87.7	 797	high noise
 361	   0	78.9	78.9	 623	OK
 362	   0	84.2	84.2	 658	OK
 363	   0	83.4	83.4	 697	OK
 364	   0	87.7	87.7	 639	OK
 365	   0	75.3	75.3	 608	OK
 366	   0	83.6	83.6	 631	OK
 367	   0	81.6	81.6	 689	OK
 368	4000	78.7	78.7	 799	high noise
 369	   0	89.0	89.0	 714	OK
 370	   0	80.6	80.6	 680	OK
 371	   0	82.5	82.5	 688	OK
 372	   0	78.4	78.4	 742	OK
 373	   0	82.5	82.5	 592	OK
 374	   0	80.4	80.4	 717	OK
 375	4000	72.9	72.9	 752	high noise
 376	   0	74.7	74.7	 666	OK
 377	   0	79.7	79.7	 582	OK
 378	   0	81.1	81.1	 700	OK
 379	1000	79.4	79.4	 515	unbonded
 380	   0	81.4	81.4	 635	OK
 381	   0	73.7	73.7	 631	OK
 382	   0	79.6	79.6	 575	OK
 383	   0	73.6	73.6	 626	OK
 384	   0	86.7	86.7	 594	OK
 385	1000	92.7	92.7	 507	unbonded
 386	1000	97.0	97.0	 502	unbonded
 387	4000	93.5	93.5	 675	high noise
 388	   0	97.1	97.1	 578	OK
 389	   0	91.8	91.8	 635	OK
 390	   0	97.3	97.3	 582	OK
 391	1000	86.5	86.5	 494	unbonded
 392	   0	95.4	95.4	 587	OK
 393	   0	94.0	94.0	 643	OK
 394	1000	97.5	97.5	 494	unbonded
 395	   0	96.5	96.5	 614	OK
 396	   0	82.9	82.9	 660	OK
 397	1000	89.7	89.7	 465	unbonded
 398	4000	91.9	91.9	 708	high noise
 399	   0	90.4	90.4	 587	OK
 400	   0	88.9	88.9	 558	OK
 401	   0	93.6	93.6	 625	OK
 402	   0	92.0	92.0	 581	OK
 403	   0	88.2	88.2	 626	OK
 404	4000	93.8	93.8	 697	high noise
 405	   0	89.8	89.8	 582	OK
 406	4000	91.0	91.0	 678	high noise
 407	1000	96.5	96.5	 483	unbonded
 408	   0	91.5	91.5	 568	OK
 409	1000	90.6	90.6	 469	unbonded
 410	4000	92.4	92.4	 685	high noise
 411	1000	86.3	86.3	 534	unbonded
 412	   0	102.1	102.1	 624	OK
 413	   0	95.2	95.2	 583	OK
 414	   0	97.0	97.0	 593	OK
 415	   0	89.8	89.8	 639	OK
 416	4000	95.4	95.4	 795	high noise
 417	   0	92.2	92.2	 545	OK
 418	1000	93.9	93.9	 428	unbonded
 419	1000	85.4	85.4	 480	unbonded
 420	   0	98.7	98.7	 571	OK
 421	   0	92.1	92.1	 587	OK
 422	   0	92.7	92.7	 616	OK
 423	   0	87.1	87.1	 569	OK
 424	4000	92.4	92.4	 678	high noise
 425	   0	83.8	83.8	 580	OK
 426	   0	89.7	89.7	 596	OK
 427	1000	97.6	97.6	 491	unbonded
 428	   0	93.7	93.7	 623	OK
 429	   0	85.0	85.0	 593	OK
 430	   0	86.4	86.4	 649	OK
 431	   0	90.4	90.4	 665	OK
 432	4000	88.4	88.4	 700	high noise
 433	   0	88.8	88.8	 558	OK
 434	   0	97.3	97.3	 562	OK
 435	   0	88.7	88.7	 623	OK
 436	   0	87.6	87.6	 590	OK
 437	4000	96.5	96.5	 710	high noise
 438	4000	96.3	96.3	 681	high noise
 439	   0	101.0	101.0	 565	OK
 440	1000	91.1	91.1	 470	unbonded
 441	   0	93.3	93.3	 603	OK
 442	1000	82.8	82.8	 531	unbonded
 443	1000	98.6	98.6	 482	unbonded
 444	   0	96.5	96.5	 648	OK
 445	   0	91.7	91.7	 638	OK
 446	1000	96.1	96.1	 526	unbonded
 447	1000	88.5	88.5	 535	unbonded
 448	   0	94.6	94.6	 627	OK
 449	1000	90.5	90.5	 491	unbonded
 450	1000	91.9	91.9	 493	unbonded
 451	   0	101.1	101.1	 610	OK
 452	   0	96.7	96.7	 639	OK
 453	   0	92.0	92.0	 559	OK
 454	1000	91.7	91.7	 459	unbonded
 455	4000	89.4	89.4	 718	high noise
 456	8000	92.6	92.6	 541	partbonded
 457	   0	96.4	96.4	 593	OK
 458	   0	86.2	86.2	 551	OK
 459	1000	93.7	93.7	 491	unbonded
 460	1000	87.1	87.1	 483	unbonded
 461	4000	89.7	89.7	 755	high noise
 462	1000	94.0	94.0	 421	unbonded
 463	   0	95.8	95.8	 554	OK
 464	   0	89.9	89.9	 578	OK
 465	   0	87.1	87.1	 574	OK
 466	   0	87.7	87.7	 623	OK
 467	   0	82.1	82.1	 668	OK
 468	1000	97.1	97.1	 452	unbonded
 469	   0	90.6	90.6	 645	OK
 470	   0	91.1	91.1	 653	OK
 471	   0	88.7	88.7	 600	OK
 472	   0	88.1	88.1	 628	OK
 473	1000	97.8	97.8	 501	unbonded
 474	4000	85.0	85.0	 673	high noise
 475	   0	86.9	86.9	 621	OK
 476	   0	90.2	90.2	 648	OK
 477	1000	93.1	93.1	 522	unbonded
 478	   0	89.5	89.5	 547	OK
 479	1000	89.8	89.8	 459	unbonded
 480	   0	95.2	95.2	 648	OK
 481	   0	90.1	90.1	 628	OK
 482	   0	97.2	97.2	 544	OK
 483	   0	94.7	94.7	 614	OK
 484	   0	86.1	86.1	 581	OK
 485	1000	92.0	92.0	 527	unbonded
 486	   0	95.9	95.9	 596	OK
 487	1000	86.9	86.9	 529	unbonded
 488	4000	80.6	80.6	 722	high noise
 489	1000	86.1	86.1	 536	unbonded
 490	4000	94.3	94.3	 699	high noise
 491	   0	84.1	84.1	 620	OK
 492	1000	81.6	81.6	 468	unbonded
 493	4000	89.7	89.7	 687	high noise
 494	4000	87.3	87.3	 685	high noise
 495	   0	96.4	96.4	 556	OK
 496	1000	84.7	84.7	 530	unbonded
 497	1000	96.5	96.5	 490	unbonded
 498	   0	91.6	91.6	 567	OK
 499	   0	93.7	93.7	 545	OK
 500	   0	81.9	81.9	 582	OK
 501	   0	92.2	92.2	 638	OK
 502	1000	83.5	83.5	 522	unbonded
 503	1000	84.6	84.6	 462	unbonded
 504	   0	91.0	91.0	 549	OK
 505	1000	94.8	94.8	 527	unbonded
 506	   0	90.0	90.0	 628	OK
 507	1000	96.5	96.5	 498	unbonded
 508	   0	79.6	79.6	 636	OK
 509	   0	94.5	94.5	 563	OK
 510	   0	95.1	95.1	 558	OK
 511	   0	90.4	90.4	 664	OK
 512	   0	89.2	89.2	 579	OK
 513	   0	91.5	91.5	 587	OK
 514	1000	87.6	87.6	 524	unbonded
 515	   0	85.4	85.4	 551	OK
 516	   0	86.7	86.7	 696	OK
 517	   0	90.2	90.2	 579	OK
 518	1000	95.4	95.4	 527	unbonded
 519	   0	97.0	97.0	 729	OK
 520	   0	86.1	86.1	 698	OK
 521	   0	95.5	95.5	 544	OK
 522	4000	86.9	86.9	 789	high noise
 523	   0	87.9	87.9	 645	OK
 524	   0	88.4	88.4	 631	OK
 525	   0	94.8	94.8	 589	OK
 526	   0	88.9	88.9	 675	OK
 527	   0	90.1	90.1	 670	OK
 528	   0	88.8	88.8	 671	OK
 529	   0	88.4	88.4	 695	OK
 530	4000	84.9	84.9	 755	high noise
 531	   0	89.5	89.5	 597	OK
 532	   0	87.3	87.3	 641	OK
 533	4000	91.7	91.7	 733	high noise
 534	   0	84.1	84.1	 597	OK
 535	   0	92.7	92.7	 591	OK
 536	4000	87.0	87.0	 765	high noise
 537	   0	86.6	86.6	 647	OK
 538	   0	91.8	91.8	 688	OK
 539	   0	87.2	87.2	 596	OK
 540	1000	93.7	93.7	 469	unbonded
 541	   0	95.6	95.6	 613	OK
 542	   0	87.1	87.1	 648	OK
 543	1000	84.9	84.9	 508	unbonded
 544	   0	83.8	83.8	 681	OK
 545	   0	89.3	89.3	 685	OK
 546	   0	92.4	92.4	 663	OK
 547	   0	94.5	94.5	 620	OK
 548	   0	88.9	88.9	 544	OK
 549	   0	95.4	95.4	 655	OK
 550	1000	94.6	94.6	 535	unbonded
 551	   0	85.5	85.5	 628	OK
 552	   0	93.1	93.1	 707	OK
 553	4000	88.2	88.2	 744	high noise
 554	1000	98.8	98.8	 497	unbonded
 555	1000	92.1	92.1	 493	unbonded
 556	1000	89.7	89.7	 512	unbonded
 557	   0	94.2	94.2	 701	OK
 558	   0	92.5	92.5	 604	OK
 559	   0	96.1	96.1	 551	OK
 560	   0	93.6	93.6	 701	OK
 561	   0	91.8	91.8	 608	OK
 562	   0	93.4	93.4	 622	OK
 563	1000	92.2	92.2	 534	unbonded
 564	   0	85.9	85.9	 686	OK
 565	   0	98.1	98.1	 575	OK
 566	   0	86.3	86.3	 648	OK
 567	   0	95.2	95.2	 588	OK
 568	   0	86.4	86.4	 723	OK
 569	1000	86.7	86.7	 539	unbonded
 570	1000	79.2	79.2	 527	unbonded
 571	   0	90.9	90.9	 677	OK
 572	   0	91.2	91.2	 696	OK
 573	   0	79.4	79.4	 661	OK
 574	1000	94.7	94.7	 506	unbonded
 575	   0	87.3	87.3	 683	OK
 576	   0	91.9	91.9	 645	OK
 577	   0	87.9	87.9	 726	OK
 578	   0	92.9	92.9	 706	OK
 579	   0	90.3	90.3	 674	OK
 580	   0	94.5	94.5	 578	OK
 581	   0	91.6	91.6	 581	OK
 582	4000	87.4	87.4	 747	high noise
 583	   0	86.1	86.1	 605	OK
 584	   0	93.7	93.7	 687	OK
 585	   0	85.5	85.5	 699	OK
 586	   0	82.4	82.4	 634	OK
 587	   0	87.3	87.3	 614	OK
 588	   0	90.7	90.7	 611	OK
 589	   0	86.5	86.5	 653	OK
 590	   0	89.2	89.2	 633	OK
 591	   0	84.1	84.1	 704	OK
 592	   0	84.5	84.5	 639	OK
 593	   0	88.7	88.7	 569	OK
 594	   0	93.5	93.5	 671	OK
 595	   0	86.1	86.1	 573	OK
 596	   0	86.2	86.2	 582	OK
 597	   0	87.0	87.0	 600	OK
 598	4000	84.7	84.7	 742	high noise
 599	   0	88.4	88.4	 697	OK
 600	   0	94.5	94.5	 600	OK
 601	   0	81.4	81.4	 708	OK
 602	1000	86.5	86.5	 510	unbonded
 603	   0	93.7	93.7	 603	OK
 604	4000	86.8	86.8	 748	high noise
 605	   0	92.1	92.1	 697	OK
 606	   0	87.1	87.1	 587	OK
 607	   0	94.8	94.8	 668	OK
 608	1000	91.8	91.8	 495	unbonded
 609	4000	91.5	91.5	 734	high noise
 610	   0	89.3	89.3	 671	OK
 611	   0	81.5	81.5	 665	OK
 612	   0	88.8	88.8	 712	OK
 613	   0	81.6	81.6	 606	OK
 614	   0	90.7	90.7	 706	OK
 615	   0	83.9	83.9	 656	OK
 616	   0	85.6	85.6	 627	OK
 617	   0	85.0	85.0	 600	OK
 618	   0	90.2	90.2	 661	OK
 619	4000	86.0	86.0	 739	high noise
 620	   0	90.4	90.4	 703	OK
 621	   0	83.5	83.5	 573	OK
 622	4000	87.6	87.6	 771	high noise
 623	   0	84.6	84.6	 568	OK
 624	4000	87.6	87.6	 770	high noise
 625	   0	90.4	90.4	 634	OK
 626	   0	83.5	83.5	 724	OK
 627	   0	92.3	92.3	 618	OK
 628	   0	95.1	95.1	 611	OK
 629	   0	90.6	90.6	 640	OK
 630	   0	80.0	80.0	 670	OK
 631	1000	84.9	84.9	 491	unbonded
 632	   0	83.6	83.6	 556	OK
 633	   0	95.0	95.0	 607	OK
 634	   0	91.4	91.4	 552	OK
 635	   0	87.0	87.0	 663	OK
 636	4000	82.0	82.0	 796	high noise
 637	   0	95.0	95.0	 573	OK
 638	   0	84.4	84.4	 645	OK
 639	   0	93.1	93.1	 642	OK
 640	   0	86.7	86.7	 572	OK
 641	4000	81.8	81.8	 732	high noise
 642	4000	85.4	85.4	 753	high noise
 643	   0	88.5	88.5	 593	OK
 644	   0	81.4	81.4	 558	OK
 645	   0	91.1	91.1	 653	OK
 646	   0	82.0	82.0	 646	OK
 647	1000	89.8	89.8	 419	unbonded
 648	   0	87.4	87.4	 630	OK
 649	1000	99.0	99.0	 512	unbonded
 650	   0	88.2	88.2	 554	OK
 651	   0	83.9	83.9	 658	OK
 652	   0	89.8	89.8	 592	OK
 653	   0	85.8	85.8	 635	OK
 654	   0	83.8	83.8	 615	OK
 655	1000	87.2	87.2	 531	unbonded
 656	1000	86.1	86.1	 522	unbonded
 657	1000	82.9	82.9	 500	unbonded
 658	1000	90.5	90.5	 512	unbonded
 659	   0	81.4	81.4	 607	OK
 660	4000	84.9	84.9	 696	high noise
 661	1000	85.3	85.3	 495	unbonded
 662	   0	87.9	87.9	 561	OK
 663	4000	87.8	87.8	 710	high noise
 664	   0	93.1	93.1	 623	OK
 665	   0	87.1	87.1	 626	OK
 666	   0	89.2	89.2	 576	OK
 667	   0	83.6	83.6	 682	OK
 668	   0	89.7	89.7	 689	OK
 669	   0	88.7	88.7	 577	OK
 670	   0	94.0	94.0	 562	OK
 671	1000	85.4	85.4	 487	unbonded
 672	   0	87.9	87.9	 657	OK
 673	1000	88.5	88.5	 510	unbonded
 674	1000	86.8	86.8	 516	unbonded
 675	   0	88.8	88.8	 579	OK
 676	   0	86.6	86.6	 565	OK
 677	   0	89.4	89.4	 649	OK
 678	   0	85.7	85.7	 547	OK
 679	1000	92.9	92.9	 505	unbonded
 680	1000	86.8	86.8	 528	unbonded
 681	1000	85.6	85.6	 536	unbonded
 682	1000	85.1	85.1	 524	unbonded
 683	   0	85.4	85.4	 613	OK
 684	   0	91.0	91.0	 557	OK
 685	   0	84.7	84.7	 632	OK
 686	   0	97.6	97.6	 576	OK
 687	   0	84.0	84.0	 680	OK
 688	   0	91.8	91.8	 652	OK
 689	   0	90.8	90.8	 621	OK
 690	   0	87.5	87.5	 644	OK
 691	   0	91.7	91.7	 595	OK
 692	   0	85.4	85.4	 651	OK
 693	   0	93.8	93.8	 634	OK
 694	   0	91.2	91.2	 619	OK
 695	   0	84.9	84.9	 638	OK
 696	   0	86.9	86.9	 587	OK
 697	   0	93.5	93.5	 576	OK
 698	   0	91.3	91.3	 600	OK
 699	   0	86.0	86.0	 630	OK
 700	   0	89.4	89.4	 607	OK
 701	   0	86.6	86.6	 609	OK
 702	   0	91.7	91.7	 558	OK
 703	4000	94.7	94.7	 717	high noise
 704	   0	89.2	89.2	 660	OK
 705	   0	86.2	86.2	 668	OK
 706	   0	89.4	89.4	 671	OK
 707	   0	85.3	85.3	 653	OK
 708	4000	88.2	88.2	 712	high noise
 709	   0	86.9	86.9	 667	OK
 710	   0	85.2	85.2	 639	OK
 711	1000	93.9	93.9	 529	unbonded
 712	   0	86.6	86.6	 687	OK
 713	   0	85.4	85.4	 588	OK
 714	   0	82.7	82.7	 676	OK
 715	   0	86.3	86.3	 622	OK
 716	1000	87.2	87.2	 402	unbonded
 717	   0	88.5	88.5	 685	OK
 718	   0	92.7	92.7	 598	OK
 719	1000	91.1	91.1	 476	unbonded
 720	4000	86.8	86.8	 810	high noise
 721	4000	83.2	83.2	 715	high noise
 722	1000	89.4	89.4	 527	unbonded
 723	   0	89.7	89.7	 623	OK
 724	4000	87.2	87.2	 709	high noise
 725	   0	92.8	92.8	 582	OK
 726	   0	85.5	85.5	 616	OK
 727	   0	82.6	82.6	 564	OK
 728	   0	88.5	88.5	 609	OK
 729	   0	83.2	83.2	 555	OK
 730	   0	85.3	85.3	 624	OK
 731	   0	86.6	86.6	 590	OK
 732	1000	86.0	86.0	 486	unbonded
 733	1000	89.7	89.7	 412	unbonded
 734	   0	85.2	85.2	 564	OK
 735	1000	88.2	88.2	 534	unbonded
 736	1000	84.7	84.7	 524	unbonded
 737	   0	85.4	85.4	 563	OK
 738	   0	87.3	87.3	 653	OK
 739	   0	87.3	87.3	 633	OK
 740	1000	89.6	89.6	 478	unbonded
 741	   0	93.5	93.5	 644	OK
 742	   0	82.9	82.9	 561	OK
 743	   0	91.4	91.4	 603	OK
 744	1000	82.1	82.1	 492	unbonded
 745	   0	85.1	85.1	 660	OK
 746	   0	82.1	82.1	 656	OK
 747	   0	90.7	90.7	 587	OK
 748	   0	94.0	94.0	 632	OK
 749	4000	89.7	89.7	 722	high noise
 750	1000	88.1	88.1	 488	unbonded
 751	   0	87.9	87.9	 567	OK
 752	   0	89.6	89.6	 664	OK
 753	   0	89.3	89.3	 633	OK
 754	   0	80.3	80.3	 655	OK
 755	   0	90.1	90.1	 626	OK
 756	   0	89.8	89.8	 625	OK
 757	   0	93.3	93.3	 609	OK
 758	   0	86.9	86.9	 676	OK
 759	   0	89.0	89.0	 620	OK
 760	   0	82.5	82.5	 572	OK
 761	   0	87.1	87.1	 583	OK
 762	   0	81.6	81.6	 543	OK
 763	   0	84.2	84.2	 609	OK
 764	   0	85.6	85.6	 555	OK
 765	   0	92.0	92.0	 668	OK
 766	4000	90.7	90.7	 747	high noise
 767	   0	91.9	91.9	 564	OK
 768	   0	84.0	84.0	 606	OK
 769	   0	74.3	74.3	 617	OK
 770	   0	81.8	81.8	 562	OK
 771	1000	84.4	84.4	 495	unbonded
 772	   0	86.3	86.3	 602	OK
 773	   0	82.3	82.3	 549	OK
 774	   0	86.5	86.5	 659	OK
 775	1000	80.8	80.8	 537	unbonded
 776	   0	83.8	83.8	 555	OK
 777	   0	77.3	77.3	 593	OK
 778	   0	83.3	83.3	 625	OK
 779	   0	86.4	86.4	 573	OK
 780	   0	81.2	81.2	 610	OK
 781	   0	75.6	75.6	 614	OK
 782	1000	81.7	81.7	 490	unbonded
 783	   0	84.3	84.3	 564	OK
 784	   0	85.1	85.1	 609	OK
 785	   0	84.4	84.4	 585	OK
 786	   0	82.3	82.3	 545	OK
 787	   0	80.0	80.0	 664	OK
 788	   0	80.6	80.6	 650	OK
 789	   0	88.8	88.8	 587	OK
 790	   0	76.1	76.1	 671	OK
 791	   0	81.1	81.1	 610	OK
 792	1000	85.1	85.1	 490	unbonded
 793	   0	86.5	86.5	 590	OK
 794	1000	83.9	83.9	 527	unbonded
 795	   0	81.6	81.6	 558	OK
 796	   0	81.9	81.9	 588	OK
 797	1000	85.1	85.1	 508	unbonded
 798	   0	83.1	83.1	 602	OK
 799	1000	81.4	81.4	 520	unbonded
 800	4000	82.6	82.6	 702	high noise
 801	   0	87.9	87.9	 583	OK
 802	1000	90.8	90.8	 511	unbonded
 803	4000	81.8	81.8	 752	high noise
 804	1000	81.7	81.7	 516	unbonded
 805	   0	77.3	77.3	 586	OK
 806	   0	90.1	90.1	 617	OK
 807	   0	82.0	82.0	 592	OK
 808	   0	83.3	83.3	 642	OK
 809	   0	77.1	77.1	 547	OK
 810	   0	84.7	84.7	 600	OK
 811	   0	92.0	92.0	 604	OK
 812	1000	84.1	84.1	 451	unbonded
 813	1000	86.8	86.8	 490	unbonded
 814	4000	77.2	77.2	 683	high noise
 815	   0	89.7	89.7	 566	OK
 816	4000	77.8	77.8	 710	high noise
 817	   0	85.2	85.2	 630	OK
 818	   0	88.5	88.5	 623	OK
 819	1000	81.2	81.2	 437	unbonded
 820	   0	85.2	85.2	 637	OK
 821	   0	83.2	83.2	 603	OK
 822	   0	87.4	87.4	 593	OK
 823	   0	76.3	76.3	 627	OK
 824	   0	82.6	82.6	 590	OK
 825	   0	83.8	83.8	 654	OK
 826	1000	84.9	84.9	 518	unbonded
 827	   0	83.1	83.1	 558	OK
 828	1000	89.5	89.5	 531	unbonded
 829	   0	87.6	87.6	 646	OK
 830	4000	83.4	83.4	 742	high noise
 831	   0	87.0	87.0	 585	OK
 832	   0	87.1	87.1	 548	OK
 833	   0	88.0	88.0	 638	OK
 834	1000	84.7	84.7	 516	unbonded
 835	   0	83.3	83.3	 643	OK
 836	1000	85.2	85.2	 469	unbonded
 837	   0	86.9	86.9	 584	OK
 838	   0	82.9	82.9	 556	OK
 839	1000	90.3	90.3	 519	unbonded
 840	   0	89.2	89.2	 667	OK
 841	1000	79.8	79.8	 539	unbonded
 842	   0	93.3	93.3	 587	OK
 843	   0	82.0	82.0	 649	OK
 844	4000	90.5	90.5	 690	high noise
 845	1000	84.2	84.2	 439	unbonded
 846	   0	78.3	78.3	 640	OK
 847	   0	85.7	85.7	 606	OK
 848	   0	86.2	86.2	 571	OK
 849	4000	85.4	85.4	 689	high noise
 850	   0	88.6	88.6	 597	OK
 851	1000	82.4	82.4	 499	unbonded
 852	   0	83.2	83.2	 635	OK
 853	   0	80.5	80.5	 598	OK
 854	   0	79.9	79.9	 574	OK
 855	   0	87.1	87.1	 565	OK
 856	   0	84.0	84.0	 657	OK
 857	4000	79.0	79.0	 686	high noise
 858	   0	86.1	86.1	 553	OK
 859	   0	85.5	85.5	 661	OK
 860	   0	92.6	92.6	 553	OK
 861	1000	85.0	85.0	 519	unbonded
 862	   0	86.8	86.8	 643	OK
 863	4000	81.4	81.4	 704	high noise
 864	   0	85.9	85.9	 621	OK
 865	   0	76.9	76.9	 615	OK
 866	1000	88.7	88.7	 515	unbonded
 867	1000	85.4	85.4	 537	unbonded
 868	4000	87.3	87.3	 681	high noise
 869	   0	81.1	81.1	 614	OK
 870	4000	83.2	83.2	 686	high noise
 871	1000	90.0	90.0	 517	unbonded
 872	   0	95.0	95.0	 606	OK
 873	   0	89.6	89.6	 576	OK
 874	1000	91.4	91.4	 496	unbonded
 875	   0	82.9	82.9	 596	OK
 876	   0	86.0	86.0	 544	OK
 877	   0	83.0	83.0	 614	OK
 878	4000	82.1	82.1	 688	high noise
 879	4000	78.6	78.6	 710	high noise
 880	   0	83.6	83.6	 617	OK
 881	   0	87.3	87.3	 634	OK
 882	1000	88.6	88.6	 515	unbonded
 883	4000	82.5	82.5	 691	high noise
 884	   0	83.6	83.6	 579	OK
 885	   0	80.8	80.8	 615	OK
 886	1000	84.6	84.6	 492	unbonded
 887	   0	86.4	86.4	 662	OK
 888	   0	75.4	75.4	 609	OK
 889	   0	83.0	83.0	 621	OK
 890	   0	88.7	88.7	 632	OK
 891	   0	91.7	91.7	 572	OK
 892	   0	81.7	81.7	 642	OK
 893	1000	85.9	85.9	 443	unbonded
 894	   0	81.7	81.7	 567	OK
 895	1000	86.0	86.0	 510	unbonded
 896	   0	79.6	79.6	 640	OK
 897	1000	81.5	81.5	 433	unbonded
 898	   0	82.7	82.7	 614	OK
 899	   0	85.2	85.2	 553	OK
 900	   0	81.1	81.1	 606	OK
 901	   0	88.6	88.6	 640	OK
 902	   0	78.5	78.5	 587	OK
 903	1000	87.2	87.2	 490	unbonded
 904	   0	89.4	89.4	 576	OK
 905	   0	79.3	79.3	 606	OK
 906	   0	84.2	84.2	 617	OK
 907	   0	82.8	82.8	 600	OK
 908	   0	90.4	90.4	 603	OK
 909	   0	84.4	84.4	 564	OK
 910	   0	82.8	82.8	 637	OK
 911	   0	87.4	87.4	 542	OK
 912	   0	83.3	83.3	 561	OK
 913	   0	89.5	89.5	 554	OK
 914	   0	87.0	87.0	 558	OK
 915	   0	80.1	80.1	 580	OK
 916	   0	80.5	80.5	 665	OK
 917	   0	85.0	85.0	 576	OK
 918	4000	89.0	89.0	 673	high noise
 919	1000	89.9	89.9	 483	unbonded
 920	4000	84.7	84.7	 728	high noise
 921	   0	79.9	79.9	 621	OK
 922	   0	82.9	82.9	 628	OK
 923	1000	86.6	86.6	 444	unbonded
 924	   0	83.2	83.2	 589	OK
 925	   0	81.5	81.5	 590	OK
 926	   0	86.5	86.5	 543	OK
 927	   0	86.5	86.5	 630	OK
 928	   0	88.3	88.3	 659	OK
 929	4000	76.4	76.4	 706	high noise
 930	1000	84.0	84.0	 483	unbonded
 931	   0	94.6	94.6	 648	OK
 932	   0	92.9	92.9	 546	OK
 933	1000	91.4	91.4	 453	unbonded
 934	   0	82.9	82.9	 598	OK
 935	   0	83.4	83.4	 659	OK
 936	   0	81.7	81.7	 607	OK
 937	1000	81.7	81.7	 449	unbonded
 938	4000	88.0	88.0	 704	high noise
 939	   0	85.4	85.4	 577	OK
 940	   0	86.9	86.9	 548	OK
 941	   0	79.4	79.4	 633	OK
 942	1000	86.3	86.3	 536	unbonded
 943	   0	80.4	80.4	 557	OK
 944	4000	86.0	86.0	 674	high noise
 945	   0	87.2	87.2	 636	OK
 946	4000	80.7	80.7	 688	high noise
 947	   0	97.1	97.1	 545	OK
 948	   0	82.9	82.9	 576	OK
 949	1000	89.9	89.9	 472	unbonded
 950	   0	78.9	78.9	 611	OK
 951	4000	80.2	80.2	 761	high noise
 952	1000	82.2	82.2	 496	unbonded
 953	   0	87.3	87.3	 644	OK
 954	1000	90.3	90.3	 540	unbonded
 955	1000	86.9	86.9	 517	unbonded
 956	   0	82.7	82.7	 612	OK
 957	   0	84.6	84.6	 581	OK
 958	   0	88.2	88.2	 599	OK
 959	   0	84.9	84.9	 663	OK
 960	4000	82.3	82.3	 705	high noise
 961	   0	85.1	85.1	 615	OK
 962	   0	90.9	90.9	 558	OK
 963	   0	77.4	77.4	 578	OK
 964	   0	90.4	90.4	 644	OK
 965	   0	78.5	78.5	 619	OK
 966	1000	83.0	83.0	 495	unbonded
 967	   0	86.4	86.4	 561	OK
 968	   0	87.1	87.1	 615	OK
 969	1000	78.1	78.1	 514	unbonded
 970	   0	85.3	85.3	 554	OK
 971	   0	86.2	86.2	 595	OK
 972	8000	84.9	84.9	 541	partbonded
 973	   0	80.8	80.8	 618	OK
 974	1000	85.6	85.6	 473	unbonded
 975	   0	82.5	82.5	 624	OK
 976	   0	83.3	83.3	 551	OK
 977	1000	84.3	84.3	 491	unbonded
 978	1000	80.8	80.8	 534	unbonded
 979	   0	81.7	81.7	 657	OK
 980	   0	88.8	88.8	 546	OK
 981	1000	83.9	83.9	 498	unbonded
 982	1000	77.4	77.4	 526	unbonded
 983	   0	84.5	84.5	 601	OK
 984	   0	82.5	82.5	 626	OK
 985	   0	80.2	80.2	 559	OK
 986	   0	86.5	86.5	 641	OK
 987	1000	82.2	82.2	 532	unbonded
 988	4000	73.9	73.9	 716	high noise
 989	1000	89.5	89.5	 464	unbonded
 990	1000	86.6	86.6	 538	unbonded
 991	   0	86.2	86.2	 642	OK
 992	   0	88.1	88.1	 585	OK
 993	   0	89.3	89.3	 547	OK
 994	4000	82.6	82.6	 714	high noise
 995	4000	77.0	77.0	 678	high noise
 996	   0	86.7	86.7	 592	OK
 997	   0	84.2	84.2	 633	OK
 998	   0	82.5	82.5	 547	OK
 999	   0	80.7	80.7	 555	OK
1000	1000	81.2	81.2	 495	unbonded
1001	1000	90.5	90.5	 505	unbonded
1002	   0	85.0	85.0	 596	OK
1003	1000	85.7	85.7	 460	unbonded
1004	   0	78.2	78.2	 557	OK
1005	   0	82.5	82.5	 587	OK
1006	   0	92.1	92.1	 609	OK
1007	   0	80.9	80.9	 606	OK
1008	   0	84.7	84.7	 660	OK
1009	   0	72.4	72.4	 640	OK
1010	   0	91.5	91.5	 589	OK
1011	   0	81.0	81.0	 545	OK
1012	   0	83.6	83.6	 596	OK
1013	   0	76.1	76.1	 577	OK
1014	   0	83.0	83.0	 552	OK
1015	   0	82.7	82.7	 544	OK
1016	   0	76.0	76.0	 591	OK
1017	   0	80.6	80.6	 584	OK
1018	   0	78.7	78.7	 570	OK
1019	1000	82.6	82.6	 477	unbonded
1020	4000	79.5	79.5	 691	high noise
1021	   0	85.7	85.7	 563	OK
1022	   0	91.8	91.8	 645	OK
1023	1000	90.5	90.5	 522	unbonded
1024	   0	87.8	87.8	 693	OK
1025	   0	85.8	85.8	 647	OK
1026	   0	84.0	84.0	 593	OK
1027	1000	85.8	85.8	 491	unbonded
1028	   0	88.1	88.1	 666	OK
1029	   0	95.5	95.5	 648	OK
1030	   0	86.5	86.5	 594	OK
1031	   0	86.3	86.3	 630	OK
1032	   0	90.7	90.7	 558	OK
1033	4000	79.4	79.4	 767	high noise
1034	   0	80.2	80.2	 670	OK
1035	   0	84.7	84.7	 582	OK
1036	   0	88.6	88.6	 633	OK
1037	   0	80.2	80.2	 678	OK
1038	   0	81.9	81.9	 661	OK
1039	4000	82.5	82.5	 736	high noise
1040	   0	87.3	87.3	 694	OK
1041	   0	85.7	85.7	 638	OK
1042	   0	85.5	85.5	 660	OK
1043	1000	84.8	84.8	 519	unbonded
1044	   0	86.6	86.6	 564	OK
1045	1000	86.1	86.1	 538	unbonded
1046	   0	80.7	80.7	 662	OK
1047	   0	89.3	89.3	 625	OK
1048	   0	76.7	76.7	 674	OK
1049	   0	79.6	79.6	 578	OK
1050	4000	86.6	86.6	 760	high noise
1051	   0	80.7	80.7	 598	OK
1052	4000	90.3	90.3	 727	high noise
1053	   0	80.8	80.8	 690	OK
1054	   0	88.2	88.2	 567	OK
1055	4000	81.2	81.2	 723	high noise
1056	1000	84.5	84.5	 538	unbonded
1057	1000	81.4	81.4	 508	unbonded
1058	   0	85.9	85.9	 592	OK
1059	1000	77.9	77.9	 506	unbonded
1060	4000	85.7	85.7	 731	high noise
1061	   0	78.7	78.7	 542	OK
1062	1000	82.8	82.8	 535	unbonded
1063	4000	77.3	77.3	 748	high noise
1064	   0	80.8	80.8	 619	OK
1065	   0	81.2	81.2	 683	OK
1066	   0	82.9	82.9	 629	OK
1067	4000	92.4	92.4	 748	high noise
1068	   0	82.5	82.5	 583	OK
1069	   0	75.8	75.8	 632	OK
1070	   0	85.6	85.6	 624	OK
1071	   0	89.5	89.5	 606	OK
1072	   0	86.9	86.9	 606	OK
1073	   0	79.6	79.6	 644	OK
1074	   0	83.3	83.3	 646	OK
1075	   0	81.5	81.5	 617	OK
1076	   0	75.1	75.1	 582	OK
1077	   0	73.3	73.3	 690	OK
1078	1000	87.1	87.1	 508	unbonded
1079	1000	87.1	87.1	 463	unbonded
1080	1000	91.6	91.6	 483	unbonded
1081	   0	84.5	84.5	 685	OK
1082	1000	86.4	86.4	 472	unbonded
1083	   0	83.0	83.0	 609	OK
1084	   0	85.2	85.2	 620	OK
1085	1000	88.0	88.0	 425	unbonded
1086	4000	81.7	81.7	 724	high noise
1087	   0	81.4	81.4	 631	OK
1088	   0	85.5	85.5	 578	OK
1089	   0	86.1	86.1	 589	OK
1090	1000	86.1	86.1	 523	unbonded
1091	   0	83.0	83.0	 551	OK
1092	   0	81.9	81.9	 582	OK
1093	4000	78.9	78.9	 754	high noise
1094	   0	82.2	82.2	 654	OK
1095	   0	82.3	82.3	 594	OK
1096	   0	86.9	86.9	 612	OK
1097	   0	82.9	82.9	 614	OK
1098	   0	83.1	83.1	 669	OK
1099	4000	83.3	83.3	 712	high noise
1100	   0	75.3	75.3	 630	OK
1101	   0	92.5	92.5	 618	OK
1102	   0	88.5	88.5	 615	OK
1103	1000	85.0	85.0	 509	unbonded
1104	1000	85.4	85.4	 471	unbonded
1105	1000	82.4	82.4	 538	unbonded
1106	8000	81.5	81.5	 541	partbonded
1107	   0	79.6	79.6	 685	OK
1108	   0	84.5	84.5	 627	OK
1109	   0	79.0	79.0	 648	OK
1110	1000	82.6	82.6	 528	unbonded
1111	   0	88.3	88.3	 562	OK
1112	   0	84.0	84.0	 614	OK
1113	1000	83.7	83.7	 530	unbonded
1114	1000	80.1	80.1	 521	unbonded
1115	   0	80.3	80.3	 687	OK
1116	   0	80.6	80.6	 595	OK
1117	   0	79.3	79.3	 594	OK
1118	   0	80.5	80.5	 709	OK
1119	   0	82.4	82.4	 570	OK
1120	   0	78.5	78.5	 639	OK
1121	   0	84.1	84.1	 616	OK
1122	   0	83.6	83.6	 696	OK
1123	   0	78.1	78.1	 636	OK
1124	   0	74.4	74.4	 543	OK
1125	   0	87.5	87.5	 676	OK
1126	   0	82.9	82.9	 621	OK
1127	   0	74.6	74.6	 697	OK
1128	   0	83.2	83.2	 704	OK
1129	   0	87.5	87.5	 597	OK
1130	4000	77.1	77.1	 742	high noise
1131	   0	83.7	83.7	 615	OK
1132	   0	79.9	79.9	 577	OK
1133	   0	82.1	82.1	 609	OK
1134	   0	81.5	81.5	 665	OK
1135	4000	81.6	81.6	 739	high noise
1136	4000	85.0	85.0	 712	high noise
1137	   0	84.2	84.2	 569	OK
1138	   0	75.8	75.8	 549	OK
1139	   0	85.8	85.8	 665	OK
1140	   0	94.6	94.6	 577	OK
1141	   0	85.1	85.1	 591	OK
1142	   0	81.2	81.2	 628	OK
1143	1000	83.3	83.3	 511	unbonded
1144	1000	80.4	80.4	 523	unbonded
1145	   0	73.4	73.4	 646	OK
1146	1000	79.1	79.1	 490	unbonded
1147	   0	83.9	83.9	 643	OK
1148	   0	81.3	81.3	 670	OK
1149	4000	85.9	85.9	 776	high noise
1150	   0	77.3	77.3	 605	OK
1151	4000	83.1	83.1	 719	high noise
1152	   0	81.5	81.5	 558	OK
1153	   0	83.2	83.2	 664	OK
1154	   0	82.8	82.8	 633	OK
1155	   0	86.2	86.2	 637	OK
1156	   0	86.6	86.6	 550	OK
1157	4000	85.3	85.3	 689	high noise
1158	1000	91.3	91.3	 457	unbonded
1159	4000	81.7	81.7	 724	high noise
1160	   0	88.3	88.3	 541	OK
1161	   0	75.9	75.9	 655	OK
1162	   0	86.2	86.2	 620	OK
1163	   0	82.9	82.9	 663	OK
1164	4000	80.4	80.4	 695	high noise
1165	1000	88.7	88.7	 448	unbonded
1166	   0	86.3	86.3	 561	OK
1167	   0	82.9	82.9	 579	OK
1168	1000	83.2	83.2	 533	unbonded
1169	1000	89.2	89.2	 538	unbonded
1170	   0	90.2	90.2	 672	OK
1171	4000	87.6	87.6	 809	high noise
1172	   0	85.1	85.1	 582	OK
1173	1000	81.3	81.3	 445	unbonded
1174	   0	87.6	87.6	 611	OK
1175	   0	86.8	86.8	 555	OK
1176	4000	80.5	80.5	 740	high noise
1177	1000	91.8	91.8	 488	unbonded
1178	   0	89.3	89.3	 545	OK
1179	1000	88.5	88.5	 526	unbonded
1180	4000	86.5	86.5	 751	high noise
1181	4000	82.7	82.7	 734	high noise
1182	4000	79.7	79.7	 715	high noise
1183	   0	83.9	83.9	 608	OK
1184	1000	90.1	90.1	 471	unbonded
1185	   0	87.0	87.0	 579	OK
1186	   0	83.3	83.3	 588	OK
1187	   0	87.3	87.3	 581	OK
1188	   0	85.2	85.2	 639	OK
1189	   0	87.5	87.5	 673	OK
1190	   0	78.7	78.7	 670	OK
1191	   0	86.7	86.7	 578	OK
1192	   0	91.2	91.2	 650	OK
1193	   0	80.5	80.5	 681	OK
1194	   0	86.4	86.4	 621	OK
1195	   0	88.4	88.4	 653	OK
1196	   0	83.4	83.4	 616	OK
1197	   0	92.5	92.5	 615	OK
1198	1000	90.5	90.5	 483	unbonded
1199	   0	81.0	81.0	 660	OK
1200	   0	82.7	82.7	 586	OK
1201	   0	88.3	88.3	 546	OK
1202	   0	82.5	82.5	 590	OK
1203	   0	88.1	88.1	 551	OK
1204	   0	88.5	88.5	 563	OK
1205	   0	85.2	85.2	 611	OK
1206	   0	76.1	76.1	 667	OK
1207	4000	82.5	82.5	 705	high noise
1208	4000	80.6	80.6	 717	high noise
1209	1000	90.5	90.5	 502	unbonded
1210	   0	86.1	86.1	 607	OK
1211	   0	90.1	90.1	 645	OK
1212	   0	84.4	84.4	 669	OK
1213	4000	94.3	94.3	 720	high noise
1214	1000	81.1	81.1	 535	unbonded
1215	   0	91.0	91.0	 568	OK
1216	1000	83.5	83.5	 536	unbonded
1217	   0	87.3	87.3	 619	OK
1218	1000	89.8	89.8	 528	unbonded
1219	4000	87.0	87.0	 771	high noise
1220	   0	85.8	85.8	 632	OK
1221	   0	88.4	88.4	 667	OK
1222	4000	82.9	82.9	 697	high noise
1223	   0	80.7	80.7	 575	OK
1224	4000	75.8	75.8	 689	high noise
1225	4000	78.5	78.5	 782	high noise
1226	8000	85.6	85.6	 540	partbonded
1227	1000	83.3	83.3	 515	unbonded
1228	   0	81.7	81.7	 565	OK
1229	   0	82.9	82.9	 608	OK
1230	   0	82.0	82.0	 550	OK
1231	   0	83.0	83.0	 666	OK
1232	   0	83.4	83.4	 563	OK
1233	1000	92.6	92.6	 514	unbonded
1234	1000	85.4	85.4	 523	unbonded
1235	   0	85.6	85.6	 562	OK
1236	4000	79.0	79.0	 786	high noise
1237	1000	83.9	83.9	 450	unbonded
1238	   0	83.1	83.1	 657	OK
1239	1000	89.8	89.8	 527	unbonded
1240	   0	84.8	84.8	 596	OK
1241	1000	83.2	83.2	 493	unbonded
1242	4000	81.9	81.9	 734	high noise
1243	   0	83.8	83.8	 607	OK
1244	1000	81.8	81.8	 534	unbonded
1245	   0	78.5	78.5	 625	OK
1246	   0	88.7	88.7	 583	OK
1247	   0	89.3	89.3	 571	OK
1248	   0	78.2	78.2	 664	OK
1249	   0	86.6	86.6	 640	OK
1250	   0	84.9	84.9	 561	OK
1251	   0	85.8	85.8	 684	OK
1252	   0	77.6	77.6	 549	OK
1253	   0	89.7	89.7	 562	OK
1254	1000	80.2	80.2	 452	unbonded
1255	   0	81.5	81.5	 548	OK
1256	   0	72.9	72.9	 627	OK
1257	   0	86.6	86.6	 564	OK
1258	1000	81.0	81.0	 521	unbonded
1259	1000	74.9	74.9	 523	unbonded
1260	1000	84.6	84.6	 512	unbonded
1261	   0	78.7	78.7	 602	OK
1262	   0	80.4	80.4	 673	OK
1263	   0	78.7	78.7	 627	OK
1264	   0	82.0	82.0	 640	OK
1265	   0	89.7	89.7	 604	OK
1266	1000	82.6	82.6	 521	unbonded
1267	1000	86.5	86.5	 505	unbonded
1268	1000	83.0	83.0	 479	unbonded
1269	   0	93.2	93.2	 607	OK
1270	1000	86.6	86.6	 507	unbonded
1271	1000	85.2	85.2	 533	unbonded
1272	1000	82.6	82.6	 532	unbonded
1273	   0	80.4	80.4	 589	OK
1274	   0	88.9	88.9	 580	OK
1275	   0	82.0	82.0	 560	OK
1276	1000	85.4	85.4	 492	unbonded
1277	   0	84.4	84.4	 620	OK
1278	1000	80.7	80.7	 533	unbonded
1279	   0	82.6	82.6	 608	OK
1280	4000	79.4	79.4	 802	high noise
1281	   0	84.9	84.9	 664	OK
1282	   0	79.4	79.4	 572	OK
1283	4000	77.1	77.1	 825	high noise
1284	   0	81.8	81.8	 655	OK
1285	   0	77.9	77.9	 665	OK
1286	   0	85.8	85.8	 742	OK
1287	1000	81.9	81.9	 532	unbonded
1288	   0	81.7	81.7	 687	OK
1289	   0	82.6	82.6	 635	OK
1290	   0	80.0	80.0	 742	OK
1291	   0	74.7	74.7	 718	OK
1292	   0	81.9	81.9	 550	OK
1293	   0	81.1	81.1	 566	OK
1294	   0	77.9	77.9	 616	OK
1295	   0	78.5	78.5	 736	OK
1296	1000	82.5	82.5	 529	unbonded
1297	   0	83.2	83.2	 709	OK
1298	4000	77.6	77.6	 752	high noise
1299	   0	79.1	79.1	 657	OK
1300	   0	77.0	77.0	 624	OK
1301	4000	78.0	78.0	 751	high noise
1302	4000	81.9	81.9	 803	high noise
1303	   0	80.2	80.2	 618	OK
1304	   0	77.2	77.2	 617	OK
1305	   0	83.8	83.8	 627	OK
1306	   0	77.8	77.8	 614	OK
1307	   0	84.6	84.6	 629	OK
1308	   0	80.2	80.2	 667	OK
1309	1000	88.8	88.8	 528	unbonded
1310	   0	76.8	76.8	 738	OK
1311	   0	84.9	84.9	 569	OK
1312	1000	87.4	87.4	 513	unbonded
1313	   0	78.9	78.9	 706	OK
1314	   0	84.5	84.5	 677	OK
1315	1000	74.6	74.6	 530	unbonded
1316	   0	84.8	84.8	 547	OK
1317	   0	85.6	85.6	 621	OK
1318	8000	78.4	78.4	 540	partbonded
1319	1000	81.3	81.3	 539	unbonded
1320	   0	79.5	79.5	 739	OK
1321	   0	83.0	83.0	 638	OK
1322	   0	83.1	83.1	 582	OK
1323	   0	86.1	86.1	 738	OK
1324	1000	82.5	82.5	 448	unbonded
1325	   0	86.2	86.2	 719	OK
1326	   0	85.4	85.4	 573	OK
1327	4000	79.2	79.2	 770	high noise
1328	   0	81.6	81.6	 687	OK
1329	   0	76.4	76.4	 662	OK
1330	   0	72.5	72.5	 620	OK
1331	   0	83.7	83.7	 685	OK
1332	   0	85.7	85.7	 657	OK
1333	   0	79.1	79.1	 604	OK
1334	   0	83.8	83.8	 589	OK
1335	   0	81.4	81.4	 726	OK
1336	   0	78.1	78.1	 666	OK
1337	   0	89.6	89.6	 557	OK
1338	   0	84.5	84.5	 716	OK
1339	   0	79.3	79.3	 655	OK
1340	   0	87.6	87.6	 703	OK
1341	   0	78.8	78.8	 690	OK
1342	   0	84.5	84.5	 545	OK
1343	   0	83.1	83.1	 646	OK
1344	   0	76.9	76.9	 687	OK
1345	   0	78.6	78.6	 547	OK
1346	1000	88.6	88.6	 522	unbonded
1347	4000	73.6	73.6	 797	high noise
1348	   0	88.5	88.5	 700	OK
1349	1000	85.6	85.6	 504	unbonded
1350	   0	80.3	80.3	 695	OK
1351	   0	82.6	82.6	 634	OK
1352	   0	81.2	81.2	 732	OK
1353	   0	84.5	84.5	 604	OK
1354	   0	81.9	81.9	 692	OK
1355	   0	83.6	83.6	 705	OK
1356	   0	82.0	82.0	 601	OK
1357	   0	78.4	78.4	 731	OK
1358	4000	76.5	76.5	 752	high noise
1359	   0	82.6	82.6	 578	OK
1360	   0	78.9	78.9	 682	OK
1361	4000	77.9	77.9	 770	high noise
1362	   0	73.8	73.8	 578	OK
1363	   0	83.6	83.6	 589	OK
1364	   0	73.8	73.8	 632	OK
1365	   0	78.6	78.6	 558	OK
1366	   0	82.9	82.9	 621	OK
1367	   0	89.7	89.7	 632	OK
1368	4000	71.1	71.1	 837	high noise
1369	   0	78.8	78.8	 703	OK
1370	   0	77.8	77.8	 591	OK
1371	   0	81.8	81.8	 680	OK
1372	   0	80.1	80.1	 567	OK
1373	   0	79.4	79.4	 711	OK
1374	   0	84.5	84.5	 579	OK
1375	4000	80.0	80.0	 749	high noise
1376	   0	68.8	68.8	 643	OK
1377	   0	69.8	69.8	 726	OK
1378	1000	76.1	76.1	 468	unbonded
1379	   0	80.6	80.6	 706	OK
1380	   0	78.4	78.4	 735	OK
1381	   0	82.8	82.8	 661	OK
1382	   0	81.8	81.8	 673	OK
1383	   0	82.6	82.6	 723	OK
1384	   0	79.2	79.2	 623	OK
1385	   0	77.4	77.4	 706	OK
1386	   0	79.7	79.7	 558	OK
1387	   0	84.3	84.3	 610	OK
1388	   0	80.7	80.7	 618	OK
1389	4000	77.7	77.7	 775	high noise
1390	   0	80.0	80.0	 570	OK
1391	   0	85.6	85.6	 631	OK
1392	4000	77.8	77.8	 762	high noise
1393	   0	81.4	81.4	 625	OK
1394	1000	81.7	81.7	 499	unbonded
1395	   0	86.9	86.9	 745	OK
1396	   0	85.6	85.6	 724	OK
1397	   0	78.4	78.4	 707	OK
1398	   0	77.8	77.8	 665	OK
1399	   0	82.9	82.9	 678	OK
1400	   0	76.0	76.0	 706	OK
1401	1000	82.1	82.1	 489	unbonded
1402	   0	79.4	79.4	 660	OK
1403	4000	74.6	74.6	 754	high noise
1404	1000	77.0	77.0	 455	unbonded
1405	   0	78.9	78.9	 680	OK
1406	   0	79.1	79.1	 632	OK
1407	   0	78.0	78.0	 708	OK
1408	1000	100.8	100.8	 473	unbonded
1409	   0	86.3	86.3	 592	OK
1410	1000	86.6	86.6	 486	unbonded
1411	   0	91.8	91.8	 576	OK
1412	1000	90.2	90.2	 401	unbonded
1413	4000	90.8	90.8	 663	high noise
1414	1000	90.2	90.2	 506	unbonded
1415	1000	93.6	93.6	 511	unbonded
1416	1000	93.5	93.5	 493	unbonded
1417	1000	88.3	88.3	 405	unbonded
1418	1000	93.4	93.4	 525	unbonded
1419	1000	95.3	95.3	 526	unbonded
1420	   0	87.8	87.8	 552	OK
1421	1000	92.6	92.6	 488	unbonded
1422	   0	96.0	96.0	 628	OK
1423	   0	84.5	84.5	 568	OK
1424	   0	89.0	89.0	 619	OK
1425	   0	95.7	95.7	 610	OK
1426	1000	88.6	88.6	 531	unbonded
1427	1000	92.3	92.3	 393	unbonded
1428	   0	87.5	87.5	 609	OK
1429	4000	91.8	91.8	 650	high noise
1430	   0	78.8	78.8	 607	OK
1431	4000	90.8	90.8	 674	high noise
1432	1000	88.0	88.0	 473	unbonded
1433	   0	90.6	90.6	 580	OK
1434	   0	86.3	86.3	 637	OK
1435	   0	90.5	90.5	 542	OK
1436	   0	90.6	90.6	 600	OK
1437	   0	95.1	95.1	 566	OK
1438	   0	88.3	88.3	 607	OK
1439	1000	84.9	84.9	 459	unbonded
1440	   0	84.2	84.2	 571	OK
1441	1000	86.7	86.7	 513	unbonded
1442	1000	85.2	85.2	 478	unbonded
1443	   0	95.3	95.3	 570	OK
1444	   0	89.8	89.8	 558	OK
1445	   0	90.2	90.2	 597	OK
1446	   0	93.0	93.0	 561	OK
1447	   0	91.0	91.0	 591	OK
1448	   0	89.3	89.3	 592	OK
1449	1000	88.0	88.0	 482	unbonded
1450	   0	94.4	94.4	 576	OK
1451	8000	88.4	88.4	 540	partbonded
1452	   0	90.2	90.2	 628	OK
1453	1000	89.3	89.3	 529	unbonded
1454	   0	90.5	90.5	 618	OK
1455	   0	84.1	84.1	 609	OK
1456	1000	85.0	85.0	 528	unbonded
1457	   0	88.4	88.4	 610	OK
1458	1000	89.3	89.3	 438	unbonded
1459	1000	89.6	89.6	 511	unbonded
1460	   0	83.4	83.4	 588	OK
1461	   0	83.0	83.0	 565	OK
1462	1000	91.4	91.4	 501	unbonded
1463	   0	91.4	91.4	 562	OK
1464	   0	82.5	82.5	 629	OK
1465	   0	94.1	94.1	 620	OK
1466	1000	88.7	88.7	 537	unbonded
1467	4000	99.8	99.8	 656	high noise
1468	1000	91.9	91.9	 480	unbonded
1469	   0	93.6	93.6	 586	OK
1470	   0	93.6	93.6	 552	OK
1471	4000	85.8	85.8	 651	high noise
1472	1000	84.5	84.5	 505	unbonded
1473	   0	89.9	89.9	 569	OK
1474	1000	96.4	96.4	 522	unbonded
1475	4000	82.0	82.0	 784	high noise
1476	1000	89.4	89.4	 481	unbonded
1477	   0	91.0	91.0	 630	OK
1478	4000	83.6	83.6	 696	high noise
1479	   0	93.2	93.2	 604	OK
1480	   0	91.4	91.4	 621	OK
1481	1000	87.2	87.2	 534	unbonded
1482	   0	90.9	90.9	 548	OK
1483	1000	89.1	89.1	 534	unbonded
1484	   0	91.9	91.9	 637	OK
1485	1000	88.2	88.2	 434	unbonded
1486	   0	92.2	92.2	 557	OK
1487	4000	89.1	89.1	 674	high noise
1488	1000	84.7	84.7	 532	unbonded
1489	1000	92.5	92.5	 422	unbonded
1490	   0	90.3	90.3	 639	OK
1491	1000	84.7	84.7	 538	unbonded
1492	   0	88.2	88.2	 600	OK
1493	   0	89.7	89.7	 618	OK
1494	4000	90.0	90.0	 681	high noise
1495	1000	85.4	85.4	 539	unbonded
1496	   0	86.8	86.8	 614	OK
1497	   0	89.5	89.5	 587	OK
1498	1000	90.5	90.5	 449	unbonded
1499	   0	85.7	85.7	 631	OK
1500	   0	87.4	87.4	 617	OK
1501	1000	85.8	85.8	 539	unbonded
1502	1000	86.3	86.3	 529	unbonded
1503	   0	88.2	88.2	 550	OK
1504	   0	94.8	94.8	 542	OK
1505	1000	87.7	87.7	 475	unbonded
1506	   0	92.0	92.0	 619	OK
1507	1000	83.7	83.7	 487	unbonded
1508	4000	100.1	100.1	 689	high noise
1509	   0	87.6	87.6	 550	OK
1510	   0	84.0	84.0	 643	OK
1511	4000	90.6	90.6	 649	high noise
1512	   0	93.7	93.7	 578	OK
1513	1000	93.0	93.0	 532	unbonded
1514	1000	85.7	85.7	 530	unbonded
1515	   0	84.4	84.4	 589	OK
1516	4000	91.1	91.1	 678	high noise
1517	   0	89.3	89.3	 554	OK
1518	1000	80.3	80.3	 497	unbonded
1519	   0	91.2	91.2	 587	OK
1520	   0	88.6	88.6	 634	OK
1521	   0	88.4	88.4	 572	OK
1522	   0	87.2	87.2	 606	OK
1523	1000	96.4	96.4	 479	unbonded
1524	   0	88.7	88.7	 580	OK
1525	1000	88.0	88.0	 445	unbonded
1526	   0	83.8	83.8	 594	OK
1527	1000	84.4	84.4	 480	unbonded
1528	   0	88.5	88.5	 634	OK
1529	1000	88.8	88.8	 470	unbonded
1530	1000	80.8	80.8	 507	unbonded
1531	   0	90.9	90.9	 611	OK
1532	   0	85.8	85.8	 548	OK
1533	1000	91.7	91.7	 480	unbonded
1534	1000	91.0	91.0	 447	unbonded
1535	1000	94.6	94.6	 461	unbonded
1536	   0	85.8	85.8	 545	OK
1537	4000	80.1	80.1	 715	high noise
1538	   0	81.6	81.6	 628	OK
1539	4000	82.2	82.2	 740	high noise
1540	   0	84.8	84.8	 617	OK
1541	   0	87.6	87.6	 612	OK
1542	1000	78.8	78.8	 526	unbonded
1543	   0	87.3	87.3	 673	OK
1544	   0	77.9	77.9	 605	OK
1545	   0	82.9	82.9	 550	OK
1546	   0	83.7	83.7	 580	OK
1547	   0	82.5	82.5	 622	OK
1548	   0	92.9	92.9	 555	OK
1549	   0	80.9	80.9	 613	OK
1550	   0	85.8	85.8	 620	OK
1551	   0	77.6	77.6	 597	OK
1552	   0	90.9	90.9	 576	OK
1553	   0	85.5	85.5	 624	OK
1554	   0	87.5	87.5	 610	OK
1555	   0	79.7	79.7	 633	OK
1556	   0	85.0	85.0	 673	OK
1557	   0	80.0	80.0	 599	OK
1558	1000	83.9	83.9	 535	unbonded
1559	   0	86.4	86.4	 663	OK
1560	   0	87.4	87.4	 583	OK
1561	   0	77.0	77.0	 574	OK
1562	   0	81.9	81.9	 683	OK
1563	1000	80.3	80.3	 530	unbonded
1564	1000	82.3	82.3	 513	unbonded
1565	4000	80.6	80.6	 737	high noise
1566	   0	84.8	84.8	 586	OK
1567	   0	81.2	81.2	 578	OK
1568	1000	89.6	89.6	 508	unbonded
1569	   0	86.6	86.6	 584	OK
1570	   0	77.0	77.0	 597	OK
1571	   0	90.2	90.2	 672	OK
1572	1000	80.1	80.1	 515	unbonded
1573	4000	82.1	82.1	 762	high noise
1574	1000	82.8	82.8	 477	unbonded
1575	   0	77.7	77.7	 695	OK
1576	4000	81.9	81.9	 729	high noise
1577	   0	84.8	84.8	 621	OK
1578	4000	81.1	81.1	 739	high noise
1579	   0	78.3	78.3	 666	OK
1580	   0	72.8	72.8	 667	OK
1581	   0	83.6	83.6	 646	OK
1582	   0	75.4	75.4	 584	OK
1583	   0	81.3	81.3	 662	OK
1584	   0	81.3	81.3	 640	OK
1585	1000	81.5	81.5	 494	unbonded
1586	   0	81.7	81.7	 663	OK
1587	1000	85.6	85.6	 456	unbonded
1588	   0	86.1	86.1	 569	OK
1589	   0	83.1	83.1	 683	OK
1590	1000	86.6	86.6	 506	unbonded
1591	   0	81.6	81.6	 581	OK
1592	   0	84.0	84.0	 636	OK
1593	   0	83.3	83.3	 645	OK
1594	   0	81.8	81.8	 645	OK
1595	1000	83.2	83.2	 528	unbonded
1596	1000	88.8	88.8	 442	unbonded
1597	   0	91.5	91.5	 678	OK
1598	   0	75.9	75.9	 691	OK
1599	   0	91.8	91.8	 656	OK
1600	   0	84.7	84.7	 593	OK
1601	   0	86.0	86.0	 682	OK
1602	1000	84.8	84.8	 515	unbonded
1603	   0	86.9	86.9	 635	OK
1604	   0	80.1	80.1	 667	OK
1605	   0	94.6	94.6	 582	OK
1606	1000	81.5	81.5	 539	unbonded
1607	   0	83.8	83.8	 646	OK
1608	1000	81.7	81.7	 466	unbonded
1609	   0	84.3	84.3	 649	OK
1610	   0	75.9	75.9	 612	OK
1611	   0	83.1	83.1	 543	OK
1612	1000	78.7	78.7	 536	unbonded
1613	   0	77.5	77.5	 674	OK
1614	1000	78.3	78.3	 529	unbonded
1615	   0	86.8	86.8	 563	OK
1616	   0	81.8	81.8	 624	OK
1617	4000	75.8	75.8	 752	high noise
1618	   0	78.3	78.3	 579	OK
1619	4000	82.0	82.0	 722	high noise
1620	   0	73.8	73.8	 636	OK
1621	   0	86.7	86.7	 660	OK
1622	   0	79.4	79.4	 564	OK
1623	   0	87.6	87.6	 657	OK
1624	   0	79.9	79.9	 670	OK
1625	1000	76.2	76.2	 537	unbonded
1626	   0	82.5	82.5	 634	OK
1627	   0	81.7	81.7	 654	OK
1628	   0	82.4	82.4	 545	OK
1629	   0	79.8	79.8	 607	OK
1630	   0	75.9	75.9	 698	OK
1631	   0	78.4	78.4	 645	OK
1632	4000	78.7	78.7	 714	high noise
1633	   0	81.6	81.6	 557	OK
1634	   0	83.7	83.7	 634	OK
1635	4000	68.6	68.6	 746	high noise
1636	1000	82.3	82.3	 503	unbonded
1637	   0	89.6	89.6	 579	OK
1638	   0	75.0	75.0	 697	OK
1639	   0	76.9	76.9	 565	OK
1640	   0	80.4	80.4	 655	OK
1641	   0	86.2	86.2	 674	OK
1642	   0	82.3	82.3	 573	OK
1643	   0	75.4	75.4	 604	OK
1644	4000	81.4	81.4	 721	high noise
1645	4000	76.4	76.4	 745	high noise
1646	   0	80.0	80.0	 605	OK
1647	   0	83.6	83.6	 563	OK
1648	   0	75.8	75.8	 572	OK
1649	1000	86.9	86.9	 524	unbonded
1650	4000	78.3	78.3	 820	high noise
1651	   0	82.3	82.3	 687	OK
1652	   0	80.5	80.5	 601	OK
1653	   0	93.7	93.7	 631	OK
1654	   0	81.7	81.7	 641	OK
1655	4000	80.4	80.4	 755	high noise
1656	   0	81.9	81.9	 575	OK
1657	   0	81.8	81.8	 650	OK
1658	1000	87.7	87.7	 489	unbonded
1659	   0	86.5	86.5	 568	OK
1660	   0	81.6	81.6	 563	OK
1661	   0	76.6	76.6	 596	OK
1662	   0	83.9	83.9	 543	OK
1663	   0	80.2	80.2	 580	OK
1664	1000	95.2	95.2	 492	unbonded
1665	   0	92.5	92.5	 542	OK
1666	1000	86.4	86.4	 532	unbonded
1667	   0	93.9	93.9	 595	OK
1668	   0	88.4	88.4	 550	OK
1669	   0	91.1	91.1	 564	OK
1670	1000	92.1	92.1	 428	unbonded
1671	1000	98.0	98.0	 474	unbonded
1672	   0	92.5	92.5	 609	OK
1673	   0	93.2	93.2	 588	OK
1674	   0	95.9	95.9	 595	OK
1675	   0	89.6	89.6	 574	OK
1676	   0	93.5	93.5	 588	OK
1677	4000	89.7	89.7	 650	high noise
1678	   0	90.6	90.6	 541	OK
1679	   0	93.3	93.3	 556	OK
1680	1000	95.7	95.7	 518	unbonded
1681	   0	89.8	89.8	 590	OK
1682	1000	94.6	94.6	 513	unbonded
1683	   0	95.3	95.3	 590	OK
1684	1000	98.4	98.4	 460	unbonded
1685	   0	92.8	92.8	 579	OK
1686	   0	90.0	90.0	 591	OK
1687	   0	87.3	87.3	 548	OK
1688	   0	89.1	89.1	 625	OK
1689	1000	94.1	94.1	 497	unbonded
1690	1000	95.4	95.4	 539	unbonded
1691	   0	94.4	94.4	 544	OK
1692	1000	94.5	94.5	 371	unbonded
1693	   0	90.7	90.7	 594	OK
1694	1000	98.9	98.9	 490	unbonded
1695	1000	82.2	82.2	 448	unbonded
1696	   0	90.6	90.6	 563	OK
1697	   0	105.4	105.4	 569	OK
1698	   0	88.2	88.2	 563	OK
1699	   0	96.5	96.5	 615	OK
1700	1000	92.4	92.4	 449	unbonded
1701	4000	98.1	98.1	 778	high noise
1702	   0	93.5	93.5	 610	OK
1703	4000	88.9	88.9	 647	high noise
1704	1000	92.6	92.6	 485	unbonded
1705	   0	96.1	96.1	 627	OK
1706	1000	89.6	89.6	 507	unbonded
1707	1000	97.1	97.1	 416	unbonded
1708	1000	90.4	90.4	 534	unbonded
1709	   0	97.5	97.5	 586	OK
1710	   0	92.4	92.4	 559	OK
1711	1000	91.2	91.2	 494	unbonded
1712	   0	88.1	88.1	 583	OK
1713	4000	90.6	90.6	 640	high noise
1714	4000	89.9	89.9	 672	high noise
1715	   0	90.1	90.1	 614	OK
1716	1000	90.7	90.7	 509	unbonded
1717	   0	87.2	87.2	 615	OK
1718	1000	98.6	98.6	 503	unbonded
1719	1000	88.4	88.4	 523	unbonded
1720	1000	90.5	90.5	 457	unbonded
1721	1000	87.9	87.9	 441	unbonded
1722	   0	93.1	93.1	 590	OK
1723	   0	91.2	91.2	 624	OK
1724	1000	95.5	95.5	 528	unbonded
1725	1000	91.4	91.4	 539	unbonded
1726	   0	96.3	96.3	 619	OK
1727	   0	93.6	93.6	 577	OK
1728	   0	96.2	96.2	 594	OK
1729	1000	93.0	93.0	 518	unbonded
1730	1000	93.1	93.1	 470	unbonded
1731	1000	90.9	90.9	 469	unbonded
1732	1000	91.9	91.9	 513	unbonded
1733	1000	94.4	94.4	 504	unbonded
1734	   0	98.4	98.4	 574	OK
1735	   0	93.2	93.2	 590	OK
1736	1000	88.9	88.9	 471	unbonded
1737	   0	84.8	84.8	 591	OK
1738	1000	101.0	101.0	 452	unbonded
1739	1000	93.9	93.9	 517	unbonded
1740	   0	94.5	94.5	 597	OK
1741	   0	90.6	90.6	 576	OK
1742	1000	98.8	98.8	 446	unbonded
1743	   0	90.5	90.5	 617	OK
1744	   0	93.7	93.7	 610	OK
1745	   0	89.3	89.3	 571	OK
1746	1000	92.8	92.8	 518	unbonded
1747	1000	90.1	90.1	 517	unbonded
1748	1000	91.9	91.9	 529	unbonded
1749	1000	90.8	90.8	 509	unbonded
1750	   0	83.4	83.4	 607	OK
1751	1000	93.3	93.3	 515	unbonded
1752	4000	88.5	88.5	 647	high noise
1753	   0	92.8	92.8	 610	OK
1754	1000	98.7	98.7	 502	unbonded
1755	1000	91.6	91.6	 515	unbonded
1756	4000	88.0	88.0	 645	high noise
1757	1000	92.7	92.7	 445	unbonded
1758	4000	93.1	93.1	 649	high noise
1759	   0	83.8	83.8	 622	OK
1760	   0	89.4	89.4	 581	OK
1761	1000	90.9	90.9	 531	unbonded
1762	   0	97.5	97.5	 587	OK
1763	1000	92.6	92.6	 424	unbonded
1764	1000	94.8	94.8	 509	unbonded
1765	   0	93.1	93.1	 607	OK
1766	1000	95.1	95.1	 509	unbonded
1767	1000	92.9	92.9	 498	unbonded
1768	1000	87.4	87.4	 518	unbonded
1769	   0	90.9	90.9	 560	OK
1770	1000	86.6	86.6	 532	unbonded
1771	   0	93.3	93.3	 562	OK
1772	1000	91.1	91.1	 512	unbonded
1773	1000	92.4	92.4	 532	unbonded
1774	1000	97.7	97.7	 470	unbonded
1775	   0	92.1	92.1	 599	OK
1776	1000	90.2	90.2	 436	unbonded
1777	4000	89.3	89.3	 651	high noise
1778	   0	89.7	89.7	 572	OK
1779	1000	91.6	91.6	 501	unbonded
1780	4000	80.0	80.0	 638	high noise
1781	1000	88.1	88.1	 529	unbonded
1782	4000	85.3	85.3	 647	high noise
1783	   0	92.8	92.8	 578	OK
1784	1000	92.8	92.8	 460	unbonded
1785	   0	91.1	91.1	 628	OK
1786	1000	88.7	88.7	 442	unbonded
1787	   0	88.1	88.1	 555	OK
1788	   0	95.2	95.2	 578	OK
1789	1000	93.7	93.7	 534	unbonded
1790	1000	94.8	94.8	 417	unbonded
1791	   0	95.3	95.3	 611	OK
1792	1000	90.5	90.5	 464	unbonded
1793	   0	92.0	92.0	 627	OK
1794	4000	91.9	91.9	 670	high noise
1795	1000	92.7	92.7	 439	unbonded
1796	   0	89.5	89.5	 548	OK
1797	1000	91.1	91.1	 525	unbonded
1798	   0	79.5	79.5	 569	OK
1799	1000	89.9	89.9	 504	unbonded
1800	1000	99.6	99.6	 527	unbonded
1801	1000	90.0	90.0	 436	unbonded
1802	   0	89.7	89.7	 636	OK
1803	   0	77.3	77.3	 589	OK
1804	8000	85.5	85.5	 541	partbonded
1805	   0	85.3	85.3	 642	OK
1806	1000	85.0	85.0	 517	unbonded
1807	1000	96.2	96.2	 344	unbonded
1808	   0	82.8	82.8	 630	OK
1809	4000	89.1	89.1	 787	high noise
1810	1000	92.1	92.1	 532	unbonded
1811	1000	95.6	95.6	 443	unbonded
1812	   0	86.2	86.2	 560	OK
1813	   0	87.3	87.3	 618	OK
1814	   0	87.9	87.9	 572	OK
1815	   0	102.1	102.1	 575	OK
1816	1000	95.2	95.2	 521	unbonded
1817	4000	93.2	93.2	 689	high noise
1818	4000	84.9	84.9	 748	high noise
1819	4000	85.2	85.2	 674	high noise
1820	   0	92.6	92.6	 542	OK
1821	   0	88.6	88.6	 545	OK
1822	   0	88.4	88.4	 603	OK
1823	   0	95.7	95.7	 578	OK
1824	4000	94.4	94.4	 717	high noise
1825	1000	84.2	84.2	 458	unbonded
1826	   0	88.7	88.7	 602	OK
1827	   0	91.3	91.3	 559	OK
1828	   0	90.7	90.7	 546	OK
1829	   0	95.6	95.6	 597	OK
1830	   0	94.4	94.4	 573	OK
1831	   0	96.4	96.4	 605	OK
1832	   0	82.4	82.4	 569	OK
1833	   0	91.6	91.6	 636	OK
1834	   0	83.9	83.9	 612	OK
1835	1000	91.8	91.8	 482	unbonded
1836	   0	78.7	78.7	 637	OK
1837	4000	91.1	91.1	 665	high noise
1838	1000	90.8	90.8	 496	unbonded
1839	1000	93.7	93.7	 508	unbonded
1840	1000	89.6	89.6	 531	unbonded
1841	   0	85.7	85.7	 590	OK
1842	   0	86.6	86.6	 646	OK
1843	4000	89.0	89.0	 723	high noise
1844	1000	92.8	92.8	 481	unbonded
1845	4000	92.7	92.7	 695	high noise
1846	   0	97.1	97.1	 553	OK
1847	   0	94.5	94.5	 581	OK
1848	1000	83.1	83.1	 470	unbonded
1849	1000	91.8	91.8	 499	unbonded
1850	4000	81.8	81.8	 716	high noise
1851	   0	85.9	85.9	 602	OK
1852	   0	87.2	87.2	 656	OK
1853	4000	93.6	93.6	 670	high noise
1854	1000	88.5	88.5	 534	unbonded
1855	4000	86.5	86.5	 668	high noise
1856	1000	94.3	94.3	 485	unbonded
1857	1000	93.2	93.2	 512	unbonded
1858	   0	93.9	93.9	 646	OK
1859	1000	93.6	93.6	 473	unbonded
1860	   0	85.4	85.4	 549	OK
1861	   0	85.2	85.2	 611	OK
1862	   0	91.7	91.7	 563	OK
1863	4000	84.5	84.5	 699	high noise
1864	   0	88.1	88.1	 601	OK
1865	   0	89.3	89.3	 557	OK
1866	1000	87.8	87.8	 530	unbonded
1867	1000	87.3	87.3	 530	unbonded
1868	1000	90.1	90.1	 495	unbonded
1869	   0	96.4	96.4	 605	OK
1870	4000	88.7	88.7	 706	high noise
1871	   0	93.2	93.2	 543	OK
1872	1000	86.7	86.7	 528	unbonded
1873	   0	89.0	89.0	 546	OK
1874	   0	87.6	87.6	 542	OK
1875	1000	94.8	94.8	 518	unbonded
1876	1000	83.1	83.1	 516	unbonded
1877	1000	87.8	87.8	 523	unbonded
1878	   0	92.8	92.8	 581	OK
1879	4000	85.6	85.6	 679	high noise
1880	1000	89.6	89.6	 484	unbonded
1881	4000	94.3	94.3	 690	high noise
1882	   0	89.8	89.8	 635	OK
1883	   0	88.0	88.0	 584	OK
1884	   0	91.1	91.1	 630	OK
1885	   0	88.0	88.0	 566	OK
1886	   0	90.4	90.4	 581	OK
1887	   0	90.5	90.5	 665	OK
1888	4000	88.9	88.9	 721	high noise
1889	1000	92.7	92.7	 526	unbonded
1890	1000	93.2	93.2	 520	unbonded
1891	   0	87.2	87.2	 557	OK
1892	4000	93.6	93.6	 687	high noise
1893	   0	79.7	79.7	 636	OK
1894	1000	88.7	88.7	 427	unbonded
1895	1000	91.3	91.3	 523	unbonded
1896	   0	88.8	88.8	 559	OK
1897	   0	85.3	85.3	 631	OK
1898	   0	96.3	96.3	 614	OK
1899	1000	84.0	84.0	 523	unbonded
1900	1000	90.1	90.1	 540	unbonded
1901	   0	86.7	86.7	 602	OK
1902	1000	94.3	94.3	 539	unbonded
1903	   0	95.1	95.1	 614	OK
1904	1000	88.4	88.4	 503	unbonded
1905	   0	84.2	84.2	 575	OK
1906	   0	88.3	88.3	 602	OK
1907	   0	89.6	89.6	 613	OK
1908	4000	82.8	82.8	 687	high noise
1909	   0	101.5	101.5	 589	OK
1910	1000	89.4	89.4	 517	unbonded
1911	   0	90.8	90.8	 637	OK
1912	   0	87.0	87.0	 606	OK
1913	   0	93.5	93.5	 542	OK
1914	   0	87.4	87.4	 584	OK
1915	1000	92.5	92.5	 534	unbonded
1916	   0	84.5	84.5	 598	OK
1917	1000	89.3	89.3	 537	unbonded
1918	   0	84.5	84.5	 630	OK
1919	   0	84.9	84.9	 627	OK
1920	1000	87.6	87.6	 498	unbonded
1921	1000	79.2	79.2	 483	unbonded
1922	   0	81.9	81.9	 567	OK
1923	1000	88.8	88.8	 476	unbonded
1924	1000	87.9	87.9	 536	unbonded
1925	4000	85.8	85.8	 663	high noise
1926	   0	92.7	92.7	 616	OK
1927	   0	85.1	85.1	 592	OK
1928	8000	84.9	84.9	 540	partbonded
1929	   0	89.3	89.3	 631	OK
1930	   0	78.0	78.0	 558	OK
1931	4000	90.1	90.1	 676	high noise
1932	   0	88.2	88.2	 640	OK
1933	4000	91.1	91.1	 674	high noise
1934	   0	83.6	83.6	 611	OK
1935	   0	88.4	88.4	 639	OK
1936	   0	91.5	91.5	 598	OK
1937	1000	93.3	93.3	 531	unbonded
1938	1000	94.3	94.3	 525	unbonded
1939	4000	95.6	95.6	 687	high noise
1940	1000	85.8	85.8	 491	unbonded
1941	8000	94.9	94.9	 540	partbonded
1942	   0	89.1	89.1	 556	OK
1943	   0	82.9	82.9	 627	OK
1944	   0	86.4	86.4	 562	OK
1945	1000	83.5	83.5	 486	unbonded
1946	1000	91.0	91.0	 367	unbonded
1947	   0	89.6	89.6	 588	OK
1948	1000	86.7	86.7	 516	unbonded
1949	   0	84.0	84.0	 598	OK
1950	   0	85.6	85.6	 644	OK
1951	   0	87.3	87.3	 584	OK
1952	   0	86.6	86.6	 543	OK
1953	   0	84.1	84.1	 622	OK
1954	1000	85.5	85.5	 519	unbonded
1955	1000	92.8	92.8	 535	unbonded
1956	1000	90.7	90.7	 531	unbonded
1957	1000	85.2	85.2	 537	unbonded
1958	   0	88.7	88.7	 542	OK
1959	   0	88.2	88.2	 547	OK
1960	   0	85.8	85.8	 549	OK
1961	   0	86.8	86.8	 565	OK
1962	   0	85.3	85.3	 597	OK
1963	   0	86.6	86.6	 590	OK
1964	   0	88.8	88.8	 584	OK
1965	   0	87.3	87.3	 590	OK
1966	   0	87.6	87.6	 596	OK
1967	   0	89.4	89.4	 642	OK
1968	   0	90.3	90.3	 550	OK
1969	   0	88.3	88.3	 621	OK
1970	   0	91.5	91.5	 610	OK
1971	1000	84.7	84.7	 493	unbonded
1972	   0	88.0	88.0	 616	OK
1973	   0	86.8	86.8	 587	OK
1974	   0	88.1	88.1	 564	OK
1975	1000	89.8	89.8	 489	unbonded
1976	4000	90.1	90.1	 689	high noise
1977	   0	81.0	81.0	 578	OK
1978	   0	80.7	80.7	 639	OK
1979	   0	86.3	86.3	 555	OK
1980	   0	92.6	92.6	 566	OK
1981	   0	90.3	90.3	 568	OK
1982	1000	91.5	91.5	 464	unbonded
1983	1000	83.7	83.7	 530	unbonded
1984	   0	90.1	90.1	 590	OK
1985	   0	89.6	89.6	 612	OK
1986	   0	86.1	86.1	 595	OK
1987	4000	86.4	86.4	 663	high noise
1988	   0	83.4	83.4	 643	OK
1989	   0	84.4	84.4	 562	OK
1990	   0	87.1	87.1	 568	OK
1991	   0	87.3	87.3	 584	OK
1992	   0	91.3	91.3	 653	OK
1993	1000	86.7	86.7	 539	unbonded
1994	   0	89.6	89.6	 639	OK
1995	   0	81.7	81.7	 612	OK
1996	1000	91.7	91.7	 496	unbonded
1997	   0	90.3	90.3	 582	OK
1998	4000	84.9	84.9	 712	high noise
1999	4000	82.4	82.4	 661	high noise
2000	   0	90.4	90.4	 612	OK
2001	   0	96.2	96.2	 545	OK
2002	1000	87.9	87.9	 513	unbonded
2003	1000	88.1	88.1	 449	unbonded
2004	4000	83.8	83.8	 694	high noise
2005	   0	84.8	84.8	 560	OK
2006	   0	88.1	88.1	 557	OK
2007	   0	86.2	86.2	 584	OK
2008	   0	92.2	92.2	 554	OK
2009	1000	94.6	94.6	 517	unbonded
2010	1000	88.5	88.5	 517	unbonded
2011	1000	83.0	83.0	 494	unbonded
2012	   0	89.3	89.3	 651	OK
2013	4000	84.2	84.2	 656	high noise
2014	   0	89.5	89.5	 592	OK
2015	1000	88.0	88.0	 524	unbonded
2016	1000	90.3	90.3	 539	unbonded
2017	1000	94.1	94.1	 464	unbonded
2018	   0	90.5	90.5	 593	OK
2019	4000	86.9	86.9	 674	high noise
2020	1000	88.5	88.5	 497	unbonded
2021	1000	87.1	87.1	 523	unbonded
2022	   0	83.4	83.4	 635	OK
2023	   0	84.3	84.3	 551	OK
2024	1000	90.3	90.3	 535	unbonded
2025	   0	83.3	83.3	 604	OK
2026	1000	89.3	89.3	 539	unbonded
2027	1000	89.8	89.8	 503	unbonded
2028	1000	93.2	93.2	 469	unbonded
2029	   0	83.8	83.8	 596	OK
2030	1000	92.3	92.3	 464	unbonded
2031	1000	86.7	86.7	 483	unbonded
2032	1000	90.6	90.6	 484	unbonded
2033	1000	82.4	82.4	 529	unbonded
2034	1000	92.2	92.2	 463	unbonded
2035	   0	87.8	87.8	 577	OK
2036	   0	88.3	88.3	 620	OK
2037	   0	90.8	90.8	 563	OK
2038	4000	81.2	81.2	 670	high noise
2039	   0	85.5	85.5	 595	OK
2040	   0	90.7	90.7	 595	OK
2041	1000	87.9	87.9	 531	unbonded
2042	   0	91.2	91.2	 604	OK
2043	   0	83.4	83.4	 556	OK
2044	1000	90.5	90.5	 466	unbonded
2045	   0	80.8	80.8	 622	OK
2046	1000	90.7	90.7	 523	unbonded
2047	   0	86.5	86.5	 595	OK
2048	   0	75.4	75.4	 571	OK
2049	1000	88.2	88.2	 465	unbonded
2050	   0	79.3	79.3	 585	OK
2051	   0	89.1	89.1	 577	OK
2052	1000	85.5	85.5	 497	unbonded
2053	   0	91.4	91.4	 570	OK
2054	4000	83.4	83.4	 700	high noise
2055	1000	78.3	78.3	 492	unbonded
2056	1000	82.8	82.8	 412	unbonded
2057	4000	79.7	79.7	 684	high noise
2058	1000	89.6	89.6	 460	unbonded
2059	   0	81.9	81.9	 573	OK
2060	   0	82.6	82.6	 570	OK
2061	1000	89.6	89.6	 521	unbonded
2062	4000	88.2	88.2	 660	high noise
2063	   0	88.3	88.3	 555	OK
2064	   0	85.0	85.0	 543	OK
2065	4000	85.3	85.3	 653	high noise
2066	   0	79.8	79.8	 545	OK
2067	1000	89.2	89.2	 536	unbonded
2068	1000	81.4	81.4	 522	unbonded
2069	   0	82.7	82.7	 598	OK
2070	1000	77.5	77.5	 527	unbonded
2071	4000	81.1	81.1	 687	high noise
2072	1000	86.9	86.9	 518	unbonded
2073	   0	75.7	75.7	 545	OK
2074	   0	84.1	84.1	 581	OK
2075	4000	79.8	79.8	 687	high noise
2076	1000	86.9	86.9	 516	unbonded
2077	1000	85.5	85.5	 525	unbonded
2078	   0	75.8	75.8	 564	OK
2079	4000	85.1	85.1	 674	high noise
2080	1000	83.8	83.8	 503	unbonded
2081	   0	83.8	83.8	 572	OK
2082	1000	81.3	81.3	 516	unbonded
2083	1000	89.1	89.1	 510	unbonded
2084	1000	78.5	78.5	 529	unbonded
2085	4000	76.0	76.0	 717	high noise
2086	   0	81.1	81.1	 575	OK
2087	   0	82.3	82.3	 596	OK
2088	   0	86.8	86.8	 573	OK
2089	1000	85.0	85.0	 421	unbonded
2090	1000	87.9	87.9	 538	unbonded
2091	4000	84.6	84.6	 683	high noise
2092	   0	89.6	89.6	 616	OK
2093	4000	85.6	85.6	 657	high noise
2094	   0	77.4	77.4	 545	OK
2095	   0	86.7	86.7	 564	OK
2096	1000	86.4	86.4	 460	unbonded
2097	   0	85.5	85.5	 570	OK
2098	1000	86.2	86.2	 490	unbonded
2099	   0	74.7	74.7	 638	OK
2100	   0	79.4	79.4	 622	OK
2101	   0	84.0	84.0	 564	OK
2102	1000	82.8	82.8	 495	unbonded
2103	   0	86.0	86.0	 600	OK
2104	   0	84.2	84.2	 565	OK
2105	1000	92.3	92.3	 491	unbonded
2106	   0	81.0	81.0	 614	OK
2107	1000	94.4	94.4	 516	unbonded
2108	   0	86.7	86.7	 626	OK
2109	   0	84.2	84.2	 582	OK
2110	1000	77.0	77.0	 534	unbonded
2111	   0	91.2	91.2	 575	OK
2112	1000	93.1	93.1	 473	unbonded
2113	   0	81.9	81.9	 589	OK
2114	   0	85.3	85.3	 589	OK
2115	   0	84.3	84.3	 584	OK
2116	4000	81.1	81.1	 666	high noise
2117	   0	83.3	83.3	 589	OK
2118	   0	92.5	92.5	 588	OK
2119	1000	84.9	84.9	 523	unbonded
2120	1000	86.7	86.7	 511	unbonded
2121	   0	87.5	87.5	 561	OK
2122	   0	86.9	86.9	 542	OK
2123	   0	82.8	82.8	 569	OK
2124	1000	83.1	83.1	 465	unbonded
2125	4000	83.9	83.9	 730	high noise
2126	1000	89.3	89.3	 493	unbonded
2127	1000	82.3	82.3	 509	unbonded
2128	   0	83.2	83.2	 574	OK
2129	   0	80.2	80.2	 618	OK
2130	1000	82.8	82.8	 492	unbonded
2131	1000	78.7	78.7	 539	unbonded
2132	1000	85.2	85.2	 407	unbonded
2133	4000	81.7	81.7	 648	high noise
2134	   0	76.3	76.3	 557	OK
2135	1000	89.1	89.1	 473	unbonded
2136	   0	98.7	98.7	 554	OK
2137	   0	86.4	86.4	 610	OK
2138	1000	82.2	82.2	 450	unbonded
2139	   0	79.2	79.2	 567	OK
2140	   0	84.1	84.1	 589	OK
2141	1000	83.7	83.7	 486	unbonded
2142	   0	77.6	77.6	 584	OK
2143	8000	89.0	89.0	 540	partbonded
2144	   0	88.4	88.4	 558	OK
2145	1000	89.8	89.8	 452	unbonded
2146	1000	88.2	88.2	 444	unbonded
2147	   0	84.6	84.6	 594	OK
2148	   0	81.3	81.3	 552	OK
2149	   0	86.7	86.7	 600	OK
2150	8000	86.1	86.1	 541	partbonded
2151	1000	89.7	89.7	 539	unbonded
2152	1000	92.5	92.5	 508	unbonded
2153	   0	85.4	85.4	 544	OK
2154	   0	82.1	82.1	 569	OK
2155	1000	85.9	85.9	 537	unbonded
2156	   0	86.9	86.9	 577	OK
2157	   0	91.9	91.9	 547	OK
2158	   0	85.1	85.1	 610	OK
2159	   0	82.2	82.2	 586	OK
2160	   0	82.6	82.6	 596	OK
2161	   0	84.4	84.4	 556	OK
2162	   0	82.1	82.1	 613	OK
2163	   0	76.0	76.0	 548	OK
2164	1000	85.3	85.3	 508	unbonded
2165	   0	91.4	91.4	 556	OK
2166	1000	83.8	83.8	 497	unbonded
2167	   0	84.4	84.4	 602	OK
2168	4000	86.4	86.4	 714	high noise
2169	1000	83.6	83.6	 526	unbonded
2170	   0	89.2	89.2	 583	OK
2171	4000	88.7	88.7	 644	high noise
2172	1000	81.2	81.2	 489	unbonded
2173	   0	88.3	88.3	 623	OK
2174	1000	87.8	87.8	 522	unbonded
2175	1000	90.7	90.7	 502	unbonded
2176	   0	83.9	83.9	 621	OK
2177	1000	80.1	80.1	 516	unbonded
2178	   0	83.3	83.3	 560	OK
2179	1000	91.2	91.2	 529	unbonded
2180	   0	79.4	79.4	 601	OK
2181	   0	73.8	73.8	 584	OK
2182	   0	85.7	85.7	 603	OK
2183	1000	84.9	84.9	 505	unbonded
2184	1000	86.2	86.2	 488	unbonded
2185	4000	78.0	78.0	 650	high noise
2186	1000	87.9	87.9	 467	unbonded
2187	4000	82.5	82.5	 664	high noise
2188	1000	79.1	79.1	 540	unbonded
2189	   0	85.9	85.9	 594	OK
2190	1000	86.1	86.1	 501	unbonded
2191	1000	80.3	80.3	 483	unbonded
2192	4000	83.4	83.4	 664	high noise
2193	1000	90.6	90.6	 485	unbonded
2194	1000	82.5	82.5	 482	unbonded
2195	1000	90.1	90.1	 515	unbonded
2196	1000	83.8	83.8	 490	unbonded
2197	   0	87.7	87.7	 589	OK
2198	   0	90.2	90.2	 625	OK
2199	1000	88.6	88.6	 519	unbonded
2200	4000	81.2	81.2	 678	high noise
2201	1000	90.6	90.6	 517	unbonded
2202	   0	80.3	80.3	 635	OK
2203	4000	85.4	85.4	 708	high noise
2204	   0	81.9	81.9	 557	OK
2205	   0	81.7	81.7	 574	OK
2206	1000	77.0	77.0	 505	unbonded
2207	1000	88.0	88.0	 460	unbonded
2208	1000	89.0	89.0	 439	unbonded
2209	4000	84.7	84.7	 648	high noise
2210	   0	81.7	81.7	 561	OK
2211	1000	82.4	82.4	 537	unbonded
2212	4000	86.9	86.9	 659	high noise
2213	1000	86.3	86.3	 497	unbonded
2214	   0	82.0	82.0	 619	OK
2215	   0	86.1	86.1	 554	OK
2216	4000	81.6	81.6	 705	high noise
2217	1000	91.0	91.0	 521	unbonded
2218	1000	79.2	79.2	 521	unbonded
2219	4000	86.6	86.6	 653	high noise
2220	1000	88.5	88.5	 462	unbonded
2221	   0	86.5	86.5	 578	OK
2222	   0	88.2	88.2	 548	OK
2223	   0	83.8	83.8	 548	OK
2224	1000	89.3	89.3	 408	unbonded
2225	   0	78.0	78.0	 548	OK
2226	4000	83.8	83.8	 642	high noise
2227	   0	76.0	76.0	 576	OK
2228	   0	85.6	85.6	 575	OK
2229	1000	82.8	82.8	 532	unbonded
2230	1000	82.6	82.6	 464	unbonded
2231	   0	85.8	85.8	 622	OK
2232	   0	82.9	82.9	 579	OK
2233	1000	87.8	87.8	 475	unbonded
2234	   0	79.7	79.7	 637	OK
2235	4000	86.3	86.3	 669	high noise
2236	   0	89.5	89.5	 606	OK
2237	   0	87.8	87.8	 602	OK
2238	4000	76.7	76.7	 658	high noise
2239	1000	92.3	92.3	 485	unbonded
2240	1000	81.2	81.2	 462	unbonded
2241	4000	83.6	83.6	 645	high noise
2242	1000	83.6	83.6	 453	unbonded
2243	4000	85.7	85.7	 648	high noise
2244	   0	82.3	82.3	 636	OK
2245	   0	82.5	82.5	 599	OK
2246	1000	79.1	79.1	 540	unbonded
2247	   0	89.3	89.3	 614	OK
2248	1000	83.0	83.0	 524	unbonded
2249	4000	79.7	79.7	 704	high noise
2250	   0	77.1	77.1	 641	OK
2251	1000	79.5	79.5	 500	unbonded
2252	   0	86.2	86.2	 551	OK
2253	1000	81.3	81.3	 478	unbonded
2254	1000	82.3	82.3	 426	unbonded
2255	   0	88.7	88.7	 630	OK
2256	   0	82.6	82.6	 619	OK
2257	1000	80.2	80.2	 521	unbonded
2258	1000	79.1	79.1	 501	unbonded
2259	1000	80.4	80.4	 467	unbonded
2260	   0	80.1	80.1	 602	OK
2261	4000	85.1	85.1	 669	high noise
2262	   0	76.0	76.0	 572	OK
2263	1000	87.6	87.6	 473	unbonded
2264	1000	80.4	80.4	 496	unbonded
2265	   0	71.2	71.2	 544	OK
2266	1000	79.2	79.2	 355	unbonded
2267	4000	77.2	77.2	 727	high noise
2268	1000	79.7	79.7	 482	unbonded
2269	1000	81.9	81.9	 512	unbonded
2270	1000	86.3	86.3	 442	unbonded
2271	4000	83.4	83.4	 692	high noise
2272	1000	83.8	83.8	 477	unbonded
2273	1000	81.6	81.6	 420	unbonded
2274	   0	76.0	76.0	 609	OK
2275	   0	86.4	86.4	 627	OK
2276	1000	80.3	80.3	 475	unbonded
2277	1000	83.1	83.1	 502	unbonded
2278	   0	82.1	82.1	 564	OK
2279	1000	80.9	80.9	 492	unbonded
2280	1000	77.9	77.9	 497	unbonded
2281	1000	84.6	84.6	 538	unbonded
2282	4000	82.6	82.6	 645	high noise
2283	   0	84.3	84.3	 609	OK
2284	   0	84.0	84.0	 564	OK
2285	1000	83.4	83.4	 464	unbonded
2286	   0	79.7	79.7	 597	OK
2287	   0	81.2	81.2	 597	OK
2288	   0	80.5	80.5	 545	OK
2289	1000	83.9	83.9	 493	unbonded
2290	   0	84.1	84.1	 616	OK
2291	   0	84.6	84.6	 606	OK
2292	1000	81.9	81.9	 449	unbonded
2293	1000	78.1	78.1	 457	unbonded
2294	   0	82.6	82.6	 560	OK
2295	4000	77.8	77.8	 675	high noise
2296	4000	75.9	75.9	 680	high noise
2297	   0	83.6	83.6	 567	OK
2298	1000	76.6	76.6	 511	unbonded
2299	1000	79.7	79.7	 503	unbonded
2300	   0	80.2	80.2	 596	OK
2301	   0	81.0	81.0	 618	OK
2302	   0	86.5	86.5	 556	OK
2303	1000	87.7	87.7	 521	unbonded
2304	   0	85.4	85.4	 651	OK
2305	   0	80.3	80.3	 564	OK
2306	   0	91.3	91.3	 544	OK
2307	   0	82.9	82.9	 581	OK
2308	   0	81.3	81.3	 643	OK
2309	   0	92.0	92.0	 554	OK
2310	1000	80.8	80.8	 533	unbonded
2311	   0	84.0	84.0	 602	OK
2312	   0	86.1	86.1	 587	OK
2313	1000	90.1	90.1	 490	unbonded
2314	   0	89.2	89.2	 561	OK
2315	   0	85.9	85.9	 605	OK
2316	1000	87.0	87.0	 523	unbonded
2317	   0	82.1	82.1	 559	OK
2318	1000	86.8	86.8	 439	unbonded
2319	   0	83.6	83.6	 542	OK
2320	1000	91.8	91.8	 499	unbonded
2321	   0	80.8	80.8	 662	OK
2322	   0	78.8	78.8	 656	OK
2323	1000	89.8	89.8	 473	unbonded
2324	4000	83.8	83.8	 745	high noise
2325	4000	82.9	82.9	 688	high noise
2326	   0	78.0	78.0	 559	OK
2327	1000	82.5	82.5	 521	unbonded
2328	1000	84.1	84.1	 501	unbonded
2329	   0	79.1	79.1	 632	OK
2330	   0	82.6	82.6	 619	OK
2331	   0	83.0	83.0	 642	OK
2332	   0	83.5	83.5	 556	OK
2333	   0	74.2	74.2	 649	OK
2334	   0	87.1	87.1	 628	OK
2335	1000	84.4	84.4	 487	unbonded
2336	   0	85.9	85.9	 628	OK
2337	4000	80.3	80.3	 728	high noise
2338	   0	85.4	85.4	 570	OK
2339	1000	83.3	83.3	 535	unbonded
2340	   0	78.6	78.6	 610	OK
2341	1000	86.4	86.4	 431	unbonded
2342	   0	80.0	80.0	 560	OK
2343	   0	74.8	74.8	 641	OK
2344	1000	80.6	80.6	 466	unbonded
2345	   0	79.2	79.2	 638	OK
2346	   0	80.7	80.7	 554	OK
2347	   0	86.3	86.3	 619	OK
2348	   0	84.5	84.5	 564	OK
2349	   0	87.5	87.5	 608	OK
2350	   0	88.4	88.4	 623	OK
2351	1000	89.3	89.3	 506	unbonded
2352	   0	81.7	81.7	 646	OK
2353	   0	76.9	76.9	 632	OK
2354	1000	88.5	88.5	 536	unbonded
2355	   0	83.9	83.9	 569	OK
2356	   0	80.3	80.3	 569	OK
2357	1000	84.8	84.8	 497	unbonded
2358	   0	82.6	82.6	 578	OK
2359	1000	81.9	81.9	 535	unbonded
2360	4000	80.2	80.2	 792	high noise
2361	   0	78.8	78.8	 611	OK
2362	4000	87.8	87.8	 673	high noise
2363	1000	92.2	92.2	 522	unbonded
2364	1000	84.6	84.6	 529	unbonded
2365	1000	79.3	79.3	 504	unbonded
2366	1000	86.3	86.3	 505	unbonded
2367	   0	89.0	89.0	 615	OK
2368	   0	85.4	85.4	 613	OK
2369	   0	90.8	90.8	 641	OK
2370	1000	91.0	91.0	 467	unbonded
2371	   0	86.8	86.8	 557	OK
2372	   0	86.9	86.9	 662	OK
2373	1000	84.1	84.1	 486	unbonded
2374	1000	86.3	86.3	 506	unbonded
2375	   0	86.0	86.0	 546	OK
2376	4000	84.5	84.5	 758	high noise
2377	   0	83.1	83.1	 611	OK
2378	1000	89.3	89.3	 487	unbonded
2379	   0	85.4	85.4	 565	OK
2380	1000	79.2	79.2	 475	unbonded
2381	4000	77.0	77.0	 677	high noise
2382	1000	88.8	88.8	 499	unbonded
2383	   0	76.8	76.8	 601	OK
2384	   0	86.2	86.2	 592	OK
2385	1000	88.4	88.4	 517	unbonded
2386	1000	85.3	85.3	 480	unbonded
2387	   0	81.1	81.1	 561	OK
2388	   0	78.8	78.8	 612	OK
2389	   0	83.6	83.6	 581	OK
2390	1000	84.5	84.5	 539	unbonded
2391	   0	85.6	85.6	 635	OK
2392	1000	83.8	83.8	 494	unbonded
2393	   0	83.0	83.0	 631	OK
2394	1000	83.1	83.1	 470	unbonded
2395	1000	84.1	84.1	 534	unbonded
2396	4000	78.5	78.5	 763	high noise
2397	1000	85.4	85.4	 397	unbonded
2398	   0	87.0	87.0	 656	OK
2399	   0	82.8	82.8	 665	OK
2400	4000	73.6	73.6	 700	high noise
2401	   0	81.4	81.4	 606	OK
2402	   0	87.5	87.5	 605	OK
2403	   0	82.9	82.9	 541	OK
2404	1000	85.2	85.2	 473	unbonded
2405	1000	82.7	82.7	 517	unbonded
2406	   0	84.7	84.7	 546	OK
2407	   0	82.8	82.8	 590	OK
2408	4000	86.0	86.0	 771	high noise
2409	   0	78.3	78.3	 566	OK
2410	1000	80.5	80.5	 522	unbonded
2411	1000	83.3	83.3	 525	unbonded
2412	   0	78.2	78.2	 618	OK
2413	   0	82.9	82.9	 550	OK
2414	1000	83.7	83.7	 534	unbonded
2415	4000	82.0	82.0	 670	high noise
2416	   0	82.6	82.6	 567	OK
2417	   0	89.4	89.4	 606	OK
2418	   0	80.6	80.6	 544	OK
2419	   0	81.2	81.2	 660	OK
2420	   0	82.0	82.0	 660	OK
2421	   0	80.3	80.3	 656	OK
2422	4000	82.3	82.3	 712	high noise
2423	1000	90.2	90.2	 493	unbonded
2424	   0	77.3	77.3	 626	OK
2425	   0	83.9	83.9	 585	OK
2426	   0	84.6	84.6	 575	OK
2427	   0	77.5	77.5	 644	OK
2428	1000	85.0	85.0	 479	unbonded
2429	4000	78.8	78.8	 676	high noise
2430	1000	81.7	81.7	 540	unbonded
2431	1000	86.0	86.0	 484	unbonded
2432	4000	85.5	85.5	 825	high noise
2433	   0	89.2	89.2	 602	OK
2434	1000	91.3	91.3	 519	unbonded
2435	4000	86.5	86.5	 744	high noise
2436	   0	86.7	86.7	 574	OK
2437	   0	85.2	85.2	 560	OK
2438	   0	90.2	90.2	 653	OK
2439	   0	85.8	85.8	 547	OK
2440	   0	81.4	81.4	 543	OK
2441	1000	89.3	89.3	 446	unbonded
2442	   0	84.4	84.4	 560	OK
2443	4000	88.4	88.4	 670	high noise
2444	1000	83.6	83.6	 457	unbonded
2445	   0	79.4	79.4	 569	OK
2446	   0	82.0	82.0	 560	OK
2447	   0	82.9	82.9	 609	OK
2448	   0	86.6	86.6	 615	OK
2449	1000	84.5	84.5	 499	unbonded
2450	   0	91.1	91.1	 554	OK
2451	4000	86.6	86.6	 672	high noise
2452	1000	91.5	91.5	 440	unbonded
2453	   0	83.6	83.6	 600	OK
2454	1000	88.5	88.5	 536	unbonded
2455	4000	87.6	87.6	 669	high noise
2456	1000	84.9	84.9	 537	unbonded
2457	4000	89.3	89.3	 689	high noise
2458	   0	87.5	87.5	 580	OK
2459	1000	82.3	82.3	 520	unbonded
2460	1000	83.6	83.6	 460	unbonded
2461	4000	85.6	85.6	 730	high noise
2462	1000	84.6	84.6	 448	unbonded
2463	   0	81.1	81.1	 582	OK
2464	   0	86.6	86.6	 630	OK
2465	1000	78.2	78.2	 524	unbonded
2466	   0	89.7	89.7	 631	OK
2467	4000	80.1	80.1	 742	high noise
2468	1000	82.3	82.3	 523	unbonded
2469	   0	84.7	84.7	 547	OK
2470	   0	80.0	80.0	 566	OK
2471	   0	91.0	91.0	 613	OK
2472	1000	84.3	84.3	 527	unbonded
2473	   0	83.5	83.5	 601	OK
2474	   0	92.0	92.0	 561	OK
2475	   0	81.4	81.4	 574	OK
2476	   0	82.8	82.8	 615	OK
2477	1000	83.3	83.3	 533	unbonded
2478	   0	85.8	85.8	 617	OK
2479	   0	88.1	88.1	 547	OK
2480	1000	87.5	87.5	 476	unbonded
2481	   0	89.3	89.3	 574	OK
2482	   0	89.2	89.2	 639	OK
2483	   0	88.6	88.6	 578	OK
2484	4000	86.2	86.2	 797	high noise
2485	4000	89.4	89.4	 721	high noise
2486	1000	86.5	86.5	 451	unbonded
2487	   0	79.8	79.8	 572	OK
2488	4000	82.4	82.4	 697	high noise
2489	   0	84.8	84.8	 582	OK
2490	   0	84.8	84.8	 555	OK
2491	   0	88.3	88.3	 577	OK
2492	   0	84.3	84.3	 568	OK
2493	   0	90.6	90.6	 636	OK
2494	   0	92.2	92.2	 611	OK
2495	   0	90.0	90.0	 558	OK
2496	1000	90.8	90.8	 531	unbonded
2497	1000	82.6	82.6	 520	unbonded
2498	1000	81.0	81.0	 475	unbonded
2499	   0	80.6	80.6	 620	OK
2500	   0	88.8	88.8	 641	OK
2501	   0	90.6	90.6	 595	OK
2502	   0	82.7	82.7	 551	OK
2503	1000	92.5	92.5	 382	unbonded
2504	   0	86.0	86.0	 564	OK
2505	   0	87.2	87.2	 619	OK
2506	   0	92.0	92.0	 550	OK
2507	1000	84.2	84.2	 488	unbonded
2508	   0	83.2	83.2	 597	OK
2509	   0	86.4	86.4	 603	OK
2510	1000	85.0	85.0	 538	unbonded
2511	1000	81.2	81.2	 538	unbonded
2512	1000	78.8	78.8	 507	unbonded
2513	4000	80.6	80.6	 689	high noise
2514	1000	87.8	87.8	 530	unbonded
2515	   0	83.1	83.1	 582	OK
2516	1000	72.3	72.3	 488	unbonded
2517	   0	80.6	80.6	 617	OK
2518	   0	80.0	80.0	 587	OK
2519	1000	83.6	83.6	 359	unbonded
2520	4000	87.7	87.7	 698	high noise
2521	   0	87.4	87.4	 576	OK
2522	1000	86.8	86.8	 465	unbonded
2523	   0	85.6	85.6	 634	OK
2524	   0	84.9	84.9	 607	OK
2525	1000	93.6	93.6	 506	unbonded
2526	1000	81.5	81.5	 540	unbonded
2527	1000	87.0	87.0	 510	unbonded
2528	4000	80.0	80.0	 714	high noise
2529	1000	87.9	87.9	 510	unbonded
2530	4000	81.4	81.4	 696	high noise
2531	1000	89.6	89.6	 523	unbonded
2532	   0	86.2	86.2	 584	OK
2533	   0	91.6	91.6	 595	OK
2534	1000	88.6	88.6	 520	unbonded
2535	1000	79.9	79.9	 470	unbonded
2536	   0	82.3	82.3	 637	OK
2537	   0	81.2	81.2	 565	OK
2538	   0	83.7	83.7	 551	OK
2539	1000	88.1	88.1	 528	unbonded
2540	   0	77.8	77.8	 570	OK
2541	   0	83.7	83.7	 624	OK
2542	   0	85.9	85.9	 574	OK
2543	   0	91.1	91.1	 556	OK
2544	   0	82.7	82.7	 565	OK
2545	   0	84.7	84.7	 635	OK
2546	1000	83.6	83.6	 481	unbonded
2547	   0	84.2	84.2	 611	OK
2548	1000	78.8	78.8	 535	unbonded
2549	4000	88.3	88.3	 717	high noise
2550	   0	79.7	79.7	 603	OK
2551	   0	80.9	80.9	 578	OK
2552	   0	81.7	81.7	 654	OK
2553	4000	79.6	79.6	 668	high noise
2554	   0	85.1	85.1	 627	OK
2555	   0	91.6	91.6	 580	OK
2556	   0	83.4	83.4	 564	OK
2557	   0	83.2	83.2	 643	OK
2558	   0	85.7	85.7	 565	OK
2559	1000	87.9	87.9	 505	unbonded
