#chan	code	gain	offset	innse	comment
   0	   0	84.5	84.5	 628	OK
   1	   0	93.9	93.9	 578	OK
   2	1000	85.6	85.6	 531	unbonded
   3	1000	85.5	85.5	 530	unbonded
   4	4000	81.5	81.5	 716	high noise
   5	1000	89.0	89.0	 480	unbonded
   6	   0	89.1	89.1	 566	OK
   7	   0	85.5	85.5	 593	OK
   8	1000	90.3	90.3	 468	unbonded
   9	   0	83.1	83.1	 639	OK
  10	1000	95.4	95.4	 471	unbonded
  11	1000	87.3	87.3	 529	unbonded
  12	1000	76.4	76.4	 536	unbonded
  13	   0	87.8	87.8	 682	OK
  14	1000	88.7	88.7	 536	unbonded
  15	   0	84.8	84.8	 688	OK
  16	   0	84.0	84.0	 616	OK
  17	1000	88.1	88.1	 523	unbonded
  18	1000	85.7	85.7	 514	unbonded
  19	1000	83.5	83.5	 515	unbonded
  20	   0	86.5	86.5	 646	OK
  21	   0	91.9	91.9	 622	OK
  22	   0	84.0	84.0	 658	OK
  23	   0	87.6	87.6	 619	OK
  24	4000	82.4	82.4	 722	high noise
  25	   0	83.4	83.4	 702	OK
  26	1000	91.8	91.8	 508	unbonded
  27	   0	85.4	85.4	 607	OK
  28	   0	84.4	84.4	 627	OK
  29	   0	84.0	84.0	 640	OK
  30	4000	79.8	79.8	 730	high noise
  31	   0	88.6	88.6	 644	OK
  32	   0	83.7	83.7	 618	OK
  33	   0	88.5	88.5	 607	OK
  34	   0	90.0	90.0	 562	OK
  35	   0	87.6	87.6	 578	OK
  36	   0	84.5	84.5	 663	OK
  37	1000	88.1	88.1	 464	unbonded
  38	   0	88.0	88.0	 605	OK
  39	1000	89.6	89.6	 538	unbonded
  40	   0	76.0	76.0	 606	OK
  41	   0	75.6	75.6	 560	OK
  42	1000	92.4	92.4	 464	unbonded
  43	   0	79.2	79.2	 639	OK
  44	   0	77.4	77.4	 657	OK
  45	   0	83.0	83.0	 550	OK
  46	   0	85.3	85.3	 656	OK
  47	   0	89.7	89.7	 581	OK
  48	   0	93.4	93.4	 604	OK
  49	4000	78.7	78.7	 807	high noise
  50	   0	85.6	85.6	 666	OK
  51	   0	90.1	90.1	 561	OK
  52	4000	85.6	85.6	 752	high noise
  53	   0	90.0	90.0	 668	OK
  54	1000	87.0	87.0	 510	unbonded
  55	   0	86.7	86.7	 669	OK
  56	1000	86.7	86.7	 518	unbonded
  57	1000	92.4	92.4	 502	unbonded
  58	   0	86.7	86.7	 616	OK
  59	   0	86.3	86.3	 572	OK
  60	4000	88.7	88.7	 772	high noise
  61	   0	87.6	87.6	 605	OK
  62	   0	88.4	88.4	 588	OK
  63	   0	85.0	85.0	 636	OK
  64	   0	90.6	90.6	 566	OK
  65	   0	84.3	84.3	 615	OK
  66	   0	91.5	91.5	 545	OK
  67	   0	84.6	84.6	 635	OK
  68	4000	87.5	87.5	 748	high noise
  69	1000	82.7	82.7	 481	unbonded
  70	   0	91.6	91.6	 567	OK
  71	   0	91.8	91.8	 582	OK
  72	4000	80.1	80.1	 726	high noise
  73	1000	87.5	87.5	 529	unbonded
  74	   0	88.8	88.8	 632	OK
  75	   0	88.9	88.9	 583	OK
  76	   0	85.7	85.7	 620	OK
  77	   0	94.4	94.4	 623	OK
  78	4000	83.3	83.3	 744	high noise
  79	   0	85.3	85.3	 683	OK
  80	1000	82.4	82.4	 496	unbonded
  81	4000	87.5	87.5	 805	high noise
  82	   0	82.3	82.3	 612	OK
  83	1000	95.0	95.0	 509	unbonded
  84	   0	83.9	83.9	 695	OK
  85	   0	88.8	88.8	 573	OK
  86	   0	83.9	83.9	 665	OK
  87	   0	83.9	83.9	 644	OK
  88	   0	78.6	78.6	 669	OK
  89	   0	82.4	82.4	 640	OK
  90	   0	86.3	86.3	 562	OK
  91	   0	82.9	82.9	 677	OK
  92	   0	81.8	81.8	 569	OK
  93	   0	79.9	79.9	 685	OK
  94	   0	90.7	90.7	 558	OK
  95	1000	87.1	87.1	 522	unbonded
  96	   0	83.0	83.0	 661	OK
  97	4000	88.3	88.3	 763	high noise
  98	4000	85.3	85.3	 802	high noise
  99	   0	88.1	88.1	 648	OK
 100	   0	81.2	81.2	 636	OK
 101	   0	91.3	91.3	 614	OK
 102	   0	90.5	90.5	 677	OK
 103	   0	86.3	86.3	 647	OK
 104	   0	93.7	93.7	 656	OK
 105	   0	84.2	84.2	 697	OK
 106	4000	90.6	90.6	 767	high noise
 107	1000	95.1	95.1	 490	unbonded
 108	4000	78.2	78.2	 763	high noise
 109	   0	83.1	83.1	 627	OK
 110	   0	87.1	87.1	 634	OK
 111	   0	96.0	96.0	 548	OK
 112	1000	91.7	91.7	 493	unbonded
 113	   0	89.2	89.2	 670	OK
 114	   0	91.3	91.3	 656	OK
 115	   0	84.5	84.5	 623	OK
 116	1000	90.9	90.9	 502	unbonded
 117	4000	87.8	87.8	 719	high noise
 118	   0	85.3	85.3	 625	OK
 119	   0	91.3	91.3	 619	OK
 120	   0	82.5	82.5	 588	OK
 121	   0	91.0	91.0	 632	OK
 122	   0	87.6	87.6	 687	OK
 123	1000	86.3	86.3	 516	unbonded
 124	1000	76.1	76.1	 446	unbonded
 125	   0	86.3	86.3	 549	OK
 126	   0	89.4	89.4	 627	OK
 127	4000	83.4	83.4	 722	high noise
 128	1000	75.5	75.5	 519	unbonded
 129	   0	83.6	83.6	 658	OK
 130	   0	78.5	78.5	 685	OK
 131	4000	79.7	79.7	 816	high noise
 132	   0	83.8	83.8	 652	OK
 133	   0	84.2	84.2	 602	OK
 134	   0	74.2	74.2	 729	OK
 135	   0	80.4	80.4	 612	OK
 136	   0	77.4	77.4	 667	OK
 137	   0	75.5	75.5	 643	OK
 138	   0	76.0	76.0	 703	OK
 139	   0	80.6	80.6	 691	OK
 140	   0	79.6	79.6	 782	OK
 141	   0	80.2	80.2	 657	OK
 142	   0	88.1	88.1	 627	OK
 143	   0	81.8	81.8	 566	OK
 144	   0	82.5	82.5	 704	OK
 145	   0	84.5	84.5	 646	OK
 146	   0	86.5	86.5	 575	OK
 147	   0	76.6	76.6	 727	OK
 148	   0	80.9	80.9	 760	OK
 149	   0	80.8	80.8	 737	OK
 150	   0	82.4	82.4	 715	OK
 151	   0	83.6	83.6	 604	OK
 152	4000	82.1	82.1	 794	high noise
 153	   0	77.9	77.9	 700	OK
 154	   0	78.1	78.1	 591	OK
 155	   0	76.3	76.3	 780	OK
 156	4000	68.8	68.8	 805	high noise
 157	   0	82.1	82.1	 670	OK
 158	   0	78.0	78.0	 662	OK
 159	   0	77.5	77.5	 629	OK
 160	   0	83.6	83.6	 689	OK
 161	   0	80.3	80.3	 608	OK
 162	   0	77.5	77.5	 630	OK
 163	   0	76.0	76.0	 631	OK
 164	   0	76.9	76.9	 667	OK
 165	   0	73.7	73.7	 619	OK
 166	   0	87.3	87.3	 547	OK
 167	   0	77.7	77.7	 729	OK
 168	   0	84.3	84.3	 664	OK
 169	   0	73.2	73.2	 751	OK
 170	   0	71.8	71.8	 718	OK
 171	   0	84.9	84.9	 717	OK
 172	   0	76.5	76.5	 639	OK
 173	   0	79.7	79.7	 571	OK
 174	   0	75.6	75.6	 771	OK
 175	   0	78.8	78.8	 673	OK
 176	   0	79.1	79.1	 629	OK
 177	   0	80.4	80.4	 675	OK
 178	   0	85.2	85.2	 726	OK
 179	   0	78.0	78.0	 752	OK
 180	4000	79.2	79.2	 839	high noise
 181	   0	84.4	84.4	 576	OK
 182	4000	78.0	78.0	 898	high noise
 183	   0	79.1	79.1	 562	OK
 184	   0	85.5	85.5	 748	OK
 185	   0	81.8	81.8	 644	OK
 186	   0	84.7	84.7	 621	OK
 187	   0	82.5	82.5	 656	OK
 188	   0	78.2	78.2	 782	OK
 189	   0	83.9	83.9	 630	OK
 190	1000	82.6	82.6	 519	unbonded
 191	   0	86.7	86.7	 656	OK
 192	   0	80.8	80.8	 645	OK
 193	   0	72.7	72.7	 703	OK
 194	   0	81.2	81.2	 668	OK
 195	   0	83.3	83.3	 736	OK
 196	   0	89.9	89.9	 757	OK
 197	   0	79.8	79.8	 749	OK
 198	   0	77.7	77.7	 706	OK
 199	   0	81.4	81.4	 694	OK
 200	   0	79.0	79.0	 747	OK
 201	   0	78.9	78.9	 644	OK
 202	   0	84.6	84.6	 624	OK
 203	   0	81.1	81.1	 555	OK
 204	4000	73.8	73.8	 822	high noise
 205	   0	80.4	80.4	 590	OK
 206	   0	77.1	77.1	 659	OK
 207	   0	74.2	74.2	 682	OK
 208	4000	78.8	78.8	 862	high noise
 209	   0	68.7	68.7	 721	OK
 210	   0	89.2	89.2	 631	OK
 211	   0	77.3	77.3	 705	OK
 212	   0	81.0	81.0	 699	OK
 213	   0	76.1	76.1	 697	OK
 214	   0	77.9	77.9	 681	OK
 215	   0	79.2	79.2	 711	OK
 216	   0	71.3	71.3	 711	OK
 217	   0	70.7	70.7	 725	OK
 218	4000	74.4	74.4	 788	high noise
 219	   0	78.8	78.8	 768	OK
 220	   0	89.2	89.2	 606	OK
 221	   0	73.6	73.6	 736	OK
 222	   0	76.5	76.5	 717	OK
 223	1000	77.1	77.1	 511	unbonded
 224	1000	81.9	81.9	 492	unbonded
 225	   0	78.3	78.3	 767	OK
 226	   0	71.1	71.1	 669	OK
 227	   0	80.2	80.2	 674	OK
 228	   0	79.1	79.1	 666	OK
 229	   0	80.4	80.4	 638	OK
 230	4000	79.4	79.4	 915	high noise
 231	   0	90.5	90.5	 756	OK
 232	4000	74.0	74.0	 816	high noise
 233	   0	79.0	79.0	 748	OK
 234	   0	78.7	78.7	 591	OK
 235	   0	77.9	77.9	 633	OK
 236	   0	69.6	69.6	 648	OK
 237	   0	83.8	83.8	 714	OK
 238	4000	79.7	79.7	 808	high noise
 239	   0	80.3	80.3	 699	OK
 240	   0	77.2	77.2	 650	OK
 241	   0	77.5	77.5	 613	OK
 242	   0	74.5	74.5	 751	OK
 243	   0	82.2	82.2	 655	OK
 244	   0	84.8	84.8	 654	OK
 245	   0	80.0	80.0	 741	OK
 246	   0	76.6	76.6	 672	OK
 247	   0	78.8	78.8	 549	OK
 248	   0	74.7	74.7	 692	OK
 249	   0	82.7	82.7	 711	OK
 250	   0	79.9	79.9	 546	OK
 251	   0	72.2	72.2	 752	OK
 252	   0	70.5	70.5	 730	OK
 253	   0	75.0	75.0	 740	OK
 254	   0	79.4	79.4	 549	OK
 255	4000	78.7	78.7	 846	high noise
 256	   0	80.3	80.3	 587	OK
 257	   0	77.0	77.0	 584	OK
 258	   0	82.5	82.5	 737	OK
 259	1000	80.3	80.3	 484	unbonded
 260	   0	80.7	80.7	 630	OK
 261	   0	72.5	72.5	 661	OK
 262	   0	78.3	78.3	 700	OK
 263	   0	84.6	84.6	 739	OK
 264	   0	80.8	80.8	 704	OK
 265	   0	73.8	73.8	 639	OK
 266	   0	84.8	84.8	 599	OK
 267	   0	73.8	73.8	 723	OK
 268	   0	82.1	82.1	 543	OK
 269	   0	80.5	80.5	 729	OK
 270	   0	79.0	79.0	 601	OK
 271	   0	86.0	86.0	 749	OK
 272	   0	84.8	84.8	 661	OK
 273	   0	82.0	82.0	 695	OK
 274	   0	85.7	85.7	 614	OK
 275	   0	79.1	79.1	 697	OK
 276	   0	78.9	78.9	 618	OK
 277	1000	86.7	86.7	 323	unbonded
 278	   0	81.2	81.2	 769	OK
 279	   0	75.7	75.7	 715	OK
 280	   0	83.4	83.4	 607	OK
 281	   0	79.5	79.5	 680	OK
 282	   0	81.8	81.8	 707	OK
 283	   0	81.0	81.0	 623	OK
 284	   0	87.6	87.6	 634	OK
 285	   0	77.9	77.9	 684	OK
 286	   0	67.8	67.8	 777	OK
 287	   0	79.0	79.0	 677	OK
 288	   0	77.5	77.5	 668	OK
 289	   0	75.2	75.2	 563	OK
 290	   0	70.2	70.2	 756	OK
 291	   0	85.5	85.5	 582	OK
 292	   0	79.3	79.3	 723	OK
 293	   0	79.0	79.0	 715	OK
 294	   0	81.0	81.0	 628	OK
 295	   0	77.1	77.1	 635	OK
 296	   0	81.0	81.0	 587	OK
 297	   0	74.7	74.7	 729	OK
 298	   0	71.5	71.5	 718	OK
 299	   0	77.5	77.5	 767	OK
 300	4000	75.3	75.3	 782	high noise
 301	   0	83.9	83.9	 630	OK
 302	   0	81.8	81.8	 630	OK
 303	   0	79.2	79.2	 716	OK
 304	   0	82.1	82.1	 693	OK
 305	   0	90.7	90.7	 703	OK
 306	   0	83.3	83.3	 561	OK
 307	   0	80.1	80.1	 765	OK
 308	   0	74.6	74.6	 605	OK
 309	   0	81.3	81.3	 698	OK
 310	1000	90.9	90.9	 508	unbonded
 311	   0	77.0	77.0	 695	OK
 312	4000	73.7	73.7	 837	high noise
 313	   0	80.1	80.1	 547	OK
 314	4000	72.6	72.6	 819	high noise
 315	   0	79.5	79.5	 684	OK
 316	   0	77.7	77.7	 660	OK
 317	   0	84.3	84.3	 660	OK
 318	   0	79.3	79.3	 611	OK
 319	4000	84.4	84.4	 788	high noise
 320	   0	75.8	75.8	 766	OK
 321	   0	78.7	78.7	 572	OK
 322	   0	82.3	82.3	 684	OK
 323	   0	78.2	78.2	 764	OK
 324	   0	80.3	80.3	 725	OK
 325	   0	75.4	75.4	 631	OK
 326	   0	81.7	81.7	 583	OK
 327	   0	84.4	84.4	 684	OK
 328	   0	68.9	68.9	 755	OK
 329	   0	73.8	73.8	 703	OK
 330	   0	79.6	79.6	 694	OK
 331	   0	81.4	81.4	 596	OK
 332	   0	73.1	73.1	 699	OK
 333	   0	75.6	75.6	 637	OK
 334	   0	87.1	87.1	 602	OK
 335	4000	76.2	76.2	 791	high noise
 336	   0	79.7	79.7	 663	OK
 337	   0	79.7	79.7	 605	OK
 338	4000	76.9	76.9	 797	high noise
 339	   0	78.6	78.6	 756	OK
 340	   0	74.3	74.3	 575	OK
 341	   0	85.0	85.0	 728	OK
 342	   0	70.6	70.6	 713	OK
 343	   0	75.6	75.6	 755	OK
 344	   0	78.3	78.3	 750	OK
 345	   0	83.6	83.6	 679	OK
 346	   0	84.7	84.7	 586	OK
 347	   0	82.0	82.0	 776	OK
 348	   0	79.5	79.5	 541	OK
 349	   0	83.1	83.1	 615	OK
 350	   0	81.0	81.0	 629	OK
 351	   0	78.1	78.1	 710	OK
 352	   0	80.9	80.9	 640	OK
 353	   0	77.0	77.0	 668	OK
 354	   0	77.9	77.9	 633	OK
 355	4000	79.1	79.1	 825	high noise
 356	   0	77.5	77.5	 656	OK
 357	4000	72.8	72.8	 856	high noise
 358	   0	76.2	76.2	 608	OK
 359	   0	74.7	74.7	 630	OK
 360	   0	81.1	81.1	 585	OK
 361	   0	77.6	77.6	 657	OK
 362	   0	76.0	76.0	 740	OK
 363	4000	84.5	84.5	 788	high noise
 364	4000	82.2	82.2	 805	high noise
 365	   0	75.3	75.3	 708	OK
 366	   0	74.1	74.1	 599	OK
 367	   0	76.3	76.3	 722	OK
 368	   0	81.7	81.7	 727	OK
 369	4000	75.7	75.7	 824	high noise
 370	   0	77.4	77.4	 615	OK
 371	   0	75.0	75.0	 676	OK
 372	4000	82.7	82.7	 822	high noise
 373	   0	78.5	78.5	 750	OK
 374	   0	79.4	79.4	 579	OK
 375	   0	80.6	80.6	 571	OK
 376	   0	74.2	74.2	 630	OK
 377	   0	70.2	70.2	 729	OK
 378	   0	80.3	80.3	 693	OK
 379	   0	68.7	68.7	 696	OK
 380	   0	81.2	81.2	 729	OK
 381	   0	80.3	80.3	 701	OK
 382	   0	81.8	81.8	 599	OK
 383	   0	75.6	75.6	 740	OK
 384	   0	87.3	87.3	 599	OK
 385	   0	91.1	91.1	 584	OK
 386	   0	84.1	84.1	 573	OK
 387	   0	92.1	92.1	 676	OK
 388	   0	89.6	89.6	 660	OK
 389	1000	98.0	98.0	 423	unbonded
 390	   0	88.5	88.5	 570	OK
 391	   0	87.4	87.4	 571	OK
 392	   0	85.0	85.0	 561	OK
 393	   0	91.5	91.5	 567	OK
 394	   0	87.5	87.5	 614	OK
 395	1000	83.5	83.5	 380	unbonded
 396	   0	90.5	90.5	 635	OK
 397	4000	87.2	87.2	 712	high noise
 398	   0	90.2	90.2	 556	OK
 399	   0	89.2	89.2	 553	OK
 400	   0	90.8	90.8	 655	OK
 401	8000	93.7	93.7	 541	partbonded
 402	   0	83.2	83.2	 620	OK
 403	   0	82.2	82.2	 636	OK
 404	   0	84.7	84.7	 587	OK
 405	1000	86.8	86.8	 517	unbonded
 406	8000	81.1	81.1	 540	partbonded
 407	   0	89.4	89.4	 605	OK
 408	1000	84.8	84.8	 525	unbonded
 409	4000	79.7	79.7	 759	high noise
 410	   0	97.8	97.8	 610	OK
 411	   0	90.1	90.1	 560	OK
 412	1000	87.3	87.3	 486	unbonded
 413	1000	94.0	94.0	 511	unbonded
 414	   0	83.7	83.7	 598	OK
 415	   0	88.8	88.8	 566	OK
 416	   0	91.8	91.8	 567	OK
 417	4000	83.5	83.5	 685	high noise
 418	   0	88.1	88.1	 666	OK
 419	1000	85.9	85.9	 384	unbonded
 420	   0	79.9	79.9	 633	OK
 421	   0	94.7	94.7	 610	OK
 422	   0	91.0	91.0	 622	OK
 423	   0	81.9	81.9	 626	OK
 424	   0	90.1	90.1	 548	OK
 425	   0	84.4	84.4	 616	OK
 426	1000	87.9	87.9	 539	unbonded
 427	   0	96.3	96.3	 610	OK
 428	   0	88.7	88.7	 562	OK
 429	   0	92.9	92.9	 559	OK
 430	   0	92.5	92.5	 557	OK
 431	4000	87.3	87.3	 752	high noise
 432	1000	89.4	89.4	 540	unbonded
 433	1000	90.4	90.4	 467	unbonded
 434	   0	91.4	91.4	 562	OK
 435	   0	86.0	86.0	 615	OK
 436	1000	91.2	91.2	 515	unbonded
 437	   0	87.2	87.2	 609	OK
 438	   0	85.6	85.6	 653	OK
 439	4000	89.7	89.7	 758	high noise
 440	1000	84.1	84.1	 498	unbonded
 441	1000	91.8	91.8	 529	unbonded
 442	   0	90.7	90.7	 581	OK
 443	1000	92.3	92.3	 462	unbonded
 444	   0	97.3	97.3	 613	OK
 445	1000	98.9	98.9	 522	unbonded
 446	1000	90.6	90.6	 485	unbonded
 447	   0	91.6	91.6	 599	OK
 448	   0	88.6	88.6	 583	OK
 449	   0	87.2	87.2	 566	OK
 450	4000	87.7	87.7	 684	high noise
 451	   0	92.7	92.7	 553	OK
 452	   0	84.0	84.0	 637	OK
 453	   0	89.9	89.9	 579	OK
 454	   0	86.5	86.5	 564	OK
 455	   0	84.8	84.8	 588	OK
 456	1000	91.5	91.5	 537	unbonded
 457	   0	93.7	93.7	 544	OK
 458	1000	90.2	90.2	 488	unbonded
 459	   0	89.4	89.4	 637	OK
 460	   0	85.0	85.0	 640	OK
 461	   0	87.3	87.3	 638	OK
 462	   0	85.6	85.6	 577	OK
 463	   0	93.8	93.8	 578	OK
 464	   0	94.8	94.8	 621	OK
 465	   0	87.4	87.4	 578	OK
 466	   0	99.7	99.7	 598	OK
 467	   0	85.6	85.6	 583	OK
 468	1000	89.7	89.7	 510	unbonded
 469	1000	82.6	82.6	 468	unbonded
 470	   0	91.3	91.3	 545	OK
 471	   0	84.9	84.9	 549	OK
 472	   0	87.5	87.5	 603	OK
 473	   0	87.9	87.9	 667	OK
 474	1000	83.6	83.6	 535	unbonded
 475	   0	86.2	86.2	 605	OK
 476	   0	89.8	89.8	 563	OK
 477	   0	85.5	85.5	 578	OK
 478	   0	90.4	90.4	 636	OK
 479	   0	84.0	84.0	 598	OK
 480	4000	82.3	82.3	 710	high noise
 481	   0	79.2	79.2	 675	OK
 482	1000	95.9	95.9	 471	unbonded
 483	   0	84.3	84.3	 602	OK
 484	   0	90.3	90.3	 603	OK
 485	   0	91.5	91.5	 642	OK
 486	1000	85.8	85.8	 534	unbonded
 487	1000	87.2	87.2	 501	unbonded
 488	4000	82.3	82.3	 718	high noise
 489	   0	87.9	87.9	 595	OK
 490	4000	90.3	90.3	 717	high noise
 491	   0	91.6	91.6	 667	OK
 492	4000	84.1	84.1	 815	high noise
 493	   0	87.0	87.0	 636	OK
 494	   0	87.9	87.9	 659	OK
 495	4000	90.4	90.4	 696	high noise
 496	   0	91.2	91.2	 630	OK
 497	   0	86.1	86.1	 622	OK
 498	   0	93.1	93.1	 558	OK
 499	4000	86.6	86.6	 712	high noise
 500	   0	86.5	86.5	 680	OK
 501	   0	92.8	92.8	 655	OK
 502	   0	83.7	83.7	 596	OK
 503	   0	85.1	85.1	 637	OK
 504	   0	84.3	84.3	 572	OK
 505	1000	88.4	88.4	 516	unbonded
 506	4000	82.3	82.3	 740	high noise
 507	1000	91.6	91.6	 503	unbonded
 508	1000	87.3	87.3	 489	unbonded
 509	   0	93.5	93.5	 589	OK
 510	4000	84.3	84.3	 771	high noise
 511	   0	88.5	88.5	 585	OK
 512	   0	84.3	84.3	 632	OK
 513	   0	76.4	76.4	 609	OK
 514	   0	79.0	79.0	 581	OK
 515	   0	88.0	88.0	 603	OK
 516	   0	95.1	95.1	 642	OK
 517	1000	92.9	92.9	 418	unbonded
 518	   0	86.6	86.6	 543	OK
 519	   0	90.4	90.4	 565	OK
 520	   0	88.4	88.4	 665	OK
 521	   0	88.6	88.6	 589	OK
 522	   0	91.5	91.5	 603	OK
 523	   0	86.8	86.8	 556	OK
 524	   0	91.6	91.6	 603	OK
 525	   0	86.1	86.1	 588	OK
 526	   0	85.1	85.1	 642	OK
 527	4000	90.6	90.6	 687	high noise
 528	   0	93.1	93.1	 572	OK
 529	   0	81.4	81.4	 613	OK
 530	1000	94.5	94.5	 514	unbonded
 531	   0	96.9	96.9	 574	OK
 532	1000	97.0	97.0	 539	unbonded
 533	   0	89.5	89.5	 648	OK
 534	1000	86.3	86.3	 521	unbonded
 535	   0	84.8	84.8	 624	OK
 536	   0	89.1	89.1	 635	OK
 537	1000	90.6	90.6	 522	unbonded
 538	   0	94.0	94.0	 581	OK
 539	   0	87.4	87.4	 576	OK
 540	   0	82.4	82.4	 601	OK
 541	   0	101.7	101.7	 591	OK
 542	   0	88.3	88.3	 570	OK
 543	4000	101.3	101.3	 722	high noise
 544	1000	85.9	85.9	 508	unbonded
 545	   0	83.5	83.5	 617	OK
 546	   0	87.3	87.3	 638	OK
 547	   0	97.1	97.1	 603	OK
 548	4000	91.8	91.8	 692	high noise
 549	   0	84.0	84.0	 577	OK
 550	   0	93.1	93.1	 546	OK
 551	1000	88.7	88.7	 467	unbonded
 552	   0	83.5	83.5	 588	OK
 553	   0	91.8	91.8	 562	OK
 554	   0	95.7	95.7	 543	OK
 555	   0	88.8	88.8	 657	OK
 556	   0	89.1	89.1	 555	OK
 557	   0	81.4	81.4	 567	OK
 558	1000	91.1	91.1	 488	unbonded
 559	   0	93.6	93.6	 622	OK
 560	   0	89.2	89.2	 618	OK
 561	4000	84.6	84.6	 733	high noise
 562	   0	91.3	91.3	 578	OK
 563	   0	82.6	82.6	 570	OK
 564	   0	96.2	96.2	 586	OK
 565	1000	89.4	89.4	 529	unbonded
 566	   0	91.7	91.7	 562	OK
 567	1000	93.7	93.7	 484	unbonded
 568	   0	83.4	83.4	 656	OK
 569	   0	99.8	99.8	 578	OK
 570	   0	91.6	91.6	 654	OK
 571	   0	87.8	87.8	 562	OK
 572	   0	88.9	88.9	 577	OK
 573	   0	94.9	94.9	 565	OK
 574	   0	97.8	97.8	 567	OK
 575	   0	91.0	91.0	 602	OK
 576	4000	95.5	95.5	 752	high noise
 577	   0	96.0	96.0	 592	OK
 578	   0	91.4	91.4	 640	OK
 579	   0	94.9	94.9	 616	OK
 580	   0	88.7	88.7	 684	OK
 581	4000	90.6	90.6	 760	high noise
 582	   0	84.8	84.8	 585	OK
 583	   0	91.7	91.7	 545	OK
 584	   0	79.6	79.6	 648	OK
 585	   0	88.5	88.5	 606	OK
 586	   0	82.3	82.3	 614	OK
 587	   0	83.3	83.3	 542	OK
 588	   0	89.3	89.3	 640	OK
 589	   0	85.6	85.6	 636	OK
 590	   0	83.0	83.0	 618	OK
 591	   0	87.3	87.3	 545	OK
 592	1000	90.7	90.7	 431	unbonded
 593	   0	96.1	96.1	 612	OK
 594	   0	91.7	91.7	 654	OK
 595	   0	92.2	92.2	 607	OK
 596	   0	88.2	88.2	 671	OK
 597	   0	97.4	97.4	 595	OK
 598	   0	87.2	87.2	 674	OK
 599	   0	91.3	91.3	 619	OK
 600	   0	81.8	81.8	 619	OK
 601	   0	92.0	92.0	 590	OK
 602	   0	96.6	96.6	 572	OK
 603	   0	92.3	92.3	 559	OK
 604	   0	85.2	85.2	 602	OK
 605	   0	82.9	82.9	 660	OK
 606	   0	77.6	77.6	 598	OK
 607	   0	88.4	88.4	 617	OK
 608	   0	94.8	94.8	 596	OK
 609	   0	83.4	83.4	 633	OK
 610	   0	88.1	88.1	 655	OK
 611	   0	79.2	79.2	 583	OK
 612	1000	88.7	88.7	 515	unbonded
 613	1000	94.7	94.7	 523	unbonded
 614	   0	90.7	90.7	 612	OK
 615	   0	91.6	91.6	 596	OK
 616	4000	91.5	91.5	 695	high noise
 617	   0	92.5	92.5	 573	OK
 618	   0	83.2	83.2	 683	OK
 619	4000	94.7	94.7	 700	high noise
 620	   0	87.5	87.5	 584	OK
 621	1000	89.5	89.5	 486	unbonded
 622	   0	92.9	92.9	 627	OK
 623	   0	88.9	88.9	 583	OK
 624	   0	89.0	89.0	 647	OK
 625	1000	85.7	85.7	 513	unbonded
 626	   0	84.2	84.2	 572	OK
 627	   0	90.4	90.4	 576	OK
 628	1000	89.0	89.0	 495	unbonded
 629	   0	92.3	92.3	 563	OK
 630	   0	82.2	82.2	 651	OK
 631	4000	91.9	91.9	 705	high noise
 632	   0	86.8	86.8	 566	OK
 633	1000	89.7	89.7	 539	unbonded
 634	   0	86.6	86.6	 656	OK
 635	   0	89.9	89.9	 570	OK
 636	   0	81.7	81.7	 624	OK
 637	   0	85.0	85.0	 541	OK
 638	   0	81.5	81.5	 592	OK
 639	   0	94.2	94.2	 555	OK
 640	   0	80.1	80.1	 626	OK
 641	   0	85.3	85.3	 590	OK
 642	   0	81.8	81.8	 639	OK
 643	   0	74.4	74.4	 608	OK
 644	   0	85.1	85.1	 552	OK
 645	   0	82.3	82.3	 623	OK
 646	   0	79.9	79.9	 637	OK
 647	1000	84.7	84.7	 493	unbonded
 648	   0	84.7	84.7	 672	OK
 649	   0	81.6	81.6	 604	OK
 650	   0	85.2	85.2	 652	OK
 651	4000	79.9	79.9	 750	high noise
 652	   0	73.6	73.6	 590	OK
 653	1000	82.5	82.5	 532	unbonded
 654	1000	81.1	81.1	 502	unbonded
 655	   0	85.2	85.2	 641	OK
 656	   0	86.3	86.3	 677	OK
 657	   0	90.0	90.0	 705	OK
 658	   0	80.7	80.7	 609	OK
 659	   0	76.9	76.9	 708	OK
 660	1000	85.5	85.5	 536	unbonded
 661	4000	78.2	78.2	 775	high noise
 662	4000	80.5	80.5	 789	high noise
 663	1000	91.3	91.3	 454	unbonded
 664	   0	83.0	83.0	 671	OK
 665	   0	84.3	84.3	 632	OK
 666	   0	88.1	88.1	 702	OK
 667	   0	81.3	81.3	 574	OK
 668	   0	83.9	83.9	 659	OK
 669	   0	83.0	83.0	 614	OK
 670	   0	87.7	87.7	 669	OK
 671	   0	85.5	85.5	 636	OK
 672	   0	76.0	76.0	 683	OK
 673	   0	80.6	80.6	 628	OK
 674	   0	89.5	89.5	 694	OK
 675	   0	83.3	83.3	 604	OK
 676	   0	85.2	85.2	 679	OK
 677	   0	79.4	79.4	 635	OK
 678	   0	75.9	75.9	 634	OK
 679	   0	83.7	83.7	 668	OK
 680	   0	91.4	91.4	 644	OK
 681	   0	83.6	83.6	 622	OK
 682	   0	85.1	85.1	 694	OK
 683	   0	91.2	91.2	 696	OK
 684	4000	81.2	81.2	 834	high noise
 685	   0	86.6	86.6	 567	OK
 686	   0	83.9	83.9	 607	OK
 687	   0	80.0	80.0	 679	OK
 688	   0	84.5	84.5	 665	OK
 689	   0	87.2	87.2	 584	OK
 690	   0	89.7	89.7	 610	OK
 691	   0	87.3	87.3	 674	OK
 692	   0	83.0	83.0	 598	OK
 693	   0	79.9	79.9	 656	OK
 694	   0	85.2	85.2	 606	OK
 695	   0	83.3	83.3	 563	OK
 696	1000	78.4	78.4	 524	unbonded
 697	   0	88.1	88.1	 596	OK
 698	   0	83.2	83.2	 647	OK
 699	   0	82.7	82.7	 611	OK
 700	   0	83.4	83.4	 675	OK
 701	   0	83.3	83.3	 661	OK
 702	   0	87.5	87.5	 657	OK
 703	   0	79.3	79.3	 642	OK
 704	   0	87.3	87.3	 569	OK
 705	4000	83.7	83.7	 744	high noise
 706	   0	84.7	84.7	 681	OK
 707	   0	81.9	81.9	 660	OK
 708	   0	83.8	83.8	 619	OK
 709	   0	90.1	90.1	 591	OK
 710	   0	81.2	81.2	 636	OK
 711	   0	87.7	87.7	 635	OK
 712	1000	82.6	82.6	 453	unbonded
 713	   0	81.7	81.7	 633	OK
 714	   0	79.0	79.0	 637	OK
 715	   0	81.4	81.4	 699	OK
 716	   0	79.8	79.8	 622	OK
 717	   0	82.4	82.4	 599	OK
 718	   0	81.9	81.9	 676	OK
 719	   0	88.0	88.0	 554	OK
 720	   0	80.7	80.7	 695	OK
 721	   0	77.5	77.5	 677	OK
 722	   0	81.3	81.3	 699	OK
 723	   0	80.4	80.4	 642	OK
 724	   0	75.8	75.8	 648	OK
 725	   0	84.2	84.2	 645	OK
 726	   0	76.0	76.0	 654	OK
 727	   0	79.4	79.4	 569	OK
 728	4000	77.0	77.0	 780	high noise
 729	   0	88.3	88.3	 591	OK
 730	   0	78.5	78.5	 639	OK
 731	4000	73.7	73.7	 801	high noise
 732	   0	80.5	80.5	 701	OK
 733	   0	81.0	81.0	 650	OK
 734	   0	82.4	82.4	 559	OK
 735	   0	82.9	82.9	 571	OK
 736	   0	80.4	80.4	 646	OK
 737	   0	75.8	75.8	 654	OK
 738	   0	79.4	79.4	 566	OK
 739	   0	77.0	77.0	 661	OK
 740	   0	86.1	86.1	 726	OK
 741	4000	81.0	81.0	 776	high noise
 742	4000	77.7	77.7	 735	high noise
 743	   0	74.3	74.3	 643	OK
 744	   0	74.8	74.8	 700	OK
 745	   0	74.4	74.4	 717	OK
 746	   0	76.9	76.9	 644	OK
 747	   0	82.0	82.0	 691	OK
 748	   0	77.8	77.8	 697	OK
 749	   0	74.5	74.5	 567	OK
 750	   0	80.3	80.3	 713	OK
 751	   0	81.9	81.9	 558	OK
 752	   0	80.7	80.7	 620	OK
 753	1000	80.8	80.8	 537	unbonded
 754	   0	83.2	83.2	 624	OK
 755	   0	76.9	76.9	 545	OK
 756	   0	77.5	77.5	 716	OK
 757	   0	79.8	79.8	 599	OK
 758	1000	78.1	78.1	 490	unbonded
 759	   0	81.2	81.2	 644	OK
 760	1000	76.0	76.0	 463	unbonded
 761	   0	78.5	78.5	 590	OK
 762	   0	83.1	83.1	 554	OK
 763	   0	73.7	73.7	 694	OK
 764	   0	79.9	79.9	 651	OK
 765	   0	77.7	77.7	 659	OK
 766	   0	77.5	77.5	 685	OK
 767	   0	80.4	80.4	 549	OK
 768	   0	91.3	91.3	 564	OK
 769	   0	94.0	94.0	 668	OK
 770	   0	95.2	95.2	 613	OK
 771	   0	90.2	90.2	 602	OK
 772	   0	90.4	90.4	 553	OK
 773	   0	85.1	85.1	 622	OK
 774	   0	98.3	98.3	 608	OK
 775	1000	85.2	85.2	 487	unbonded
 776	   0	87.7	87.7	 622	OK
 777	   0	91.8	91.8	 579	OK
 778	1000	95.3	95.3	 533	unbonded
 779	   0	88.5	88.5	 685	OK
 780	1000	89.9	89.9	 540	unbonded
 781	   0	94.4	94.4	 672	OK
 782	   0	90.9	90.9	 683	OK
 783	   0	97.1	97.1	 546	OK
 784	   0	90.9	90.9	 572	OK
 785	   0	79.8	79.8	 684	OK
 786	1000	85.8	85.8	 483	unbonded
 787	1000	85.1	85.1	 483	unbonded
 788	   0	87.3	87.3	 676	OK
 789	   0	88.8	88.8	 653	OK
 790	   0	89.0	89.0	 705	OK
 791	   0	82.4	82.4	 610	OK
 792	   0	83.8	83.8	 665	OK
 793	   0	84.2	84.2	 578	OK
 794	   0	83.2	83.2	 689	OK
 795	   0	85.1	85.1	 552	OK
 796	   0	84.8	84.8	 679	OK
 797	   0	93.7	93.7	 554	OK
 798	   0	83.3	83.3	 585	OK
 799	   0	90.9	90.9	 551	OK
 800	1000	90.3	90.3	 374	unbonded
 801	   0	88.5	88.5	 658	OK
 802	   0	89.6	89.6	 584	OK
 803	   0	88.7	88.7	 676	OK
 804	   0	89.5	89.5	 565	OK
 805	   0	90.8	90.8	 606	OK
 806	1000	88.0	88.0	 464	unbonded
 807	   0	86.0	86.0	 715	OK
 808	   0	94.1	94.1	 604	OK
 809	1000	88.7	88.7	 489	unbonded
 810	1000	78.1	78.1	 480	unbonded
 811	   0	85.3	85.3	 661	OK
 812	   0	83.6	83.6	 597	OK
 813	   0	85.8	85.8	 607	OK
 814	   0	86.9	86.9	 645	OK
 815	   0	94.3	94.3	 642	OK
 816	   0	93.0	93.0	 642	OK
 817	   0	90.5	90.5	 704	OK
 818	1000	89.2	89.2	 532	unbonded
 819	1000	90.3	90.3	 505	unbonded
 820	   0	90.1	90.1	 611	OK
 821	1000	96.9	96.9	 522	unbonded
 822	   0	82.3	82.3	 710	OK
 823	   0	87.6	87.6	 719	OK
 824	   0	87.9	87.9	 617	OK
 825	   0	91.2	91.2	 675	OK
 826	   0	89.9	89.9	 609	OK
 827	   0	89.9	89.9	 560	OK
 828	   0	88.2	88.2	 616	OK
 829	1000	95.4	95.4	 515	unbonded
 830	1000	98.1	98.1	 492	unbonded
 831	   0	96.3	96.3	 561	OK
 832	   0	81.9	81.9	 573	OK
 833	   0	86.3	86.3	 558	OK
 834	   0	87.0	87.0	 596	OK
 835	   0	88.2	88.2	 636	OK
 836	   0	82.5	82.5	 623	OK
 837	   0	90.8	90.8	 709	OK
 838	1000	84.5	84.5	 540	unbonded
 839	   0	85.0	85.0	 591	OK
 840	   0	95.6	95.6	 619	OK
 841	   0	85.5	85.5	 697	OK
 842	   0	86.9	86.9	 667	OK
 843	1000	81.9	81.9	 521	unbonded
 844	   0	84.3	84.3	 578	OK
 845	4000	83.8	83.8	 820	high noise
 846	   0	82.0	82.0	 617	OK
 847	   0	82.8	82.8	 674	OK
 848	4000	83.6	83.6	 726	high noise
 849	   0	88.6	88.6	 629	OK
 850	   0	80.3	80.3	 658	OK
 851	   0	80.7	80.7	 625	OK
 852	4000	79.0	79.0	 735	high noise
 853	   0	78.7	78.7	 623	OK
 854	   0	79.5	79.5	 599	OK
 855	4000	85.4	85.4	 722	high noise
 856	   0	88.5	88.5	 674	OK
 857	   0	86.9	86.9	 718	OK
 858	   0	80.4	80.4	 639	OK
 859	4000	88.7	88.7	 817	high noise
 860	4000	82.6	82.6	 754	high noise
 861	   0	81.4	81.4	 586	OK
 862	   0	81.6	81.6	 650	OK
 863	4000	82.4	82.4	 801	high noise
 864	4000	86.4	86.4	 782	high noise
 865	   0	88.5	88.5	 654	OK
 866	4000	84.1	84.1	 778	high noise
 867	4000	86.8	86.8	 777	high noise
 868	4000	83.3	83.3	 740	high noise
 869	4000	84.0	84.0	 743	high noise
 870	4000	78.0	78.0	 744	high noise
 871	   0	83.4	83.4	 639	OK
 872	   0	81.9	81.9	 679	OK
 873	   0	84.3	84.3	 653	OK
 874	   0	78.3	78.3	 676	OK
 875	   0	77.5	77.5	 643	OK
 876	   0	82.7	82.7	 707	OK
 877	   0	79.4	79.4	 609	OK
 878	   0	86.8	86.8	 550	OK
 879	1000	83.2	83.2	 523	unbonded
 880	   0	78.1	78.1	 600	OK
 881	   0	83.4	83.4	 637	OK
 882	   0	87.8	87.8	 638	OK
 883	   0	73.8	73.8	 595	OK
 884	   0	82.3	82.3	 701	OK
 885	   0	87.5	87.5	 663	OK
 886	   0	89.5	89.5	 611	OK
 887	   0	84.7	84.7	 643	OK
 888	   0	86.9	86.9	 638	OK
 889	   0	80.4	80.4	 623	OK
 890	1000	81.7	81.7	 525	unbonded
 891	4000	75.1	75.1	 803	high noise
 892	   0	85.6	85.6	 663	OK
 893	   0	87.2	87.2	 663	OK
 894	1000	73.2	73.2	 518	unbonded
 895	1000	85.7	85.7	 522	unbonded
 896	   0	86.3	86.3	 679	OK
 897	1000	90.8	90.8	 483	unbonded
 898	1000	91.5	91.5	 461	unbonded
 899	   0	84.5	84.5	 622	OK
 900	   0	84.9	84.9	 623	OK
 901	   0	81.9	81.9	 596	OK
 902	   0	80.5	80.5	 590	OK
 903	   0	90.3	90.3	 641	OK
 904	1000	84.3	84.3	 515	unbonded
 905	   0	84.0	84.0	 654	OK
 906	   0	81.9	81.9	 572	OK
 907	   0	82.6	82.6	 574	OK
 908	1000	86.0	86.0	 529	unbonded
 909	   0	83.6	83.6	 545	OK
 910	4000	85.0	85.0	 745	high noise
 911	   0	84.3	84.3	 575	OK
 912	1000	81.2	81.2	 485	unbonded
 913	1000	84.9	84.9	 519	unbonded
 914	4000	94.5	94.5	 751	high noise
 915	1000	84.7	84.7	 524	unbonded
 916	4000	81.3	81.3	 702	high noise
 917	4000	80.3	80.3	 767	high noise
 918	1000	81.6	81.6	 394	unbonded
 919	   0	81.4	81.4	 608	OK
 920	   0	83.8	83.8	 642	OK
 921	1000	79.5	79.5	 438	unbonded
 922	   0	83.0	83.0	 581	OK
 923	   0	86.0	86.0	 652	OK
 924	   0	90.9	90.9	 567	OK
 925	   0	79.5	79.5	 553	OK
 926	   0	80.3	80.3	 599	OK
 927	   0	87.8	87.8	 547	OK
 928	   0	86.8	86.8	 641	OK
 929	   0	78.6	78.6	 614	OK
 930	   0	80.8	80.8	 679	OK
 931	   0	77.9	77.9	 669	OK
 932	   0	86.7	86.7	 568	OK
 933	1000	87.3	87.3	 511	unbonded
 934	   0	84.1	84.1	 633	OK
 935	1000	86.7	86.7	 500	unbonded
 936	   0	88.7	88.7	 573	OK
 937	   0	84.2	84.2	 674	OK
 938	4000	85.1	85.1	 704	high noise
 939	   0	83.5	83.5	 644	OK
 940	   0	86.9	86.9	 577	OK
 941	   0	85.8	85.8	 629	OK
 942	   0	80.9	80.9	 627	OK
 943	4000	83.0	83.0	 742	high noise
 944	   0	95.4	95.4	 586	OK
 945	   0	88.6	88.6	 612	OK
 946	   0	84.8	84.8	 567	OK
 947	1000	87.6	87.6	 530	unbonded
 948	   0	90.6	90.6	 625	OK
 949	   0	84.6	84.6	 552	OK
 950	   0	86.2	86.2	 628	OK
 951	   0	79.3	79.3	 613	OK
 952	   0	86.3	86.3	 683	OK
 953	1000	97.3	97.3	 524	unbonded
 954	4000	95.4	95.4	 727	high noise
 955	   0	80.6	80.6	 650	OK
 956	   0	89.7	89.7	 576	OK
 957	   0	83.2	83.2	 569	OK
 958	   0	90.6	90.6	 574	OK
 959	4000	86.4	86.4	 701	high noise
 960	   0	79.2	79.2	 653	OK
 961	4000	86.2	86.2	 749	high noise
 962	   0	87.0	87.0	 563	OK
 963	1000	92.4	92.4	 506	unbonded
 964	1000	90.1	90.1	 496	unbonded
 965	   0	80.7	80.7	 603	OK
 966	1000	85.6	85.6	 510	unbonded
 967	   0	93.9	93.9	 595	OK
 968	1000	87.1	87.1	 533	unbonded
 969	4000	87.9	87.9	 787	high noise
 970	   0	87.2	87.2	 605	OK
 971	   0	90.4	90.4	 606	OK
 972	   0	85.6	85.6	 602	OK
 973	   0	83.9	83.9	 661	OK
 974	   0	87.3	87.3	 592	OK
 975	   0	83.5	83.5	 655	OK
 976	   0	82.5	82.5	 593	OK
 977	   0	95.1	95.1	 624	OK
 978	   0	83.4	83.4	 603	OK
 979	1000	87.1	87.1	 538	unbonded
 980	   0	90.6	90.6	 571	OK
 981	1000	88.5	88.5	 425	unbonded
 982	   0	82.4	82.4	 556	OK
 983	   0	84.8	84.8	 641	OK
 984	   0	82.7	82.7	 641	OK
 985	   0	85.9	85.9	 593	OK
 986	   0	79.9	79.9	 682	OK
 987	   0	88.2	88.2	 648	OK
 988	   0	84.0	84.0	 659	OK
 989	4000	86.8	86.8	 710	high noise
 990	   0	78.6	78.6	 585	OK
 991	   0	79.6	79.6	 620	OK
 992	   0	82.6	82.6	 658	OK
 993	   0	88.9	88.9	 683	OK
 994	   0	90.0	90.0	 574	OK
 995	   0	80.6	80.6	 545	OK
 996	1000	86.6	86.6	 540	unbonded
 997	   0	88.3	88.3	 570	OK
 998	   0	82.0	82.0	 619	OK
 999	   0	86.6	86.6	 592	OK
1000	   0	86.8	86.8	 568	OK
1001	   0	81.9	81.9	 629	OK
1002	   0	85.7	85.7	 659	OK
1003	1000	83.7	83.7	 515	unbonded
1004	4000	78.7	78.7	 716	high noise
1005	   0	86.7	86.7	 613	OK
1006	1000	85.7	85.7	 473	unbonded
1007	1000	86.1	86.1	 469	unbonded
1008	   0	83.5	83.5	 646	OK
1009	   0	80.5	80.5	 585	OK
1010	   0	85.5	85.5	 691	OK
1011	   0	80.9	80.9	 573	OK
1012	1000	79.9	79.9	 501	unbonded
1013	   0	78.4	78.4	 643	OK
1014	   0	89.6	89.6	 550	OK
1015	4000	76.8	76.8	 733	high noise
1016	1000	82.3	82.3	 532	unbonded
1017	   0	93.8	93.8	 582	OK
1018	   0	79.9	79.9	 586	OK
1019	   0	84.8	84.8	 683	OK
1020	   0	77.6	77.6	 629	OK
1021	   0	86.3	86.3	 609	OK
1022	   0	79.1	79.1	 571	OK
1023	   0	86.9	86.9	 615	OK
1024	   0	77.7	77.7	 624	OK
1025	   0	80.8	80.8	 667	OK
1026	   0	77.9	77.9	 638	OK
1027	   0	76.3	76.3	 680	OK
1028	   0	71.7	71.7	 688	OK
1029	   0	76.3	76.3	 692	OK
1030	   0	80.4	80.4	 687	OK
1031	   0	78.9	78.9	 626	OK
1032	   0	83.8	83.8	 607	OK
1033	   0	79.1	79.1	 636	OK
1034	1000	78.0	78.0	 534	unbonded
1035	   0	78.7	78.7	 699	OK
1036	   0	79.6	79.6	 638	OK
1037	   0	77.5	77.5	 719	OK
1038	   0	73.3	73.3	 709	OK
1039	4000	77.5	77.5	 816	high noise
1040	   0	81.7	81.7	 729	OK
1041	   0	72.8	72.8	 691	OK
1042	   0	86.5	86.5	 617	OK
1043	   0	79.8	79.8	 718	OK
1044	   0	80.8	80.8	 756	OK
1045	   0	79.7	79.7	 622	OK
1046	   0	76.0	76.0	 614	OK
1047	   0	77.2	77.2	 550	OK
1048	   0	74.4	74.4	 600	OK
1049	   0	70.5	70.5	 627	OK
1050	   0	79.0	79.0	 730	OK
1051	   0	77.3	77.3	 578	OK
1052	4000	80.8	80.8	 822	high noise
1053	   0	76.8	76.8	 735	OK
1054	   0	83.0	83.0	 649	OK
1055	   0	81.0	81.0	 693	OK
1056	   0	77.1	77.1	 662	OK
1057	   0	72.7	72.7	 749	OK
1058	   0	87.9	87.9	 600	OK
1059	   0	84.4	84.4	 721	OK
1060	   0	81.3	81.3	 678	OK
1061	   0	76.3	76.3	 684	OK
1062	1000	84.5	84.5	 494	unbonded
1063	1000	73.5	73.5	 526	unbonded
1064	4000	74.9	74.9	 795	high noise
1065	   0	77.5	77.5	 692	OK
1066	   0	79.2	79.2	 586	OK
1067	   0	82.2	82.2	 683	OK
1068	   0	77.6	77.6	 713	OK
1069	   0	76.7	76.7	 639	OK
1070	   0	77.2	77.2	 718	OK
1071	   0	76.0	76.0	 666	OK
1072	   0	76.6	76.6	 668	OK
1073	   0	83.0	83.0	 677	OK
1074	   0	80.4	80.4	 581	OK
1075	4000	76.7	76.7	 834	high noise
1076	   0	72.7	72.7	 727	OK
1077	   0	87.1	87.1	 654	OK
1078	   0	76.9	76.9	 732	OK
1079	   0	76.5	76.5	 657	OK
1080	   0	81.6	81.6	 671	OK
1081	   0	87.1	87.1	 618	OK
1082	4000	79.4	79.4	 806	high noise
1083	   0	84.1	84.1	 619	OK
1084	   0	75.8	75.8	 715	OK
1085	4000	76.2	76.2	 802	high noise
1086	   0	80.4	80.4	 572	OK
1087	   0	73.5	73.5	 731	OK
1088	   0	80.7	80.7	 754	OK
1089	   0	75.0	75.0	 653	OK
1090	   0	80.8	80.8	 720	OK
1091	1000	83.3	83.3	 536	unbonded
1092	   0	74.7	74.7	 771	OK
1093	   0	81.9	81.9	 697	OK
1094	   0	81.6	81.6	 646	OK
1095	   0	78.2	78.2	 625	OK
1096	   0	78.2	78.2	 652	OK
1097	   0	76.5	76.5	 678	OK
1098	   0	86.6	86.6	 624	OK
1099	   0	80.4	80.4	 660	OK
1100	4000	78.3	78.3	 781	high noise
1101	   0	81.4	81.4	 730	OK
1102	   0	80.4	80.4	 699	OK
1103	   0	71.6	71.6	 605	OK
1104	   0	75.0	75.0	 673	OK
1105	   0	79.2	79.2	 744	OK
1106	   0	85.6	85.6	 660	OK
1107	   0	80.2	80.2	 742	OK
1108	4000	82.5	82.5	 788	high noise
1109	   0	80.5	80.5	 651	OK
1110	   0	83.3	83.3	 567	OK
1111	   0	77.2	77.2	 670	OK
1112	   0	77.9	77.9	 610	OK
1113	   0	81.0	81.0	 678	OK
1114	1000	79.5	79.5	 452	unbonded
1115	   0	73.9	73.9	 724	OK
1116	   0	79.6	79.6	 704	OK
1117	   0	75.3	75.3	 550	OK
1118	1000	77.4	77.4	 535	unbonded
1119	   0	84.1	84.1	 770	OK
1120	   0	74.4	74.4	 771	OK
1121	   0	79.7	79.7	 606	OK
1122	   0	72.4	72.4	 760	OK
1123	   0	78.3	78.3	 667	OK
1124	   0	82.2	82.2	 547	OK
1125	   0	74.1	74.1	 744	OK
1126	   0	80.1	80.1	 627	OK
1127	   0	81.5	81.5	 641	OK
1128	   0	73.2	73.2	 700	OK
1129	   0	70.0	70.0	 742	OK
1130	   0	78.9	78.9	 698	OK
1131	   0	71.0	71.0	 635	OK
1132	   0	74.4	74.4	 667	OK
1133	4000	79.3	79.3	 789	high noise
1134	   0	74.7	74.7	 707	OK
1135	4000	71.5	71.5	 781	high noise
1136	   0	84.2	84.2	 665	OK
1137	   0	72.5	72.5	 744	OK
1138	   0	74.0	74.0	 599	OK
1139	   0	85.3	85.3	 598	OK
1140	   0	73.8	73.8	 610	OK
1141	   0	72.4	72.4	 638	OK
1142	   0	73.8	73.8	 767	OK
1143	4000	71.4	71.4	 822	high noise
1144	1000	79.7	79.7	 504	unbonded
1145	   0	78.9	78.9	 628	OK
1146	   0	74.7	74.7	 619	OK
1147	   0	73.4	73.4	 697	OK
1148	   0	72.7	72.7	 670	OK
1149	   0	79.5	79.5	 739	OK
1150	   0	81.5	81.5	 733	OK
1151	4000	74.2	74.2	 793	high noise
1152	   0	76.5	76.5	 627	OK
1153	   0	90.1	90.1	 588	OK
1154	   0	89.2	89.2	 609	OK
1155	1000	92.2	92.2	 512	unbonded
1156	   0	88.3	88.3	 622	OK
1157	   0	89.9	89.9	 618	OK
1158	   0	87.1	87.1	 612	OK
1159	   0	91.2	91.2	 559	OK
1160	   0	83.6	83.6	 588	OK
1161	1000	85.6	85.6	 526	unbonded
1162	1000	90.0	90.0	 504	unbonded
1163	1000	89.3	89.3	 515	unbonded
1164	4000	85.5	85.5	 676	high noise
1165	1000	90.1	90.1	 488	unbonded
1166	1000	91.9	91.9	 534	unbonded
1167	   0	90.5	90.5	 628	OK
1168	   0	92.4	92.4	 587	OK
1169	4000	85.8	85.8	 665	high noise
1170	1000	81.2	81.2	 531	unbonded
1171	1000	90.4	90.4	 518	unbonded
1172	   0	80.0	80.0	 591	OK
1173	1000	87.8	87.8	 467	unbonded
1174	1000	86.1	86.1	 527	unbonded
1175	4000	84.2	84.2	 729	high noise
1176	   0	85.9	85.9	 556	OK
1177	1000	86.8	86.8	 495	unbonded
1178	   0	93.2	93.2	 582	OK
1179	   0	92.3	92.3	 557	OK
1180	1000	88.3	88.3	 397	unbonded
1181	1000	90.6	90.6	 469	unbonded
1182	4000	87.1	87.1	 655	high noise
1183	   0	87.8	87.8	 543	OK
1184	4000	87.2	87.2	 647	high noise
1185	4000	97.3	97.3	 668	high noise
1186	   0	94.5	94.5	 571	OK
1187	   0	82.1	82.1	 608	OK
1188	1000	78.7	78.7	 482	unbonded
1189	   0	94.3	94.3	 600	OK
1190	   0	92.6	92.6	 559	OK
1191	   0	88.1	88.1	 586	OK
1192	1000	82.1	82.1	 522	unbonded
1193	   0	90.3	90.3	 548	OK
1194	1000	93.2	93.2	 468	unbonded
1195	4000	90.7	90.7	 667	high noise
1196	1000	98.5	98.5	 473	unbonded
1197	4000	88.5	88.5	 666	high noise
1198	1000	91.2	91.2	 488	unbonded
1199	1000	86.0	86.0	 452	unbonded
1200	   0	91.6	91.6	 561	OK
1201	   0	87.4	87.4	 618	OK
1202	1000	90.9	90.9	 468	unbonded
1203	   0	86.1	86.1	 615	OK
1204	   0	85.8	85.8	 561	OK
1205	   0	90.5	90.5	 610	OK
1206	4000	91.5	91.5	 646	high noise
1207	   0	92.8	92.8	 618	OK
1208	1000	93.4	93.4	 407	unbonded
1209	   0	84.4	84.4	 628	OK
1210	1000	96.4	96.4	 494	unbonded
1211	   0	87.8	87.8	 558	OK
1212	1000	92.5	92.5	 518	unbonded
1213	1000	91.6	91.6	 533	unbonded
1214	   0	90.8	90.8	 547	OK
1215	   0	97.8	97.8	 582	OK
1216	1000	89.0	89.0	 504	unbonded
1217	   0	95.1	95.1	 583	OK
1218	1000	91.8	91.8	 483	unbonded
1219	   0	94.8	94.8	 543	OK
1220	   0	93.5	93.5	 573	OK
1221	4000	87.2	87.2	 711	high noise
1222	1000	85.4	85.4	 418	unbonded
1223	   0	93.7	93.7	 545	OK
1224	4000	92.0	92.0	 664	high noise
1225	   0	86.1	86.1	 561	OK
1226	4000	87.3	87.3	 657	high noise
1227	   0	88.2	88.2	 552	OK
1228	   0	92.5	92.5	 573	OK
1229	1000	89.7	89.7	 520	unbonded
1230	   0	84.5	84.5	 613	OK
1231	   0	91.7	91.7	 543	OK
1232	4000	84.6	84.6	 732	high noise
1233	   0	83.1	83.1	 554	OK
1234	   0	87.3	87.3	 547	OK
1235	1000	82.3	82.3	 479	unbonded
1236	1000	94.1	94.1	 480	unbonded
1237	   0	82.2	82.2	 585	OK
1238	   0	84.6	84.6	 566	OK
1239	   0	87.0	87.0	 566	OK
1240	4000	88.3	88.3	 731	high noise
1241	1000	89.6	89.6	 507	unbonded
1242	1000	85.8	85.8	 513	unbonded
1243	1000	83.8	83.8	 526	unbonded
1244	1000	82.5	82.5	 517	unbonded
1245	1000	93.0	93.0	 458	unbonded
1246	1000	90.6	90.6	 372	unbonded
1247	   0	84.7	84.7	 555	OK
1248	4000	93.0	93.0	 640	high noise
1249	1000	96.8	96.8	 487	unbonded
1250	   0	88.3	88.3	 575	OK
1251	1000	85.8	85.8	 477	unbonded
1252	1000	83.3	83.3	 502	unbonded
1253	1000	84.6	84.6	 477	unbonded
1254	1000	88.7	88.7	 445	unbonded
1255	   0	76.6	76.6	 606	OK
1256	   0	86.2	86.2	 604	OK
1257	   0	88.0	88.0	 597	OK
1258	   0	88.8	88.8	 580	OK
1259	   0	84.1	84.1	 635	OK
1260	1000	86.3	86.3	 397	unbonded
1261	4000	81.9	81.9	 703	high noise
1262	1000	88.4	88.4	 488	unbonded
1263	1000	86.9	86.9	 491	unbonded
1264	1000	95.3	95.3	 506	unbonded
1265	   0	86.8	86.8	 558	OK
1266	1000	92.0	92.0	 470	unbonded
1267	1000	87.6	87.6	 459	unbonded
1268	   0	81.5	81.5	 542	OK
1269	1000	90.5	90.5	 481	unbonded
1270	   0	81.2	81.2	 605	OK
1271	1000	90.0	90.0	 454	unbonded
1272	4000	90.0	90.0	 640	high noise
1273	1000	88.0	88.0	 500	unbonded
1274	1000	91.4	91.4	 496	unbonded
1275	1000	90.1	90.1	 456	unbonded
1276	1000	87.1	87.1	 499	unbonded
1277	   0	86.6	86.6	 570	OK
1278	1000	85.9	85.9	 539	unbonded
1279	4000	84.7	84.7	 652	high noise
1280	1000	88.8	88.8	 516	unbonded
1281	   0	88.9	88.9	 636	OK
1282	   0	84.6	84.6	 648	OK
1283	   0	87.1	87.1	 560	OK
1284	1000	92.1	92.1	 535	unbonded
1285	   0	83.3	83.3	 566	OK
1286	   0	88.7	88.7	 612	OK
1287	   0	86.4	86.4	 615	OK
1288	   0	82.8	82.8	 561	OK
1289	   0	87.4	87.4	 569	OK
1290	8000	83.3	83.3	 541	partbonded
1291	   0	90.3	90.3	 595	OK
1292	   0	82.6	82.6	 682	OK
1293	   0	87.1	87.1	 683	OK
1294	4000	79.2	79.2	 690	high noise
1295	   0	88.8	88.8	 584	OK
1296	   0	88.7	88.7	 561	OK
1297	   0	84.5	84.5	 612	OK
1298	4000	85.0	85.0	 688	high noise
1299	   0	76.5	76.5	 550	OK
1300	   0	87.9	87.9	 576	OK
1301	   0	88.1	88.1	 645	OK
1302	   0	82.6	82.6	 620	OK
1303	1000	95.0	95.0	 482	unbonded
1304	   0	86.0	86.0	 612	OK
1305	   0	87.4	87.4	 564	OK
1306	4000	91.0	91.0	 685	high noise
1307	   0	80.1	80.1	 659	OK
1308	   0	89.5	89.5	 566	OK
1309	   0	94.9	94.9	 571	OK
1310	1000	92.7	92.7	 498	unbonded
1311	1000	88.0	88.0	 519	unbonded
1312	1000	89.6	89.6	 523	unbonded
1313	1000	84.3	84.3	 442	unbonded
1314	   0	86.7	86.7	 583	OK
1315	4000	86.9	86.9	 689	high noise
1316	   0	92.2	92.2	 571	OK
1317	4000	84.3	84.3	 717	high noise
1318	   0	93.1	93.1	 607	OK
1319	   0	85.2	85.2	 630	OK
1320	   0	85.1	85.1	 619	OK
1321	   0	88.9	88.9	 591	OK
1322	   0	89.7	89.7	 582	OK
1323	4000	94.5	94.5	 731	high noise
1324	1000	88.6	88.6	 503	unbonded
1325	   0	87.3	87.3	 644	OK
1326	   0	88.3	88.3	 665	OK
1327	   0	88.0	88.0	 634	OK
1328	   0	81.8	81.8	 647	OK
1329	1000	83.0	83.0	 480	unbonded
1330	   0	84.7	84.7	 608	OK
1331	   0	93.3	93.3	 658	OK
1332	   0	83.4	83.4	 648	OK
1333	1000	82.9	82.9	 499	unbonded
1334	1000	96.1	96.1	 453	unbonded
1335	1000	91.1	91.1	 524	unbonded
1336	1000	88.9	88.9	 404	unbonded
1337	   0	84.8	84.8	 554	OK
1338	   0	91.0	91.0	 633	OK
1339	   0	85.5	85.5	 543	OK
1340	   0	82.2	82.2	 597	OK
1341	4000	82.0	82.0	 686	high noise
1342	   0	85.2	85.2	 554	OK
1343	   0	88.9	88.9	 552	OK
1344	   0	91.4	91.4	 616	OK
1345	   0	95.1	95.1	 606	OK
1346	   0	93.3	93.3	 658	OK
1347	1000	95.3	95.3	 521	unbonded
1348	1000	88.4	88.4	 494	unbonded
1349	1000	87.8	87.8	 486	unbonded
1350	   0	86.5	86.5	 550	OK
1351	   0	89.3	89.3	 596	OK
1352	   0	88.9	88.9	 595	OK
1353	1000	88.3	88.3	 535	unbonded
1354	1000	82.5	82.5	 488	unbonded
1355	4000	86.2	86.2	 742	high noise
1356	   0	84.1	84.1	 585	OK
1357	   0	85.7	85.7	 562	OK
1358	   0	81.9	81.9	 615	OK
1359	   0	94.4	94.4	 597	OK
1360	1000	88.6	88.6	 512	unbonded
1361	4000	85.1	85.1	 704	high noise
1362	1000	83.2	83.2	 481	unbonded
1363	   0	88.4	88.4	 603	OK
1364	4000	85.4	85.4	 713	high noise
1365	1000	98.6	98.6	 535	unbonded
1366	   0	86.3	86.3	 594	OK
1367	   0	76.4	76.4	 546	OK
1368	1000	88.0	88.0	 381	unbonded
1369	   0	85.1	85.1	 586	OK
1370	1000	87.0	87.0	 430	unbonded
1371	   0	82.0	82.0	 631	OK
1372	4000	85.6	85.6	 694	high noise
1373	   0	83.1	83.1	 554	OK
1374	   0	84.6	84.6	 594	OK
1375	   0	84.1	84.1	 592	OK
1376	1000	88.4	88.4	 473	unbonded
1377	   0	84.7	84.7	 565	OK
1378	4000	81.7	81.7	 709	high noise
1379	   0	77.3	77.3	 617	OK
1380	   0	83.0	83.0	 635	OK
1381	   0	83.6	83.6	 608	OK
1382	4000	99.8	99.8	 696	high noise
1383	1000	85.4	85.4	 450	unbonded
1384	   0	81.4	81.4	 659	OK
1385	4000	76.7	76.7	 746	high noise
1386	   0	89.6	89.6	 594	OK
1387	   0	91.7	91.7	 588	OK
1388	   0	86.8	86.8	 627	OK
1389	   0	88.3	88.3	 616	OK
1390	   0	89.5	89.5	 639	OK
1391	4000	80.1	80.1	 720	high noise
1392	   0	89.3	89.3	 645	OK
1393	   0	87.9	87.9	 604	OK
1394	   0	82.0	82.0	 629	OK
1395	   0	87.7	87.7	 624	OK
1396	   0	88.9	88.9	 662	OK
1397	4000	90.3	90.3	 762	high noise
1398	1000	84.2	84.2	 534	unbonded
1399	   0	97.1	97.1	 592	OK
1400	4000	78.8	78.8	 695	high noise
1401	   0	84.8	84.8	 610	OK
1402	   0	85.9	85.9	 596	OK
1403	   0	85.3	85.3	 670	OK
1404	   0	86.6	86.6	 612	OK
1405	4000	79.7	79.7	 699	high noise
1406	   0	83.5	83.5	 560	OK
1407	   0	87.9	87.9	 549	OK
1408	   0	77.3	77.3	 743	OK
1409	   0	76.5	76.5	 667	OK
1410	   0	80.1	80.1	 594	OK
1411	   0	84.1	84.1	 629	OK
1412	   0	81.0	81.0	 698	OK
1413	   0	81.3	81.3	 718	OK
1414	4000	74.0	74.0	 810	high noise
1415	   0	80.9	80.9	 759	OK
1416	   0	83.5	83.5	 741	OK
1417	   0	78.6	78.6	 554	OK
1418	   0	79.6	79.6	 656	OK
1419	   0	77.1	77.1	 701	OK
1420	   0	76.2	76.2	 686	OK
1421	   0	83.2	83.2	 594	OK
1422	   0	82.0	82.0	 680	OK
1423	   0	74.8	74.8	 628	OK
1424	   0	79.6	79.6	 602	OK
1425	   0	81.8	81.8	 655	OK
1426	   0	80.1	80.1	 618	OK
1427	   0	80.5	80.5	 632	OK
1428	4000	74.2	74.2	 833	high noise
1429	   0	82.2	82.2	 582	OK
1430	   0	75.6	75.6	 572	OK
1431	   0	73.0	73.0	 696	OK
1432	4000	82.1	82.1	 784	high noise
1433	   0	81.1	81.1	 699	OK
1434	   0	75.4	75.4	 622	OK
1435	   0	79.0	79.0	 680	OK
1436	   0	76.3	76.3	 600	OK
1437	   0	73.5	73.5	 591	OK
1438	   0	80.8	80.8	 581	OK
1439	   0	76.4	76.4	 616	OK
1440	   0	81.0	81.0	 622	OK
1441	   0	75.4	75.4	 678	OK
1442	   0	89.9	89.9	 653	OK
1443	   0	78.3	78.3	 622	OK
1444	   0	78.1	78.1	 544	OK
1445	   0	83.9	83.9	 684	OK
1446	   0	87.1	87.1	 662	OK
1447	4000	78.3	78.3	 787	high noise
1448	   0	74.6	74.6	 703	OK
1449	   0	85.9	85.9	 697	OK
1450	   0	81.3	81.3	 663	OK
1451	1000	77.4	77.4	 506	unbonded
1452	   0	84.3	84.3	 640	OK
1453	   0	75.7	75.7	 676	OK
1454	   0	83.1	83.1	 600	OK
1455	   0	78.3	78.3	 637	OK
1456	   0	82.1	82.1	 756	OK
1457	   0	76.9	76.9	 631	OK
1458	   0	81.0	81.0	 690	OK
1459	   0	78.9	78.9	 749	OK
1460	   0	80.9	80.9	 546	OK
1461	   0	76.1	76.1	 736	OK
1462	   0	77.4	77.4	 758	OK
1463	   0	75.0	75.0	 657	OK
1464	   0	83.8	83.8	 598	OK
1465	1000	77.9	77.9	 513	unbonded
1466	   0	77.4	77.4	 606	OK
1467	   0	79.2	79.2	 656	OK
1468	   0	78.6	78.6	 706	OK
1469	4000	81.8	81.8	 878	high noise
1470	   0	75.7	75.7	 653	OK
1471	   0	77.6	77.6	 596	OK
1472	   0	75.6	75.6	 721	OK
1473	   0	82.9	82.9	 630	OK
1474	   0	80.5	80.5	 710	OK
1475	   0	85.1	85.1	 617	OK
1476	   0	82.7	82.7	 640	OK
1477	   0	80.9	80.9	 730	OK
1478	   0	84.1	84.1	 753	OK
1479	4000	82.0	82.0	 766	high noise
1480	1000	79.2	79.2	 429	unbonded
1481	   0	79.7	79.7	 643	OK
1482	   0	75.5	75.5	 662	OK
1483	   0	82.6	82.6	 559	OK
1484	   0	86.8	86.8	 723	OK
1485	   0	88.4	88.4	 756	OK
1486	   0	82.8	82.8	 681	OK
1487	4000	72.7	72.7	 813	high noise
1488	   0	76.4	76.4	 641	OK
1489	1000	83.7	83.7	 512	unbonded
1490	   0	79.3	79.3	 695	OK
1491	   0	77.8	77.8	 633	OK
1492	   0	85.5	85.5	 677	OK
1493	   0	74.4	74.4	 755	OK
1494	   0	76.0	76.0	 588	OK
1495	   0	77.4	77.4	 714	OK
1496	   0	74.7	74.7	 640	OK
1497	   0	77.1	77.1	 597	OK
1498	   0	70.7	70.7	 560	OK
1499	   0	76.2	76.2	 576	OK
1500	   0	78.1	78.1	 696	OK
1501	   0	79.5	79.5	 707	OK
1502	4000	76.7	76.7	 792	high noise
1503	   0	79.3	79.3	 672	OK
1504	   0	81.4	81.4	 653	OK
1505	   0	75.8	75.8	 674	OK
1506	   0	86.4	86.4	 679	OK
1507	   0	80.5	80.5	 623	OK
1508	   0	79.3	79.3	 689	OK
1509	   0	77.2	77.2	 632	OK
1510	   0	81.5	81.5	 618	OK
1511	   0	76.9	76.9	 635	OK
1512	   0	79.5	79.5	 660	OK
1513	   0	76.9	76.9	 653	OK
1514	   0	84.8	84.8	 673	OK
1515	   0	76.3	76.3	 703	OK
1516	   0	74.7	74.7	 571	OK
1517	   0	77.3	77.3	 551	OK
1518	   0	85.1	85.1	 614	OK
1519	   0	76.0	76.0	 574	OK
1520	   0	82.6	82.6	 695	OK
1521	   0	81.2	81.2	 741	OK
1522	   0	81.3	81.3	 603	OK
1523	   0	76.0	76.0	 661	OK
1524	   0	79.0	79.0	 692	OK
1525	   0	78.7	78.7	 593	OK
1526	   0	74.0	74.0	 643	OK
1527	   0	81.8	81.8	 595	OK
1528	   0	75.9	75.9	 687	OK
1529	   0	76.1	76.1	 659	OK
1530	4000	77.8	77.8	 768	high noise
1531	   0	74.0	74.0	 568	OK
1532	   0	85.7	85.7	 561	OK
1533	4000	74.8	74.8	 814	high noise
1534	   0	76.8	76.8	 586	OK
1535	4000	76.6	76.6	 783	high noise
1536	   0	70.5	70.5	 661	OK
1537	   0	78.6	78.6	 608	OK
1538	   0	84.4	84.4	 579	OK
1539	   0	83.3	83.3	 660	OK
1540	4000	76.5	76.5	 723	high noise
1541	   0	77.9	77.9	 644	OK
1542	   0	79.2	79.2	 543	OK
1543	1000	80.1	80.1	 518	unbonded
1544	1000	86.1	86.1	 438	unbonded
1545	   0	85.1	85.1	 670	OK
1546	   0	75.8	75.8	 644	OK
1547	   0	84.7	84.7	 693	OK
1548	   0	85.9	85.9	 639	OK
1549	   0	77.7	77.7	 640	OK
1550	   0	73.9	73.9	 551	OK
1551	   0	86.0	86.0	 711	OK
1552	4000	84.6	84.6	 775	high noise
1553	   0	79.0	79.0	 643	OK
1554	   0	83.6	83.6	 637	OK
1555	   0	79.7	79.7	 683	OK
1556	   0	84.8	84.8	 583	OK
1557	   0	81.1	81.1	 656	OK
1558	   0	83.3	83.3	 621	OK
1559	   0	78.3	78.3	 672	OK
1560	   0	82.9	82.9	 637	OK
1561	   0	75.6	75.6	 654	OK
1562	   0	77.1	77.1	 548	OK
1563	   0	87.7	87.7	 579	OK
1564	   0	86.8	86.8	 668	OK
1565	   0	84.8	84.8	 700	OK
1566	1000	79.2	79.2	 524	unbonded
1567	4000	75.3	75.3	 745	high noise
1568	   0	81.9	81.9	 590	OK
1569	4000	80.0	80.0	 747	high noise
1570	   0	80.4	80.4	 634	OK
1571	1000	81.1	81.1	 507	unbonded
1572	   0	83.5	83.5	 633	OK
1573	1000	81.5	81.5	 500	unbonded
1574	   0	84.8	84.8	 650	OK
1575	   0	74.7	74.7	 646	OK
1576	   0	83.1	83.1	 647	OK
1577	   0	82.3	82.3	 578	OK
1578	   0	76.5	76.5	 675	OK
1579	   0	79.9	79.9	 666	OK
1580	   0	75.6	75.6	 692	OK
1581	   0	76.4	76.4	 566	OK
1582	   0	78.7	78.7	 671	OK
1583	4000	84.4	84.4	 744	high noise
1584	   0	79.1	79.1	 571	OK
1585	   0	80.7	80.7	 685	OK
1586	   0	89.8	89.8	 564	OK
1587	   0	75.1	75.1	 573	OK
1588	   0	78.8	78.8	 648	OK
1589	   0	84.6	84.6	 633	OK
1590	   0	91.7	91.7	 553	OK
1591	   0	81.8	81.8	 605	OK
1592	   0	81.7	81.7	 558	OK
1593	   0	79.5	79.5	 647	OK
1594	   0	81.3	81.3	 663	OK
1595	   0	88.1	88.1	 647	OK
1596	   0	79.7	79.7	 610	OK
1597	   0	78.1	78.1	 626	OK
1598	   0	84.7	84.7	 561	OK
1599	   0	84.3	84.3	 568	OK
1600	   0	75.0	75.0	 630	OK
1601	   0	77.5	77.5	 589	OK
1602	4000	76.6	76.6	 795	high noise
1603	   0	86.3	86.3	 656	OK
1604	   0	80.8	80.8	 613	OK
1605	   0	81.9	81.9	 645	OK
1606	   0	76.1	76.1	 687	OK
1607	4000	75.4	75.4	 754	high noise
1608	   0	83.7	83.7	 607	OK
1609	1000	74.9	74.9	 514	unbonded
1610	   0	79.8	79.8	 713	OK
1611	1000	80.8	80.8	 475	unbonded
1612	   0	80.8	80.8	 612	OK
1613	4000	76.1	76.1	 804	high noise
1614	   0	76.6	76.6	 682	OK
1615	   0	82.4	82.4	 678	OK
1616	   0	80.1	80.1	 696	OK
1617	   0	78.9	78.9	 630	OK
1618	1000	81.2	81.2	 472	unbonded
1619	   0	83.4	83.4	 700	OK
1620	1000	81.7	81.7	 393	unbonded
1621	   0	73.8	73.8	 563	OK
1622	   0	85.7	85.7	 549	OK
1623	   0	82.5	82.5	 560	OK
1624	   0	81.3	81.3	 670	OK
1625	1000	83.7	83.7	 491	unbonded
1626	   0	73.4	73.4	 609	OK
1627	   0	78.1	78.1	 589	OK
1628	   0	82.2	82.2	 599	OK
1629	   0	84.5	84.5	 546	OK
1630	   0	77.0	77.0	 670	OK
1631	   0	80.3	80.3	 652	OK
1632	   0	81.4	81.4	 587	OK
1633	   0	81.7	81.7	 629	OK
1634	   0	76.7	76.7	 651	OK
1635	   0	80.3	80.3	 684	OK
1636	   0	81.4	81.4	 614	OK
1637	   0	79.0	79.0	 566	OK
1638	4000	76.7	76.7	 745	high noise
1639	   0	80.4	80.4	 587	OK
1640	   0	73.0	73.0	 613	OK
1641	   0	88.0	88.0	 644	OK
1642	   0	80.4	80.4	 586	OK
1643	   0	75.9	75.9	 633	OK
1644	   0	81.2	81.2	 585	OK
1645	   0	73.0	73.0	 678	OK
1646	   0	78.6	78.6	 682	OK
1647	1000	76.6	76.6	 459	unbonded
1648	   0	78.3	78.3	 717	OK
1649	   0	86.0	86.0	 627	OK
1650	   0	75.8	75.8	 642	OK
1651	   0	76.5	76.5	 692	OK
1652	   0	76.3	76.3	 711	OK
1653	   0	74.4	74.4	 649	OK
1654	1000	77.6	77.6	 500	unbonded
1655	1000	70.4	70.4	 433	unbonded
1656	   0	77.7	77.7	 636	OK
1657	   0	73.4	73.4	 702	OK
1658	   0	81.7	81.7	 719	OK
1659	   0	76.3	76.3	 711	OK
1660	1000	77.3	77.3	 503	unbonded
1661	   0	82.1	82.1	 601	OK
1662	   0	79.5	79.5	 645	OK
1663	   0	77.8	77.8	 680	OK
1664	4000	83.3	83.3	 668	high noise
1665	   0	85.9	85.9	 565	OK
1666	1000	91.4	91.4	 470	unbonded
1667	1000	86.0	86.0	 508	unbonded
1668	   0	85.0	85.0	 606	OK
1669	   0	86.6	86.6	 630	OK
1670	   0	87.0	87.0	 603	OK
1671	1000	94.7	94.7	 511	unbonded
1672	   0	91.8	91.8	 591	OK
1673	   0	86.5	86.5	 586	OK
1674	   0	91.3	91.3	 622	OK
1675	   0	83.3	83.3	 546	OK
1676	4000	86.2	86.2	 671	high noise
1677	   0	85.9	85.9	 586	OK
1678	1000	88.3	88.3	 507	unbonded
1679	   0	87.0	87.0	 573	OK
1680	   0	86.9	86.9	 561	OK
1681	   0	86.5	86.5	 573	OK
1682	   0	79.2	79.2	 571	OK
1683	   0	85.5	85.5	 600	OK
1684	1000	86.4	86.4	 493	unbonded
1685	   0	90.5	90.5	 566	OK
1686	4000	84.7	84.7	 719	high noise
1687	4000	84.9	84.9	 685	high noise
1688	1000	90.2	90.2	 505	unbonded
1689	1000	94.9	94.9	 487	unbonded
1690	1000	89.1	89.1	 495	unbonded
1691	1000	94.6	94.6	 534	unbonded
1692	   0	95.7	95.7	 549	OK
1693	1000	96.9	96.9	 514	unbonded
1694	   0	89.3	89.3	 569	OK
1695	   0	90.7	90.7	 647	OK
1696	   0	86.9	86.9	 574	OK
1697	   0	93.5	93.5	 623	OK
1698	1000	88.9	88.9	 513	unbonded
1699	4000	87.8	87.8	 685	high noise
1700	1000	90.5	90.5	 483	unbonded
1701	   0	89.1	89.1	 625	OK
1702	   0	89.8	89.8	 590	OK
1703	1000	90.6	90.6	 493	unbonded
1704	   0	86.6	86.6	 619	OK
1705	   0	96.7	96.7	 580	OK
1706	   0	90.6	90.6	 628	OK
1707	1000	94.7	94.7	 504	unbonded
1708	   0	89.9	89.9	 592	OK
1709	   0	91.2	91.2	 550	OK
1710	   0	90.3	90.3	 551	OK
1711	4000	86.7	86.7	 660	high noise
1712	   0	95.7	95.7	 544	OK
1713	4000	85.5	85.5	 659	high noise
1714	   0	92.1	92.1	 614	OK
1715	   0	87.2	87.2	 547	OK
1716	1000	99.3	99.3	 528	unbonded
1717	4000	93.3	93.3	 709	high noise
1718	1000	86.8	86.8	 534	unbonded
1719	   0	92.4	92.4	 581	OK
1720	4000	85.0	85.0	 668	high noise
1721	1000	96.8	96.8	 419	unbonded
1722	   0	91.3	91.3	 574	OK
1723	   0	88.5	88.5	 560	OK
1724	   0	90.5	90.5	 578	OK
1725	   0	95.3	95.3	 564	OK
1726	   0	85.7	85.7	 559	OK
1727	1000	97.4	97.4	 521	unbonded
1728	   0	89.4	89.4	 609	OK
1729	   0	87.2	87.2	 617	OK
1730	   0	91.5	91.5	 542	OK
1731	   0	87.9	87.9	 555	OK
1732	   0	96.4	96.4	 557	OK
1733	1000	91.7	91.7	 532	unbonded
1734	   0	89.6	89.6	 609	OK
1735	   0	83.8	83.8	 578	OK
1736	   0	84.2	84.2	 572	OK
1737	1000	92.2	92.2	 535	unbonded
1738	1000	90.3	90.3	 465	unbonded
1739	1000	89.9	89.9	 493	unbonded
1740	4000	84.6	84.6	 669	high noise
1741	1000	85.4	85.4	 521	unbonded
1742	   0	89.2	89.2	 548	OK
1743	1000	93.2	93.2	 522	unbonded
1744	1000	93.2	93.2	 490	unbonded
1745	   0	83.8	83.8	 566	OK
1746	1000	84.3	84.3	 509	unbonded
1747	   0	89.1	89.1	 544	OK
1748	1000	92.6	92.6	 510	unbonded
1749	   0	90.5	90.5	 543	OK
1750	   0	79.1	79.1	 639	OK
1751	   0	90.1	90.1	 573	OK
1752	   0	93.5	93.5	 562	OK
1753	   0	92.1	92.1	 552	OK
1754	   0	91.1	91.1	 605	OK
1755	4000	80.5	80.5	 670	high noise
1756	   0	86.2	86.2	 570	OK
1757	   0	87.9	87.9	 557	OK
1758	4000	88.8	88.8	 672	high noise
1759	1000	95.2	95.2	 498	unbonded
1760	   0	90.3	90.3	 601	OK
1761	   0	92.9	92.9	 587	OK
1762	1000	89.8	89.8	 529	unbonded
1763	4000	88.0	88.0	 655	high noise
1764	   0	80.9	80.9	 602	OK
1765	   0	89.0	89.0	 624	OK
1766	1000	98.2	98.2	 491	unbonded
1767	1000	84.5	84.5	 536	unbonded
1768	1000	85.4	85.4	 463	unbonded
1769	   0	88.0	88.0	 594	OK
1770	1000	83.9	83.9	 522	unbonded
1771	   0	85.7	85.7	 586	OK
1772	   0	87.6	87.6	 593	OK
1773	8000	90.0	90.0	 540	partbonded
1774	   0	88.6	88.6	 636	OK
1775	1000	90.1	90.1	 434	unbonded
1776	   0	92.0	92.0	 553	OK
1777	1000	84.7	84.7	 379	unbonded
1778	8000	88.2	88.2	 541	partbonded
1779	   0	85.3	85.3	 559	OK
1780	1000	75.9	75.9	 509	unbonded
1781	   0	86.9	86.9	 541	OK
1782	4000	74.6	74.6	 732	high noise
1783	1000	91.4	91.4	 378	unbonded
1784	4000	87.2	87.2	 657	high noise
1785	1000	94.0	94.0	 375	unbonded
1786	   0	90.6	90.6	 575	OK
1787	4000	81.0	81.0	 717	high noise
1788	   0	90.9	90.9	 566	OK
1789	4000	92.2	92.2	 694	high noise
1790	1000	92.8	92.8	 437	unbonded
1791	1000	86.9	86.9	 512	unbonded
1792	4000	86.1	86.1	 658	high noise
1793	4000	86.0	86.0	 661	high noise
1794	   0	94.6	94.6	 615	OK
1795	   0	92.5	92.5	 543	OK
1796	1000	91.1	91.1	 507	unbonded
1797	1000	84.0	84.0	 381	unbonded
1798	   0	97.1	97.1	 604	OK
1799	1000	93.9	93.9	 496	unbonded
1800	1000	95.3	95.3	 484	unbonded
1801	1000	98.7	98.7	 525	unbonded
1802	   0	87.3	87.3	 563	OK
1803	1000	91.1	91.1	 480	unbonded
1804	   0	89.7	89.7	 570	OK
1805	   0	94.8	94.8	 555	OK
1806	   0	86.1	86.1	 650	OK
1807	   0	85.3	85.3	 642	OK
1808	   0	82.9	82.9	 570	OK
1809	1000	93.8	93.8	 512	unbonded
1810	   0	79.2	79.2	 571	OK
1811	   0	83.5	83.5	 607	OK
1812	   0	90.0	90.0	 550	OK
1813	   0	90.5	90.5	 544	OK
1814	1000	98.0	98.0	 488	unbonded
1815	   0	94.7	94.7	 562	OK
1816	   0	82.3	82.3	 624	OK
1817	   0	89.0	89.0	 578	OK
1818	4000	85.7	85.7	 711	high noise
1819	   0	80.2	80.2	 548	OK
1820	   0	92.5	92.5	 574	OK
1821	1000	95.5	95.5	 427	unbonded
1822	4000	91.4	91.4	 659	high noise
1823	4000	80.8	80.8	 731	high noise
1824	   0	91.3	91.3	 593	OK
1825	1000	87.8	87.8	 422	unbonded
1826	1000	93.4	93.4	 532	unbonded
1827	4000	96.5	96.5	 657	high noise
1828	   0	88.3	88.3	 603	OK
1829	   0	89.1	89.1	 565	OK
1830	   0	85.0	85.0	 581	OK
1831	1000	90.2	90.2	 533	unbonded
1832	   0	88.2	88.2	 561	OK
1833	1000	90.7	90.7	 497	unbonded
1834	   0	86.2	86.2	 577	OK
1835	   0	88.9	88.9	 596	OK
1836	   0	87.3	87.3	 636	OK
1837	   0	83.3	83.3	 637	OK
1838	   0	90.9	90.9	 542	OK
1839	   0	90.0	90.0	 610	OK
1840	   0	93.2	93.2	 549	OK
1841	   0	90.1	90.1	 607	OK
1842	1000	84.9	84.9	 469	unbonded
1843	   0	90.4	90.4	 575	OK
1844	1000	80.3	80.3	 468	unbonded
1845	   0	97.3	97.3	 575	OK
1846	   0	84.9	84.9	 636	OK
1847	4000	89.8	89.8	 702	high noise
1848	1000	90.8	90.8	 489	unbonded
1849	   0	94.3	94.3	 570	OK
1850	   0	90.5	90.5	 596	OK
1851	1000	95.0	95.0	 506	unbonded
1852	1000	92.3	92.3	 529	unbonded
1853	   0	92.9	92.9	 586	OK
1854	   0	86.0	86.0	 647	OK
1855	   0	92.9	92.9	 549	OK
1856	1000	99.5	99.5	 469	unbonded
1857	1000	86.8	86.8	 466	unbonded
1858	1000	87.2	87.2	 535	unbonded
1859	1000	88.2	88.2	 537	unbonded
1860	   0	91.5	91.5	 623	OK
1861	   0	88.4	88.4	 617	OK
1862	   0	89.1	89.1	 563	OK
1863	   0	88.0	88.0	 634	OK
1864	   0	88.1	88.1	 605	OK
1865	1000	94.3	94.3	 426	unbonded
1866	   0	97.3	97.3	 573	OK
1867	   0	95.5	95.5	 564	OK
1868	1000	88.3	88.3	 441	unbonded
1869	   0	91.6	91.6	 651	OK
1870	   0	79.3	79.3	 599	OK
1871	   0	85.6	85.6	 549	OK
1872	   0	90.1	90.1	 651	OK
1873	1000	88.1	88.1	 520	unbonded
1874	1000	88.8	88.8	 505	unbonded
1875	1000	98.2	98.2	 478	unbonded
1876	   0	97.4	97.4	 555	OK
1877	4000	87.9	87.9	 667	high noise
1878	1000	96.9	96.9	 471	unbonded
1879	   0	90.8	90.8	 559	OK
1880	   0	86.9	86.9	 635	OK
1881	   0	86.4	86.4	 597	OK
1882	   0	84.6	84.6	 624	OK
1883	   0	86.6	86.6	 604	OK
1884	   0	88.4	88.4	 618	OK
1885	1000	90.2	90.2	 517	unbonded
1886	   0	88.6	88.6	 574	OK
1887	1000	94.4	94.4	 518	unbonded
1888	   0	82.1	82.1	 606	OK
1889	1000	85.4	85.4	 535	unbonded
1890	   0	80.8	80.8	 561	OK
1891	   0	81.7	81.7	 558	OK
1892	   0	88.3	88.3	 550	OK
1893	1000	84.2	84.2	 433	unbonded
1894	   0	90.6	90.6	 587	OK
1895	4000	83.8	83.8	 694	high noise
1896	   0	88.7	88.7	 593	OK
1897	   0	83.9	83.9	 597	OK
1898	   0	87.2	87.2	 549	OK
1899	   0	92.9	92.9	 553	OK
1900	   0	96.0	96.0	 551	OK
1901	1000	91.4	91.4	 536	unbonded
1902	1000	85.3	85.3	 528	unbonded
1903	   0	90.3	90.3	 605	OK
1904	   0	91.6	91.6	 587	OK
1905	   0	91.8	91.8	 590	OK
1906	   0	92.0	92.0	 545	OK
1907	   0	86.7	86.7	 598	OK
1908	   0	91.7	91.7	 569	OK
1909	   0	86.5	86.5	 638	OK
1910	   0	84.1	84.1	 589	OK
1911	   0	85.8	85.8	 589	OK
1912	4000	84.2	84.2	 656	high noise
1913	   0	89.0	89.0	 621	OK
1914	   0	85.8	85.8	 579	OK
1915	4000	86.9	86.9	 721	high noise
1916	1000	82.6	82.6	 507	unbonded
1917	4000	85.7	85.7	 659	high noise
1918	   0	92.4	92.4	 558	OK
1919	   0	81.0	81.0	 609	OK
1920	   0	83.1	83.1	 647	OK
1921	1000	86.3	86.3	 494	unbonded
1922	4000	80.8	80.8	 717	high noise
1923	   0	86.5	86.5	 619	OK
1924	   0	83.1	83.1	 570	OK
1925	1000	84.2	84.2	 458	unbonded
1926	   0	82.5	82.5	 692	OK
1927	4000	90.8	90.8	 721	high noise
1928	   0	83.5	83.5	 633	OK
1929	1000	87.7	87.7	 500	unbonded
1930	   0	85.1	85.1	 621	OK
1931	   0	84.6	84.6	 603	OK
1932	4000	87.6	87.6	 696	high noise
1933	   0	83.0	83.0	 563	OK
1934	4000	80.1	80.1	 735	high noise
1935	   0	88.9	88.9	 614	OK
1936	   0	81.4	81.4	 623	OK
1937	   0	83.8	83.8	 658	OK
1938	1000	86.0	86.0	 475	unbonded
1939	   0	82.5	82.5	 616	OK
1940	4000	85.5	85.5	 708	high noise
1941	4000	77.3	77.3	 755	high noise
1942	   0	79.9	79.9	 655	OK
1943	   0	82.6	82.6	 654	OK
1944	   0	89.7	89.7	 623	OK
1945	1000	84.2	84.2	 536	unbonded
1946	4000	73.0	73.0	 717	high noise
1947	   0	83.0	83.0	 611	OK
1948	1000	85.3	85.3	 539	unbonded
1949	   0	86.4	86.4	 634	OK
1950	1000	83.3	83.3	 490	unbonded
1951	   0	87.3	87.3	 580	OK
1952	1000	84.8	84.8	 534	unbonded
1953	   0	76.9	76.9	 577	OK
1954	   0	81.1	81.1	 547	OK
1955	   0	91.9	91.9	 573	OK
1956	   0	81.0	81.0	 635	OK
1957	   0	84.1	84.1	 614	OK
1958	   0	85.7	85.7	 578	OK
1959	   0	89.3	89.3	 671	OK
1960	1000	84.3	84.3	 512	unbonded
1961	   0	86.0	86.0	 589	OK
1962	   0	88.8	88.8	 564	OK
1963	   0	80.9	80.9	 619	OK
1964	   0	78.5	78.5	 589	OK
1965	   0	82.9	82.9	 595	OK
1966	   0	84.2	84.2	 601	OK
1967	   0	80.9	80.9	 595	OK
1968	1000	80.8	80.8	 433	unbonded
1969	4000	86.1	86.1	 734	high noise
1970	1000	89.4	89.4	 484	unbonded
1971	   0	84.1	84.1	 581	OK
1972	   0	83.8	83.8	 630	OK
1973	   0	75.7	75.7	 683	OK
1974	   0	86.4	86.4	 680	OK
1975	   0	86.3	86.3	 582	OK
1976	   0	84.9	84.9	 669	OK
1977	   0	82.7	82.7	 572	OK
1978	   0	83.4	83.4	 544	OK
1979	   0	86.9	86.9	 625	OK
1980	   0	88.0	88.0	 549	OK
1981	1000	87.1	87.1	 503	unbonded
1982	   0	86.1	86.1	 643	OK
1983	4000	87.3	87.3	 752	high noise
1984	1000	95.9	95.9	 472	unbonded
1985	   0	74.9	74.9	 548	OK
1986	   0	84.6	84.6	 651	OK
1987	   0	80.5	80.5	 632	OK
1988	   0	89.1	89.1	 599	OK
1989	   0	78.5	78.5	 629	OK
1990	1000	85.4	85.4	 525	unbonded
1991	   0	86.9	86.9	 566	OK
1992	1000	75.0	75.0	 486	unbonded
1993	   0	87.6	87.6	 692	OK
1994	4000	77.9	77.9	 755	high noise
1995	   0	85.9	85.9	 690	OK
1996	1000	81.5	81.5	 539	unbonded
1997	   0	81.7	81.7	 653	OK
1998	4000	77.4	77.4	 705	high noise
1999	   0	76.3	76.3	 640	OK
2000	   0	82.0	82.0	 605	OK
2001	   0	81.6	81.6	 569	OK
2002	   0	79.1	79.1	 668	OK
2003	   0	84.6	84.6	 618	OK
2004	1000	80.4	80.4	 517	unbonded
2005	   0	76.8	76.8	 609	OK
2006	   0	76.6	76.6	 589	OK
2007	   0	75.0	75.0	 660	OK
2008	1000	88.1	88.1	 522	unbonded
2009	   0	74.4	74.4	 654	OK
2010	   0	74.4	74.4	 639	OK
2011	   0	75.0	75.0	 657	OK
2012	   0	79.9	79.9	 639	OK
2013	   0	85.8	85.8	 609	OK
2014	8000	79.7	79.7	 540	partbonded
2015	   0	75.1	75.1	 543	OK
2016	   0	77.8	77.8	 624	OK
2017	   0	77.4	77.4	 623	OK
2018	1000	85.3	85.3	 469	unbonded
2019	   0	88.1	88.1	 603	OK
2020	1000	84.4	84.4	 494	unbonded
2021	   0	73.4	73.4	 627	OK
2022	1000	81.7	81.7	 530	unbonded
2023	   0	75.9	75.9	 617	OK
2024	   0	77.5	77.5	 667	OK
2025	   0	72.2	72.2	 582	OK
2026	   0	79.1	79.1	 576	OK
2027	1000	82.1	82.1	 421	unbonded
2028	   0	83.0	83.0	 620	OK
2029	   0	83.3	83.3	 632	OK
2030	   0	80.4	80.4	 619	OK
2031	4000	84.7	84.7	 700	high noise
2032	   0	81.2	81.2	 580	OK
2033	   0	79.6	79.6	 668	OK
2034	   0	79.2	79.2	 636	OK
2035	   0	81.5	81.5	 610	OK
2036	4000	78.0	78.0	 699	high noise
2037	   0	84.3	84.3	 675	OK
2038	   0	75.2	75.2	 594	OK
2039	   0	82.9	82.9	 614	OK
2040	4000	78.6	78.6	 699	high noise
2041	1000	88.7	88.7	 534	unbonded
2042	   0	78.2	78.2	 566	OK
2043	   0	81.6	81.6	 591	OK
2044	1000	76.2	76.2	 517	unbonded
2045	1000	83.1	83.1	 497	unbonded
2046	   0	73.7	73.7	 599	OK
2047	1000	85.1	85.1	 506	unbonded
2048	   0	93.8	93.8	 579	OK
2049	   0	89.0	89.0	 544	OK
2050	   0	88.6	88.6	 561	OK
2051	1000	88.7	88.7	 540	unbonded
2052	1000	91.9	91.9	 493	unbonded
2053	1000	92.5	92.5	 498	unbonded
2054	1000	99.0	99.0	 521	unbonded
2055	4000	82.5	82.5	 667	high noise
2056	   0	86.2	86.2	 566	OK
2057	   0	88.8	88.8	 650	OK
2058	1000	88.7	88.7	 504	unbonded
2059	   0	91.8	91.8	 643	OK
2060	1000	89.3	89.3	 522	unbonded
2061	   0	84.2	84.2	 615	OK
2062	1000	87.7	87.7	 515	unbonded
2063	1000	94.2	94.2	 524	unbonded
2064	4000	86.2	86.2	 683	high noise
2065	   0	90.4	90.4	 578	OK
2066	   0	86.0	86.0	 552	OK
2067	4000	80.0	80.0	 701	high noise
2068	   0	78.6	78.6	 643	OK
2069	4000	88.9	88.9	 708	high noise
2070	   0	83.8	83.8	 653	OK
2071	1000	90.6	90.6	 537	unbonded
2072	   0	93.0	93.0	 552	OK
2073	   0	88.9	88.9	 602	OK
2074	1000	88.3	88.3	 517	unbonded
2075	   0	90.2	90.2	 599	OK
2076	1000	87.5	87.5	 524	unbonded
2077	   0	90.9	90.9	 566	OK
2078	   0	85.5	85.5	 618	OK
2079	1000	92.0	92.0	 508	unbonded
2080	   0	87.2	87.2	 606	OK
2081	   0	97.1	97.1	 581	OK
2082	   0	89.7	89.7	 555	OK
2083	   0	87.6	87.6	 602	OK
2084	   0	88.5	88.5	 631	OK
2085	   0	95.5	95.5	 559	OK
2086	   0	92.9	92.9	 549	OK
2087	4000	78.4	78.4	 688	high noise
2088	   0	97.2	97.2	 629	OK
2089	4000	80.7	80.7	 665	high noise
2090	4000	85.6	85.6	 668	high noise
2091	   0	88.6	88.6	 655	OK
2092	   0	89.2	89.2	 586	OK
2093	1000	86.6	86.6	 510	unbonded
2094	   0	91.7	91.7	 544	OK
2095	1000	86.5	86.5	 417	unbonded
2096	   0	87.5	87.5	 645	OK
2097	   0	90.0	90.0	 555	OK
2098	   0	81.4	81.4	 562	OK
2099	4000	84.7	84.7	 687	high noise
2100	   0	90.0	90.0	 628	OK
2101	   0	91.6	91.6	 591	OK
2102	1000	95.4	95.4	 527	unbonded
2103	1000	90.7	90.7	 526	unbonded
2104	1000	97.0	97.0	 492	unbonded
2105	1000	90.3	90.3	 442	unbonded
2106	   0	87.1	87.1	 580	OK
2107	   0	93.4	93.4	 561	OK
2108	4000	84.6	84.6	 712	high noise
2109	   0	85.0	85.0	 595	OK
2110	1000	93.8	93.8	 415	unbonded
2111	   0	93.1	93.1	 630	OK
2112	1000	95.7	95.7	 491	unbonded
2113	   0	89.8	89.8	 636	OK
2114	4000	81.9	81.9	 748	high noise
2115	1000	84.2	84.2	 482	unbonded
2116	   0	79.7	79.7	 586	OK
2117	4000	84.1	84.1	 665	high noise
2118	   0	84.7	84.7	 651	OK
2119	1000	92.6	92.6	 528	unbonded
2120	1000	84.2	84.2	 480	unbonded
2121	4000	81.5	81.5	 695	high noise
2122	   0	82.1	82.1	 611	OK
2123	   0	81.3	81.3	 614	OK
2124	   0	93.5	93.5	 600	OK
2125	1000	85.0	85.0	 500	unbonded
2126	   0	84.4	84.4	 639	OK
2127	1000	86.6	86.6	 497	unbonded
2128	   0	85.0	85.0	 655	OK
2129	   0	87.7	87.7	 613	OK
2130	1000	85.2	85.2	 464	unbonded
2131	1000	80.4	80.4	 496	unbonded
2132	1000	80.7	80.7	 487	unbonded
2133	   0	79.8	79.8	 574	OK
2134	   0	84.2	84.2	 599	OK
2135	1000	83.3	83.3	 532	unbonded
2136	   0	79.0	79.0	 626	OK
2137	1000	91.0	91.0	 480	unbonded
2138	   0	85.8	85.8	 556	OK
2139	   0	82.3	82.3	 607	OK
2140	   0	84.4	84.4	 564	OK
2141	   0	80.0	80.0	 593	OK
2142	   0	82.9	82.9	 548	OK
2143	4000	80.6	80.6	 685	high noise
2144	   0	88.9	88.9	 619	OK
2145	   0	80.7	80.7	 602	OK
2146	1000	80.4	80.4	 527	unbonded
2147	1000	84.9	84.9	 492	unbonded
2148	1000	82.5	82.5	 525	unbonded
2149	   0	82.4	82.4	 603	OK
2150	   0	83.5	83.5	 632	OK
2151	1000	85.7	85.7	 528	unbonded
2152	4000	82.8	82.8	 666	high noise
2153	1000	89.8	89.8	 536	unbonded
2154	   0	81.0	81.0	 600	OK
2155	4000	85.9	85.9	 752	high noise
2156	   0	93.3	93.3	 629	OK
2157	   0	85.6	85.6	 583	OK
2158	   0	84.6	84.6	 612	OK
2159	1000	79.0	79.0	 384	unbonded
2160	   0	89.8	89.8	 640	OK
2161	   0	73.4	73.4	 606	OK
2162	   0	87.9	87.9	 638	OK
2163	   0	78.0	78.0	 578	OK
2164	1000	83.2	83.2	 483	unbonded
2165	   0	89.2	89.2	 548	OK
2166	   0	80.4	80.4	 600	OK
2167	   0	85.3	85.3	 649	OK
2168	   0	79.9	79.9	 570	OK
2169	1000	87.5	87.5	 260	unbonded
2170	   0	74.2	74.2	 552	OK
2171	   0	81.7	81.7	 544	OK
2172	   0	74.8	74.8	 598	OK
2173	4000	79.3	79.3	 676	high noise
2174	   0	84.1	84.1	 564	OK
2175	   0	83.3	83.3	 614	OK
2176	   0	87.8	87.8	 651	OK
2177	   0	84.4	84.4	 549	OK
2178	   0	80.1	80.1	 606	OK
2179	   0	82.4	82.4	 656	OK
2180	   0	87.6	87.6	 560	OK
2181	   0	91.0	91.0	 613	OK
2182	4000	88.3	88.3	 703	high noise
2183	   0	83.7	83.7	 558	OK
2184	   0	83.3	83.3	 651	OK
2185	1000	87.6	87.6	 469	unbonded
2186	4000	77.7	77.7	 690	high noise
2187	   0	88.7	88.7	 608	OK
2188	   0	83.7	83.7	 548	OK
2189	1000	85.8	85.8	 534	unbonded
2190	   0	85.2	85.2	 632	OK
2191	   0	83.6	83.6	 639	OK
2192	   0	86.2	86.2	 621	OK
2193	1000	83.2	83.2	 505	unbonded
2194	   0	77.1	77.1	 598	OK
2195	   0	89.7	89.7	 623	OK
2196	   0	89.4	89.4	 581	OK
2197	   0	83.2	83.2	 599	OK
2198	   0	85.5	85.5	 646	OK
2199	1000	78.9	78.9	 519	unbonded
2200	4000	81.3	81.3	 771	high noise
2201	   0	84.5	84.5	 606	OK
2202	   0	79.7	79.7	 614	OK
2203	   0	85.6	85.6	 597	OK
2204	1000	84.3	84.3	 521	unbonded
2205	   0	83.7	83.7	 656	OK
2206	   0	88.6	88.6	 556	OK
2207	   0	81.5	81.5	 543	OK
2208	1000	85.4	85.4	 401	unbonded
2209	   0	85.2	85.2	 605	OK
2210	1000	87.0	87.0	 458	unbonded
2211	   0	93.9	93.9	 673	OK
2212	   0	79.7	79.7	 677	OK
2213	4000	89.1	89.1	 726	high noise
2214	1000	84.6	84.6	 447	unbonded
2215	   0	91.1	91.1	 626	OK
2216	4000	77.9	77.9	 701	high noise
2217	4000	83.9	83.9	 723	high noise
2218	   0	81.9	81.9	 684	OK
2219	   0	78.3	78.3	 647	OK
2220	1000	86.2	86.2	 531	unbonded
2221	   0	78.9	78.9	 557	OK
2222	   0	81.0	81.0	 627	OK
2223	   0	87.0	87.0	 591	OK
2224	   0	81.4	81.4	 651	OK
2225	4000	80.7	80.7	 718	high noise
2226	   0	83.8	83.8	 636	OK
2227	   0	87.4	87.4	 611	OK
2228	   0	86.3	86.3	 666	OK
2229	1000	89.4	89.4	 536	unbonded
2230	8000	91.5	91.5	 541	partbonded
2231	   0	85.7	85.7	 596	OK
2232	1000	88.2	88.2	 490	unbonded
2233	1000	89.7	89.7	 486	unbonded
2234	   0	81.5	81.5	 570	OK
2235	   0	83.7	83.7	 594	OK
2236	   0	78.8	78.8	 545	OK
2237	   0	89.6	89.6	 630	OK
2238	   0	91.8	91.8	 635	OK
2239	1000	88.1	88.1	 500	unbonded
2240	   0	74.5	74.5	 634	OK
2241	   0	83.6	83.6	 630	OK
2242	1000	83.5	83.5	 509	unbonded
2243	   0	84.2	84.2	 662	OK
2244	   0	93.7	93.7	 621	OK
2245	   0	85.3	85.3	 600	OK
2246	1000	91.8	91.8	 486	unbonded
2247	   0	82.9	82.9	 549	OK
2248	   0	81.5	81.5	 667	OK
2249	1000	85.3	85.3	 503	unbonded
2250	   0	79.2	79.2	 612	OK
2251	   0	91.9	91.9	 603	OK
2252	   0	85.5	85.5	 600	OK
2253	   0	84.5	84.5	 574	OK
2254	   0	83.6	83.6	 566	OK
2255	   0	79.4	79.4	 543	OK
2256	   0	88.8	88.8	 680	OK
2257	   0	83.0	83.0	 639	OK
2258	   0	76.8	76.8	 593	OK
2259	   0	89.0	89.0	 636	OK
2260	1000	80.5	80.5	 518	unbonded
2261	1000	93.5	93.5	 506	unbonded
2262	   0	87.6	87.6	 628	OK
2263	   0	82.3	82.3	 601	OK
2264	1000	78.9	78.9	 475	unbonded
2265	   0	83.4	83.4	 572	OK
2266	   0	82.1	82.1	 643	OK
2267	   0	89.5	89.5	 630	OK
2268	4000	80.3	80.3	 698	high noise
2269	   0	81.7	81.7	 663	OK
2270	   0	85.6	85.6	 607	OK
2271	   0	82.0	82.0	 561	OK
2272	   0	85.4	85.4	 591	OK
2273	   0	86.7	86.7	 542	OK
2274	   0	87.2	87.2	 624	OK
2275	1000	82.7	82.7	 450	unbonded
2276	   0	85.7	85.7	 560	OK
2277	   0	88.0	88.0	 602	OK
2278	   0	81.0	81.0	 596	OK
2279	   0	79.9	79.9	 553	OK
2280	1000	86.8	86.8	 524	unbonded
2281	   0	90.3	90.3	 601	OK
2282	   0	91.5	91.5	 599	OK
2283	   0	82.8	82.8	 543	OK
2284	1000	85.7	85.7	 493	unbonded
2285	   0	82.3	82.3	 643	OK
2286	   0	83.3	83.3	 655	OK
2287	4000	86.4	86.4	 747	high noise
2288	1000	87.7	87.7	 500	unbonded
2289	1000	84.6	84.6	 521	unbonded
2290	   0	79.5	79.5	 601	OK
2291	   0	85.2	85.2	 631	OK
2292	   0	79.9	79.9	 630	OK
2293	   0	80.2	80.2	 572	OK
2294	   0	80.7	80.7	 626	OK
2295	   0	84.2	84.2	 572	OK
2296	   0	87.6	87.6	 549	OK
2297	   0	83.5	83.5	 625	OK
2298	4000	85.5	85.5	 706	high noise
2299	   0	85.0	85.0	 657	OK
2300	   0	81.2	81.2	 625	OK
2301	   0	82.1	82.1	 626	OK
2302	   0	78.9	78.9	 564	OK
2303	   0	84.3	84.3	 676	OK
2304	   0	75.7	75.7	 731	OK
2305	   0	76.4	76.4	 685	OK
2306	   0	72.4	72.4	 715	OK
2307	   0	77.1	77.1	 661	OK
2308	   0	78.3	78.3	 594	OK
2309	   0	82.9	82.9	 658	OK
2310	   0	70.0	70.0	 633	OK
2311	   0	72.1	72.1	 579	OK
2312	   0	79.4	79.4	 642	OK
2313	4000	82.5	82.5	 782	high noise
2314	   0	79.6	79.6	 570	OK
2315	   0	73.7	73.7	 674	OK
2316	   0	70.1	70.1	 569	OK
2317	   0	78.6	78.6	 571	OK
2318	   0	84.4	84.4	 740	OK
2319	4000	72.3	72.3	 769	high noise
2320	   0	81.3	81.3	 669	OK
2321	   0	89.6	89.6	 681	OK
2322	   0	80.2	80.2	 682	OK
2323	   0	70.4	70.4	 660	OK
2324	   0	83.9	83.9	 578	OK
2325	   0	80.4	80.4	 694	OK
2326	4000	77.2	77.2	 753	high noise
2327	1000	81.5	81.5	 510	unbonded
2328	   0	75.1	75.1	 669	OK
2329	   0	75.2	75.2	 574	OK
2330	   0	77.7	77.7	 686	OK
2331	   0	81.3	81.3	 601	OK
2332	   0	76.8	76.8	 726	OK
2333	   0	71.9	71.9	 559	OK
2334	   0	77.1	77.1	 626	OK
2335	   0	73.5	73.5	 648	OK
2336	   0	81.9	81.9	 694	OK
2337	   0	81.3	81.3	 643	OK
2338	   0	73.5	73.5	 678	OK
2339	4000	75.8	75.8	 784	high noise
2340	   0	76.7	76.7	 591	OK
2341	   0	73.0	73.0	 679	OK
2342	   0	78.0	78.0	 666	OK
2343	   0	76.0	76.0	 623	OK
2344	   0	76.1	76.1	 705	OK
2345	4000	74.8	74.8	 765	high noise
2346	   0	75.5	75.5	 638	OK
2347	   0	83.8	83.8	 583	OK
2348	   0	79.2	79.2	 624	OK
2349	   0	85.9	85.9	 659	OK
2350	   0	74.3	74.3	 698	OK
2351	   0	80.8	80.8	 718	OK
2352	   0	79.7	79.7	 662	OK
2353	   0	80.4	80.4	 587	OK
2354	   0	78.4	78.4	 696	OK
2355	   0	75.9	75.9	 679	OK
2356	   0	76.2	76.2	 680	OK
2357	   0	75.5	75.5	 577	OK
2358	   0	77.7	77.7	 709	OK
2359	   0	80.2	80.2	 707	OK
2360	1000	76.2	76.2	 477	unbonded
2361	1000	87.3	87.3	 515	unbonded
2362	1000	73.9	73.9	 500	unbonded
2363	   0	82.4	82.4	 551	OK
2364	1000	86.6	86.6	 539	unbonded
2365	   0	74.3	74.3	 674	OK
2366	   0	82.6	82.6	 621	OK
2367	   0	81.4	81.4	 724	OK
2368	   0	83.8	83.8	 655	OK
2369	   0	80.3	80.3	 731	OK
2370	   0	76.1	76.1	 633	OK
2371	   0	77.9	77.9	 689	OK
2372	   0	71.5	71.5	 645	OK
2373	   0	84.5	84.5	 618	OK
2374	4000	81.1	81.1	 785	high noise
2375	   0	74.7	74.7	 707	OK
2376	   0	84.0	84.0	 641	OK
2377	   0	75.5	75.5	 679	OK
2378	   0	82.7	82.7	 678	OK
2379	   0	76.8	76.8	 626	OK
2380	   0	84.1	84.1	 747	OK
2381	   0	85.8	85.8	 681	OK
2382	   0	83.6	83.6	 628	OK
2383	   0	87.6	87.6	 703	OK
2384	   0	80.2	80.2	 652	OK
2385	   0	87.6	87.6	 638	OK
2386	   0	73.5	73.5	 605	OK
2387	   0	73.8	73.8	 722	OK
2388	   0	84.4	84.4	 547	OK
2389	4000	74.0	74.0	 814	high noise
2390	   0	76.6	76.6	 742	OK
2391	   0	72.0	72.0	 704	OK
2392	1000	75.2	75.2	 530	unbonded
2393	   0	74.1	74.1	 669	OK
2394	   0	79.2	79.2	 646	OK
2395	   0	73.9	73.9	 608	OK
2396	   0	74.9	74.9	 579	OK
2397	   0	80.0	80.0	 676	OK
2398	   0	77.3	77.3	 623	OK
2399	   0	76.7	76.7	 633	OK
2400	   0	73.2	73.2	 698	OK
2401	   0	76.3	76.3	 656	OK
2402	   0	73.2	73.2	 675	OK
2403	   0	74.4	74.4	 682	OK
2404	   0	82.0	82.0	 613	OK
2405	   0	71.4	71.4	 694	OK
2406	4000	74.5	74.5	 837	high noise
2407	   0	82.8	82.8	 619	OK
2408	   0	81.5	81.5	 686	OK
2409	   0	75.8	75.8	 546	OK
2410	   0	85.4	85.4	 667	OK
2411	   0	78.7	78.7	 542	OK
2412	1000	76.2	76.2	 519	unbonded
2413	4000	80.8	80.8	 752	high noise
2414	   0	74.2	74.2	 675	OK
2415	   0	83.0	83.0	 692	OK
2416	   0	74.1	74.1	 546	OK
2417	   0	86.3	86.3	 620	OK
2418	   0	78.6	78.6	 597	OK
2419	   0	74.8	74.8	 642	OK
2420	   0	79.4	79.4	 637	OK
2421	   0	74.6	74.6	 722	OK
2422	   0	77.2	77.2	 651	OK
2423	   0	71.8	71.8	 600	OK
2424	   0	81.4	81.4	 581	OK
2425	   0	76.6	76.6	 601	OK
2426	   0	76.8	76.8	 610	OK
2427	4000	78.0	78.0	 807	high noise
2428	   0	82.3	82.3	 677	OK
2429	   0	76.2	76.2	 638	OK
2430	   0	78.9	78.9	 558	OK
2431	   0	70.8	70.8	 667	OK
2432	1000	86.1	86.1	 487	unbonded
2433	1000	92.9	92.9	 512	unbonded
2434	1000	90.0	90.0	 536	unbonded
2435	   0	85.2	85.2	 614	OK
2436	1000	85.0	85.0	 530	unbonded
2437	   0	88.8	88.8	 563	OK
2438	   0	88.4	88.4	 542	OK
2439	   0	86.6	86.6	 604	OK
2440	1000	90.4	90.4	 468	unbonded
2441	   0	88.1	88.1	 550	OK
2442	1000	96.9	96.9	 434	unbonded
2443	   0	94.2	94.2	 583	OK
2444	   0	84.4	84.4	 553	OK
2445	   0	91.0	91.0	 593	OK
2446	1000	88.0	88.0	 436	unbonded
2447	1000	90.3	90.3	 484	unbonded
2448	4000	83.3	83.3	 667	high noise
2449	   0	86.4	86.4	 562	OK
2450	1000	92.3	92.3	 429	unbonded
2451	   0	93.1	93.1	 613	OK
2452	1000	87.7	87.7	 526	unbonded
2453	   0	84.7	84.7	 562	OK
2454	1000	90.5	90.5	 470	unbonded
2455	   0	85.0	85.0	 594	OK
2456	1000	90.5	90.5	 432	unbonded
2457	4000	83.2	83.2	 667	high noise
2458	1000	94.7	94.7	 500	unbonded
2459	1000	82.3	82.3	 521	unbonded
2460	1000	84.1	84.1	 518	unbonded
2461	   0	87.7	87.7	 585	OK
2462	1000	86.4	86.4	 500	unbonded
2463	   0	87.2	87.2	 612	OK
2464	1000	86.1	86.1	 538	unbonded
2465	4000	85.4	85.4	 633	high noise
2466	1000	88.4	88.4	 436	unbonded
2467	1000	87.9	87.9	 486	unbonded
2468	   0	94.5	94.5	 553	OK
2469	1000	88.6	88.6	 425	unbonded
2470	1000	87.6	87.6	 465	unbonded
2471	1000	87.0	87.0	 448	unbonded
2472	   0	89.0	89.0	 547	OK
2473	4000	87.0	87.0	 659	high noise
2474	1000	92.7	92.7	 511	unbonded
2475	   0	93.0	93.0	 563	OK
2476	   0	88.0	88.0	 581	OK
2477	   0	86.9	86.9	 542	OK
2478	   0	91.8	91.8	 572	OK
2479	1000	92.6	92.6	 473	unbonded
2480	1000	91.8	91.8	 501	unbonded
2481	1000	91.8	91.8	 515	unbonded
2482	1000	92.5	92.5	 497	unbonded
2483	1000	90.8	90.8	 471	unbonded
2484	   0	90.9	90.9	 588	OK
2485	   0	84.8	84.8	 554	OK
2486	1000	97.1	97.1	 523	unbonded
2487	   0	82.7	82.7	 600	OK
2488	1000	91.3	91.3	 514	unbonded
2489	1000	98.5	98.5	 522	unbonded
2490	   0	91.2	91.2	 594	OK
2491	   0	87.2	87.2	 602	OK
2492	4000	83.7	83.7	 652	high noise
2493	   0	92.1	92.1	 600	OK
2494	1000	92.0	92.0	 503	unbonded
2495	   0	94.9	94.9	 595	OK
2496	1000	91.1	91.1	 406	unbonded
2497	   0	95.0	95.0	 552	OK
2498	1000	93.4	93.4	 537	unbonded
2499	   0	87.0	87.0	 604	OK
2500	4000	84.6	84.6	 665	high noise
2501	1000	87.9	87.9	 493	unbonded
2502	   0	86.3	86.3	 559	OK
2503	1000	91.6	91.6	 420	unbonded
2504	   0	92.9	92.9	 594	OK
2505	1000	89.0	89.0	 462	unbonded
2506	1000	95.4	95.4	 468	unbonded
2507	1000	91.4	91.4	 426	unbonded
2508	   0	82.9	82.9	 607	OK
2509	1000	94.1	94.1	 435	unbonded
2510	1000	86.2	86.2	 514	unbonded
2511	1000	87.2	87.2	 493	unbonded
2512	4000	84.5	84.5	 674	high noise
2513	4000	86.0	86.0	 662	high noise
2514	   0	87.9	87.9	 576	OK
2515	1000	91.3	91.3	 504	unbonded
2516	4000	92.1	92.1	 629	high noise
2517	1000	87.3	87.3	 480	unbonded
2518	1000	96.9	96.9	 283	unbonded
2519	4000	88.4	88.4	 640	high noise
2520	1000	96.1	96.1	 473	unbonded
2521	   0	87.0	87.0	 553	OK
2522	1000	92.6	92.6	 523	unbonded
2523	1000	88.0	88.0	 503	unbonded
2524	1000	91.2	91.2	 491	unbonded
2525	1000	86.7	86.7	 460	unbonded
2526	4000	91.4	91.4	 632	high noise
2527	   0	84.8	84.8	 615	OK
2528	1000	85.4	85.4	 411	unbonded
2529	1000	89.3	89.3	 472	unbonded
2530	1000	88.7	88.7	 535	unbonded
2531	1000	83.1	83.1	 499	unbonded
2532	   0	96.1	96.1	 576	OK
2533	   0	84.8	84.8	 595	OK
2534	4000	92.2	92.2	 625	high noise
2535	   0	87.9	87.9	 613	OK
2536	1000	91.0	91.0	 535	unbonded
2537	4000	89.5	89.5	 639	high noise
2538	1000	89.5	89.5	 427	unbonded
2539	1000	87.0	87.0	 450	unbonded
2540	4000	88.2	88.2	 622	high noise
2541	1000	92.8	92.8	 467	unbonded
2542	   0	95.5	95.5	 551	OK
2543	   0	87.4	87.4	 591	OK
2544	1000	89.9	89.9	 519	unbonded
2545	1000	90.4	90.4	 509	unbonded
2546	1000	90.0	90.0	 476	unbonded
2547	   0	89.6	89.6	 599	OK
2548	4000	85.1	85.1	 692	high noise
2549	1000	93.4	93.4	 453	unbonded
2550	1000	85.9	85.9	 453	unbonded
2551	1000	89.9	89.9	 475	unbonded
2552	1000	82.4	82.4	 513	unbonded
2553	   0	87.2	87.2	 588	OK
2554	4000	86.2	86.2	 634	high noise
2555	4000	94.4	94.4	 718	high noise
2556	1000	83.0	83.0	 497	unbonded
2557	   0	87.5	87.5	 558	OK
2558	   0	93.6	93.6	 616	OK
2559	4000	93.4	93.4	 679	high noise
