#chan	code	gain	offset	innse	comment
   0	   0	92.1	92.1	 572	OK
   1	   0	89.6	89.6	 649	OK
   2	   0	102.6	102.6	 594	OK
   3	   0	94.5	94.5	 601	OK
   4	   0	97.3	97.3	 579	OK
   5	1000	92.8	92.8	 530	unbonded
   6	1000	105.2	105.2	 463	unbonded
   7	1000	93.6	93.6	 525	unbonded
   8	   0	100.8	100.8	 599	OK
   9	   0	94.6	94.6	 564	OK
  10	   0	93.6	93.6	 593	OK
  11	   0	97.3	97.3	 608	OK
  12	1000	103.0	103.0	 526	unbonded
  13	8000	97.0	97.0	 541	partbonded
  14	1000	91.3	91.3	 537	unbonded
  15	1000	103.7	103.7	 538	unbonded
  16	   0	91.6	91.6	 583	OK
  17	4000	96.6	96.6	 694	high noise
  18	1000	90.6	90.6	 448	unbonded
  19	1000	105.7	105.7	 536	unbonded
  20	   0	97.6	97.6	 576	OK
  21	   0	89.0	89.0	 624	OK
  22	1000	99.0	99.0	 430	unbonded
  23	   0	92.4	92.4	 598	OK
  24	   0	89.8	89.8	 647	OK
  25	   0	89.8	89.8	 626	OK
  26	4000	93.2	93.2	 755	high noise
  27	1000	97.5	97.5	 508	unbonded
  28	4000	96.3	96.3	 707	high noise
  29	   0	101.5	101.5	 603	OK
  30	   0	90.3	90.3	 624	OK
  31	4000	96.5	96.5	 726	high noise
  32	   0	105.4	105.4	 594	OK
  33	   0	94.6	94.6	 562	OK
  34	   0	87.4	87.4	 669	OK
  35	   0	93.4	93.4	 631	OK
  36	   0	98.9	98.9	 633	OK
  37	   0	102.9	102.9	 667	OK
  38	   0	92.3	92.3	 592	OK
  39	4000	96.2	96.2	 689	high noise
  40	   0	103.8	103.8	 578	OK
  41	   0	99.3	99.3	 582	OK
  42	   0	101.1	101.1	 605	OK
  43	1000	103.1	103.1	 534	unbonded
  44	   0	95.7	95.7	 663	OK
  45	   0	92.8	92.8	 678	OK
  46	1000	100.0	100.0	 510	unbonded
  47	   0	105.1	105.1	 577	OK
  48	   0	101.1	101.1	 647	OK
  49	4000	91.1	91.1	 688	high noise
  50	   0	101.1	101.1	 682	OK
  51	   0	90.7	90.7	 571	OK
  52	   0	95.7	95.7	 598	OK
  53	   0	101.6	101.6	 681	OK
  54	4000	98.4	98.4	 694	high noise
  55	   0	100.6	100.6	 573	OK
  56	4000	101.3	101.3	 783	high noise
  57	   0	99.8	99.8	 607	OK
  58	   0	98.2	98.2	 650	OK
  59	4000	99.4	99.4	 708	high noise
  60	   0	102.1	102.1	 631	OK
  61	   0	97.7	97.7	 584	OK
  62	   0	94.7	94.7	 593	OK
  63	   0	89.1	89.1	 603	OK
  64	4000	98.2	98.2	 725	high noise
  65	4000	106.1	106.1	 732	high noise
  66	   0	95.4	95.4	 602	OK
  67	   0	105.4	105.4	 632	OK
  68	   0	105.0	105.0	 610	OK
  69	   0	106.3	106.3	 681	OK
  70	   0	102.1	102.1	 638	OK
  71	1000	108.1	108.1	 503	unbonded
  72	   0	105.1	105.1	 568	OK
  73	1000	104.0	104.0	 538	unbonded
  74	   0	103.5	103.5	 570	OK
  75	4000	90.9	90.9	 745	high noise
  76	   0	93.0	93.0	 541	OK
  77	4000	92.8	92.8	 686	high noise
  78	   0	105.3	105.3	 591	OK
  79	   0	103.5	103.5	 682	OK
  80	1501	0.0	0.0	   0	dead
  81	1501	0.0	0.0	   0	dead
  82	   0	97.4	97.4	 666	OK
  83	   0	107.3	107.3	 602	OK
  84	   0	98.2	98.2	 618	OK
  85	   0	101.0	101.0	 550	OK
  86	   0	92.4	92.4	 571	OK
  87	   0	94.7	94.7	 642	OK
  88	   0	92.7	92.7	 617	OK
  89	   0	105.3	105.3	 571	OK
  90	4000	91.8	91.8	 740	high noise
  91	   0	95.5	95.5	 613	OK
  92	   0	97.8	97.8	 583	OK
  93	   0	106.3	106.3	 650	OK
  94	   0	96.7	96.7	 619	OK
  95	   0	94.2	94.2	 630	OK
  96	   0	98.0	98.0	 659	OK
  97	   0	98.6	98.6	 666	OK
  98	   0	91.0	91.0	 569	OK
  99	   0	99.2	99.2	 646	OK
 100	   0	102.7	102.7	 543	OK
 101	   0	107.5	107.5	 663	OK
 102	   0	98.8	98.8	 634	OK
 103	   0	101.0	101.0	 585	OK
 104	   0	96.6	96.6	 594	OK
 105	   0	95.5	95.5	 551	OK
 106	   0	102.0	102.0	 561	OK
 107	   0	100.3	100.3	 623	OK
 108	   0	96.3	96.3	 623	OK
 109	1000	106.4	106.4	 533	unbonded
 110	   0	100.1	100.1	 628	OK
 111	   0	99.4	99.4	 621	OK
 112	   0	97.9	97.9	 649	OK
 113	   0	94.3	94.3	 597	OK
 114	1000	96.7	96.7	 503	unbonded
 115	   0	98.3	98.3	 645	OK
 116	   0	102.3	102.3	 628	OK
 117	   0	104.3	104.3	 683	OK
 118	   0	99.7	99.7	 564	OK
 119	   0	103.3	103.3	 568	OK
 120	   0	101.5	101.5	 635	OK
 121	   0	102.0	102.0	 563	OK
 122	   0	102.0	102.0	 670	OK
 123	   0	90.3	90.3	 678	OK
 124	1000	96.5	96.5	 510	unbonded
 125	1501	0.0	0.0	   0	dead
 126	   0	88.8	88.8	 579	OK
 127	1000	97.9	97.9	 513	unbonded
 128	   0	80.6	80.6	 739	OK
 129	   0	77.6	77.6	 598	OK
 130	   0	74.6	74.6	 605	OK
 131	4000	77.2	77.2	 913	high noise
 132	   0	73.3	73.3	 685	OK
 133	4000	80.9	80.9	 805	high noise
 134	   0	80.8	80.8	 604	OK
 135	   0	77.8	77.8	 682	OK
 136	   0	83.6	83.6	 597	OK
 137	   0	80.2	80.2	 774	OK
 138	   0	81.7	81.7	 755	OK
 139	1000	84.6	84.6	 499	unbonded
 140	   0	73.7	73.7	 657	OK
 141	   0	84.2	84.2	 668	OK
 142	   0	88.6	88.6	 722	OK
 143	   0	85.5	85.5	 633	OK
 144	1000	88.9	88.9	 533	unbonded
 145	   0	81.5	81.5	 696	OK
 146	   0	73.3	73.3	 694	OK
 147	   0	81.5	81.5	 659	OK
 148	   0	79.6	79.6	 689	OK
 149	   0	82.8	82.8	 697	OK
 150	   0	81.1	81.1	 685	OK
 151	   0	79.6	79.6	 682	OK
 152	   0	77.8	77.8	 755	OK
 153	   0	76.2	76.2	 591	OK
 154	   0	79.5	79.5	 686	OK
 155	   0	79.0	79.0	 691	OK
 156	4000	78.5	78.5	 844	high noise
 157	   0	84.9	84.9	 654	OK
 158	   0	71.5	71.5	 602	OK
 159	   0	79.4	79.4	 620	OK
 160	   0	83.3	83.3	 607	OK
 161	4000	76.3	76.3	 790	high noise
 162	   0	77.1	77.1	 579	OK
 163	   0	93.6	93.6	 627	OK
 164	   0	85.1	85.1	 688	OK
 165	   0	79.8	79.8	 744	OK
 166	   0	80.0	80.0	 637	OK
 167	   0	79.9	79.9	 737	OK
 168	   0	81.0	81.0	 646	OK
 169	   0	80.4	80.4	 573	OK
 170	   0	71.4	71.4	 700	OK
 171	   0	86.6	86.6	 646	OK
 172	   0	78.7	78.7	 577	OK
 173	   0	85.7	85.7	 653	OK
 174	   0	85.2	85.2	 568	OK
 175	   0	83.3	83.3	 553	OK
 176	4000	80.6	80.6	 785	high noise
 177	   0	83.3	83.3	 727	OK
 178	   0	80.3	80.3	 667	OK
 179	   0	82.0	82.0	 678	OK
 180	   0	82.8	82.8	 637	OK
 181	   0	81.8	81.8	 771	OK
 182	   0	82.2	82.2	 708	OK
 183	   0	84.1	84.1	 665	OK
 184	4000	77.7	77.7	 786	high noise
 185	   0	84.3	84.3	 620	OK
 186	   0	76.0	76.0	 650	OK
 187	   0	81.9	81.9	 606	OK
 188	   0	83.4	83.4	 687	OK
 189	   0	86.6	86.6	 757	OK
 190	4000	84.1	84.1	 782	high noise
 191	   0	84.3	84.3	 611	OK
 192	   0	82.6	82.6	 747	OK
 193	4000	89.0	89.0	 811	high noise
 194	   0	81.8	81.8	 606	OK
 195	   0	83.5	83.5	 723	OK
 196	   0	78.1	78.1	 604	OK
 197	   0	82.4	82.4	 627	OK
 198	   0	75.1	75.1	 685	OK
 199	   0	82.7	82.7	 654	OK
 200	   0	76.8	76.8	 735	OK
 201	   0	82.8	82.8	 594	OK
 202	   0	78.6	78.6	 758	OK
 203	   0	82.0	82.0	 683	OK
 204	   0	83.3	83.3	 696	OK
 205	1000	82.8	82.8	 464	unbonded
 206	   0	82.1	82.1	 746	OK
 207	4000	78.0	78.0	 797	high noise
 208	1000	83.8	83.8	 538	unbonded
 209	1000	84.6	84.6	 523	unbonded
 210	   0	86.7	86.7	 618	OK
 211	   0	88.4	88.4	 625	OK
 212	   0	80.5	80.5	 686	OK
 213	   0	82.1	82.1	 758	OK
 214	   0	88.0	88.0	 585	OK
 215	   0	86.4	86.4	 714	OK
 216	   0	85.5	85.5	 751	OK
 217	4000	77.1	77.1	 804	high noise
 218	   0	78.7	78.7	 691	OK
 219	   0	70.2	70.2	 685	OK
 220	4000	80.9	80.9	 847	high noise
 221	   0	82.6	82.6	 760	OK
 222	   0	81.4	81.4	 764	OK
 223	   0	79.1	79.1	 619	OK
 224	   0	81.2	81.2	 588	OK
 225	4000	75.6	75.6	 822	high noise
 226	   0	83.4	83.4	 662	OK
 227	   0	83.3	83.3	 694	OK
 228	   0	80.1	80.1	 737	OK
 229	1000	80.6	80.6	 537	unbonded
 230	   0	80.4	80.4	 747	OK
 231	4000	79.0	79.0	 817	high noise
 232	   0	73.9	73.9	 741	OK
 233	1000	75.5	75.5	 528	unbonded
 234	   0	83.2	83.2	 603	OK
 235	   0	78.8	78.8	 765	OK
 236	   0	79.9	79.9	 682	OK
 237	   0	80.2	80.2	 738	OK
 238	   0	87.0	87.0	 739	OK
 239	   0	82.7	82.7	 621	OK
 240	   0	74.2	74.2	 593	OK
 241	   0	85.1	85.1	 695	OK
 242	   0	85.9	85.9	 676	OK
 243	   0	83.3	83.3	 654	OK
 244	   0	82.2	82.2	 609	OK
 245	   0	78.1	78.1	 696	OK
 246	   0	81.2	81.2	 572	OK
 247	   0	85.2	85.2	 600	OK
 248	   0	79.7	79.7	 561	OK
 249	   0	84.4	84.4	 616	OK
 250	   0	86.3	86.3	 640	OK
 251	   0	83.7	83.7	 684	OK
 252	   0	78.3	78.3	 727	OK
 253	   0	83.3	83.3	 631	OK
 254	   0	79.8	79.8	 642	OK
 255	4000	85.6	85.6	 795	high noise
 256	   0	79.5	79.5	 725	OK
 257	4000	79.5	79.5	 755	high noise
 258	   0	81.7	81.7	 617	OK
 259	   0	81.2	81.2	 683	OK
 260	   0	86.3	86.3	 707	OK
 261	   0	81.2	81.2	 648	OK
 262	   0	82.8	82.8	 637	OK
 263	   0	82.5	82.5	 547	OK
 264	   0	84.3	84.3	 691	OK
 265	4000	78.7	78.7	 776	high noise
 266	   0	85.6	85.6	 646	OK
 267	   0	82.6	82.6	 607	OK
 268	   0	79.5	79.5	 690	OK
 269	   0	87.4	87.4	 675	OK
 270	   0	82.7	82.7	 595	OK
 271	4000	77.0	77.0	 787	high noise
 272	   0	79.2	79.2	 619	OK
 273	   0	80.9	80.9	 583	OK
 274	4000	83.0	83.0	 767	high noise
 275	   0	80.8	80.8	 662	OK
 276	   0	88.5	88.5	 599	OK
 277	   0	77.8	77.8	 699	OK
 278	4000	85.4	85.4	 754	high noise
 279	1000	86.8	86.8	 524	unbonded
 280	4000	77.7	77.7	 760	high noise
 281	   0	81.3	81.3	 576	OK
 282	   0	85.7	85.7	 596	OK
 283	1000	81.5	81.5	 532	unbonded
 284	   0	73.7	73.7	 672	OK
 285	   0	76.0	76.0	 647	OK
 286	   0	82.8	82.8	 553	OK
 287	   0	83.5	83.5	 620	OK
 288	   0	86.6	86.6	 639	OK
 289	   0	85.3	85.3	 641	OK
 290	   0	87.0	87.0	 633	OK
 291	   0	81.6	81.6	 593	OK
 292	4000	86.3	86.3	 823	high noise
 293	   0	83.2	83.2	 656	OK
 294	   0	85.5	85.5	 574	OK
 295	   0	85.7	85.7	 624	OK
 296	   0	79.7	79.7	 736	OK
 297	   0	77.2	77.2	 703	OK
 298	   0	79.6	79.6	 639	OK
 299	   0	84.1	84.1	 745	OK
 300	   0	80.6	80.6	 743	OK
 301	   0	77.3	77.3	 571	OK
 302	   0	79.2	79.2	 577	OK
 303	   0	76.0	76.0	 634	OK
 304	   0	82.2	82.2	 664	OK
 305	   0	85.6	85.6	 702	OK
 306	1000	85.1	85.1	 516	unbonded
 307	4000	78.7	78.7	 782	high noise
 308	   0	84.8	84.8	 553	OK
 309	   0	87.1	87.1	 706	OK
 310	1000	78.2	78.2	 514	unbonded
 311	   0	81.1	81.1	 652	OK
 312	4000	78.6	78.6	 765	high noise
 313	   0	85.7	85.7	 575	OK
 314	4000	80.7	80.7	 824	high noise
 315	   0	81.3	81.3	 602	OK
 316	   0	85.4	85.4	 693	OK
 317	   0	80.7	80.7	 707	OK
 318	   0	82.7	82.7	 678	OK
 319	   0	81.0	81.0	 629	OK
 320	   0	83.7	83.7	 652	OK
 321	   0	80.1	80.1	 640	OK
 322	   0	84.2	84.2	 618	OK
 323	   0	85.9	85.9	 642	OK
 324	   0	78.0	78.0	 724	OK
 325	   0	85.0	85.0	 609	OK
 326	   0	84.9	84.9	 604	OK
 327	   0	77.4	77.4	 681	OK
 328	1000	83.2	83.2	 496	unbonded
 329	   0	78.9	78.9	 611	OK
 330	   0	83.0	83.0	 744	OK
 331	   0	80.7	80.7	 711	OK
 332	   0	75.1	75.1	 679	OK
 333	   0	83.0	83.0	 708	OK
 334	   0	75.2	75.2	 627	OK
 335	   0	80.7	80.7	 614	OK
 336	   0	83.3	83.3	 640	OK
 337	1000	76.3	76.3	 518	unbonded
 338	   0	81.5	81.5	 702	OK
 339	4000	76.8	76.8	 783	high noise
 340	   0	86.8	86.8	 693	OK
 341	   0	87.3	87.3	 632	OK
 342	   0	82.4	82.4	 573	OK
 343	   0	88.8	88.8	 659	OK
 344	   0	84.2	84.2	 662	OK
 345	   0	79.6	79.6	 651	OK
 346	4000	76.1	76.1	 756	high noise
 347	   0	78.5	78.5	 593	OK
 348	   0	79.9	79.9	 690	OK
 349	   0	80.6	80.6	 622	OK
 350	   0	80.1	80.1	 718	OK
 351	   0	87.4	87.4	 647	OK
 352	   0	80.1	80.1	 635	OK
 353	   0	88.3	88.3	 715	OK
 354	   0	81.3	81.3	 595	OK
 355	   0	79.1	79.1	 684	OK
 356	   0	82.5	82.5	 676	OK
 357	   0	82.1	82.1	 659	OK
 358	   0	84.6	84.6	 641	OK
 359	   0	83.0	83.0	 669	OK
 360	4000	79.3	79.3	 756	high noise
 361	   0	82.9	82.9	 563	OK
 362	   0	86.1	86.1	 613	OK
 363	   0	86.7	86.7	 553	OK
 364	   0	81.3	81.3	 560	OK
 365	   0	81.3	81.3	 665	OK
 366	   0	80.7	80.7	 746	OK
 367	   0	86.6	86.6	 561	OK
 368	   0	84.7	84.7	 641	OK
 369	   0	85.6	85.6	 557	OK
 370	   0	84.4	84.4	 567	OK
 371	   0	86.1	86.1	 664	OK
 372	   0	84.7	84.7	 695	OK
 373	   0	81.1	81.1	 554	OK
 374	4000	84.7	84.7	 807	high noise
 375	   0	81.9	81.9	 553	OK
 376	1000	78.6	78.6	 495	unbonded
 377	4000	81.8	81.8	 840	high noise
 378	4000	77.5	77.5	 787	high noise
 379	   0	85.4	85.4	 741	OK
 380	   0	86.8	86.8	 704	OK
 381	   0	79.7	79.7	 745	OK
 382	   0	77.6	77.6	 609	OK
 383	   0	86.7	86.7	 605	OK
 384	   0	81.9	81.9	 583	OK
 385	   0	92.6	92.6	 593	OK
 386	1000	89.3	89.3	 522	unbonded
 387	1000	88.2	88.2	 540	unbonded
 388	   0	84.6	84.6	 641	OK
 389	4000	81.4	81.4	 770	high noise
 390	   0	93.0	93.0	 556	OK
 391	1000	102.7	102.7	 526	unbonded
 392	   0	89.6	89.6	 624	OK
 393	   0	84.8	84.8	 664	OK
 394	   0	86.9	86.9	 562	OK
 395	4000	91.7	91.7	 741	high noise
 396	   0	87.9	87.9	 663	OK
 397	1000	83.5	83.5	 493	unbonded
 398	   0	89.9	89.9	 596	OK
 399	   0	91.9	91.9	 623	OK
 400	   0	91.2	91.2	 617	OK
 401	   0	87.4	87.4	 600	OK
 402	   0	94.7	94.7	 587	OK
 403	4000	87.4	87.4	 765	high noise
 404	   0	95.0	95.0	 708	OK
 405	   0	79.7	79.7	 603	OK
 406	   0	90.0	90.0	 706	OK
 407	   0	85.0	85.0	 568	OK
 408	4000	97.3	97.3	 798	high noise
 409	   0	86.1	86.1	 707	OK
 410	1000	88.9	88.9	 530	unbonded
 411	   0	88.5	88.5	 654	OK
 412	1000	83.3	83.3	 533	unbonded
 413	4000	85.3	85.3	 721	high noise
 414	1000	87.7	87.7	 439	unbonded
 415	   0	95.1	95.1	 561	OK
 416	   0	80.2	80.2	 707	OK
 417	4000	86.5	86.5	 773	high noise
 418	   0	94.5	94.5	 554	OK
 419	4000	86.4	86.4	 709	high noise
 420	1000	82.7	82.7	 515	unbonded
 421	   0	88.2	88.2	 651	OK
 422	   0	88.2	88.2	 645	OK
 423	   0	85.6	85.6	 664	OK
 424	   0	88.1	88.1	 653	OK
 425	   0	85.2	85.2	 639	OK
 426	   0	87.0	87.0	 577	OK
 427	   0	86.6	86.6	 589	OK
 428	   0	84.4	84.4	 620	OK
 429	   0	84.1	84.1	 551	OK
 430	1000	86.6	86.6	 517	unbonded
 431	   0	80.9	80.9	 603	OK
 432	   0	84.6	84.6	 585	OK
 433	   0	88.0	88.0	 585	OK
 434	1000	96.9	96.9	 516	unbonded
 435	   0	84.4	84.4	 692	OK
 436	1000	92.9	92.9	 452	unbonded
 437	1000	86.8	86.8	 509	unbonded
 438	4000	92.5	92.5	 728	high noise
 439	   0	96.4	96.4	 624	OK
 440	   0	93.0	93.0	 659	OK
 441	   0	88.0	88.0	 584	OK
 442	   0	88.2	88.2	 607	OK
 443	   0	84.3	84.3	 651	OK
 444	   0	91.6	91.6	 622	OK
 445	   0	90.1	90.1	 611	OK
 446	4000	88.2	88.2	 715	high noise
 447	   0	93.5	93.5	 611	OK
 448	1000	86.4	86.4	 432	unbonded
 449	4000	84.3	84.3	 767	high noise
 450	   0	89.5	89.5	 624	OK
 451	1000	91.4	91.4	 483	unbonded
 452	   0	87.0	87.0	 627	OK
 453	   0	89.9	89.9	 600	OK
 454	   0	93.3	93.3	 621	OK
 455	   0	90.8	90.8	 632	OK
 456	1000	84.8	84.8	 488	unbonded
 457	4000	86.2	86.2	 795	high noise
 458	   0	93.3	93.3	 581	OK
 459	   0	86.1	86.1	 618	OK
 460	   0	88.3	88.3	 663	OK
 461	   0	91.5	91.5	 609	OK
 462	4000	87.5	87.5	 794	high noise
 463	   0	82.8	82.8	 636	OK
 464	   0	87.1	87.1	 610	OK
 465	   0	79.6	79.6	 550	OK
 466	1000	88.1	88.1	 535	unbonded
 467	   0	87.9	87.9	 690	OK
 468	   0	92.2	92.2	 680	OK
 469	1000	89.9	89.9	 497	unbonded
 470	1000	86.4	86.4	 514	unbonded
 471	   0	93.1	93.1	 645	OK
 472	   0	90.1	90.1	 644	OK
 473	1000	86.8	86.8	 535	unbonded
 474	   0	83.7	83.7	 609	OK
 475	   0	96.2	96.2	 629	OK
 476	   0	93.5	93.5	 567	OK
 477	4000	89.4	89.4	 725	high noise
 478	   0	93.0	93.0	 611	OK
 479	   0	85.9	85.9	 693	OK
 480	   0	84.8	84.8	 683	OK
 481	   0	97.1	97.1	 566	OK
 482	1000	98.5	98.5	 536	unbonded
 483	   0	85.4	85.4	 688	OK
 484	   0	88.3	88.3	 598	OK
 485	   0	90.6	90.6	 607	OK
 486	   0	86.2	86.2	 643	OK
 487	   0	89.1	89.1	 610	OK
 488	1000	86.5	86.5	 527	unbonded
 489	   0	87.6	87.6	 639	OK
 490	4000	80.0	80.0	 717	high noise
 491	   0	95.6	95.6	 618	OK
 492	   0	90.3	90.3	 666	OK
 493	   0	94.3	94.3	 654	OK
 494	1000	84.9	84.9	 486	unbonded
 495	   0	88.6	88.6	 664	OK
 496	   0	86.6	86.6	 632	OK
 497	   0	92.2	92.2	 609	OK
 498	   0	85.3	85.3	 583	OK
 499	   0	84.9	84.9	 696	OK
 500	   0	94.5	94.5	 590	OK
 501	   0	85.3	85.3	 581	OK
 502	   0	90.0	90.0	 648	OK
 503	   0	92.9	92.9	 610	OK
 504	   0	89.3	89.3	 640	OK
 505	1000	87.1	87.1	 522	unbonded
 506	1000	88.8	88.8	 519	unbonded
 507	1000	95.2	95.2	 534	unbonded
 508	   0	89.6	89.6	 634	OK
 509	1000	96.9	96.9	 520	unbonded
 510	4000	90.3	90.3	 758	high noise
 511	   0	95.8	95.8	 672	OK
 512	4000	68.3	68.3	 947	high noise
 513	   0	70.1	70.1	 662	OK
 514	   0	68.3	68.3	 683	OK
 515	   0	78.2	78.2	 762	OK
 516	   0	76.1	76.1	 752	OK
 517	   0	78.8	78.8	 604	OK
 518	   0	78.1	78.1	 789	OK
 519	   0	74.4	74.4	 825	OK
 520	   0	77.5	77.5	 799	OK
 521	   0	71.7	71.7	 611	OK
 522	   0	76.6	76.6	 711	OK
 523	   0	82.2	82.2	 572	OK
 524	   0	76.2	76.2	 742	OK
 525	4000	76.7	76.7	 851	high noise
 526	   0	74.1	74.1	 713	OK
 527	   0	74.8	74.8	 764	OK
 528	   0	73.6	73.6	 566	OK
 529	   0	84.3	84.3	 696	OK
 530	   0	84.6	84.6	 767	OK
 531	   0	79.0	79.0	 830	OK
 532	   0	81.4	81.4	 817	OK
 533	4000	82.0	82.0	 868	high noise
 534	   0	73.5	73.5	 783	OK
 535	   0	74.4	74.4	 738	OK
 536	   0	80.0	80.0	 657	OK
 537	   0	76.3	76.3	 801	OK
 538	4000	76.7	76.7	 901	high noise
 539	   0	72.8	72.8	 736	OK
 540	   0	71.7	71.7	 779	OK
 541	   0	75.3	75.3	 687	OK
 542	   0	75.3	75.3	 628	OK
 543	   0	72.9	72.9	 791	OK
 544	   0	78.3	78.3	 815	OK
 545	   0	76.1	76.1	 839	OK
 546	4000	70.5	70.5	 874	high noise
 547	   0	74.7	74.7	 763	OK
 548	   0	71.1	71.1	 719	OK
 549	4000	75.9	75.9	 890	high noise
 550	   0	72.5	72.5	 666	OK
 551	   0	76.4	76.4	 688	OK
 552	   0	80.2	80.2	 567	OK
 553	   0	78.2	78.2	 760	OK
 554	   0	76.1	76.1	 591	OK
 555	   0	73.1	73.1	 754	OK
 556	   0	75.6	75.6	 617	OK
 557	   0	72.9	72.9	 690	OK
 558	   0	84.9	84.9	 581	OK
 559	   0	70.1	70.1	 713	OK
 560	4000	78.9	78.9	 867	high noise
 561	4000	76.4	76.4	 877	high noise
 562	   0	75.4	75.4	 698	OK
 563	   0	73.6	73.6	 706	OK
 564	   0	84.8	84.8	 759	OK
 565	   0	76.5	76.5	 736	OK
 566	   0	80.6	80.6	 826	OK
 567	1000	77.2	77.2	 496	unbonded
 568	   0	73.4	73.4	 711	OK
 569	   0	79.3	79.3	 731	OK
 570	   0	75.9	75.9	 718	OK
 571	   0	77.9	77.9	 687	OK
 572	   0	80.0	80.0	 700	OK
 573	   0	77.6	77.6	 658	OK
 574	   0	81.2	81.2	 732	OK
 575	   0	80.2	80.2	 774	OK
 576	4000	72.9	72.9	 863	high noise
 577	   0	75.5	75.5	 763	OK
 578	   0	70.8	70.8	 689	OK
 579	   0	74.5	74.5	 785	OK
 580	   0	68.2	68.2	 625	OK
 581	   0	71.3	71.3	 645	OK
 582	   0	76.1	76.1	 747	OK
 583	   0	74.7	74.7	 764	OK
 584	   0	73.1	73.1	 639	OK
 585	4000	68.7	68.7	 848	high noise
 586	   0	76.9	76.9	 680	OK
 587	   0	70.6	70.6	 791	OK
 588	   0	67.3	67.3	 818	OK
 589	   0	74.0	74.0	 704	OK
 590	   0	74.0	74.0	 776	OK
 591	   0	72.3	72.3	 689	OK
 592	   0	73.7	73.7	 613	OK
 593	   0	70.5	70.5	 702	OK
 594	   0	75.8	75.8	 716	OK
 595	   0	72.4	72.4	 719	OK
 596	   0	75.6	75.6	 739	OK
 597	   0	75.0	75.0	 744	OK
 598	   0	75.0	75.0	 775	OK
 599	4000	75.4	75.4	 846	high noise
 600	   0	72.2	72.2	 664	OK
 601	   0	81.6	81.6	 720	OK
 602	   0	74.2	74.2	 661	OK
 603	   0	72.1	72.1	 712	OK
 604	4000	71.1	71.1	 847	high noise
 605	   0	71.5	71.5	 763	OK
 606	   0	74.6	74.6	 768	OK
 607	4000	72.5	72.5	 933	high noise
 608	   0	73.6	73.6	 792	OK
 609	   0	77.7	77.7	 704	OK
 610	   0	83.6	83.6	 803	OK
 611	   0	73.9	73.9	 654	OK
 612	   0	78.3	78.3	 733	OK
 613	   0	79.3	79.3	 739	OK
 614	   0	71.6	71.6	 798	OK
 615	   0	75.2	75.2	 653	OK
 616	   0	70.0	70.0	 747	OK
 617	   0	71.6	71.6	 650	OK
 618	   0	75.1	75.1	 749	OK
 619	   0	74.0	74.0	 579	OK
 620	   0	74.4	74.4	 755	OK
 621	   0	74.5	74.5	 734	OK
 622	   0	80.7	80.7	 707	OK
 623	   0	75.6	75.6	 609	OK
 624	   0	73.7	73.7	 749	OK
 625	   0	70.9	70.9	 738	OK
 626	   0	70.4	70.4	 704	OK
 627	   0	70.2	70.2	 644	OK
 628	   0	75.6	75.6	 788	OK
 629	   0	80.6	80.6	 758	OK
 630	   0	70.4	70.4	 804	OK
 631	   0	81.6	81.6	 682	OK
 632	   0	75.0	75.0	 671	OK
 633	   0	74.6	74.6	 726	OK
 634	   0	75.8	75.8	 675	OK
 635	   0	77.4	77.4	 676	OK
 636	   0	78.9	78.9	 673	OK
 637	   0	74.9	74.9	 725	OK
 638	   0	76.9	76.9	 672	OK
 639	   0	74.9	74.9	 743	OK
 640	   0	92.7	92.7	 669	OK
 641	   0	87.4	87.4	 736	OK
 642	1000	85.0	85.0	 514	unbonded
 643	   0	86.8	86.8	 581	OK
 644	   0	89.6	89.6	 725	OK
 645	4000	85.2	85.2	 744	high noise
 646	   0	84.9	84.9	 733	OK
 647	   0	93.7	93.7	 554	OK
 648	   0	79.0	79.0	 558	OK
 649	   0	81.4	81.4	 570	OK
 650	   0	86.2	86.2	 589	OK
 651	   0	91.1	91.1	 585	OK
 652	   0	84.2	84.2	 666	OK
 653	1000	91.0	91.0	 517	unbonded
 654	   0	86.9	86.9	 655	OK
 655	4000	93.5	93.5	 781	high noise
 656	   0	82.6	82.6	 720	OK
 657	   0	90.0	90.0	 720	OK
 658	   0	88.5	88.5	 727	OK
 659	   0	86.9	86.9	 615	OK
 660	4000	85.3	85.3	 742	high noise
 661	   0	82.6	82.6	 621	OK
 662	4000	80.5	80.5	 757	high noise
 663	   0	84.6	84.6	 549	OK
 664	   0	79.1	79.1	 677	OK
 665	   0	78.5	78.5	 647	OK
 666	   0	95.5	95.5	 717	OK
 667	   0	82.3	82.3	 690	OK
 668	4000	84.8	84.8	 752	high noise
 669	   0	88.8	88.8	 649	OK
 670	   0	86.0	86.0	 730	OK
 671	   0	85.3	85.3	 552	OK
 672	   0	86.3	86.3	 661	OK
 673	1000	89.8	89.8	 472	unbonded
 674	   0	85.4	85.4	 692	OK
 675	   0	84.0	84.0	 582	OK
 676	   0	78.3	78.3	 588	OK
 677	   0	78.0	78.0	 731	OK
 678	   0	80.9	80.9	 712	OK
 679	   0	92.2	92.2	 583	OK
 680	   0	83.7	83.7	 659	OK
 681	   0	83.3	83.3	 563	OK
 682	   0	81.3	81.3	 604	OK
 683	   0	81.6	81.6	 589	OK
 684	   0	82.2	82.2	 647	OK
 685	   0	83.6	83.6	 676	OK
 686	   0	86.8	86.8	 682	OK
 687	   0	87.1	87.1	 684	OK
 688	   0	77.9	77.9	 610	OK
 689	   0	80.0	80.0	 653	OK
 690	   0	90.2	90.2	 599	OK
 691	1000	88.8	88.8	 538	unbonded
 692	   0	89.2	89.2	 632	OK
 693	   0	84.0	84.0	 590	OK
 694	   0	85.8	85.8	 678	OK
 695	1000	88.2	88.2	 469	unbonded
 696	   0	81.7	81.7	 727	OK
 697	   0	92.1	92.1	 574	OK
 698	   0	82.9	82.9	 708	OK
 699	4000	90.4	90.4	 798	high noise
 700	   0	81.1	81.1	 653	OK
 701	4000	91.6	91.6	 791	high noise
 702	   0	86.0	86.0	 726	OK
 703	   0	80.9	80.9	 551	OK
 704	1000	88.8	88.8	 448	unbonded
 705	   0	90.9	90.9	 624	OK
 706	4000	86.4	86.4	 745	high noise
 707	   0	91.9	91.9	 665	OK
 708	   0	82.1	82.1	 644	OK
 709	4000	84.8	84.8	 763	high noise
 710	   0	80.0	80.0	 714	OK
 711	   0	88.5	88.5	 543	OK
 712	   0	83.1	83.1	 652	OK
 713	   0	90.1	90.1	 606	OK
 714	   0	91.9	91.9	 647	OK
 715	   0	83.0	83.0	 588	OK
 716	   0	91.6	91.6	 624	OK
 717	8000	85.8	85.8	 541	partbonded
 718	   0	88.1	88.1	 686	OK
 719	   0	83.1	83.1	 552	OK
 720	   0	92.3	92.3	 721	OK
 721	4000	79.2	79.2	 758	high noise
 722	   0	81.6	81.6	 609	OK
 723	   0	90.0	90.0	 680	OK
 724	   0	77.5	77.5	 653	OK
 725	   0	82.6	82.6	 669	OK
 726	   0	85.8	85.8	 701	OK
 727	   0	85.9	85.9	 660	OK
 728	   0	89.9	89.9	 616	OK
 729	   0	85.6	85.6	 627	OK
 730	   0	78.2	78.2	 690	OK
 731	   0	77.6	77.6	 727	OK
 732	   0	86.4	86.4	 604	OK
 733	   0	83.1	83.1	 700	OK
 734	   0	76.0	76.0	 718	OK
 735	1000	84.5	84.5	 409	unbonded
 736	1000	85.4	85.4	 525	unbonded
 737	   0	87.0	87.0	 670	OK
 738	   0	89.6	89.6	 667	OK
 739	   0	77.4	77.4	 605	OK
 740	   0	88.8	88.8	 630	OK
 741	4000	81.2	81.2	 752	high noise
 742	   0	93.0	93.0	 596	OK
 743	4000	82.5	82.5	 760	high noise
 744	   0	81.5	81.5	 673	OK
 745	   0	80.6	80.6	 601	OK
 746	4000	78.4	78.4	 756	high noise
 747	   0	81.3	81.3	 601	OK
 748	   0	77.3	77.3	 555	OK
 749	   0	80.8	80.8	 653	OK
 750	1000	88.4	88.4	 493	unbonded
 751	1000	86.1	86.1	 512	unbonded
 752	8000	85.9	85.9	 540	partbonded
 753	   0	87.1	87.1	 586	OK
 754	   0	82.1	82.1	 662	OK
 755	   0	81.0	81.0	 600	OK
 756	4000	89.1	89.1	 739	high noise
 757	4000	85.1	85.1	 743	high noise
 758	   0	88.9	88.9	 674	OK
 759	   0	97.7	97.7	 602	OK
 760	   0	86.7	86.7	 636	OK
 761	   0	73.8	73.8	 560	OK
 762	   0	79.8	79.8	 573	OK
 763	   0	85.5	85.5	 610	OK
 764	   0	89.8	89.8	 556	OK
 765	   0	96.5	96.5	 626	OK
 766	1000	80.9	80.9	 511	unbonded
 767	   0	85.3	85.3	 670	OK
 768	   0	75.0	75.0	 647	OK
 769	   0	76.6	76.6	 629	OK
 770	   0	78.5	78.5	 621	OK
 771	   0	79.8	79.8	 801	OK
 772	   0	76.2	76.2	 628	OK
 773	   0	77.3	77.3	 720	OK
 774	   0	73.1	73.1	 732	OK
 775	   0	76.0	76.0	 722	OK
 776	   0	71.5	71.5	 640	OK
 777	   0	76.9	76.9	 698	OK
 778	   0	82.8	82.8	 560	OK
 779	   0	80.2	80.2	 704	OK
 780	   0	77.4	77.4	 599	OK
 781	   0	78.8	78.8	 766	OK
 782	   0	80.7	80.7	 664	OK
 783	1000	74.8	74.8	 496	unbonded
 784	   0	75.0	75.0	 630	OK
 785	   0	78.4	78.4	 790	OK
 786	   0	77.3	77.3	 730	OK
 787	   0	75.3	75.3	 639	OK
 788	   0	83.2	83.2	 654	OK
 789	   0	81.3	81.3	 714	OK
 790	   0	80.9	80.9	 754	OK
 791	   0	78.2	78.2	 732	OK
 792	   0	77.9	77.9	 641	OK
 793	   0	81.2	81.2	 619	OK
 794	   0	82.2	82.2	 700	OK
 795	   0	86.0	86.0	 764	OK
 796	   0	79.3	79.3	 717	OK
 797	1000	86.8	86.8	 536	unbonded
 798	4000	74.6	74.6	 877	high noise
 799	   0	70.9	70.9	 780	OK
 800	   0	76.9	76.9	 570	OK
 801	   0	86.3	86.3	 708	OK
 802	   0	77.4	77.4	 730	OK
 803	   0	84.5	84.5	 677	OK
 804	   0	81.3	81.3	 679	OK
 805	   0	74.6	74.6	 743	OK
 806	   0	77.8	77.8	 619	OK
 807	   0	73.7	73.7	 774	OK
 808	   0	76.1	76.1	 584	OK
 809	   0	77.8	77.8	 740	OK
 810	   0	73.7	73.7	 732	OK
 811	   0	83.5	83.5	 827	OK
 812	   0	76.0	76.0	 694	OK
 813	4000	82.0	82.0	 860	high noise
 814	   0	81.2	81.2	 553	OK
 815	   0	79.4	79.4	 660	OK
 816	   0	82.6	82.6	 692	OK
 817	   0	77.1	77.1	 683	OK
 818	   0	86.4	86.4	 706	OK
 819	4000	72.2	72.2	 836	high noise
 820	   0	80.0	80.0	 761	OK
 821	   0	81.7	81.7	 682	OK
 822	   0	73.2	73.2	 830	OK
 823	   0	81.4	81.4	 662	OK
 824	   0	74.9	74.9	 641	OK
 825	4000	85.7	85.7	 905	high noise
 826	   0	83.5	83.5	 743	OK
 827	   0	76.0	76.0	 790	OK
 828	   0	83.9	83.9	 778	OK
 829	   0	83.0	83.0	 781	OK
 830	   0	82.7	82.7	 805	OK
 831	   0	88.0	88.0	 791	OK
 832	   0	80.3	80.3	 758	OK
 833	   0	83.8	83.8	 725	OK
 834	   0	87.3	87.3	 828	OK
 835	4000	87.4	87.4	 865	high noise
 836	   0	77.1	77.1	 607	OK
 837	   0	86.1	86.1	 800	OK
 838	   0	77.6	77.6	 598	OK
 839	   0	83.2	83.2	 766	OK
 840	   0	82.0	82.0	 766	OK
 841	   0	77.5	77.5	 690	OK
 842	   0	77.0	77.0	 786	OK
 843	   0	75.7	75.7	 759	OK
 844	   0	76.9	76.9	 804	OK
 845	4000	73.9	73.9	 949	high noise
 846	   0	86.9	86.9	 788	OK
 847	   0	76.6	76.6	 742	OK
 848	4000	84.6	84.6	 872	high noise
 849	   0	78.3	78.3	 654	OK
 850	   0	78.8	78.8	 757	OK
 851	   0	81.1	81.1	 679	OK
 852	4000	76.7	76.7	 937	high noise
 853	   0	77.8	77.8	 717	OK
 854	   0	78.4	78.4	 769	OK
 855	   0	78.1	78.1	 627	OK
 856	4000	79.4	79.4	 885	high noise
 857	   0	80.4	80.4	 796	OK
 858	   0	75.4	75.4	 756	OK
 859	   0	76.0	76.0	 652	OK
 860	   0	74.8	74.8	 736	OK
 861	4000	80.8	80.8	 838	high noise
 862	   0	84.9	84.9	 728	OK
 863	4000	82.1	82.1	 885	high noise
 864	4000	73.9	73.9	1011	high noise
 865	   0	75.7	75.7	 669	OK
 866	   0	78.4	78.4	 810	OK
 867	   0	85.5	85.5	 705	OK
 868	   0	78.4	78.4	 625	OK
 869	4000	81.9	81.9	 870	high noise
 870	   0	85.3	85.3	 614	OK
 871	   0	75.2	75.2	 778	OK
 872	4000	73.4	73.4	 834	high noise
 873	   0	83.1	83.1	 715	OK
 874	   0	75.6	75.6	 811	OK
 875	   0	78.7	78.7	 646	OK
 876	   0	82.5	82.5	 610	OK
 877	   0	76.2	76.2	 671	OK
 878	   0	86.1	86.1	 774	OK
 879	   0	78.6	78.6	 616	OK
 880	   0	81.1	81.1	 778	OK
 881	   0	78.7	78.7	 624	OK
 882	   0	82.4	82.4	 684	OK
 883	   0	76.1	76.1	 682	OK
 884	   0	71.9	71.9	 787	OK
 885	   0	77.0	77.0	 559	OK
 886	   0	75.6	75.6	 806	OK
 887	   0	78.9	78.9	 761	OK
 888	   0	71.8	71.8	 678	OK
 889	   0	89.0	89.0	 650	OK
 890	   0	76.7	76.7	 639	OK
 891	   0	75.9	75.9	 814	OK
 892	   0	81.2	81.2	 704	OK
 893	   0	77.5	77.5	 749	OK
 894	   0	82.3	82.3	 634	OK
 895	   0	72.3	72.3	 667	OK
 896	1000	90.4	90.4	 538	unbonded
 897	   0	86.1	86.1	 604	OK
 898	   0	91.0	91.0	 580	OK
 899	   0	85.9	85.9	 601	OK
 900	   0	81.5	81.5	 596	OK
 901	   0	81.4	81.4	 622	OK
 902	   0	96.3	96.3	 685	OK
 903	   0	81.0	81.0	 620	OK
 904	   0	84.6	84.6	 631	OK
 905	   0	86.6	86.6	 670	OK
 906	   0	83.4	83.4	 694	OK
 907	   0	79.7	79.7	 685	OK
 908	   0	81.5	81.5	 583	OK
 909	   0	82.5	82.5	 707	OK
 910	   0	95.5	95.5	 735	OK
 911	   0	83.5	83.5	 752	OK
 912	   0	84.9	84.9	 576	OK
 913	   0	83.2	83.2	 652	OK
 914	   0	85.9	85.9	 670	OK
 915	   0	77.3	77.3	 739	OK
 916	   0	82.3	82.3	 633	OK
 917	   0	81.1	81.1	 698	OK
 918	4000	77.1	77.1	 831	high noise
 919	   0	84.7	84.7	 751	OK
 920	   0	81.9	81.9	 657	OK
 921	   0	83.9	83.9	 630	OK
 922	   0	72.9	72.9	 667	OK
 923	4000	82.6	82.6	 813	high noise
 924	4000	80.2	80.2	 839	high noise
 925	   0	77.0	77.0	 572	OK
 926	4000	80.6	80.6	 781	high noise
 927	   0	81.1	81.1	 650	OK
 928	   0	83.3	83.3	 693	OK
 929	4000	77.3	77.3	 810	high noise
 930	1000	83.8	83.8	 489	unbonded
 931	   0	82.3	82.3	 636	OK
 932	4000	75.8	75.8	 816	high noise
 933	   0	75.7	75.7	 697	OK
 934	   0	84.6	84.6	 662	OK
 935	   0	86.1	86.1	 737	OK
 936	   0	80.2	80.2	 556	OK
 937	   0	83.2	83.2	 749	OK
 938	   0	80.4	80.4	 651	OK
 939	   0	80.1	80.1	 696	OK
 940	   0	88.0	88.0	 747	OK
 941	   0	76.4	76.4	 692	OK
 942	   0	77.5	77.5	 546	OK
 943	   0	84.7	84.7	 705	OK
 944	   0	89.8	89.8	 584	OK
 945	   0	78.5	78.5	 630	OK
 946	   0	83.1	83.1	 680	OK
 947	   0	86.7	86.7	 628	OK
 948	   0	82.0	82.0	 747	OK
 949	4000	78.3	78.3	 782	high noise
 950	4000	87.2	87.2	 830	high noise
 951	   0	91.3	91.3	 676	OK
 952	   0	83.9	83.9	 663	OK
 953	   0	77.6	77.6	 679	OK
 954	4000	76.5	76.5	 835	high noise
 955	   0	79.8	79.8	 568	OK
 956	   0	89.5	89.5	 705	OK
 957	   0	89.7	89.7	 661	OK
 958	   0	82.0	82.0	 720	OK
 959	   0	88.7	88.7	 685	OK
 960	   0	80.6	80.6	 655	OK
 961	   0	78.9	78.9	 658	OK
 962	   0	78.7	78.7	 678	OK
 963	   0	75.8	75.8	 625	OK
 964	   0	83.4	83.4	 682	OK
 965	   0	78.7	78.7	 686	OK
 966	   0	78.5	78.5	 543	OK
 967	   0	76.9	76.9	 704	OK
 968	   0	75.4	75.4	 625	OK
 969	   0	85.7	85.7	 616	OK
 970	   0	80.9	80.9	 689	OK
 971	   0	81.3	81.3	 667	OK
 972	1000	81.3	81.3	 539	unbonded
 973	   0	78.7	78.7	 668	OK
 974	   0	83.1	83.1	 658	OK
 975	   0	87.7	87.7	 642	OK
 976	   0	79.8	79.8	 611	OK
 977	4000	71.9	71.9	 792	high noise
 978	   0	87.8	87.8	 588	OK
 979	   0	76.7	76.7	 717	OK
 980	4000	75.4	75.4	 816	high noise
 981	   0	76.5	76.5	 685	OK
 982	   0	78.7	78.7	 613	OK
 983	   0	79.7	79.7	 578	OK
 984	   0	80.1	80.1	 755	OK
 985	   0	82.5	82.5	 601	OK
 986	   0	83.3	83.3	 602	OK
 987	   0	76.5	76.5	 642	OK
 988	1000	74.7	74.7	 523	unbonded
 989	   0	79.2	79.2	 676	OK
 990	4000	81.0	81.0	 784	high noise
 991	   0	85.8	85.8	 696	OK
 992	   0	74.1	74.1	 680	OK
 993	   0	74.6	74.6	 730	OK
 994	4000	73.4	73.4	 813	high noise
 995	   0	76.1	76.1	 734	OK
 996	   0	77.4	77.4	 550	OK
 997	   0	84.0	84.0	 700	OK
 998	   0	77.2	77.2	 615	OK
 999	   0	89.2	89.2	 709	OK
1000	   0	84.8	84.8	 658	OK
1001	   0	78.6	78.6	 628	OK
1002	4000	79.0	79.0	 786	high noise
1003	   0	75.8	75.8	 713	OK
1004	   0	74.3	74.3	 693	OK
1005	   0	78.1	78.1	 595	OK
1006	   0	77.0	77.0	 719	OK
1007	   0	79.9	79.9	 677	OK
1008	   0	78.8	78.8	 700	OK
1009	   0	70.9	70.9	 747	OK
1010	   0	80.7	80.7	 725	OK
1011	   0	74.5	74.5	 631	OK
1012	   0	76.4	76.4	 694	OK
1013	   0	79.2	79.2	 716	OK
1014	   0	76.6	76.6	 579	OK
1015	   0	76.5	76.5	 699	OK
1016	   0	82.8	82.8	 639	OK
1017	   0	79.5	79.5	 695	OK
1018	   0	78.2	78.2	 568	OK
1019	4000	75.9	75.9	 808	high noise
1020	   0	85.1	85.1	 692	OK
1021	   0	74.0	74.0	 627	OK
1022	   0	74.8	74.8	 645	OK
1023	   0	81.7	81.7	 712	OK
1024	   0	89.7	89.7	 651	OK
1025	   0	83.1	83.1	 586	OK
1026	   0	89.7	89.7	 628	OK
1027	   0	89.1	89.1	 646	OK
1028	1000	83.2	83.2	 457	unbonded
1029	   0	84.8	84.8	 653	OK
1030	   0	86.9	86.9	 669	OK
1031	   0	85.3	85.3	 670	OK
1032	   0	90.3	90.3	 565	OK
1033	   0	85.3	85.3	 656	OK
1034	4000	87.6	87.6	 725	high noise
1035	4000	76.3	76.3	 719	high noise
1036	   0	88.3	88.3	 583	OK
1037	1000	83.1	83.1	 483	unbonded
1038	   0	93.5	93.5	 609	OK
1039	   0	93.7	93.7	 651	OK
1040	1000	88.3	88.3	 529	unbonded
1041	   0	89.3	89.3	 657	OK
1042	   0	89.2	89.2	 662	OK
1043	   0	80.6	80.6	 637	OK
1044	   0	82.8	82.8	 625	OK
1045	   0	84.1	84.1	 662	OK
1046	   0	86.3	86.3	 654	OK
1047	   0	82.5	82.5	 563	OK
1048	4000	81.4	81.4	 715	high noise
1049	   0	87.3	87.3	 652	OK
1050	   0	96.4	96.4	 574	OK
1051	   0	88.0	88.0	 601	OK
1052	   0	91.6	91.6	 541	OK
1053	1000	79.6	79.6	 456	unbonded
1054	   0	80.7	80.7	 642	OK
1055	   0	84.8	84.8	 628	OK
1056	1000	92.8	92.8	 433	unbonded
1057	4000	82.8	82.8	 728	high noise
1058	   0	78.3	78.3	 583	OK
1059	4000	85.3	85.3	 716	high noise
1060	   0	79.3	79.3	 576	OK
1061	   0	87.4	87.4	 579	OK
1062	   0	86.6	86.6	 670	OK
1063	   0	83.3	83.3	 661	OK
1064	   0	87.8	87.8	 663	OK
1065	   0	88.0	88.0	 573	OK
1066	   0	83.6	83.6	 559	OK
1067	   0	84.5	84.5	 569	OK
1068	   0	91.7	91.7	 638	OK
1069	   0	85.0	85.0	 554	OK
1070	   0	87.1	87.1	 580	OK
1071	1000	84.2	84.2	 535	unbonded
1072	   0	90.3	90.3	 622	OK
1073	   0	79.6	79.6	 645	OK
1074	   0	86.8	86.8	 571	OK
1075	   0	90.2	90.2	 602	OK
1076	   0	87.4	87.4	 575	OK
1077	4000	82.3	82.3	 721	high noise
1078	   0	85.3	85.3	 604	OK
1079	   0	79.2	79.2	 604	OK
1080	   0	87.2	87.2	 664	OK
1081	1000	85.4	85.4	 532	unbonded
1082	1000	89.2	89.2	 474	unbonded
1083	   0	83.3	83.3	 632	OK
1084	4000	97.2	97.2	 738	high noise
1085	   0	92.2	92.2	 600	OK
1086	   0	80.4	80.4	 557	OK
1087	   0	88.3	88.3	 558	OK
1088	   0	78.4	78.4	 578	OK
1089	   0	95.2	95.2	 547	OK
1090	1000	88.9	88.9	 505	unbonded
1091	   0	90.7	90.7	 640	OK
1092	   0	86.4	86.4	 599	OK
1093	   0	79.2	79.2	 574	OK
1094	   0	83.4	83.4	 689	OK
1095	   0	90.2	90.2	 670	OK
1096	1000	92.4	92.4	 470	unbonded
1097	   0	85.0	85.0	 617	OK
1098	   0	85.6	85.6	 635	OK
1099	   0	86.0	86.0	 595	OK
1100	   0	81.1	81.1	 574	OK
1101	   0	84.4	84.4	 658	OK
1102	1000	87.5	87.5	 418	unbonded
1103	   0	83.5	83.5	 615	OK
1104	   0	83.0	83.0	 627	OK
1105	1000	89.0	89.0	 534	unbonded
1106	   0	83.9	83.9	 670	OK
1107	   0	90.4	90.4	 581	OK
1108	   0	88.0	88.0	 640	OK
1109	   0	80.3	80.3	 631	OK
1110	4000	88.2	88.2	 781	high noise
1111	   0	82.9	82.9	 645	OK
1112	   0	90.1	90.1	 611	OK
1113	   0	87.5	87.5	 551	OK
1114	   0	88.6	88.6	 642	OK
1115	   0	85.0	85.0	 571	OK
1116	   0	92.5	92.5	 577	OK
1117	   0	82.7	82.7	 611	OK
1118	   0	86.3	86.3	 577	OK
1119	4000	86.1	86.1	 804	high noise
1120	   0	81.3	81.3	 646	OK
1121	4000	86.2	86.2	 709	high noise
1122	1000	91.2	91.2	 486	unbonded
1123	1000	84.5	84.5	 538	unbonded
1124	   0	81.8	81.8	 653	OK
1125	   0	87.2	87.2	 599	OK
1126	   0	85.2	85.2	 605	OK
1127	   0	84.4	84.4	 646	OK
1128	   0	86.8	86.8	 641	OK
1129	   0	90.7	90.7	 677	OK
1130	1000	87.3	87.3	 529	unbonded
1131	   0	74.1	74.1	 592	OK
1132	1000	86.4	86.4	 482	unbonded
1133	   0	81.8	81.8	 689	OK
1134	1000	89.3	89.3	 530	unbonded
1135	1000	87.0	87.0	 537	unbonded
1136	   0	82.8	82.8	 681	OK
1137	1000	81.8	81.8	 533	unbonded
1138	   0	88.2	88.2	 570	OK
1139	   0	85.9	85.9	 645	OK
1140	   0	81.6	81.6	 604	OK
1141	4000	82.7	82.7	 706	high noise
1142	1000	83.1	83.1	 531	unbonded
1143	   0	85.1	85.1	 564	OK
1144	   0	84.8	84.8	 567	OK
1145	4000	82.3	82.3	 779	high noise
1146	   0	87.1	87.1	 661	OK
1147	   0	85.9	85.9	 684	OK
1148	   0	80.5	80.5	 695	OK
1149	   0	80.0	80.0	 634	OK
1150	   0	87.9	87.9	 615	OK
1151	   0	89.4	89.4	 629	OK
1152	1000	77.5	77.5	 499	unbonded
1153	   0	92.8	92.8	 671	OK
1154	   0	83.1	83.1	 666	OK
1155	   0	90.0	90.0	 628	OK
1156	   0	92.2	92.2	 611	OK
1157	4000	83.1	83.1	 744	high noise
1158	4000	88.8	88.8	 749	high noise
1159	   0	92.7	92.7	 569	OK
1160	   0	90.8	90.8	 650	OK
1161	   0	87.9	87.9	 654	OK
1162	1000	93.9	93.9	 473	unbonded
1163	   0	87.3	87.3	 642	OK
1164	   0	96.0	96.0	 607	OK
1165	   0	83.6	83.6	 565	OK
1166	   0	84.0	84.0	 607	OK
1167	   0	83.4	83.4	 637	OK
1168	4000	83.8	83.8	 744	high noise
1169	   0	88.7	88.7	 645	OK
1170	   0	88.9	88.9	 543	OK
1171	4000	89.2	89.2	 703	high noise
1172	4000	86.7	86.7	 739	high noise
1173	   0	83.1	83.1	 698	OK
1174	   0	90.3	90.3	 614	OK
1175	1000	91.2	91.2	 455	unbonded
1176	   0	90.2	90.2	 690	OK
1177	   0	79.1	79.1	 693	OK
1178	4000	84.8	84.8	 713	high noise
1179	   0	89.3	89.3	 688	OK
1180	   0	88.1	88.1	 585	OK
1181	1000	87.3	87.3	 535	unbonded
1182	   0	84.7	84.7	 674	OK
1183	   0	89.0	89.0	 667	OK
1184	1000	87.2	87.2	 478	unbonded
1185	4000	88.5	88.5	 702	high noise
1186	4000	87.2	87.2	 710	high noise
1187	1000	86.1	86.1	 356	unbonded
1188	1000	87.4	87.4	 510	unbonded
1189	   0	88.8	88.8	 656	OK
1190	1000	85.4	85.4	 531	unbonded
1191	   0	81.2	81.2	 591	OK
1192	   0	85.9	85.9	 632	OK
1193	4000	87.7	87.7	 718	high noise
1194	1000	87.0	87.0	 483	unbonded
1195	4000	81.4	81.4	 732	high noise
1196	   0	92.3	92.3	 615	OK
1197	1000	88.4	88.4	 522	unbonded
1198	   0	92.2	92.2	 668	OK
1199	4000	95.3	95.3	 773	high noise
1200	   0	87.4	87.4	 647	OK
1201	   0	83.8	83.8	 636	OK
1202	   0	91.1	91.1	 609	OK
1203	   0	88.8	88.8	 594	OK
1204	   0	90.2	90.2	 658	OK
1205	4000	90.2	90.2	 720	high noise
1206	   0	84.3	84.3	 612	OK
1207	1000	87.2	87.2	 479	unbonded
1208	   0	98.0	98.0	 588	OK
1209	4000	90.0	90.0	 735	high noise
1210	   0	84.1	84.1	 573	OK
1211	1000	94.8	94.8	 504	unbonded
1212	   0	89.1	89.1	 644	OK
1213	4000	83.9	83.9	 712	high noise
1214	   0	89.5	89.5	 571	OK
1215	   0	87.0	87.0	 598	OK
1216	   0	89.1	89.1	 662	OK
1217	   0	92.6	92.6	 584	OK
1218	   0	83.3	83.3	 662	OK
1219	   0	82.5	82.5	 583	OK
1220	   0	88.6	88.6	 572	OK
1221	   0	92.9	92.9	 568	OK
1222	4000	94.1	94.1	 727	high noise
1223	8000	98.9	98.9	 540	partbonded
1224	   0	88.6	88.6	 653	OK
1225	1000	91.3	91.3	 527	unbonded
1226	   0	91.7	91.7	 563	OK
1227	   0	90.8	90.8	 655	OK
1228	   0	89.6	89.6	 640	OK
1229	1000	93.1	93.1	 491	unbonded
1230	   0	82.4	82.4	 606	OK
1231	   0	93.5	93.5	 607	OK
1232	1000	86.0	86.0	 509	unbonded
1233	1000	88.2	88.2	 477	unbonded
1234	4000	85.1	85.1	 712	high noise
1235	1000	95.2	95.2	 507	unbonded
1236	1000	97.7	97.7	 409	unbonded
1237	4000	88.6	88.6	 747	high noise
1238	   0	81.0	81.0	 658	OK
1239	   0	89.8	89.8	 669	OK
1240	   0	85.3	85.3	 663	OK
1241	   0	90.6	90.6	 584	OK
1242	   0	93.7	93.7	 572	OK
1243	   0	83.9	83.9	 669	OK
1244	   0	90.9	90.9	 617	OK
1245	4000	86.0	86.0	 761	high noise
1246	1000	86.6	86.6	 478	unbonded
1247	   0	91.8	91.8	 613	OK
1248	4000	84.3	84.3	 731	high noise
1249	   0	89.2	89.2	 585	OK
1250	   0	88.2	88.2	 626	OK
1251	   0	93.7	93.7	 650	OK
1252	   0	91.7	91.7	 682	OK
1253	   0	85.5	85.5	 609	OK
1254	   0	84.4	84.4	 598	OK
1255	   0	79.3	79.3	 670	OK
1256	1000	79.6	79.6	 509	unbonded
1257	   0	88.6	88.6	 628	OK
1258	   0	87.9	87.9	 568	OK
1259	   0	80.4	80.4	 622	OK
1260	1000	83.7	83.7	 475	unbonded
1261	1000	89.7	89.7	 501	unbonded
1262	   0	85.3	85.3	 613	OK
1263	   0	86.9	86.9	 543	OK
1264	4000	86.9	86.9	 703	high noise
1265	   0	83.4	83.4	 572	OK
1266	   0	86.9	86.9	 545	OK
1267	   0	82.3	82.3	 656	OK
1268	   0	85.7	85.7	 642	OK
1269	   0	84.6	84.6	 630	OK
1270	1000	77.9	77.9	 407	unbonded
1271	   0	85.1	85.1	 619	OK
1272	   0	89.6	89.6	 627	OK
1273	1000	89.4	89.4	 491	unbonded
1274	1000	88.4	88.4	 504	unbonded
1275	   0	86.3	86.3	 650	OK
1276	1000	83.8	83.8	 433	unbonded
1277	   0	86.4	86.4	 634	OK
1278	   0	86.6	86.6	 656	OK
1279	   0	97.2	97.2	 542	OK
1280	4000	101.1	101.1	 660	high noise
1281	   0	91.5	91.5	 577	OK
1282	4000	97.0	97.0	 668	high noise
1283	   0	97.7	97.7	 591	OK
1284	   0	94.4	94.4	 648	OK
1285	1000	86.8	86.8	 388	unbonded
1286	1000	95.1	95.1	 533	unbonded
1287	   0	92.9	92.9	 623	OK
1288	   0	101.2	101.2	 607	OK
1289	8000	103.3	103.3	 541	partbonded
1290	1000	95.2	95.2	 467	unbonded
1291	1000	99.6	99.6	 528	unbonded
1292	   0	100.0	100.0	 553	OK
1293	   0	97.4	97.4	 606	OK
1294	   0	91.7	91.7	 564	OK
1295	   0	94.8	94.8	 552	OK
1296	   0	106.0	106.0	 573	OK
1297	1000	95.0	95.0	 513	unbonded
1298	   0	90.9	90.9	 607	OK
1299	1000	104.5	104.5	 502	unbonded
1300	1000	97.4	97.4	 536	unbonded
1301	1000	98.0	98.0	 532	unbonded
1302	1000	97.3	97.3	 539	unbonded
1303	1000	98.1	98.1	 514	unbonded
1304	   0	98.1	98.1	 587	OK
1305	   0	93.8	93.8	 633	OK
1306	   0	98.4	98.4	 587	OK
1307	1000	94.0	94.0	 392	unbonded
1308	4000	89.5	89.5	 675	high noise
1309	   0	100.8	100.8	 608	OK
1310	   0	104.6	104.6	 548	OK
1311	   0	98.4	98.4	 570	OK
1312	4000	102.0	102.0	 673	high noise
1313	1000	103.2	103.2	 506	unbonded
1314	   0	97.9	97.9	 629	OK
1315	1000	99.6	99.6	 516	unbonded
1316	   0	91.0	91.0	 572	OK
1317	   0	97.3	97.3	 562	OK
1318	   0	96.8	96.8	 597	OK
1319	1000	100.9	100.9	 501	unbonded
1320	   0	92.6	92.6	 636	OK
1321	   0	94.7	94.7	 586	OK
1322	   0	102.4	102.4	 577	OK
1323	1000	101.0	101.0	 468	unbonded
1324	   0	100.2	100.2	 573	OK
1325	   0	95.9	95.9	 650	OK
1326	   0	99.8	99.8	 618	OK
1327	   0	97.0	97.0	 627	OK
1328	   0	93.7	93.7	 572	OK
1329	1000	109.1	109.1	 507	unbonded
1330	   0	90.5	90.5	 603	OK
1331	1000	101.4	101.4	 507	unbonded
1332	   0	100.5	100.5	 616	OK
1333	   0	90.3	90.3	 594	OK
1334	1000	94.7	94.7	 531	unbonded
1335	   0	96.3	96.3	 627	OK
1336	1000	95.4	95.4	 510	unbonded
1337	   0	95.9	95.9	 614	OK
1338	1000	95.8	95.8	 505	unbonded
1339	4000	90.1	90.1	 753	high noise
1340	   0	106.4	106.4	 590	OK
1341	1000	102.7	102.7	 426	unbonded
1342	   0	102.0	102.0	 607	OK
1343	1000	95.0	95.0	 427	unbonded
1344	4000	96.0	96.0	 672	high noise
1345	4000	96.2	96.2	 688	high noise
1346	4000	93.4	93.4	 719	high noise
1347	1000	97.7	97.7	 528	unbonded
1348	   0	96.7	96.7	 598	OK
1349	1000	97.0	97.0	 460	unbonded
1350	   0	103.5	103.5	 591	OK
1351	4000	103.1	103.1	 671	high noise
1352	   0	98.9	98.9	 546	OK
1353	   0	92.9	92.9	 548	OK
1354	   0	97.8	97.8	 552	OK
1355	1000	103.4	103.4	 515	unbonded
1356	   0	101.3	101.3	 549	OK
1357	1000	98.4	98.4	 490	unbonded
1358	   0	93.2	93.2	 574	OK
1359	   0	104.1	104.1	 585	OK
1360	4000	102.9	102.9	 670	high noise
1361	   0	98.3	98.3	 562	OK
1362	   0	100.7	100.7	 620	OK
1363	4000	98.9	98.9	 716	high noise
1364	   0	99.2	99.2	 577	OK
1365	1000	100.5	100.5	 520	unbonded
1366	1000	90.2	90.2	 522	unbonded
1367	4000	97.0	97.0	 679	high noise
1368	1000	99.8	99.8	 535	unbonded
1369	   0	97.1	97.1	 610	OK
1370	1000	97.0	97.0	 500	unbonded
1371	4000	104.6	104.6	 696	high noise
1372	1000	106.0	106.0	 470	unbonded
1373	4000	102.9	102.9	 768	high noise
1374	   0	104.5	104.5	 573	OK
1375	4000	101.2	101.2	 706	high noise
1376	1000	96.8	96.8	 507	unbonded
1377	1000	106.6	106.6	 469	unbonded
1378	   0	102.5	102.5	 565	OK
1379	   0	105.0	105.0	 582	OK
1380	   0	95.2	95.2	 594	OK
1381	   0	92.0	92.0	 568	OK
1382	   0	108.0	108.0	 591	OK
1383	   0	90.5	90.5	 616	OK
1384	   0	99.2	99.2	 550	OK
1385	1000	103.7	103.7	 525	unbonded
1386	   0	92.6	92.6	 551	OK
1387	1000	96.6	96.6	 514	unbonded
1388	1000	100.7	100.7	 527	unbonded
1389	   0	105.1	105.1	 550	OK
1390	1000	94.3	94.3	 525	unbonded
1391	   0	96.8	96.8	 602	OK
1392	1000	104.5	104.5	 502	unbonded
1393	1000	96.3	96.3	 492	unbonded
1394	1000	100.3	100.3	 500	unbonded
1395	   0	104.1	104.1	 633	OK
1396	   0	93.7	93.7	 635	OK
1397	1000	99.1	99.1	 530	unbonded
1398	4000	108.1	108.1	 727	high noise
1399	   0	99.7	99.7	 627	OK
1400	   0	97.5	97.5	 556	OK
1401	1000	92.8	92.8	 490	unbonded
1402	   0	95.8	95.8	 599	OK
1403	1000	104.8	104.8	 538	unbonded
1404	   0	109.9	109.9	 572	OK
1405	   0	90.9	90.9	 627	OK
1406	   0	99.2	99.2	 548	OK
1407	   0	99.5	99.5	 583	OK
1408	8000	85.8	85.8	 540	partbonded
1409	   0	84.5	84.5	 564	OK
1410	   0	83.1	83.1	 694	OK
1411	   0	79.9	79.9	 657	OK
1412	4000	83.3	83.3	 769	high noise
1413	   0	80.0	80.0	 619	OK
1414	4000	76.7	76.7	 807	high noise
1415	   0	88.0	88.0	 742	OK
1416	   0	78.5	78.5	 647	OK
1417	   0	83.3	83.3	 573	OK
1418	   0	79.6	79.6	 692	OK
1419	   0	82.8	82.8	 669	OK
1420	   0	82.0	82.0	 752	OK
1421	   0	79.8	79.8	 642	OK
1422	   0	76.9	76.9	 640	OK
1423	4000	78.0	78.0	 825	high noise
1424	   0	76.5	76.5	 602	OK
1425	   0	83.8	83.8	 648	OK
1426	   0	77.8	77.8	 670	OK
1427	   0	84.8	84.8	 609	OK
1428	   0	83.2	83.2	 625	OK
1429	   0	83.7	83.7	 666	OK
1430	4000	77.1	77.1	 787	high noise
1431	   0	82.1	82.1	 595	OK
1432	   0	83.5	83.5	 751	OK
1433	   0	73.2	73.2	 642	OK
1434	   0	75.6	75.6	 549	OK
1435	   0	80.2	80.2	 625	OK
1436	   0	83.6	83.6	 654	OK
1437	   0	83.7	83.7	 743	OK
1438	   0	73.9	73.9	 611	OK
1439	   0	91.9	91.9	 550	OK
1440	1000	79.1	79.1	 502	unbonded
1441	   0	80.2	80.2	 563	OK
1442	   0	85.6	85.6	 686	OK
1443	   0	84.2	84.2	 673	OK
1444	   0	75.8	75.8	 614	OK
1445	4000	79.9	79.9	 769	high noise
1446	   0	80.5	80.5	 619	OK
1447	   0	78.8	78.8	 726	OK
1448	   0	81.3	81.3	 579	OK
1449	   0	73.8	73.8	 640	OK
1450	4000	82.9	82.9	 931	high noise
1451	   0	83.7	83.7	 672	OK
1452	1000	89.4	89.4	 433	unbonded
1453	4000	84.5	84.5	 795	high noise
1454	   0	81.2	81.2	 709	OK
1455	   0	85.9	85.9	 570	OK
1456	   0	74.9	74.9	 717	OK
1457	4000	87.0	87.0	 828	high noise
1458	   0	76.4	76.4	 578	OK
1459	   0	81.1	81.1	 643	OK
1460	1000	88.6	88.6	 472	unbonded
1461	   0	81.2	81.2	 550	OK
1462	4000	85.5	85.5	 822	high noise
1463	   0	82.0	82.0	 581	OK
1464	   0	80.8	80.8	 608	OK
1465	   0	83.8	83.8	 635	OK
1466	4000	80.4	80.4	 794	high noise
1467	   0	80.2	80.2	 654	OK
1468	   0	76.9	76.9	 598	OK
1469	   0	94.4	94.4	 583	OK
1470	4000	77.5	77.5	 842	high noise
1471	4000	84.7	84.7	 760	high noise
1472	   0	79.0	79.0	 678	OK
1473	   0	80.7	80.7	 715	OK
1474	   0	82.5	82.5	 614	OK
1475	   0	86.3	86.3	 648	OK
1476	   0	80.5	80.5	 635	OK
1477	4000	78.6	78.6	 769	high noise
1478	4000	85.1	85.1	 789	high noise
1479	   0	79.4	79.4	 730	OK
1480	   0	82.1	82.1	 688	OK
1481	   0	87.2	87.2	 581	OK
1482	   0	79.9	79.9	 703	OK
1483	   0	77.6	77.6	 627	OK
1484	   0	80.2	80.2	 563	OK
1485	1000	84.5	84.5	 526	unbonded
1486	   0	81.8	81.8	 732	OK
1487	1000	84.3	84.3	 516	unbonded
1488	   0	86.2	86.2	 558	OK
1489	   0	85.1	85.1	 611	OK
1490	   0	79.4	79.4	 732	OK
1491	   0	83.2	83.2	 618	OK
1492	   0	81.8	81.8	 578	OK
1493	   0	80.6	80.6	 548	OK
1494	   0	77.1	77.1	 568	OK
1495	   0	84.0	84.0	 732	OK
1496	   0	85.7	85.7	 684	OK
1497	   0	79.3	79.3	 681	OK
1498	   0	82.1	82.1	 703	OK
1499	   0	81.0	81.0	 721	OK
1500	   0	80.0	80.0	 619	OK
1501	   0	87.5	87.5	 741	OK
1502	   0	84.2	84.2	 643	OK
1503	   0	72.5	72.5	 679	OK
1504	   0	87.0	87.0	 616	OK
1505	   0	79.0	79.0	 614	OK
1506	   0	88.8	88.8	 610	OK
1507	   0	85.1	85.1	 691	OK
1508	   0	77.9	77.9	 712	OK
1509	   0	83.8	83.8	 692	OK
1510	   0	88.6	88.6	 587	OK
1511	   0	84.1	84.1	 631	OK
1512	   0	79.0	79.0	 562	OK
1513	   0	83.3	83.3	 729	OK
1514	   0	76.6	76.6	 624	OK
1515	   0	86.4	86.4	 609	OK
1516	   0	81.9	81.9	 654	OK
1517	   0	79.0	79.0	 623	OK
1518	   0	82.7	82.7	 586	OK
1519	   0	86.5	86.5	 647	OK
1520	   0	83.4	83.4	 595	OK
1521	   0	81.4	81.4	 673	OK
1522	1000	79.7	79.7	 519	unbonded
1523	   0	79.2	79.2	 563	OK
1524	   0	80.4	80.4	 672	OK
1525	   0	84.7	84.7	 675	OK
1526	   0	78.9	78.9	 612	OK
1527	   0	80.0	80.0	 673	OK
1528	   0	80.8	80.8	 721	OK
1529	   0	80.5	80.5	 686	OK
1530	4000	80.1	80.1	 765	high noise
1531	   0	87.6	87.6	 742	OK
1532	   0	85.0	85.0	 748	OK
1533	   0	80.3	80.3	 700	OK
1534	   0	81.0	81.0	 628	OK
1535	   0	82.5	82.5	 608	OK
1536	   0	82.7	82.7	 666	OK
1537	   0	78.8	78.8	 664	OK
1538	1000	81.3	81.3	 536	unbonded
1539	   0	82.4	82.4	 552	OK
1540	   0	82.0	82.0	 631	OK
1541	1000	82.9	82.9	 479	unbonded
1542	   0	85.7	85.7	 659	OK
1543	   0	76.3	76.3	 677	OK
1544	   0	81.3	81.3	 704	OK
1545	   0	87.7	87.7	 673	OK
1546	4000	78.7	78.7	 745	high noise
1547	   0	76.1	76.1	 626	OK
1548	   0	74.1	74.1	 602	OK
1549	1000	81.2	81.2	 533	unbonded
1550	   0	80.0	80.0	 564	OK
1551	   0	75.6	75.6	 569	OK
1552	   0	78.9	78.9	 563	OK
1553	   0	81.4	81.4	 613	OK
1554	1000	78.4	78.4	 535	unbonded
1555	   0	81.9	81.9	 611	OK
1556	1000	87.3	87.3	 520	unbonded
1557	4000	79.9	79.9	 786	high noise
1558	4000	82.0	82.0	 719	high noise
1559	4000	79.1	79.1	 746	high noise
1560	   0	78.3	78.3	 549	OK
1561	4000	78.1	78.1	 741	high noise
1562	1000	81.6	81.6	 468	unbonded
1563	4000	73.8	73.8	 727	high noise
1564	1000	80.4	80.4	 454	unbonded
1565	   0	77.5	77.5	 653	OK
1566	   0	79.8	79.8	 675	OK
1567	1000	82.6	82.6	 474	unbonded
1568	   0	85.4	85.4	 603	OK
1569	1000	88.7	88.7	 522	unbonded
1570	   0	79.5	79.5	 682	OK
1571	1000	80.2	80.2	 536	unbonded
1572	   0	79.4	79.4	 598	OK
1573	4000	77.9	77.9	 767	high noise
1574	   0	79.4	79.4	 568	OK
1575	4000	80.8	80.8	 780	high noise
1576	1000	79.4	79.4	 540	unbonded
1577	   0	80.5	80.5	 645	OK
1578	1000	81.1	81.1	 502	unbonded
1579	4000	78.1	78.1	 757	high noise
1580	   0	87.7	87.7	 670	OK
1581	   0	79.5	79.5	 602	OK
1582	   0	80.7	80.7	 688	OK
1583	   0	78.4	78.4	 638	OK
1584	   0	85.4	85.4	 692	OK
1585	   0	79.8	79.8	 646	OK
1586	4000	84.3	84.3	 743	high noise
1587	1000	74.3	74.3	 528	unbonded
1588	   0	83.8	83.8	 676	OK
1589	   0	85.2	85.2	 695	OK
1590	   0	80.3	80.3	 564	OK
1591	   0	81.3	81.3	 596	OK
1592	1000	80.9	80.9	 517	unbonded
1593	4000	84.1	84.1	 737	high noise
1594	   0	75.2	75.2	 570	OK
1595	   0	81.7	81.7	 646	OK
1596	4000	81.9	81.9	 805	high noise
1597	   0	79.4	79.4	 633	OK
1598	1000	86.6	86.6	 530	unbonded
1599	1000	85.9	85.9	 523	unbonded
1600	   0	83.2	83.2	 654	OK
1601	   0	86.1	86.1	 704	OK
1602	   0	86.2	86.2	 617	OK
1603	1000	82.6	82.6	 514	unbonded
1604	   0	86.4	86.4	 575	OK
1605	   0	91.8	91.8	 596	OK
1606	1000	86.7	86.7	 518	unbonded
1607	   0	78.0	78.0	 632	OK
1608	4000	79.0	79.0	 736	high noise
1609	   0	83.8	83.8	 652	OK
1610	4000	83.8	83.8	 774	high noise
1611	   0	73.9	73.9	 665	OK
1612	   0	83.4	83.4	 611	OK
1613	   0	81.3	81.3	 553	OK
1614	   0	84.6	84.6	 598	OK
1615	   0	83.6	83.6	 660	OK
1616	   0	86.5	86.5	 710	OK
1617	1000	86.7	86.7	 474	unbonded
1618	   0	85.2	85.2	 626	OK
1619	   0	82.4	82.4	 655	OK
1620	   0	74.6	74.6	 627	OK
1621	1000	79.8	79.8	 535	unbonded
1622	   0	75.2	75.2	 716	OK
1623	   0	80.6	80.6	 699	OK
1624	   0	93.3	93.3	 710	OK
1625	   0	78.0	78.0	 688	OK
1626	   0	74.5	74.5	 618	OK
1627	   0	74.5	74.5	 673	OK
1628	   0	85.3	85.3	 715	OK
1629	   0	81.1	81.1	 606	OK
1630	   0	84.3	84.3	 588	OK
1631	   0	85.2	85.2	 556	OK
1632	   0	87.7	87.7	 641	OK
1633	   0	84.6	84.6	 572	OK
1634	   0	82.3	82.3	 618	OK
1635	   0	79.0	79.0	 616	OK
1636	   0	79.6	79.6	 628	OK
1637	   0	80.5	80.5	 678	OK
1638	   0	80.4	80.4	 569	OK
1639	1000	78.3	78.3	 538	unbonded
1640	   0	80.5	80.5	 611	OK
1641	   0	76.6	76.6	 626	OK
1642	   0	84.5	84.5	 682	OK
1643	   0	76.1	76.1	 714	OK
1644	4000	81.3	81.3	 794	high noise
1645	   0	82.1	82.1	 606	OK
1646	1000	86.3	86.3	 420	unbonded
1647	   0	82.9	82.9	 693	OK
1648	   0	74.7	74.7	 667	OK
1649	   0	81.5	81.5	 625	OK
1650	   0	83.5	83.5	 569	OK
1651	   0	83.0	83.0	 694	OK
1652	   0	86.2	86.2	 544	OK
1653	   0	77.6	77.6	 557	OK
1654	   0	81.9	81.9	 662	OK
1655	   0	85.5	85.5	 557	OK
1656	   0	93.4	93.4	 618	OK
1657	1000	74.5	74.5	 512	unbonded
1658	   0	80.6	80.6	 716	OK
1659	4000	80.9	80.9	 751	high noise
1660	1000	84.4	84.4	 486	unbonded
1661	   0	85.4	85.4	 633	OK
1662	1000	85.8	85.8	 448	unbonded
1663	   0	81.9	81.9	 664	OK
1664	   0	81.0	81.0	 617	OK
1665	   0	87.4	87.4	 654	OK
1666	   0	84.7	84.7	 626	OK
1667	   0	91.9	91.9	 647	OK
1668	   0	85.4	85.4	 641	OK
1669	1000	92.1	92.1	 347	unbonded
1670	1000	89.1	89.1	 521	unbonded
1671	   0	83.7	83.7	 600	OK
1672	1000	81.9	81.9	 389	unbonded
1673	   0	90.8	90.8	 548	OK
1674	   0	96.6	96.6	 662	OK
1675	   0	86.7	86.7	 617	OK
1676	   0	82.7	82.7	 592	OK
1677	1000	92.5	92.5	 421	unbonded
1678	1000	86.8	86.8	 531	unbonded
1679	4000	92.1	92.1	 703	high noise
1680	1000	86.1	86.1	 475	unbonded
1681	   0	86.7	86.7	 648	OK
1682	   0	82.6	82.6	 625	OK
1683	1000	85.6	85.6	 512	unbonded
1684	1000	92.0	92.0	 499	unbonded
1685	1000	84.2	84.2	 537	unbonded
1686	1000	92.5	92.5	 527	unbonded
1687	   0	85.5	85.5	 610	OK
1688	   0	85.0	85.0	 574	OK
1689	   0	87.4	87.4	 658	OK
1690	1000	91.5	91.5	 537	unbonded
1691	   0	83.5	83.5	 641	OK
1692	4000	87.7	87.7	 708	high noise
1693	   0	84.3	84.3	 598	OK
1694	   0	84.5	84.5	 651	OK
1695	   0	82.8	82.8	 619	OK
1696	   0	91.2	91.2	 632	OK
1697	   0	87.2	87.2	 635	OK
1698	1000	92.8	92.8	 523	unbonded
1699	1000	89.2	89.2	 484	unbonded
1700	   0	89.5	89.5	 647	OK
1701	   0	82.5	82.5	 683	OK
1702	   0	90.2	90.2	 544	OK
1703	4000	83.1	83.1	 766	high noise
1704	   0	89.3	89.3	 583	OK
1705	   0	85.3	85.3	 555	OK
1706	   0	87.3	87.3	 602	OK
1707	   0	91.1	91.1	 590	OK
1708	4000	86.1	86.1	 689	high noise
1709	   0	83.5	83.5	 677	OK
1710	1000	86.4	86.4	 536	unbonded
1711	1000	88.4	88.4	 521	unbonded
1712	   0	85.2	85.2	 618	OK
1713	   0	87.9	87.9	 670	OK
1714	   0	86.6	86.6	 594	OK
1715	4000	90.3	90.3	 690	high noise
1716	4000	84.9	84.9	 729	high noise
1717	   0	85.7	85.7	 587	OK
1718	   0	94.7	94.7	 569	OK
1719	4000	89.6	89.6	 693	high noise
1720	1000	88.6	88.6	 516	unbonded
1721	   0	86.9	86.9	 569	OK
1722	4000	85.9	85.9	 696	high noise
1723	   0	85.2	85.2	 679	OK
1724	   0	89.8	89.8	 560	OK
1725	1000	95.9	95.9	 476	unbonded
1726	   0	95.9	95.9	 661	OK
1727	   0	93.6	93.6	 597	OK
1728	   0	88.6	88.6	 580	OK
1729	1000	94.6	94.6	 514	unbonded
1730	   0	88.9	88.9	 638	OK
1731	1000	88.2	88.2	 504	unbonded
1732	1000	88.9	88.9	 461	unbonded
1733	1000	95.3	95.3	 501	unbonded
1734	   0	84.4	84.4	 667	OK
1735	   0	99.1	99.1	 560	OK
1736	4000	84.2	84.2	 749	high noise
1737	   0	90.2	90.2	 644	OK
1738	   0	93.7	93.7	 684	OK
1739	   0	86.0	86.0	 599	OK
1740	   0	84.9	84.9	 548	OK
1741	1000	83.5	83.5	 528	unbonded
1742	   0	93.5	93.5	 550	OK
1743	   0	88.3	88.3	 640	OK
1744	   0	86.3	86.3	 569	OK
1745	   0	92.3	92.3	 645	OK
1746	1000	94.2	94.2	 491	unbonded
1747	1000	92.9	92.9	 518	unbonded
1748	4000	91.3	91.3	 722	high noise
1749	   0	85.4	85.4	 570	OK
1750	   0	85.8	85.8	 649	OK
1751	   0	85.5	85.5	 622	OK
1752	   0	95.3	95.3	 608	OK
1753	   0	88.7	88.7	 606	OK
1754	   0	89.8	89.8	 624	OK
1755	1000	89.9	89.9	 513	unbonded
1756	   0	87.7	87.7	 556	OK
1757	   0	91.2	91.2	 590	OK
1758	   0	91.3	91.3	 566	OK
1759	   0	93.9	93.9	 625	OK
1760	   0	91.0	91.0	 659	OK
1761	   0	88.8	88.8	 612	OK
1762	4000	92.3	92.3	 719	high noise
1763	   0	93.3	93.3	 663	OK
1764	   0	92.4	92.4	 623	OK
1765	   0	88.9	88.9	 679	OK
1766	   0	81.0	81.0	 567	OK
1767	   0	93.4	93.4	 544	OK
1768	   0	89.6	89.6	 613	OK
1769	   0	86.9	86.9	 610	OK
1770	   0	86.7	86.7	 643	OK
1771	1000	88.1	88.1	 523	unbonded
1772	   0	82.5	82.5	 674	OK
1773	   0	89.4	89.4	 665	OK
1774	   0	90.4	90.4	 685	OK
1775	   0	85.1	85.1	 551	OK
1776	   0	93.2	93.2	 631	OK
1777	   0	84.9	84.9	 604	OK
1778	   0	92.5	92.5	 560	OK
1779	   0	85.0	85.0	 607	OK
1780	   0	79.9	79.9	 584	OK
1781	1000	86.9	86.9	 512	unbonded
1782	8000	91.9	91.9	 541	partbonded
1783	4000	79.2	79.2	 777	high noise
1784	   0	92.3	92.3	 633	OK
1785	4000	87.9	87.9	 694	high noise
1786	1000	87.1	87.1	 465	unbonded
1787	   0	88.3	88.3	 661	OK
1788	   0	91.0	91.0	 591	OK
1789	   0	86.7	86.7	 684	OK
1790	1000	87.3	87.3	 510	unbonded
1791	   0	82.1	82.1	 620	OK
1792	   0	71.3	71.3	 716	OK
1793	   0	68.2	68.2	 765	OK
1794	   0	79.9	79.9	 680	OK
1795	   0	77.3	77.3	 637	OK
1796	   0	75.8	75.8	 708	OK
1797	4000	77.5	77.5	 860	high noise
1798	   0	84.5	84.5	 618	OK
1799	   0	73.0	73.0	 660	OK
1800	   0	66.1	66.1	 570	OK
1801	1000	88.8	88.8	 538	unbonded
1802	1000	73.7	73.7	 505	unbonded
1803	   0	78.3	78.3	 733	OK
1804	   0	76.0	76.0	 599	OK
1805	   0	78.0	78.0	 647	OK
1806	   0	70.9	70.9	 714	OK
1807	4000	76.3	76.3	 873	high noise
1808	   0	75.1	75.1	 593	OK
1809	1000	74.9	74.9	 380	unbonded
1810	   0	77.7	77.7	 757	OK
1811	   0	75.2	75.2	 697	OK
1812	4000	71.5	71.5	 877	high noise
1813	4000	79.9	79.9	 801	high noise
1814	   0	77.0	77.0	 602	OK
1815	   0	78.1	78.1	 634	OK
1816	   0	79.6	79.6	 704	OK
1817	   0	73.2	73.2	 692	OK
1818	4000	73.5	73.5	 877	high noise
1819	   0	71.1	71.1	 765	OK
1820	   0	75.4	75.4	 688	OK
1821	   0	74.8	74.8	 717	OK
1822	   0	74.1	74.1	 739	OK
1823	   0	71.6	71.6	 609	OK
1824	4000	74.9	74.9	 867	high noise
1825	   0	69.9	69.9	 660	OK
1826	   0	73.6	73.6	 745	OK
1827	   0	71.9	71.9	 578	OK
1828	   0	76.3	76.3	 694	OK
1829	   0	79.6	79.6	 620	OK
1830	   0	82.5	82.5	 650	OK
1831	4000	76.1	76.1	 827	high noise
1832	   0	72.7	72.7	 706	OK
1833	   0	82.5	82.5	 617	OK
1834	   0	79.3	79.3	 566	OK
1835	4000	68.8	68.8	 805	high noise
1836	   0	77.6	77.6	 627	OK
1837	   0	80.1	80.1	 600	OK
1838	   0	77.1	77.1	 760	OK
1839	   0	80.6	80.6	 675	OK
1840	4000	77.2	77.2	 781	high noise
1841	   0	73.2	73.2	 735	OK
1842	   0	78.9	78.9	 756	OK
1843	   0	72.8	72.8	 696	OK
1844	   0	73.4	73.4	 698	OK
1845	   0	78.1	78.1	 698	OK
1846	4000	69.4	69.4	 790	high noise
1847	   0	81.1	81.1	 622	OK
1848	4000	76.8	76.8	 806	high noise
1849	1000	72.8	72.8	 483	unbonded
1850	4000	78.8	78.8	 805	high noise
1851	   0	87.9	87.9	 683	OK
1852	4000	77.4	77.4	 797	high noise
1853	   0	83.7	83.7	 607	OK
1854	   0	82.3	82.3	 723	OK
1855	   0	79.3	79.3	 552	OK
1856	   0	75.9	75.9	 648	OK
1857	   0	73.0	73.0	 676	OK
1858	   0	76.8	76.8	 618	OK
1859	   0	75.5	75.5	 588	OK
1860	4000	73.8	73.8	 793	high noise
1861	   0	71.7	71.7	 757	OK
1862	   0	76.3	76.3	 583	OK
1863	4000	69.4	69.4	 808	high noise
1864	   0	73.4	73.4	 675	OK
1865	   0	76.2	76.2	 618	OK
1866	   0	72.5	72.5	 580	OK
1867	   0	73.5	73.5	 683	OK
1868	   0	77.2	77.2	 645	OK
1869	   0	79.6	79.6	 570	OK
1870	4000	81.3	81.3	 810	high noise
1871	   0	72.5	72.5	 704	OK
1872	   0	73.0	73.0	 691	OK
1873	   0	68.5	68.5	 690	OK
1874	   0	71.3	71.3	 667	OK
1875	4000	73.5	73.5	 799	high noise
1876	   0	72.9	72.9	 582	OK
1877	   0	75.2	75.2	 769	OK
1878	   0	67.1	67.1	 699	OK
1879	   0	80.3	80.3	 640	OK
1880	   0	69.7	69.7	 687	OK
1881	   0	78.4	78.4	 710	OK
1882	   0	80.5	80.5	 564	OK
1883	   0	74.7	74.7	 624	OK
1884	   0	71.9	71.9	 594	OK
1885	   0	71.1	71.1	 738	OK
1886	1000	76.7	76.7	 429	unbonded
1887	   0	72.9	72.9	 647	OK
1888	4000	71.0	71.0	 783	high noise
1889	   0	77.3	77.3	 561	OK
1890	   0	71.0	71.0	 685	OK
1891	   0	72.3	72.3	 667	OK
1892	   0	74.5	74.5	 551	OK
1893	   0	78.6	78.6	 647	OK
1894	   0	71.3	71.3	 665	OK
1895	   0	72.2	72.2	 686	OK
1896	4000	79.0	79.0	 862	high noise
1897	   0	79.4	79.4	 606	OK
1898	   0	74.2	74.2	 730	OK
1899	   0	73.8	73.8	 550	OK
1900	4000	73.1	73.1	 780	high noise
1901	   0	79.1	79.1	 737	OK
1902	1000	79.5	79.5	 480	unbonded
1903	   0	71.3	71.3	 701	OK
1904	   0	68.3	68.3	 586	OK
1905	   0	71.3	71.3	 686	OK
1906	4000	69.2	69.2	 800	high noise
1907	   0	69.3	69.3	 649	OK
1908	   0	74.6	74.6	 649	OK
1909	   0	73.7	73.7	 572	OK
1910	   0	75.6	75.6	 617	OK
1911	   0	67.8	67.8	 666	OK
1912	   0	71.6	71.6	 670	OK
1913	   0	77.9	77.9	 566	OK
1914	   0	76.4	76.4	 710	OK
1915	   0	72.0	72.0	 694	OK
1916	1000	75.9	75.9	 536	unbonded
1917	   0	76.3	76.3	 629	OK
1918	   0	72.3	72.3	 684	OK
1919	   0	69.4	69.4	 709	OK
1920	   0	89.0	89.0	 677	OK
1921	   0	87.7	87.7	 634	OK
1922	   0	90.0	90.0	 574	OK
1923	1000	87.2	87.2	 456	unbonded
1924	4000	89.6	89.6	 703	high noise
1925	   0	95.5	95.5	 584	OK
1926	   0	79.5	79.5	 558	OK
1927	   0	88.4	88.4	 576	OK
1928	4000	79.0	79.0	 706	high noise
1929	1000	86.6	86.6	 531	unbonded
1930	   0	94.0	94.0	 547	OK
1931	   0	84.1	84.1	 619	OK
1932	   0	84.4	84.4	 622	OK
1933	4000	81.1	81.1	 744	high noise
1934	   0	91.1	91.1	 581	OK
1935	1000	92.3	92.3	 533	unbonded
1936	1000	88.8	88.8	 510	unbonded
1937	   0	85.4	85.4	 654	OK
1938	1000	90.1	90.1	 476	unbonded
1939	   0	86.4	86.4	 670	OK
1940	1000	84.7	84.7	 486	unbonded
1941	4000	83.8	83.8	 704	high noise
1942	   0	87.2	87.2	 600	OK
1943	1000	83.2	83.2	 510	unbonded
1944	   0	86.2	86.2	 556	OK
1945	   0	74.8	74.8	 570	OK
1946	1000	96.8	96.8	 501	unbonded
1947	1000	90.4	90.4	 517	unbonded
1948	   0	84.3	84.3	 618	OK
1949	1000	88.4	88.4	 516	unbonded
1950	   0	76.2	76.2	 622	OK
1951	   0	82.7	82.7	 668	OK
1952	4000	83.7	83.7	 725	high noise
1953	   0	86.3	86.3	 645	OK
1954	   0	94.7	94.7	 604	OK
1955	4000	84.2	84.2	 723	high noise
1956	   0	76.4	76.4	 654	OK
1957	   0	90.5	90.5	 559	OK
1958	   0	84.6	84.6	 599	OK
1959	   0	83.9	83.9	 670	OK
1960	   0	89.1	89.1	 548	OK
1961	1000	84.0	84.0	 539	unbonded
1962	   0	80.6	80.6	 632	OK
1963	1000	82.0	82.0	 486	unbonded
1964	4000	83.4	83.4	 722	high noise
1965	   0	86.2	86.2	 640	OK
1966	   0	82.2	82.2	 650	OK
1967	   0	88.0	88.0	 640	OK
1968	   0	85.9	85.9	 604	OK
1969	   0	85.9	85.9	 577	OK
1970	   0	86.1	86.1	 665	OK
1971	   0	84.5	84.5	 585	OK
1972	4000	85.0	85.0	 707	high noise
1973	1000	85.6	85.6	 529	unbonded
1974	   0	88.8	88.8	 543	OK
1975	1000	93.1	93.1	 515	unbonded
1976	   0	88.2	88.2	 575	OK
1977	   0	84.8	84.8	 658	OK
1978	   0	88.2	88.2	 601	OK
1979	   0	83.9	83.9	 555	OK
1980	   0	88.6	88.6	 586	OK
1981	   0	84.3	84.3	 562	OK
1982	4000	88.4	88.4	 701	high noise
1983	1000	91.2	91.2	 488	unbonded
1984	1000	88.6	88.6	 520	unbonded
1985	   0	81.4	81.4	 649	OK
1986	   0	85.8	85.8	 594	OK
1987	   0	80.4	80.4	 631	OK
1988	4000	87.1	87.1	 794	high noise
1989	   0	87.5	87.5	 660	OK
1990	   0	77.0	77.0	 605	OK
1991	   0	88.9	88.9	 559	OK
1992	1000	83.2	83.2	 512	unbonded
1993	   0	92.2	92.2	 657	OK
1994	1000	86.4	86.4	 533	unbonded
1995	   0	83.0	83.0	 550	OK
1996	   0	79.6	79.6	 667	OK
1997	   0	89.0	89.0	 650	OK
1998	   0	86.9	86.9	 614	OK
1999	   0	89.5	89.5	 628	OK
2000	   0	91.0	91.0	 544	OK
2001	   0	87.8	87.8	 688	OK
2002	   0	75.7	75.7	 628	OK
2003	   0	87.0	87.0	 634	OK
2004	   0	82.9	82.9	 638	OK
2005	4000	89.3	89.3	 732	high noise
2006	   0	87.8	87.8	 603	OK
2007	   0	81.1	81.1	 673	OK
2008	   0	88.0	88.0	 629	OK
2009	   0	90.1	90.1	 548	OK
2010	1000	78.9	78.9	 512	unbonded
2011	1000	82.0	82.0	 481	unbonded
2012	   0	81.6	81.6	 676	OK
2013	   0	83.2	83.2	 560	OK
2014	1000	84.4	84.4	 445	unbonded
2015	   0	86.4	86.4	 655	OK
2016	   0	88.8	88.8	 582	OK
2017	   0	86.7	86.7	 624	OK
2018	1000	82.8	82.8	 523	unbonded
2019	1000	81.0	81.0	 519	unbonded
2020	   0	82.3	82.3	 642	OK
2021	   0	82.7	82.7	 636	OK
2022	4000	78.5	78.5	 763	high noise
2023	   0	90.7	90.7	 612	OK
2024	   0	83.1	83.1	 572	OK
2025	   0	81.0	81.0	 632	OK
2026	   0	85.6	85.6	 635	OK
2027	   0	88.8	88.8	 646	OK
2028	   0	86.8	86.8	 582	OK
2029	1000	89.2	89.2	 519	unbonded
2030	1000	91.7	91.7	 534	unbonded
2031	1000	78.0	78.0	 522	unbonded
2032	   0	95.1	95.1	 579	OK
2033	1000	85.4	85.4	 513	unbonded
2034	   0	85.8	85.8	 581	OK
2035	   0	83.4	83.4	 578	OK
2036	   0	86.5	86.5	 561	OK
2037	1000	90.6	90.6	 532	unbonded
2038	   0	88.4	88.4	 574	OK
2039	   0	80.7	80.7	 564	OK
2040	   0	90.9	90.9	 574	OK
2041	   0	80.9	80.9	 649	OK
2042	   0	83.9	83.9	 645	OK
2043	1000	88.4	88.4	 489	unbonded
2044	   0	90.6	90.6	 586	OK
2045	   0	85.7	85.7	 623	OK
2046	   0	88.2	88.2	 592	OK
2047	4000	80.5	80.5	 700	high noise
2048	   0	76.6	76.6	 570	OK
2049	4000	70.3	70.3	 829	high noise
2050	4000	78.7	78.7	 811	high noise
2051	   0	75.4	75.4	 570	OK
2052	   0	82.7	82.7	 670	OK
2053	   0	80.6	80.6	 708	OK
2054	   0	80.2	80.2	 663	OK
2055	   0	82.4	82.4	 619	OK
2056	   0	80.1	80.1	 628	OK
2057	   0	77.7	77.7	 714	OK
2058	   0	82.2	82.2	 641	OK
2059	   0	82.8	82.8	 711	OK
2060	4000	76.5	76.5	 789	high noise
2061	   0	88.5	88.5	 564	OK
2062	   0	77.8	77.8	 730	OK
2063	4000	72.1	72.1	 757	high noise
2064	   0	78.6	78.6	 590	OK
2065	   0	81.8	81.8	 620	OK
2066	   0	81.0	81.0	 562	OK
2067	4000	81.2	81.2	 741	high noise
2068	   0	81.4	81.4	 667	OK
2069	   0	81.0	81.0	 675	OK
2070	   0	78.6	78.6	 664	OK
2071	1000	81.6	81.6	 532	unbonded
2072	   0	85.6	85.6	 595	OK
2073	   0	71.1	71.1	 679	OK
2074	4000	76.8	76.8	 757	high noise
2075	   0	83.8	83.8	 601	OK
2076	   0	73.8	73.8	 731	OK
2077	   0	76.5	76.5	 557	OK
2078	   0	83.4	83.4	 622	OK
2079	   0	78.8	78.8	 604	OK
2080	   0	70.8	70.8	 639	OK
2081	   0	77.5	77.5	 679	OK
2082	   0	81.6	81.6	 633	OK
2083	4000	75.7	75.7	 810	high noise
2084	   0	79.3	79.3	 605	OK
2085	   0	77.0	77.0	 714	OK
2086	   0	77.8	77.8	 728	OK
2087	   0	85.1	85.1	 715	OK
2088	4000	77.0	77.0	 742	high noise
2089	   0	82.5	82.5	 664	OK
2090	   0	76.8	76.8	 592	OK
2091	   0	82.3	82.3	 624	OK
2092	   0	80.5	80.5	 706	OK
2093	   0	78.0	78.0	 606	OK
2094	   0	78.4	78.4	 590	OK
2095	   0	83.4	83.4	 548	OK
2096	   0	74.9	74.9	 670	OK
2097	   0	78.4	78.4	 727	OK
2098	1000	78.0	78.0	 452	unbonded
2099	   0	83.1	83.1	 631	OK
2100	   0	80.4	80.4	 594	OK
2101	   0	80.4	80.4	 629	OK
2102	4000	82.2	82.2	 759	high noise
2103	   0	78.6	78.6	 556	OK
2104	   0	82.7	82.7	 625	OK
2105	   0	83.9	83.9	 549	OK
2106	1000	87.5	87.5	 521	unbonded
2107	   0	80.6	80.6	 718	OK
2108	   0	86.8	86.8	 581	OK
2109	   0	76.1	76.1	 621	OK
2110	1000	79.3	79.3	 514	unbonded
2111	4000	89.4	89.4	 756	high noise
2112	   0	74.2	74.2	 653	OK
2113	   0	78.3	78.3	 683	OK
2114	   0	72.5	72.5	 558	OK
2115	1000	81.4	81.4	 447	unbonded
2116	   0	78.9	78.9	 646	OK
2117	4000	76.8	76.8	 763	high noise
2118	4000	79.1	79.1	 752	high noise
2119	   0	80.6	80.6	 651	OK
2120	   0	82.4	82.4	 710	OK
2121	   0	75.5	75.5	 597	OK
2122	   0	76.7	76.7	 663	OK
2123	   0	72.4	72.4	 655	OK
2124	   0	74.6	74.6	 678	OK
2125	4000	89.5	89.5	 756	high noise
2126	   0	78.5	78.5	 603	OK
2127	1000	81.5	81.5	 534	unbonded
2128	1000	83.7	83.7	 527	unbonded
2129	1000	70.4	70.4	 419	unbonded
2130	4000	77.6	77.6	 747	high noise
2131	1000	78.1	78.1	 504	unbonded
2132	   0	76.3	76.3	 707	OK
2133	   0	83.5	83.5	 670	OK
2134	   0	76.1	76.1	 562	OK
2135	1000	78.0	78.0	 469	unbonded
2136	   0	72.7	72.7	 652	OK
2137	   0	74.8	74.8	 641	OK
2138	8000	80.1	80.1	 540	partbonded
2139	   0	73.6	73.6	 618	OK
2140	   0	88.5	88.5	 681	OK
2141	   0	81.7	81.7	 642	OK
2142	   0	84.6	84.6	 610	OK
2143	   0	81.8	81.8	 591	OK
2144	   0	71.7	71.7	 717	OK
2145	   0	79.8	79.8	 682	OK
2146	1000	79.8	79.8	 460	unbonded
2147	   0	75.2	75.2	 595	OK
2148	4000	75.2	75.2	 796	high noise
2149	   0	72.1	72.1	 735	OK
2150	4000	71.4	71.4	 800	high noise
2151	1000	76.2	76.2	 511	unbonded
2152	   0	76.0	76.0	 690	OK
2153	   0	73.4	73.4	 614	OK
2154	   0	78.6	78.6	 729	OK
2155	4000	84.0	84.0	 756	high noise
2156	   0	73.7	73.7	 673	OK
2157	   0	72.9	72.9	 630	OK
2158	   0	74.6	74.6	 647	OK
2159	   0	77.4	77.4	 598	OK
2160	   0	79.6	79.6	 694	OK
2161	   0	72.0	72.0	 639	OK
2162	   0	74.6	74.6	 654	OK
2163	1000	76.4	76.4	 525	unbonded
2164	   0	80.6	80.6	 678	OK
2165	   0	76.7	76.7	 690	OK
2166	1000	77.0	77.0	 529	unbonded
2167	   0	83.3	83.3	 682	OK
2168	   0	71.8	71.8	 692	OK
2169	1000	78.3	78.3	 457	unbonded
2170	4000	69.8	69.8	 757	high noise
2171	   0	83.5	83.5	 564	OK
2172	4000	75.1	75.1	 777	high noise
2173	   0	76.9	76.9	 628	OK
2174	   0	75.9	75.9	 566	OK
2175	   0	82.8	82.8	 644	OK
2176	   0	79.7	79.7	 548	OK
2177	   0	76.3	76.3	 662	OK
2178	   0	83.5	83.5	 608	OK
2179	   0	79.8	79.8	 654	OK
2180	   0	78.8	78.8	 547	OK
2181	   0	79.5	79.5	 542	OK
2182	   0	82.2	82.2	 559	OK
2183	   0	89.7	89.7	 587	OK
2184	   0	76.8	76.8	 619	OK
2185	   0	87.0	87.0	 585	OK
2186	   0	86.7	86.7	 687	OK
2187	   0	85.2	85.2	 563	OK
2188	   0	79.9	79.9	 711	OK
2189	   0	84.7	84.7	 680	OK
2190	4000	77.8	77.8	 784	high noise
2191	   0	87.4	87.4	 601	OK
2192	1000	85.2	85.2	 505	unbonded
2193	   0	82.7	82.7	 641	OK
2194	   0	82.9	82.9	 710	OK
2195	   0	84.4	84.4	 619	OK
2196	4000	73.1	73.1	 805	high noise
2197	   0	86.7	86.7	 648	OK
2198	   0	81.4	81.4	 678	OK
2199	   0	75.6	75.6	 593	OK
2200	   0	78.1	78.1	 703	OK
2201	   0	84.6	84.6	 672	OK
2202	   0	81.4	81.4	 707	OK
2203	1000	85.3	85.3	 523	unbonded
2204	   0	79.7	79.7	 652	OK
2205	   0	82.6	82.6	 685	OK
2206	   0	82.5	82.5	 575	OK
2207	   0	80.4	80.4	 616	OK
2208	   0	81.5	81.5	 556	OK
2209	   0	93.6	93.6	 604	OK
2210	   0	84.3	84.3	 646	OK
2211	   0	80.5	80.5	 620	OK
2212	4000	74.8	74.8	 740	high noise
2213	   0	86.1	86.1	 629	OK
2214	   0	82.6	82.6	 579	OK
2215	4000	80.7	80.7	 752	high noise
2216	1000	77.8	77.8	 532	unbonded
2217	   0	88.1	88.1	 556	OK
2218	1000	85.3	85.3	 502	unbonded
2219	   0	86.4	86.4	 645	OK
2220	   0	77.3	77.3	 545	OK
2221	   0	80.6	80.6	 565	OK
2222	   0	89.5	89.5	 542	OK
2223	   0	86.1	86.1	 685	OK
2224	   0	81.7	81.7	 661	OK
2225	4000	84.6	84.6	 769	high noise
2226	4000	79.0	79.0	 734	high noise
2227	   0	82.4	82.4	 642	OK
2228	   0	83.8	83.8	 663	OK
2229	   0	78.7	78.7	 673	OK
2230	   0	90.1	90.1	 659	OK
2231	   0	79.0	79.0	 696	OK
2232	   0	86.8	86.8	 626	OK
2233	   0	79.8	79.8	 610	OK
2234	   0	86.2	86.2	 610	OK
2235	1000	91.6	91.6	 424	unbonded
2236	   0	78.1	78.1	 595	OK
2237	4000	84.6	84.6	 759	high noise
2238	   0	84.0	84.0	 664	OK
2239	   0	84.8	84.8	 701	OK
2240	   0	84.7	84.7	 620	OK
2241	   0	81.2	81.2	 650	OK
2242	   0	80.5	80.5	 713	OK
2243	   0	80.1	80.1	 694	OK
2244	   0	84.7	84.7	 549	OK
2245	   0	79.5	79.5	 601	OK
2246	   0	81.5	81.5	 665	OK
2247	   0	83.8	83.8	 606	OK
2248	   0	77.7	77.7	 647	OK
2249	   0	81.1	81.1	 609	OK
2250	   0	76.0	76.0	 563	OK
2251	   0	73.9	73.9	 571	OK
2252	   0	84.4	84.4	 682	OK
2253	   0	73.2	73.2	 598	OK
2254	   0	78.6	78.6	 570	OK
2255	   0	77.3	77.3	 641	OK
2256	   0	85.1	85.1	 678	OK
2257	   0	80.2	80.2	 554	OK
2258	   0	78.0	78.0	 704	OK
2259	1000	76.1	76.1	 525	unbonded
2260	   0	84.7	84.7	 578	OK
2261	   0	78.2	78.2	 615	OK
2262	   0	81.6	81.6	 712	OK
2263	   0	78.3	78.3	 655	OK
2264	   0	70.6	70.6	 646	OK
2265	1000	75.9	75.9	 459	unbonded
2266	   0	80.8	80.8	 686	OK
2267	   0	74.7	74.7	 596	OK
2268	   0	81.5	81.5	 706	OK
2269	   0	85.6	85.6	 634	OK
2270	1000	77.1	77.1	 536	unbonded
2271	4000	79.5	79.5	 781	high noise
2272	   0	72.6	72.6	 686	OK
2273	1000	77.8	77.8	 518	unbonded
2274	   0	82.2	82.2	 704	OK
2275	   0	76.5	76.5	 636	OK
2276	4000	79.8	79.8	 804	high noise
2277	   0	73.9	73.9	 619	OK
2278	1000	86.4	86.4	 476	unbonded
2279	4000	75.9	75.9	 730	high noise
2280	1000	77.3	77.3	 529	unbonded
2281	1000	85.6	85.6	 517	unbonded
2282	1000	84.9	84.9	 441	unbonded
2283	   0	80.2	80.2	 608	OK
2284	   0	79.3	79.3	 668	OK
2285	   0	77.7	77.7	 641	OK
2286	   0	83.3	83.3	 585	OK
2287	   0	80.7	80.7	 616	OK
2288	1000	81.7	81.7	 525	unbonded
2289	   0	77.6	77.6	 676	OK
2290	   0	84.4	84.4	 703	OK
2291	   0	83.9	83.9	 664	OK
2292	1000	86.7	86.7	 536	unbonded
2293	   0	80.8	80.8	 548	OK
2294	   0	79.0	79.0	 665	OK
2295	   0	67.3	67.3	 695	OK
2296	   0	82.6	82.6	 631	OK
2297	4000	79.5	79.5	 748	high noise
2298	4000	71.2	71.2	 975	high noise
2299	1000	81.2	81.2	 539	unbonded
2300	   0	78.2	78.2	 633	OK
2301	4000	80.7	80.7	 734	high noise
2302	   0	82.9	82.9	 575	OK
2303	   0	79.3	79.3	 574	OK
2304	   0	86.3	86.3	 594	OK
2305	   0	86.3	86.3	 649	OK
2306	   0	77.5	77.5	 673	OK
2307	   0	93.5	93.5	 552	OK
2308	   0	87.9	87.9	 572	OK
2309	   0	86.1	86.1	 654	OK
2310	1000	86.3	86.3	 517	unbonded
2311	   0	86.1	86.1	 641	OK
2312	4000	82.7	82.7	 690	high noise
2313	   0	86.5	86.5	 583	OK
2314	   0	90.1	90.1	 543	OK
2315	   0	83.4	83.4	 603	OK
2316	   0	83.9	83.9	 655	OK
2317	1000	91.6	91.6	 538	unbonded
2318	   0	87.8	87.8	 600	OK
2319	   0	80.7	80.7	 681	OK
2320	   0	89.3	89.3	 664	OK
2321	   0	95.5	95.5	 613	OK
2322	   0	89.0	89.0	 633	OK
2323	4000	92.5	92.5	 713	high noise
2324	1000	89.1	89.1	 530	unbonded
2325	   0	80.6	80.6	 555	OK
2326	   0	90.4	90.4	 659	OK
2327	   0	78.3	78.3	 588	OK
2328	1000	93.6	93.6	 466	unbonded
2329	   0	92.3	92.3	 671	OK
2330	   0	80.5	80.5	 644	OK
2331	   0	88.4	88.4	 664	OK
2332	4000	82.7	82.7	 726	high noise
2333	   0	82.6	82.6	 567	OK
2334	   0	82.9	82.9	 610	OK
2335	   0	86.6	86.6	 589	OK
2336	1000	87.0	87.0	 508	unbonded
2337	   0	90.3	90.3	 591	OK
2338	   0	80.3	80.3	 685	OK
2339	4000	91.6	91.6	 709	high noise
2340	   0	89.4	89.4	 589	OK
2341	1000	80.2	80.2	 484	unbonded
2342	   0	86.9	86.9	 647	OK
2343	   0	87.1	87.1	 591	OK
2344	   0	90.7	90.7	 566	OK
2345	1000	80.5	80.5	 533	unbonded
2346	1000	90.3	90.3	 514	unbonded
2347	   0	86.3	86.3	 635	OK
2348	   0	76.5	76.5	 659	OK
2349	   0	84.4	84.4	 564	OK
2350	   0	86.0	86.0	 593	OK
2351	   0	84.9	84.9	 619	OK
2352	   0	87.9	87.9	 623	OK
2353	   0	86.7	86.7	 623	OK
2354	   0	85.0	85.0	 670	OK
2355	1000	84.6	84.6	 534	unbonded
2356	   0	84.0	84.0	 586	OK
2357	8000	81.8	81.8	 541	partbonded
2358	1000	85.9	85.9	 525	unbonded
2359	   0	89.3	89.3	 608	OK
2360	   0	89.9	89.9	 685	OK
2361	   0	89.9	89.9	 625	OK
2362	4000	90.0	90.0	 753	high noise
2363	   0	85.5	85.5	 655	OK
2364	1000	85.0	85.0	 512	unbonded
2365	   0	82.7	82.7	 640	OK
2366	   0	91.9	91.9	 648	OK
2367	   0	89.3	89.3	 646	OK
2368	4000	86.3	86.3	 733	high noise
2369	1000	84.1	84.1	 426	unbonded
2370	1000	82.8	82.8	 521	unbonded
2371	   0	83.4	83.4	 592	OK
2372	1000	92.1	92.1	 539	unbonded
2373	   0	84.5	84.5	 621	OK
2374	1000	89.2	89.2	 513	unbonded
2375	   0	88.5	88.5	 642	OK
2376	1000	96.7	96.7	 472	unbonded
2377	   0	81.0	81.0	 567	OK
2378	   0	91.3	91.3	 544	OK
2379	4000	77.8	77.8	 737	high noise
2380	   0	84.1	84.1	 609	OK
2381	1000	85.4	85.4	 467	unbonded
2382	   0	89.8	89.8	 560	OK
2383	   0	82.1	82.1	 557	OK
2384	1000	87.0	87.0	 522	unbonded
2385	   0	82.6	82.6	 563	OK
2386	4000	83.0	83.0	 699	high noise
2387	1000	83.4	83.4	 534	unbonded
2388	   0	81.0	81.0	 608	OK
2389	   0	78.1	78.1	 597	OK
2390	   0	81.1	81.1	 602	OK
2391	   0	88.6	88.6	 680	OK
2392	1000	81.6	81.6	 490	unbonded
2393	4000	85.2	85.2	 700	high noise
2394	1000	87.9	87.9	 488	unbonded
2395	1000	79.8	79.8	 415	unbonded
2396	4000	79.5	79.5	 736	high noise
2397	4000	89.3	89.3	 691	high noise
2398	   0	82.1	82.1	 552	OK
2399	   0	83.2	83.2	 547	OK
2400	   0	78.1	78.1	 649	OK
2401	   0	81.1	81.1	 635	OK
2402	   0	82.8	82.8	 682	OK
2403	1000	92.0	92.0	 484	unbonded
2404	   0	91.8	91.8	 587	OK
2405	   0	83.4	83.4	 612	OK
2406	1000	85.3	85.3	 462	unbonded
2407	   0	90.3	90.3	 682	OK
2408	   0	83.1	83.1	 556	OK
2409	   0	78.0	78.0	 550	OK
2410	   0	82.0	82.0	 585	OK
2411	   0	77.6	77.6	 684	OK
2412	   0	83.4	83.4	 614	OK
2413	1000	84.3	84.3	 530	unbonded
2414	   0	92.1	92.1	 617	OK
2415	   0	76.7	76.7	 657	OK
2416	   0	90.8	90.8	 573	OK
2417	   0	76.5	76.5	 616	OK
2418	   0	79.4	79.4	 617	OK
2419	1000	81.8	81.8	 484	unbonded
2420	   0	84.5	84.5	 594	OK
2421	   0	87.6	87.6	 609	OK
2422	   0	90.8	90.8	 658	OK
2423	4000	79.9	79.9	 713	high noise
2424	   0	85.7	85.7	 552	OK
2425	1000	84.4	84.4	 527	unbonded
2426	   0	84.4	84.4	 552	OK
2427	1000	87.8	87.8	 474	unbonded
2428	4000	83.2	83.2	 701	high noise
2429	1000	88.1	88.1	 534	unbonded
2430	4000	79.5	79.5	 740	high noise
2431	   0	88.8	88.8	 642	OK
2432	1000	93.4	93.4	 524	unbonded
2433	   0	87.3	87.3	 572	OK
2434	1000	81.1	81.1	 473	unbonded
2435	   0	86.9	86.9	 605	OK
2436	   0	81.0	81.0	 579	OK
2437	1000	83.1	83.1	 517	unbonded
2438	   0	89.2	89.2	 695	OK
2439	   0	89.7	89.7	 633	OK
2440	   0	90.1	90.1	 641	OK
2441	4000	84.8	84.8	 699	high noise
2442	   0	94.9	94.9	 621	OK
2443	1000	86.8	86.8	 536	unbonded
2444	   0	83.7	83.7	 642	OK
2445	1000	90.3	90.3	 429	unbonded
2446	   0	88.8	88.8	 653	OK
2447	   0	84.4	84.4	 677	OK
2448	   0	95.6	95.6	 569	OK
2449	   0	84.0	84.0	 563	OK
2450	   0	86.3	86.3	 660	OK
2451	   0	93.1	93.1	 557	OK
2452	   0	82.5	82.5	 656	OK
2453	   0	85.9	85.9	 563	OK
2454	   0	91.7	91.7	 560	OK
2455	   0	84.5	84.5	 603	OK
2456	   0	91.5	91.5	 571	OK
2457	   0	85.0	85.0	 680	OK
2458	   0	84.8	84.8	 601	OK
2459	   0	80.0	80.0	 634	OK
2460	   0	83.4	83.4	 675	OK
2461	   0	94.6	94.6	 599	OK
2462	   0	84.3	84.3	 608	OK
2463	   0	91.5	91.5	 625	OK
2464	4000	79.3	79.3	 719	high noise
2465	   0	93.6	93.6	 570	OK
2466	   0	86.0	86.0	 597	OK
2467	1000	96.6	96.6	 519	unbonded
2468	4000	87.1	87.1	 700	high noise
2469	4000	84.8	84.8	 881	high noise
2470	1000	90.2	90.2	 513	unbonded
2471	   0	86.1	86.1	 578	OK
2472	   0	84.3	84.3	 621	OK
2473	   0	95.0	95.0	 544	OK
2474	   0	89.5	89.5	 590	OK
2475	   0	88.9	88.9	 552	OK
2476	   0	84.3	84.3	 592	OK
2477	   0	97.0	97.0	 571	OK
2478	   0	89.7	89.7	 607	OK
2479	   0	89.6	89.6	 607	OK
2480	   0	83.1	83.1	 582	OK
2481	   0	90.5	90.5	 628	OK
2482	   0	85.6	85.6	 588	OK
2483	1000	90.5	90.5	 486	unbonded
2484	1000	90.6	90.6	 526	unbonded
2485	4000	83.0	83.0	 750	high noise
2486	   0	89.0	89.0	 672	OK
2487	   0	88.0	88.0	 571	OK
2488	   0	81.7	81.7	 645	OK
2489	   0	85.7	85.7	 565	OK
2490	   0	88.0	88.0	 585	OK
2491	   0	85.4	85.4	 676	OK
2492	1000	98.3	98.3	 513	unbonded
2493	   0	91.6	91.6	 631	OK
2494	   0	93.9	93.9	 568	OK
2495	   0	94.0	94.0	 554	OK
2496	1000	93.8	93.8	 530	unbonded
2497	   0	90.5	90.5	 652	OK
2498	1000	89.7	89.7	 451	unbonded
2499	   0	92.9	92.9	 671	OK
2500	   0	91.8	91.8	 584	OK
2501	   0	92.4	92.4	 672	OK
2502	   0	86.5	86.5	 582	OK
2503	   0	86.6	86.6	 689	OK
2504	   0	85.0	85.0	 587	OK
2505	   0	99.0	99.0	 610	OK
2506	   0	88.4	88.4	 661	OK
2507	   0	87.6	87.6	 665	OK
2508	   0	87.2	87.2	 556	OK
2509	   0	87.5	87.5	 632	OK
2510	   0	80.4	80.4	 576	OK
2511	1000	87.9	87.9	 511	unbonded
2512	1000	86.3	86.3	 526	unbonded
2513	   0	89.4	89.4	 619	OK
2514	   0	91.9	91.9	 660	OK
2515	4000	98.3	98.3	 729	high noise
2516	1000	91.7	91.7	 531	unbonded
2517	   0	86.2	86.2	 601	OK
2518	   0	85.0	85.0	 660	OK
2519	1000	90.0	90.0	 528	unbonded
2520	   0	87.7	87.7	 687	OK
2521	   0	90.4	90.4	 634	OK
2522	   0	91.7	91.7	 613	OK
2523	4000	86.0	86.0	 698	high noise
2524	4000	80.3	80.3	 709	high noise
2525	   0	85.3	85.3	 612	OK
2526	   0	90.0	90.0	 589	OK
2527	4000	91.7	91.7	 711	high noise
2528	   0	91.1	91.1	 586	OK
2529	   0	89.1	89.1	 632	OK
2530	   0	81.6	81.6	 625	OK
2531	   0	82.3	82.3	 584	OK
2532	   0	92.2	92.2	 639	OK
2533	4000	87.2	87.2	 715	high noise
2534	   0	83.6	83.6	 601	OK
2535	1000	89.2	89.2	 443	unbonded
2536	   0	90.2	90.2	 657	OK
2537	1000	89.7	89.7	 515	unbonded
2538	   0	95.4	95.4	 567	OK
2539	   0	94.1	94.1	 564	OK
2540	   0	91.8	91.8	 615	OK
2541	   0	86.5	86.5	 553	OK
2542	1000	86.9	86.9	 531	unbonded
2543	   0	94.4	94.4	 546	OK
2544	   0	90.4	90.4	 559	OK
2545	   0	87.6	87.6	 590	OK
2546	   0	95.0	95.0	 649	OK
2547	   0	95.7	95.7	 609	OK
2548	   0	95.4	95.4	 653	OK
2549	   0	94.3	94.3	 611	OK
2550	   0	87.0	87.0	 554	OK
2551	   0	89.3	89.3	 664	OK
2552	   0	83.0	83.0	 562	OK
2553	   0	91.6	91.6	 675	OK
2554	   0	80.2	80.2	 597	OK
2555	   0	91.9	91.9	 626	OK
2556	   0	85.1	85.1	 574	OK
2557	1000	82.9	82.9	 518	unbonded
2558	4000	89.7	89.7	 712	high noise
2559	4000	78.9	78.9	 712	high noise
