#chan	code	gain	offset	innse	comment
   0	   0	77.9	77.9	 744	OK
   1	   0	80.6	80.6	 730	OK
   2	   0	87.4	87.4	 627	OK
   3	   0	78.3	78.3	 614	OK
   4	   0	68.8	68.8	 778	OK
   5	   0	81.8	81.8	 714	OK
   6	   0	79.1	79.1	 672	OK
   7	   0	74.6	74.6	 670	OK
   8	   0	80.2	80.2	 611	OK
   9	   0	80.7	80.7	 721	OK
  10	   0	80.2	80.2	 690	OK
  11	   0	82.2	82.2	 739	OK
  12	   0	79.8	79.8	 713	OK
  13	   0	78.2	78.2	 643	OK
  14	   0	79.7	79.7	 605	OK
  15	   0	76.9	76.9	 574	OK
  16	   0	74.4	74.4	 647	OK
  17	   0	75.1	75.1	 778	OK
  18	   0	70.6	70.6	 754	OK
  19	   0	75.8	75.8	 597	OK
  20	   0	79.6	79.6	 706	OK
  21	4000	71.5	71.5	 845	high noise
  22	   0	79.2	79.2	 702	OK
  23	   0	76.2	76.2	 681	OK
  24	   0	82.0	82.0	 557	OK
  25	   0	84.2	84.2	 673	OK
  26	1000	80.1	80.1	 497	unbonded
  27	   0	77.4	77.4	 609	OK
  28	4000	75.8	75.8	 899	high noise
  29	   0	78.2	78.2	 690	OK
  30	   0	73.9	73.9	 776	OK
  31	   0	73.4	73.4	 722	OK
  32	   0	80.7	80.7	 544	OK
  33	   0	78.8	78.8	 711	OK
  34	   0	79.0	79.0	 748	OK
  35	   0	80.6	80.6	 714	OK
  36	   0	71.1	71.1	 730	OK
  37	4000	78.4	78.4	 820	high noise
  38	   0	80.5	80.5	 673	OK
  39	   0	79.6	79.6	 582	OK
  40	4000	76.4	76.4	 817	high noise
  41	   0	80.2	80.2	 639	OK
  42	   0	84.1	84.1	 773	OK
  43	   0	78.8	78.8	 766	OK
  44	   0	80.2	80.2	 731	OK
  45	   0	79.8	79.8	 650	OK
  46	   0	79.6	79.6	 755	OK
  47	   0	78.2	78.2	 800	OK
  48	   0	80.9	80.9	 626	OK
  49	   0	77.2	77.2	 728	OK
  50	   0	79.8	79.8	 718	OK
  51	   0	81.2	81.2	 725	OK
  52	   0	77.0	77.0	 762	OK
  53	   0	89.6	89.6	 644	OK
  54	4000	78.8	78.8	 916	high noise
  55	   0	80.0	80.0	 779	OK
  56	   0	79.5	79.5	 762	OK
  57	   0	75.9	75.9	 786	OK
  58	   0	81.0	81.0	 774	OK
  59	   0	75.0	75.0	 752	OK
  60	   0	85.9	85.9	 580	OK
  61	   0	79.0	79.0	 656	OK
  62	   0	79.1	79.1	 691	OK
  63	   0	79.7	79.7	 740	OK
  64	   0	76.1	76.1	 583	OK
  65	   0	88.9	88.9	 744	OK
  66	   0	83.9	83.9	 616	OK
  67	   0	82.6	82.6	 708	OK
  68	   0	83.1	83.1	 742	OK
  69	4000	73.4	73.4	 818	high noise
  70	   0	76.5	76.5	 606	OK
  71	   0	75.7	75.7	 606	OK
  72	4000	74.9	74.9	 833	high noise
  73	   0	76.2	76.2	 711	OK
  74	   0	78.8	78.8	 736	OK
  75	   0	85.6	85.6	 731	OK
  76	   0	80.8	80.8	 572	OK
  77	   0	79.2	79.2	 662	OK
  78	   0	75.8	75.8	 757	OK
  79	4000	72.5	72.5	 866	high noise
  80	   0	78.9	78.9	 710	OK
  81	   0	80.8	80.8	 781	OK
  82	4000	77.3	77.3	 831	high noise
  83	   0	75.5	75.5	 805	OK
  84	4000	77.0	77.0	 873	high noise
  85	   0	75.7	75.7	 634	OK
  86	   0	85.9	85.9	 759	OK
  87	   0	76.5	76.5	 621	OK
  88	   0	76.1	76.1	 735	OK
  89	   0	77.9	77.9	 777	OK
  90	   0	77.7	77.7	 639	OK
  91	   0	84.6	84.6	 670	OK
  92	   0	79.0	79.0	 667	OK
  93	   0	79.2	79.2	 696	OK
  94	1000	76.1	76.1	 493	unbonded
  95	   0	75.6	75.6	 800	OK
  96	   0	76.8	76.8	 680	OK
  97	   0	84.0	84.0	 744	OK
  98	   0	84.3	84.3	 718	OK
  99	   0	82.2	82.2	 608	OK
 100	   0	80.2	80.2	 739	OK
 101	   0	80.3	80.3	 733	OK
 102	   0	77.8	77.8	 807	OK
 103	   0	80.9	80.9	 696	OK
 104	   0	80.5	80.5	 701	OK
 105	   0	82.6	82.6	 734	OK
 106	4000	80.6	80.6	 818	high noise
 107	   0	78.9	78.9	 562	OK
 108	   0	77.4	77.4	 698	OK
 109	   0	78.1	78.1	 617	OK
 110	1000	75.6	75.6	 436	unbonded
 111	4000	73.7	73.7	 843	high noise
 112	4000	82.9	82.9	 833	high noise
 113	   0	76.4	76.4	 645	OK
 114	   0	79.8	79.8	 724	OK
 115	   0	79.5	79.5	 730	OK
 116	   0	81.6	81.6	 645	OK
 117	   0	79.1	79.1	 754	OK
 118	   0	81.3	81.3	 706	OK
 119	   0	74.7	74.7	 729	OK
 120	   0	80.8	80.8	 717	OK
 121	4000	81.5	81.5	 868	high noise
 122	   0	79.8	79.8	 683	OK
 123	4000	73.3	73.3	 848	high noise
 124	   0	81.7	81.7	 690	OK
 125	   0	84.2	84.2	 804	OK
 126	   0	78.9	78.9	 697	OK
 127	   0	81.8	81.8	 620	OK
 128	   0	80.1	80.1	 590	OK
 129	   0	84.0	84.0	 584	OK
 130	   0	80.1	80.1	 744	OK
 131	   0	74.1	74.1	 752	OK
 132	   0	84.5	84.5	 691	OK
 133	1000	87.0	87.0	 527	unbonded
 134	   0	75.7	75.7	 609	OK
 135	   0	84.7	84.7	 734	OK
 136	   0	81.4	81.4	 746	OK
 137	1000	81.5	81.5	 488	unbonded
 138	   0	77.9	77.9	 639	OK
 139	   0	85.1	85.1	 752	OK
 140	   0	82.3	82.3	 720	OK
 141	   0	76.5	76.5	 761	OK
 142	   0	80.6	80.6	 659	OK
 143	   0	76.6	76.6	 788	OK
 144	   0	76.5	76.5	 780	OK
 145	   0	77.4	77.4	 717	OK
 146	   0	84.5	84.5	 681	OK
 147	   0	86.2	86.2	 685	OK
 148	   0	77.1	77.1	 709	OK
 149	   0	85.1	85.1	 755	OK
 150	   0	83.5	83.5	 724	OK
 151	   0	80.5	80.5	 597	OK
 152	   0	75.8	75.8	 734	OK
 153	   0	80.2	80.2	 667	OK
 154	4000	86.8	86.8	 801	high noise
 155	   0	72.1	72.1	 693	OK
 156	   0	84.7	84.7	 702	OK
 157	   0	84.6	84.6	 675	OK
 158	   0	85.0	85.0	 670	OK
 159	   0	87.9	87.9	 712	OK
 160	   0	85.6	85.6	 722	OK
 161	1000	79.7	79.7	 511	unbonded
 162	   0	82.3	82.3	 659	OK
 163	   0	87.3	87.3	 646	OK
 164	1000	82.0	82.0	 527	unbonded
 165	4000	79.5	79.5	 813	high noise
 166	   0	81.8	81.8	 791	OK
 167	   0	88.5	88.5	 619	OK
 168	   0	85.1	85.1	 734	OK
 169	   0	82.6	82.6	 649	OK
 170	   0	78.1	78.1	 668	OK
 171	   0	81.3	81.3	 695	OK
 172	   0	84.8	84.8	 597	OK
 173	   0	78.4	78.4	 570	OK
 174	   0	78.4	78.4	 702	OK
 175	   0	76.8	76.8	 599	OK
 176	   0	80.8	80.8	 731	OK
 177	   0	88.7	88.7	 722	OK
 178	   0	85.6	85.6	 640	OK
 179	   0	84.1	84.1	 781	OK
 180	   0	80.9	80.9	 564	OK
 181	   0	83.3	83.3	 594	OK
 182	1000	84.3	84.3	 533	unbonded
 183	   0	85.0	85.0	 711	OK
 184	   0	90.4	90.4	 645	OK
 185	4000	85.3	85.3	 806	high noise
 186	   0	79.3	79.3	 606	OK
 187	   0	85.0	85.0	 700	OK
 188	   0	90.4	90.4	 676	OK
 189	   0	77.2	77.2	 653	OK
 190	   0	83.8	83.8	 635	OK
 191	   0	79.3	79.3	 641	OK
 192	   0	85.2	85.2	 736	OK
 193	   0	84.0	84.0	 741	OK
 194	   0	89.7	89.7	 637	OK
 195	   0	77.6	77.6	 761	OK
 196	   0	88.9	88.9	 673	OK
 197	4000	78.9	78.9	 914	high noise
 198	   0	88.1	88.1	 787	OK
 199	   0	82.8	82.8	 743	OK
 200	   0	85.0	85.0	 662	OK
 201	   0	85.2	85.2	 620	OK
 202	4000	83.9	83.9	 837	high noise
 203	   0	83.1	83.1	 644	OK
 204	   0	85.6	85.6	 634	OK
 205	   0	85.8	85.8	 790	OK
 206	   0	79.9	79.9	 688	OK
 207	   0	80.3	80.3	 640	OK
 208	   0	80.1	80.1	 766	OK
 209	   0	80.6	80.6	 790	OK
 210	   0	78.6	78.6	 577	OK
 211	   0	82.7	82.7	 698	OK
 212	   0	82.7	82.7	 691	OK
 213	   0	88.4	88.4	 716	OK
 214	   0	81.2	81.2	 648	OK
 215	   0	78.3	78.3	 733	OK
 216	   0	75.6	75.6	 711	OK
 217	   0	81.8	81.8	 623	OK
 218	   0	83.0	83.0	 724	OK
 219	   0	84.1	84.1	 699	OK
 220	4000	85.6	85.6	 831	high noise
 221	   0	85.3	85.3	 590	OK
 222	   0	73.7	73.7	 618	OK
 223	4000	89.0	89.0	 807	high noise
 224	   0	81.1	81.1	 736	OK
 225	4000	82.9	82.9	 809	high noise
 226	   0	78.7	78.7	 712	OK
 227	   0	78.3	78.3	 617	OK
 228	   0	82.2	82.2	 702	OK
 229	   0	88.5	88.5	 718	OK
 230	   0	88.9	88.9	 789	OK
 231	   0	84.4	84.4	 761	OK
 232	1000	81.6	81.6	 509	unbonded
 233	4000	75.5	75.5	 827	high noise
 234	   0	84.5	84.5	 645	OK
 235	   0	84.8	84.8	 754	OK
 236	   0	82.2	82.2	 773	OK
 237	   0	74.0	74.0	 606	OK
 238	   0	85.6	85.6	 594	OK
 239	   0	84.0	84.0	 728	OK
 240	   0	88.4	88.4	 747	OK
 241	   0	86.6	86.6	 758	OK
 242	   0	84.1	84.1	 742	OK
 243	   0	83.9	83.9	 619	OK
 244	   0	76.6	76.6	 730	OK
 245	   0	80.4	80.4	 680	OK
 246	   0	82.7	82.7	 606	OK
 247	   0	79.3	79.3	 687	OK
 248	4000	80.1	80.1	 830	high noise
 249	   0	88.0	88.0	 646	OK
 250	   0	83.8	83.8	 620	OK
 251	   0	82.3	82.3	 730	OK
 252	   0	85.3	85.3	 764	OK
 253	   0	76.4	76.4	 707	OK
 254	4000	83.0	83.0	 851	high noise
 255	   0	84.1	84.1	 758	OK
 256	   0	83.6	83.6	 715	OK
 257	4000	79.3	79.3	 801	high noise
 258	   0	85.4	85.4	 697	OK
 259	4000	76.8	76.8	 779	high noise
 260	   0	80.4	80.4	 724	OK
 261	   0	84.6	84.6	 710	OK
 262	   0	80.6	80.6	 719	OK
 263	   0	83.2	83.2	 698	OK
 264	   0	79.4	79.4	 652	OK
 265	4000	80.4	80.4	 779	high noise
 266	   0	90.1	90.1	 604	OK
 267	   0	82.0	82.0	 595	OK
 268	   0	87.1	87.1	 583	OK
 269	   0	81.0	81.0	 741	OK
 270	   0	79.8	79.8	 641	OK
 271	   0	80.7	80.7	 662	OK
 272	   0	86.5	86.5	 680	OK
 273	   0	88.1	88.1	 672	OK
 274	   0	84.5	84.5	 649	OK
 275	1000	78.3	78.3	 519	unbonded
 276	4000	82.7	82.7	 803	high noise
 277	   0	90.2	90.2	 581	OK
 278	4000	85.5	85.5	 772	high noise
 279	4000	80.0	80.0	 817	high noise
 280	4000	83.1	83.1	 802	high noise
 281	   0	87.6	87.6	 719	OK
 282	4000	81.6	81.6	 768	high noise
 283	   0	82.5	82.5	 708	OK
 284	   0	82.3	82.3	 728	OK
 285	   0	80.6	80.6	 678	OK
 286	4000	77.1	77.1	 770	high noise
 287	   0	86.4	86.4	 627	OK
 288	   0	81.7	81.7	 729	OK
 289	   0	81.8	81.8	 597	OK
 290	   0	83.1	83.1	 737	OK
 291	   0	81.8	81.8	 582	OK
 292	4000	79.1	79.1	 798	high noise
 293	   0	75.2	75.2	 676	OK
 294	   0	87.1	87.1	 721	OK
 295	4000	71.7	71.7	 789	high noise
 296	1000	79.6	79.6	 522	unbonded
 297	   0	85.9	85.9	 736	OK
 298	   0	84.5	84.5	 552	OK
 299	   0	92.5	92.5	 561	OK
 300	   0	81.2	81.2	 627	OK
 301	   0	82.5	82.5	 633	OK
 302	   0	77.5	77.5	 638	OK
 303	   0	75.1	75.1	 619	OK
 304	4000	89.4	89.4	 819	high noise
 305	   0	85.4	85.4	 606	OK
 306	   0	86.7	86.7	 684	OK
 307	   0	84.6	84.6	 733	OK
 308	   0	75.0	75.0	 629	OK
 309	   0	91.7	91.7	 669	OK
 310	   0	82.5	82.5	 673	OK
 311	   0	83.5	83.5	 696	OK
 312	   0	84.8	84.8	 546	OK
 313	   0	83.6	83.6	 598	OK
 314	   0	84.6	84.6	 565	OK
 315	   0	85.9	85.9	 623	OK
 316	   0	87.9	87.9	 758	OK
 317	   0	87.3	87.3	 556	OK
 318	   0	84.4	84.4	 625	OK
 319	   0	88.3	88.3	 618	OK
 320	   0	78.4	78.4	 657	OK
 321	4000	84.0	84.0	 784	high noise
 322	   0	84.2	84.2	 565	OK
 323	   0	84.5	84.5	 678	OK
 324	   0	83.0	83.0	 594	OK
 325	   0	89.8	89.8	 747	OK
 326	4000	87.9	87.9	 798	high noise
 327	   0	90.8	90.8	 616	OK
 328	   0	80.3	80.3	 612	OK
 329	   0	85.6	85.6	 716	OK
 330	   0	86.7	86.7	 719	OK
 331	1000	90.9	90.9	 527	unbonded
 332	   0	93.3	93.3	 589	OK
 333	   0	89.7	89.7	 733	OK
 334	   0	87.2	87.2	 668	OK
 335	   0	83.2	83.2	 684	OK
 336	   0	77.7	77.7	 713	OK
 337	   0	88.5	88.5	 642	OK
 338	4000	88.7	88.7	 801	high noise
 339	   0	91.2	91.2	 689	OK
 340	   0	84.9	84.9	 651	OK
 341	   0	82.5	82.5	 621	OK
 342	   0	87.8	87.8	 664	OK
 343	   0	88.9	88.9	 555	OK
 344	   0	80.5	80.5	 743	OK
 345	   0	82.6	82.6	 595	OK
 346	   0	83.4	83.4	 576	OK
 347	   0	85.9	85.9	 576	OK
 348	   0	91.8	91.8	 651	OK
 349	   0	82.3	82.3	 607	OK
 350	   0	85.4	85.4	 729	OK
 351	4000	90.0	90.0	 834	high noise
 352	   0	81.1	81.1	 653	OK
 353	   0	84.4	84.4	 731	OK
 354	   0	82.2	82.2	 616	OK
 355	   0	83.7	83.7	 642	OK
 356	   0	81.1	81.1	 550	OK
 357	4000	80.0	80.0	 772	high noise
 358	   0	82.0	82.0	 692	OK
 359	   0	88.3	88.3	 588	OK
 360	   0	78.4	78.4	 617	OK
 361	   0	80.3	80.3	 650	OK
 362	   0	87.9	87.9	 685	OK
 363	1000	87.1	87.1	 466	unbonded
 364	   0	94.4	94.4	 605	OK
 365	1000	82.6	82.6	 540	unbonded
 366	   0	82.2	82.2	 556	OK
 367	   0	91.1	91.1	 627	OK
 368	   0	81.8	81.8	 545	OK
 369	   0	80.7	80.7	 699	OK
 370	   0	87.3	87.3	 588	OK
 371	   0	83.8	83.8	 602	OK
 372	   0	80.2	80.2	 682	OK
 373	   0	81.7	81.7	 698	OK
 374	   0	82.1	82.1	 722	OK
 375	   0	85.5	85.5	 748	OK
 376	   0	79.5	79.5	 750	OK
 377	   0	76.0	76.0	 565	OK
 378	   0	90.0	90.0	 563	OK
 379	   0	79.5	79.5	 627	OK
 380	   0	80.4	80.4	 674	OK
 381	   0	80.9	80.9	 715	OK
 382	   0	87.3	87.3	 673	OK
 383	   0	90.3	90.3	 542	OK
 384	   0	85.0	85.0	 677	OK
 385	   0	95.1	95.1	 594	OK
 386	   0	94.5	94.5	 690	OK
 387	1000	94.4	94.4	 514	unbonded
 388	   0	93.3	93.3	 590	OK
 389	   0	86.9	86.9	 688	OK
 390	   0	89.3	89.3	 660	OK
 391	   0	92.0	92.0	 562	OK
 392	   0	89.8	89.8	 645	OK
 393	   0	100.7	100.7	 566	OK
 394	   0	90.7	90.7	 630	OK
 395	   0	101.0	101.0	 684	OK
 396	   0	93.6	93.6	 638	OK
 397	   0	98.6	98.6	 684	OK
 398	4000	83.2	83.2	 785	high noise
 399	   0	89.4	89.4	 648	OK
 400	   0	96.9	96.9	 641	OK
 401	   0	94.0	94.0	 726	OK
 402	   0	91.9	91.9	 637	OK
 403	   0	85.4	85.4	 702	OK
 404	   0	88.5	88.5	 706	OK
 405	   0	96.1	96.1	 617	OK
 406	1000	88.5	88.5	 522	unbonded
 407	1000	94.8	94.8	 507	unbonded
 408	   0	96.6	96.6	 582	OK
 409	   0	88.4	88.4	 553	OK
 410	   0	102.7	102.7	 656	OK
 411	   0	89.7	89.7	 695	OK
 412	   0	91.6	91.6	 719	OK
 413	   0	89.8	89.8	 678	OK
 414	   0	100.4	100.4	 591	OK
 415	   0	85.8	85.8	 693	OK
 416	   0	103.2	103.2	 676	OK
 417	   0	90.8	90.8	 554	OK
 418	1000	93.1	93.1	 516	unbonded
 419	   0	98.0	98.0	 630	OK
 420	   0	102.0	102.0	 638	OK
 421	   0	81.8	81.8	 601	OK
 422	4000	90.8	90.8	 733	high noise
 423	   0	89.5	89.5	 629	OK
 424	   0	94.9	94.9	 577	OK
 425	4000	89.1	89.1	 756	high noise
 426	   0	94.8	94.8	 601	OK
 427	   0	90.4	90.4	 631	OK
 428	   0	89.8	89.8	 607	OK
 429	   0	92.4	92.4	 590	OK
 430	   0	98.3	98.3	 543	OK
 431	   0	98.7	98.7	 638	OK
 432	   0	88.8	88.8	 638	OK
 433	   0	96.5	96.5	 612	OK
 434	   0	89.5	89.5	 570	OK
 435	   0	79.4	79.4	 680	OK
 436	   0	99.9	99.9	 641	OK
 437	   0	92.3	92.3	 691	OK
 438	   0	91.7	91.7	 583	OK
 439	   0	97.8	97.8	 634	OK
 440	1000	88.8	88.8	 498	unbonded
 441	   0	96.4	96.4	 565	OK
 442	4000	94.5	94.5	 734	high noise
 443	4000	88.7	88.7	 730	high noise
 444	1000	95.2	95.2	 534	unbonded
 445	   0	87.5	87.5	 656	OK
 446	1000	92.4	92.4	 430	unbonded
 447	   0	89.8	89.8	 639	OK
 448	   0	99.1	99.1	 640	OK
 449	   0	98.1	98.1	 553	OK
 450	   0	101.3	101.3	 574	OK
 451	   0	95.4	95.4	 671	OK
 452	   0	96.3	96.3	 665	OK
 453	4000	91.6	91.6	 764	high noise
 454	4000	87.9	87.9	 754	high noise
 455	1000	94.9	94.9	 512	unbonded
 456	   0	99.1	99.1	 631	OK
 457	4000	92.2	92.2	 742	high noise
 458	   0	93.5	93.5	 608	OK
 459	   0	97.9	97.9	 673	OK
 460	   0	93.4	93.4	 603	OK
 461	   0	90.9	90.9	 638	OK
 462	   0	92.4	92.4	 687	OK
 463	4000	90.0	90.0	 800	high noise
 464	   0	94.9	94.9	 722	OK
 465	   0	91.9	91.9	 627	OK
 466	   0	98.7	98.7	 601	OK
 467	1000	94.9	94.9	 490	unbonded
 468	   0	96.0	96.0	 708	OK
 469	4000	95.5	95.5	 763	high noise
 470	   0	92.0	92.0	 657	OK
 471	   0	91.5	91.5	 676	OK
 472	   0	101.1	101.1	 614	OK
 473	   0	103.6	103.6	 600	OK
 474	1000	92.6	92.6	 511	unbonded
 475	1000	93.4	93.4	 520	unbonded
 476	   0	91.1	91.1	 578	OK
 477	   0	93.9	93.9	 716	OK
 478	   0	92.9	92.9	 613	OK
 479	4000	97.0	97.0	 800	high noise
 480	   0	98.0	98.0	 644	OK
 481	   0	100.6	100.6	 652	OK
 482	   0	95.2	95.2	 632	OK
 483	   0	96.4	96.4	 581	OK
 484	   0	92.2	92.2	 592	OK
 485	   0	94.4	94.4	 570	OK
 486	   0	91.8	91.8	 692	OK
 487	   0	96.2	96.2	 608	OK
 488	   0	93.6	93.6	 667	OK
 489	   0	95.0	95.0	 673	OK
 490	   0	88.3	88.3	 634	OK
 491	4000	91.0	91.0	 738	high noise
 492	1000	89.0	89.0	 518	unbonded
 493	1000	94.5	94.5	 522	unbonded
 494	   0	95.8	95.8	 714	OK
 495	   0	92.7	92.7	 598	OK
 496	   0	95.8	95.8	 641	OK
 497	   0	98.7	98.7	 660	OK
 498	   0	100.9	100.9	 637	OK
 499	   0	94.6	94.6	 636	OK
 500	   0	89.5	89.5	 617	OK
 501	   0	96.9	96.9	 682	OK
 502	   0	96.6	96.6	 649	OK
 503	   0	92.7	92.7	 669	OK
 504	4000	94.4	94.4	 737	high noise
 505	   0	91.6	91.6	 719	OK
 506	   0	90.8	90.8	 607	OK
 507	   0	89.1	89.1	 583	OK
 508	1000	98.1	98.1	 371	unbonded
 509	   0	96.7	96.7	 596	OK
 510	   0	95.5	95.5	 681	OK
 511	   0	88.0	88.0	 728	OK
 512	1000	86.9	86.9	 469	unbonded
 513	   0	91.5	91.5	 664	OK
 514	   0	95.7	95.7	 604	OK
 515	   0	86.1	86.1	 656	OK
 516	   0	93.1	93.1	 653	OK
 517	   0	91.5	91.5	 598	OK
 518	   0	88.8	88.8	 605	OK
 519	   0	86.6	86.6	 690	OK
 520	   0	84.0	84.0	 669	OK
 521	   0	89.8	89.8	 698	OK
 522	   0	80.3	80.3	 695	OK
 523	4000	86.6	86.6	 750	high noise
 524	   0	80.8	80.8	 646	OK
 525	4000	85.9	85.9	 754	high noise
 526	   0	92.0	92.0	 666	OK
 527	   0	90.4	90.4	 698	OK
 528	4000	91.6	91.6	 797	high noise
 529	   0	86.5	86.5	 600	OK
 530	   0	84.9	84.9	 608	OK
 531	   0	86.1	86.1	 606	OK
 532	   0	87.5	87.5	 644	OK
 533	   0	86.7	86.7	 546	OK
 534	   0	81.7	81.7	 739	OK
 535	   0	80.9	80.9	 718	OK
 536	   0	88.7	88.7	 599	OK
 537	   0	83.3	83.3	 641	OK
 538	   0	84.8	84.8	 714	OK
 539	1000	89.5	89.5	 531	unbonded
 540	   0	90.7	90.7	 681	OK
 541	   0	88.3	88.3	 616	OK
 542	   0	89.2	89.2	 585	OK
 543	   0	90.3	90.3	 629	OK
 544	   0	90.3	90.3	 693	OK
 545	   0	90.0	90.0	 660	OK
 546	   0	86.7	86.7	 630	OK
 547	1000	89.5	89.5	 512	unbonded
 548	   0	84.1	84.1	 694	OK
 549	   0	89.8	89.8	 590	OK
 550	   0	90.0	90.0	 573	OK
 551	   0	83.0	83.0	 646	OK
 552	1000	84.3	84.3	 485	unbonded
 553	4000	89.1	89.1	 774	high noise
 554	   0	86.7	86.7	 717	OK
 555	   0	84.9	84.9	 718	OK
 556	1000	87.7	87.7	 510	unbonded
 557	   0	86.9	86.9	 717	OK
 558	   0	92.7	92.7	 673	OK
 559	   0	89.7	89.7	 691	OK
 560	1000	83.4	83.4	 519	unbonded
 561	4000	93.0	93.0	 753	high noise
 562	   0	84.9	84.9	 710	OK
 563	   0	81.6	81.6	 640	OK
 564	1000	91.0	91.0	 518	unbonded
 565	   0	85.2	85.2	 647	OK
 566	   0	94.7	94.7	 646	OK
 567	   0	83.3	83.3	 656	OK
 568	   0	93.1	93.1	 651	OK
 569	   0	84.1	84.1	 561	OK
 570	   0	89.9	89.9	 594	OK
 571	   0	92.0	92.0	 550	OK
 572	   0	94.1	94.1	 547	OK
 573	4000	90.3	90.3	 743	high noise
 574	1000	88.1	88.1	 510	unbonded
 575	   0	89.1	89.1	 655	OK
 576	   0	88.6	88.6	 548	OK
 577	1000	87.5	87.5	 429	unbonded
 578	   0	87.8	87.8	 680	OK
 579	   0	90.2	90.2	 607	OK
 580	   0	85.1	85.1	 624	OK
 581	   0	87.3	87.3	 610	OK
 582	   0	88.3	88.3	 621	OK
 583	1000	90.5	90.5	 397	unbonded
 584	   0	96.4	96.4	 596	OK
 585	   0	90.5	90.5	 584	OK
 586	   0	89.3	89.3	 705	OK
 587	   0	96.6	96.6	 606	OK
 588	   0	93.5	93.5	 699	OK
 589	1000	85.7	85.7	 501	unbonded
 590	   0	81.8	81.8	 594	OK
 591	   0	87.9	87.9	 610	OK
 592	   0	91.7	91.7	 660	OK
 593	   0	83.9	83.9	 590	OK
 594	   0	83.3	83.3	 674	OK
 595	   0	93.8	93.8	 670	OK
 596	   0	81.7	81.7	 727	OK
 597	   0	92.6	92.6	 636	OK
 598	   0	89.1	89.1	 689	OK
 599	   0	87.2	87.2	 625	OK
 600	   0	90.8	90.8	 646	OK
 601	   0	90.2	90.2	 711	OK
 602	   0	94.7	94.7	 622	OK
 603	   0	84.9	84.9	 703	OK
 604	   0	91.2	91.2	 662	OK
 605	   0	88.9	88.9	 682	OK
 606	4000	87.1	87.1	 765	high noise
 607	   0	91.0	91.0	 630	OK
 608	   0	87.6	87.6	 584	OK
 609	   0	94.0	94.0	 643	OK
 610	   0	91.5	91.5	 681	OK
 611	   0	83.4	83.4	 720	OK
 612	   0	90.8	90.8	 643	OK
 613	   0	87.6	87.6	 694	OK
 614	   0	88.9	88.9	 654	OK
 615	   0	87.6	87.6	 642	OK
 616	   0	78.8	78.8	 682	OK
 617	   0	94.1	94.1	 626	OK
 618	   0	81.7	81.7	 707	OK
 619	1000	88.9	88.9	 528	unbonded
 620	   0	81.7	81.7	 695	OK
 621	   0	87.8	87.8	 736	OK
 622	   0	86.0	86.0	 729	OK
 623	   0	87.1	87.1	 626	OK
 624	   0	82.4	82.4	 707	OK
 625	   0	85.4	85.4	 623	OK
 626	   0	84.2	84.2	 689	OK
 627	   0	91.4	91.4	 700	OK
 628	   0	91.8	91.8	 691	OK
 629	   0	87.5	87.5	 679	OK
 630	4000	86.0	86.0	 789	high noise
 631	   0	87.5	87.5	 588	OK
 632	   0	75.2	75.2	 738	OK
 633	   0	85.4	85.4	 699	OK
 634	   0	93.5	93.5	 645	OK
 635	   0	91.5	91.5	 721	OK
 636	   0	87.8	87.8	 674	OK
 637	1000	86.1	86.1	 534	unbonded
 638	   0	86.0	86.0	 653	OK
 639	   0	87.7	87.7	 659	OK
 640	   0	73.5	73.5	 674	OK
 641	   0	79.8	79.8	 697	OK
 642	   0	84.8	84.8	 601	OK
 643	4000	79.7	79.7	 812	high noise
 644	   0	80.4	80.4	 709	OK
 645	   0	80.8	80.8	 677	OK
 646	   0	85.3	85.3	 754	OK
 647	   0	81.2	81.2	 621	OK
 648	4000	86.4	86.4	 789	high noise
 649	   0	85.1	85.1	 689	OK
 650	4000	75.1	75.1	 795	high noise
 651	   0	79.4	79.4	 682	OK
 652	   0	76.3	76.3	 636	OK
 653	   0	76.3	76.3	 644	OK
 654	   0	78.4	78.4	 735	OK
 655	4000	74.2	74.2	 818	high noise
 656	4000	80.7	80.7	 904	high noise
 657	   0	82.5	82.5	 658	OK
 658	4000	83.7	83.7	 827	high noise
 659	   0	78.6	78.6	 690	OK
 660	   0	86.2	86.2	 568	OK
 661	1000	82.4	82.4	 467	unbonded
 662	   0	74.6	74.6	 710	OK
 663	   0	74.7	74.7	 647	OK
 664	   0	77.3	77.3	 670	OK
 665	   0	82.2	82.2	 554	OK
 666	4000	78.4	78.4	 803	high noise
 667	   0	78.5	78.5	 613	OK
 668	4000	79.0	79.0	 833	high noise
 669	   0	81.5	81.5	 566	OK
 670	   0	75.0	75.0	 645	OK
 671	   0	79.1	79.1	 685	OK
 672	1000	79.3	79.3	 493	unbonded
 673	   0	77.3	77.3	 675	OK
 674	   0	84.5	84.5	 714	OK
 675	   0	74.7	74.7	 762	OK
 676	   0	83.2	83.2	 667	OK
 677	   0	79.5	79.5	 665	OK
 678	   0	81.5	81.5	 653	OK
 679	   0	73.5	73.5	 673	OK
 680	4000	83.7	83.7	 816	high noise
 681	   0	75.5	75.5	 575	OK
 682	   0	84.7	84.7	 678	OK
 683	   0	78.7	78.7	 734	OK
 684	   0	79.0	79.0	 586	OK
 685	   0	82.3	82.3	 737	OK
 686	1000	80.6	80.6	 442	unbonded
 687	   0	77.4	77.4	 642	OK
 688	   0	84.0	84.0	 662	OK
 689	1000	72.7	72.7	 522	unbonded
 690	4000	80.3	80.3	 814	high noise
 691	   0	76.9	76.9	 738	OK
 692	   0	80.1	80.1	 682	OK
 693	   0	75.4	75.4	 608	OK
 694	   0	80.5	80.5	 634	OK
 695	4000	82.7	82.7	 862	high noise
 696	   0	77.8	77.8	 588	OK
 697	   0	84.2	84.2	 693	OK
 698	   0	85.1	85.1	 619	OK
 699	1000	80.9	80.9	 532	unbonded
 700	   0	85.4	85.4	 701	OK
 701	   0	84.2	84.2	 674	OK
 702	   0	82.3	82.3	 736	OK
 703	   0	82.1	82.1	 646	OK
 704	   0	77.2	77.2	 626	OK
 705	   0	82.1	82.1	 572	OK
 706	   0	80.1	80.1	 609	OK
 707	1000	84.2	84.2	 409	unbonded
 708	   0	84.5	84.5	 757	OK
 709	   0	78.6	78.6	 550	OK
 710	   0	82.6	82.6	 639	OK
 711	1101	0.0	0.0	   0	dead
 712	4000	83.2	83.2	 882	high noise
 713	   0	71.1	71.1	 712	OK
 714	   0	80.1	80.1	 684	OK
 715	   0	78.6	78.6	 712	OK
 716	   0	78.6	78.6	 574	OK
 717	   0	77.1	77.1	 758	OK
 718	   0	78.1	78.1	 735	OK
 719	   0	73.4	73.4	 610	OK
 720	   0	79.4	79.4	 631	OK
 721	   0	85.3	85.3	 641	OK
 722	   0	73.2	73.2	 656	OK
 723	   0	85.4	85.4	 716	OK
 724	   0	80.7	80.7	 765	OK
 725	   0	80.3	80.3	 667	OK
 726	   0	84.2	84.2	 614	OK
 727	   0	79.5	79.5	 766	OK
 728	   0	76.2	76.2	 626	OK
 729	   0	80.0	80.0	 699	OK
 730	   0	77.8	77.8	 692	OK
 731	   0	84.8	84.8	 667	OK
 732	   0	81.8	81.8	 682	OK
 733	   0	76.4	76.4	 588	OK
 734	4000	73.1	73.1	 852	high noise
 735	   0	82.2	82.2	 616	OK
 736	   0	84.4	84.4	 727	OK
 737	   0	77.7	77.7	 586	OK
 738	   0	79.7	79.7	 636	OK
 739	   0	88.7	88.7	 632	OK
 740	   0	84.0	84.0	 744	OK
 741	   0	77.7	77.7	 654	OK
 742	   0	83.7	83.7	 620	OK
 743	4000	77.2	77.2	 783	high noise
 744	   0	76.8	76.8	 678	OK
 745	   0	77.6	77.6	 663	OK
 746	   0	78.3	78.3	 734	OK
 747	   0	89.1	89.1	 697	OK
 748	1000	77.6	77.6	 523	unbonded
 749	   0	80.7	80.7	 556	OK
 750	   0	81.7	81.7	 634	OK
 751	   0	83.5	83.5	 586	OK
 752	   0	75.1	75.1	 585	OK
 753	1000	79.0	79.0	 478	unbonded
 754	   0	69.6	69.6	 741	OK
 755	   0	79.3	79.3	 711	OK
 756	   0	74.5	74.5	 618	OK
 757	   0	82.0	82.0	 730	OK
 758	   0	85.5	85.5	 737	OK
 759	   0	79.8	79.8	 762	OK
 760	   0	80.8	80.8	 750	OK
 761	   0	83.0	83.0	 651	OK
 762	4000	79.0	79.0	 847	high noise
 763	1000	82.1	82.1	 482	unbonded
 764	   0	82.1	82.1	 728	OK
 765	   0	78.5	78.5	 572	OK
 766	   0	82.8	82.8	 729	OK
 767	   0	80.9	80.9	 675	OK
 768	   0	76.4	76.4	 632	OK
 769	   0	77.8	77.8	 542	OK
 770	   0	83.2	83.2	 642	OK
 771	1000	76.2	76.2	 464	unbonded
 772	4000	83.8	83.8	 766	high noise
 773	   0	78.1	78.1	 664	OK
 774	1000	76.1	76.1	 510	unbonded
 775	1000	89.4	89.4	 471	unbonded
 776	   0	82.0	82.0	 665	OK
 777	   0	82.0	82.0	 645	OK
 778	1000	81.9	81.9	 538	unbonded
 779	4000	81.1	81.1	 849	high noise
 780	4000	79.1	79.1	 791	high noise
 781	   0	81.7	81.7	 682	OK
 782	   0	78.0	78.0	 602	OK
 783	   0	85.4	85.4	 556	OK
 784	   0	83.3	83.3	 631	OK
 785	   0	84.7	84.7	 649	OK
 786	   0	80.4	80.4	 579	OK
 787	   0	77.0	77.0	 655	OK
 788	   0	82.1	82.1	 570	OK
 789	   0	74.0	74.0	 717	OK
 790	   0	82.0	82.0	 726	OK
 791	   0	81.6	81.6	 648	OK
 792	1000	81.7	81.7	 499	unbonded
 793	   0	81.7	81.7	 682	OK
 794	4000	83.4	83.4	 762	high noise
 795	   0	80.6	80.6	 608	OK
 796	4000	79.3	79.3	 752	high noise
 797	   0	90.0	90.0	 620	OK
 798	   0	84.6	84.6	 665	OK
 799	4000	75.8	75.8	 785	high noise
 800	   0	89.3	89.3	 676	OK
 801	   0	76.1	76.1	 727	OK
 802	   0	84.3	84.3	 616	OK
 803	   0	80.6	80.6	 646	OK
 804	   0	77.8	77.8	 664	OK
 805	   0	83.1	83.1	 659	OK
 806	   0	87.2	87.2	 641	OK
 807	   0	84.0	84.0	 624	OK
 808	   0	80.4	80.4	 585	OK
 809	4000	84.1	84.1	 742	high noise
 810	   0	78.9	78.9	 613	OK
 811	   0	80.4	80.4	 650	OK
 812	   0	79.5	79.5	 685	OK
 813	   0	79.2	79.2	 608	OK
 814	   0	86.3	86.3	 719	OK
 815	   0	87.8	87.8	 608	OK
 816	   0	77.8	77.8	 716	OK
 817	1000	80.0	80.0	 532	unbonded
 818	   0	82.3	82.3	 623	OK
 819	   0	87.2	87.2	 651	OK
 820	   0	89.1	89.1	 692	OK
 821	   0	82.4	82.4	 645	OK
 822	   0	88.3	88.3	 545	OK
 823	   0	90.1	90.1	 618	OK
 824	   0	80.2	80.2	 682	OK
 825	   0	83.7	83.7	 617	OK
 826	   0	85.8	85.8	 594	OK
 827	   0	80.0	80.0	 623	OK
 828	   0	80.4	80.4	 565	OK
 829	4000	94.4	94.4	 761	high noise
 830	   0	83.8	83.8	 602	OK
 831	   0	84.2	84.2	 629	OK
 832	   0	82.3	82.3	 615	OK
 833	   0	84.7	84.7	 558	OK
 834	   0	83.8	83.8	 652	OK
 835	   0	89.3	89.3	 616	OK
 836	4000	79.2	79.2	 840	high noise
 837	1000	87.0	87.0	 514	unbonded
 838	   0	87.7	87.7	 722	OK
 839	   0	77.3	77.3	 592	OK
 840	   0	81.5	81.5	 666	OK
 841	   0	80.5	80.5	 573	OK
 842	   0	81.9	81.9	 665	OK
 843	4000	80.1	80.1	 881	high noise
 844	1000	84.9	84.9	 396	unbonded
 845	4000	73.9	73.9	 767	high noise
 846	   0	80.4	80.4	 548	OK
 847	   0	87.5	87.5	 583	OK
 848	   0	83.3	83.3	 628	OK
 849	   0	77.8	77.8	 669	OK
 850	   0	89.1	89.1	 567	OK
 851	   0	87.0	87.0	 567	OK
 852	   0	81.6	81.6	 671	OK
 853	   0	77.0	77.0	 574	OK
 854	   0	84.7	84.7	 618	OK
 855	   0	80.4	80.4	 689	OK
 856	   0	83.9	83.9	 614	OK
 857	8000	88.3	88.3	 540	partbonded
 858	1000	91.7	91.7	 522	unbonded
 859	   0	85.6	85.6	 699	OK
 860	   0	79.0	79.0	 554	OK
 861	   0	84.3	84.3	 583	OK
 862	   0	90.3	90.3	 555	OK
 863	   0	79.4	79.4	 571	OK
 864	   0	82.0	82.0	 688	OK
 865	   0	85.2	85.2	 564	OK
 866	   0	85.6	85.6	 569	OK
 867	4000	76.6	76.6	 778	high noise
 868	   0	85.3	85.3	 605	OK
 869	   0	88.1	88.1	 566	OK
 870	   0	77.0	77.0	 588	OK
 871	4000	85.6	85.6	 739	high noise
 872	   0	79.7	79.7	 568	OK
 873	   0	77.0	77.0	 720	OK
 874	   0	90.3	90.3	 659	OK
 875	   0	77.5	77.5	 659	OK
 876	   0	76.3	76.3	 735	OK
 877	   0	81.8	81.8	 685	OK
 878	1000	85.8	85.8	 471	unbonded
 879	1000	88.6	88.6	 509	unbonded
 880	4000	81.2	81.2	 740	high noise
 881	   0	82.0	82.0	 681	OK
 882	   0	87.2	87.2	 714	OK
 883	   0	87.5	87.5	 575	OK
 884	4000	81.0	81.0	 748	high noise
 885	   0	84.8	84.8	 565	OK
 886	   0	78.7	78.7	 674	OK
 887	   0	76.3	76.3	 612	OK
 888	4000	82.2	82.2	 753	high noise
 889	   0	84.8	84.8	 698	OK
 890	   0	79.1	79.1	 679	OK
 891	   0	79.5	79.5	 703	OK
 892	   0	85.9	85.9	 714	OK
 893	4000	86.6	86.6	 752	high noise
 894	1000	80.7	80.7	 503	unbonded
 895	4000	81.6	81.6	 754	high noise
 896	   0	95.2	95.2	 608	OK
 897	   0	93.0	93.0	 704	OK
 898	   0	78.1	78.1	 609	OK
 899	   0	88.6	88.6	 559	OK
 900	   0	88.5	88.5	 635	OK
 901	   0	88.6	88.6	 692	OK
 902	   0	80.0	80.0	 595	OK
 903	   0	88.0	88.0	 700	OK
 904	   0	91.3	91.3	 677	OK
 905	   0	81.9	81.9	 670	OK
 906	   0	84.8	84.8	 609	OK
 907	4000	86.1	86.1	 778	high noise
 908	   0	82.6	82.6	 710	OK
 909	   0	82.8	82.8	 546	OK
 910	1000	86.7	86.7	 522	unbonded
 911	   0	90.6	90.6	 608	OK
 912	   0	85.2	85.2	 691	OK
 913	   0	88.3	88.3	 675	OK
 914	   0	82.3	82.3	 634	OK
 915	   0	87.3	87.3	 553	OK
 916	   0	84.1	84.1	 671	OK
 917	   0	90.5	90.5	 677	OK
 918	   0	85.7	85.7	 575	OK
 919	   0	86.6	86.6	 544	OK
 920	   0	86.4	86.4	 645	OK
 921	   0	85.5	85.5	 549	OK
 922	4000	83.6	83.6	 730	high noise
 923	   0	83.5	83.5	 636	OK
 924	   0	80.1	80.1	 686	OK
 925	   0	76.2	76.2	 615	OK
 926	   0	88.0	88.0	 642	OK
 927	   0	87.7	87.7	 559	OK
 928	1000	83.3	83.3	 538	unbonded
 929	1000	87.3	87.3	 467	unbonded
 930	4000	86.5	86.5	 726	high noise
 931	   0	82.7	82.7	 713	OK
 932	   0	86.3	86.3	 575	OK
 933	   0	86.2	86.2	 692	OK
 934	   0	79.6	79.6	 564	OK
 935	   0	80.1	80.1	 663	OK
 936	   0	88.9	88.9	 553	OK
 937	   0	81.1	81.1	 688	OK
 938	4000	85.6	85.6	 782	high noise
 939	   0	90.4	90.4	 606	OK
 940	1000	83.8	83.8	 537	unbonded
 941	   0	84.1	84.1	 591	OK
 942	   0	88.1	88.1	 622	OK
 943	1000	85.9	85.9	 503	unbonded
 944	   0	91.5	91.5	 571	OK
 945	1000	86.9	86.9	 456	unbonded
 946	   0	83.3	83.3	 582	OK
 947	   0	88.9	88.9	 649	OK
 948	   0	80.6	80.6	 658	OK
 949	   0	92.1	92.1	 547	OK
 950	   0	74.0	74.0	 656	OK
 951	   0	89.1	89.1	 696	OK
 952	   0	84.8	84.8	 542	OK
 953	   0	75.1	75.1	 609	OK
 954	   0	88.5	88.5	 695	OK
 955	   0	76.7	76.7	 675	OK
 956	   0	90.7	90.7	 597	OK
 957	1000	82.8	82.8	 514	unbonded
 958	   0	84.7	84.7	 678	OK
 959	   0	84.2	84.2	 623	OK
 960	   0	97.8	97.8	 559	OK
 961	   0	78.7	78.7	 596	OK
 962	1000	86.0	86.0	 491	unbonded
 963	   0	78.7	78.7	 703	OK
 964	   0	88.6	88.6	 636	OK
 965	4000	85.0	85.0	 727	high noise
 966	4000	84.9	84.9	 758	high noise
 967	   0	88.3	88.3	 575	OK
 968	   0	88.1	88.1	 656	OK
 969	   0	84.8	84.8	 692	OK
 970	1000	94.2	94.2	 536	unbonded
 971	   0	87.8	87.8	 563	OK
 972	   0	86.3	86.3	 594	OK
 973	1000	86.7	86.7	 516	unbonded
 974	   0	81.7	81.7	 577	OK
 975	   0	94.2	94.2	 601	OK
 976	   0	96.3	96.3	 653	OK
 977	   0	86.9	86.9	 618	OK
 978	   0	88.9	88.9	 621	OK
 979	1000	90.3	90.3	 503	unbonded
 980	   0	81.9	81.9	 684	OK
 981	   0	85.3	85.3	 688	OK
 982	   0	87.8	87.8	 580	OK
 983	1000	88.2	88.2	 520	unbonded
 984	   0	87.4	87.4	 634	OK
 985	   0	88.7	88.7	 603	OK
 986	   0	84.2	84.2	 553	OK
 987	   0	93.5	93.5	 656	OK
 988	4000	89.8	89.8	 782	high noise
 989	4000	87.8	87.8	 754	high noise
 990	   0	85.1	85.1	 548	OK
 991	1000	92.1	92.1	 503	unbonded
 992	   0	80.8	80.8	 640	OK
 993	   0	79.1	79.1	 644	OK
 994	   0	81.8	81.8	 673	OK
 995	   0	87.9	87.9	 621	OK
 996	   0	81.4	81.4	 633	OK
 997	   0	84.8	84.8	 560	OK
 998	   0	82.9	82.9	 606	OK
 999	8000	84.5	84.5	 540	partbonded
1000	   0	86.1	86.1	 608	OK
1001	1000	81.4	81.4	 519	unbonded
1002	1000	83.9	83.9	 462	unbonded
1003	   0	89.0	89.0	 661	OK
1004	   0	87.2	87.2	 610	OK
1005	   0	80.8	80.8	 696	OK
1006	   0	87.8	87.8	 675	OK
1007	   0	89.0	89.0	 643	OK
1008	   0	82.4	82.4	 557	OK
1009	   0	84.9	84.9	 563	OK
1010	   0	85.4	85.4	 711	OK
1011	   0	76.8	76.8	 643	OK
1012	4000	91.0	91.0	 756	high noise
1013	   0	84.6	84.6	 632	OK
1014	4000	81.1	81.1	 718	high noise
1015	   0	75.8	75.8	 664	OK
1016	   0	79.9	79.9	 626	OK
1017	4000	77.9	77.9	 746	high noise
1018	   0	88.0	88.0	 616	OK
1019	   0	82.8	82.8	 622	OK
1020	1000	87.8	87.8	 534	unbonded
1021	   0	78.8	78.8	 582	OK
1022	   0	87.9	87.9	 655	OK
1023	   0	84.7	84.7	 560	OK
1024	1000	89.8	89.8	 522	unbonded
1025	   0	87.6	87.6	 699	OK
1026	   0	92.7	92.7	 637	OK
1027	   0	82.8	82.8	 619	OK
1028	   0	89.7	89.7	 701	OK
1029	   0	85.3	85.3	 584	OK
1030	   0	81.1	81.1	 648	OK
1031	   0	91.1	91.1	 651	OK
1032	   0	92.9	92.9	 694	OK
1033	   0	88.8	88.8	 550	OK
1034	   0	90.1	90.1	 544	OK
1035	   0	87.3	87.3	 650	OK
1036	   0	80.7	80.7	 565	OK
1037	   0	85.3	85.3	 659	OK
1038	   0	81.0	81.0	 575	OK
1039	1000	83.4	83.4	 505	unbonded
1040	   0	89.2	89.2	 609	OK
1041	   0	93.4	93.4	 732	OK
1042	   0	91.2	91.2	 581	OK
1043	   0	81.1	81.1	 699	OK
1044	   0	84.5	84.5	 597	OK
1045	   0	85.2	85.2	 712	OK
1046	   0	92.0	92.0	 658	OK
1047	   0	87.4	87.4	 568	OK
1048	   0	84.7	84.7	 687	OK
1049	   0	87.1	87.1	 732	OK
1050	   0	84.0	84.0	 548	OK
1051	   0	87.5	87.5	 625	OK
1052	4000	86.8	86.8	 795	high noise
1053	   0	87.0	87.0	 584	OK
1054	   0	90.6	90.6	 630	OK
1055	   0	93.9	93.9	 553	OK
1056	   0	85.8	85.8	 593	OK
1057	   0	90.1	90.1	 567	OK
1058	   0	87.6	87.6	 578	OK
1059	   0	86.3	86.3	 589	OK
1060	1000	87.3	87.3	 514	unbonded
1061	   0	74.5	74.5	 681	OK
1062	   0	81.1	81.1	 713	OK
1063	   0	87.2	87.2	 687	OK
1064	   0	94.9	94.9	 621	OK
1065	   0	80.1	80.1	 596	OK
1066	   0	87.8	87.8	 656	OK
1067	   0	98.3	98.3	 618	OK
1068	   0	88.8	88.8	 627	OK
1069	   0	90.0	90.0	 678	OK
1070	   0	86.3	86.3	 683	OK
1071	   0	85.4	85.4	 618	OK
1072	4000	86.1	86.1	 750	high noise
1073	4000	82.9	82.9	 756	high noise
1074	   0	94.0	94.0	 683	OK
1075	   0	84.9	84.9	 700	OK
1076	   0	95.6	95.6	 635	OK
1077	4000	84.7	84.7	 773	high noise
1078	   0	90.5	90.5	 654	OK
1079	   0	87.0	87.0	 712	OK
1080	   0	90.9	90.9	 708	OK
1081	1000	87.0	87.0	 503	unbonded
1082	   0	87.0	87.0	 624	OK
1083	   0	78.7	78.7	 643	OK
1084	   0	92.7	92.7	 676	OK
1085	   0	88.4	88.4	 606	OK
1086	   0	90.0	90.0	 618	OK
1087	4000	87.5	87.5	 856	high noise
1088	   0	88.6	88.6	 622	OK
1089	   0	80.4	80.4	 613	OK
1090	   0	89.2	89.2	 692	OK
1091	   0	90.2	90.2	 669	OK
1092	   0	87.7	87.7	 692	OK
1093	   0	85.9	85.9	 646	OK
1094	   0	85.3	85.3	 649	OK
1095	   0	88.0	88.0	 621	OK
1096	   0	88.0	88.0	 671	OK
1097	1000	89.5	89.5	 480	unbonded
1098	   0	85.2	85.2	 696	OK
1099	   0	90.7	90.7	 717	OK
1100	   0	81.6	81.6	 642	OK
1101	   0	85.2	85.2	 636	OK
1102	   0	83.0	83.0	 722	OK
1103	4000	82.5	82.5	 744	high noise
1104	   0	79.4	79.4	 735	OK
1105	   0	81.7	81.7	 715	OK
1106	   0	81.1	81.1	 683	OK
1107	   0	85.9	85.9	 598	OK
1108	4000	87.0	87.0	 774	high noise
1109	   0	91.5	91.5	 598	OK
1110	   0	82.4	82.4	 607	OK
1111	   0	84.1	84.1	 570	OK
1112	   0	85.9	85.9	 673	OK
1113	1000	78.4	78.4	 531	unbonded
1114	   0	82.3	82.3	 712	OK
1115	1000	90.2	90.2	 500	unbonded
1116	   0	90.8	90.8	 635	OK
1117	   0	89.8	89.8	 620	OK
1118	   0	85.2	85.2	 690	OK
1119	   0	85.2	85.2	 663	OK
1120	   0	87.0	87.0	 698	OK
1121	   0	85.5	85.5	 618	OK
1122	   0	88.8	88.8	 675	OK
1123	   0	86.6	86.6	 604	OK
1124	   0	81.6	81.6	 650	OK
1125	   0	87.9	87.9	 611	OK
1126	   0	86.8	86.8	 678	OK
1127	   0	86.0	86.0	 615	OK
1128	   0	86.2	86.2	 655	OK
1129	   0	93.2	93.2	 566	OK
1130	   0	79.4	79.4	 729	OK
1131	   0	86.9	86.9	 640	OK
1132	   0	82.6	82.6	 714	OK
1133	   0	89.9	89.9	 607	OK
1134	   0	88.0	88.0	 558	OK
1135	4000	92.1	92.1	 757	high noise
1136	   0	91.4	91.4	 643	OK
1137	   0	84.9	84.9	 603	OK
1138	1000	82.1	82.1	 526	unbonded
1139	1000	89.2	89.2	 513	unbonded
1140	   0	88.2	88.2	 552	OK
1141	1000	82.0	82.0	 436	unbonded
1142	   0	86.6	86.6	 655	OK
1143	   0	83.0	83.0	 711	OK
1144	   0	84.5	84.5	 573	OK
1145	   0	85.2	85.2	 698	OK
1146	   0	81.2	81.2	 647	OK
1147	   0	84.1	84.1	 653	OK
1148	   0	86.1	86.1	 604	OK
1149	   0	78.6	78.6	 671	OK
1150	   0	82.0	82.0	 661	OK
1151	   0	85.8	85.8	 631	OK
1152	   0	95.7	95.7	 576	OK
1153	1000	88.7	88.7	 489	unbonded
1154	   0	89.8	89.8	 670	OK
1155	   0	95.8	95.8	 672	OK
1156	4000	91.6	91.6	 747	high noise
1157	   0	93.5	93.5	 553	OK
1158	   0	92.4	92.4	 618	OK
1159	   0	90.7	90.7	 643	OK
1160	   0	89.7	89.7	 647	OK
1161	   0	95.1	95.1	 685	OK
1162	1000	97.5	97.5	 409	unbonded
1163	   0	89.2	89.2	 605	OK
1164	   0	99.3	99.3	 568	OK
1165	1000	96.8	96.8	 510	unbonded
1166	   0	98.2	98.2	 609	OK
1167	   0	87.0	87.0	 582	OK
1168	1000	97.1	97.1	 526	unbonded
1169	   0	94.2	94.2	 665	OK
1170	   0	89.9	89.9	 617	OK
1171	   0	88.0	88.0	 578	OK
1172	   0	91.9	91.9	 662	OK
1173	   0	102.8	102.8	 555	OK
1174	   0	89.2	89.2	 635	OK
1175	   0	94.9	94.9	 590	OK
1176	   0	92.1	92.1	 592	OK
1177	   0	92.6	92.6	 609	OK
1178	   0	88.9	88.9	 656	OK
1179	   0	89.6	89.6	 657	OK
1180	1000	88.6	88.6	 535	unbonded
1181	   0	92.6	92.6	 647	OK
1182	1000	98.8	98.8	 536	unbonded
1183	1000	98.3	98.3	 534	unbonded
1184	   0	92.0	92.0	 613	OK
1185	   0	95.4	95.4	 672	OK
1186	   0	98.4	98.4	 667	OK
1187	1000	93.5	93.5	 495	unbonded
1188	   0	90.6	90.6	 654	OK
1189	4000	94.6	94.6	 771	high noise
1190	   0	90.6	90.6	 607	OK
1191	   0	87.5	87.5	 615	OK
1192	1000	99.3	99.3	 533	unbonded
1193	   0	95.5	95.5	 635	OK
1194	   0	88.9	88.9	 547	OK
1195	   0	95.4	95.4	 673	OK
1196	1000	92.9	92.9	 519	unbonded
1197	4000	96.1	96.1	 789	high noise
1198	   0	98.7	98.7	 611	OK
1199	   0	89.6	89.6	 582	OK
1200	   0	92.2	92.2	 602	OK
1201	1000	98.5	98.5	 534	unbonded
1202	   0	94.5	94.5	 685	OK
1203	   0	93.4	93.4	 575	OK
1204	   0	100.7	100.7	 688	OK
1205	   0	85.3	85.3	 649	OK
1206	   0	90.8	90.8	 604	OK
1207	   0	94.6	94.6	 580	OK
1208	   0	85.9	85.9	 609	OK
1209	   0	88.0	88.0	 631	OK
1210	   0	92.3	92.3	 689	OK
1211	1000	90.9	90.9	 488	unbonded
1212	   0	89.6	89.6	 616	OK
1213	1000	95.4	95.4	 410	unbonded
1214	   0	92.2	92.2	 574	OK
1215	   0	89.8	89.8	 655	OK
1216	   0	97.1	97.1	 557	OK
1217	   0	92.6	92.6	 597	OK
1218	   0	93.9	93.9	 608	OK
1219	   0	89.4	89.4	 665	OK
1220	   0	96.8	96.8	 599	OK
1221	   0	90.1	90.1	 576	OK
1222	   0	94.2	94.2	 596	OK
1223	   0	89.6	89.6	 667	OK
1224	   0	81.3	81.3	 649	OK
1225	   0	90.8	90.8	 635	OK
1226	   0	96.5	96.5	 595	OK
1227	4000	86.5	86.5	 746	high noise
1228	   0	85.2	85.2	 653	OK
1229	4000	94.6	94.6	 734	high noise
1230	   0	91.1	91.1	 687	OK
1231	   0	82.2	82.2	 680	OK
1232	   0	95.3	95.3	 606	OK
1233	   0	91.9	91.9	 542	OK
1234	   0	93.7	93.7	 563	OK
1235	4000	81.4	81.4	 704	high noise
1236	   0	92.6	92.6	 594	OK
1237	1000	89.8	89.8	 494	unbonded
1238	   0	81.0	81.0	 634	OK
1239	   0	86.7	86.7	 613	OK
1240	   0	88.5	88.5	 662	OK
1241	   0	87.8	87.8	 642	OK
1242	   0	86.4	86.4	 615	OK
1243	1000	94.5	94.5	 532	unbonded
1244	   0	93.3	93.3	 570	OK
1245	   0	99.6	99.6	 615	OK
1246	   0	94.7	94.7	 603	OK
1247	   0	90.1	90.1	 621	OK
1248	   0	85.4	85.4	 550	OK
1249	   0	90.4	90.4	 610	OK
1250	4000	83.4	83.4	 705	high noise
1251	   0	87.2	87.2	 574	OK
1252	4000	99.4	99.4	 739	high noise
1253	1000	91.7	91.7	 489	unbonded
1254	1000	85.3	85.3	 527	unbonded
1255	4000	85.5	85.5	 694	high noise
1256	   0	90.0	90.0	 630	OK
1257	   0	93.3	93.3	 636	OK
1258	   0	89.0	89.0	 572	OK
1259	1000	98.8	98.8	 523	unbonded
1260	   0	84.4	84.4	 635	OK
1261	1000	84.7	84.7	 478	unbonded
1262	1000	87.3	87.3	 530	unbonded
1263	   0	90.3	90.3	 573	OK
1264	   0	97.0	97.0	 657	OK
1265	   0	91.5	91.5	 579	OK
1266	   0	91.9	91.9	 560	OK
1267	   0	89.4	89.4	 662	OK
1268	1000	92.7	92.7	 445	unbonded
1269	1000	92.6	92.6	 462	unbonded
1270	1000	83.1	83.1	 529	unbonded
1271	1000	88.7	88.7	 411	unbonded
1272	   0	84.6	84.6	 626	OK
1273	1000	90.6	90.6	 524	unbonded
1274	   0	90.9	90.9	 541	OK
1275	1000	89.9	89.9	 432	unbonded
1276	   0	91.8	91.8	 649	OK
1277	   0	92.9	92.9	 550	OK
1278	   0	92.8	92.8	 651	OK
1279	   0	91.9	91.9	 576	OK
1280	4000	90.9	90.9	1065	high noise
1281	4000	77.4	77.4	 912	high noise
1282	   0	80.6	80.6	 777	OK
1283	4000	75.7	75.7	 921	high noise
1284	   0	76.9	76.9	 808	OK
1285	   0	77.8	77.8	 836	OK
1286	   0	74.2	74.2	 789	OK
1287	   0	79.0	79.0	 781	OK
1288	   0	84.4	84.4	 722	OK
1289	   0	75.6	75.6	 743	OK
1290	   0	77.5	77.5	 693	OK
1291	   0	81.1	81.1	 818	OK
1292	   0	77.8	77.8	 850	OK
1293	   0	70.6	70.6	 829	OK
1294	   0	81.5	81.5	 795	OK
1295	   0	82.3	82.3	 722	OK
1296	   0	74.5	74.5	 866	OK
1297	   0	77.7	77.7	 904	OK
1298	   0	75.0	75.0	 865	OK
1299	   0	79.0	79.0	 846	OK
1300	   0	79.7	79.7	 784	OK
1301	   0	83.2	83.2	 797	OK
1302	4000	74.6	74.6	 954	high noise
1303	   0	81.2	81.2	 901	OK
1304	   0	81.6	81.6	 730	OK
1305	   0	79.0	79.0	 851	OK
1306	   0	77.3	77.3	 637	OK
1307	   0	79.3	79.3	 760	OK
1308	   0	80.5	80.5	 803	OK
1309	   0	81.3	81.3	 771	OK
1310	   0	80.7	80.7	 755	OK
1311	   0	82.1	82.1	 861	OK
1312	   0	77.4	77.4	 806	OK
1313	   0	77.1	77.1	 853	OK
1314	   0	80.5	80.5	 784	OK
1315	   0	77.6	77.6	 871	OK
1316	   0	81.6	81.6	 701	OK
1317	   0	81.3	81.3	 871	OK
1318	   0	81.6	81.6	 653	OK
1319	   0	85.0	85.0	 712	OK
1320	   0	75.8	75.8	 826	OK
1321	   0	80.8	80.8	 802	OK
1322	   0	80.3	80.3	 792	OK
1323	   0	84.2	84.2	 703	OK
1324	   0	74.7	74.7	 798	OK
1325	   0	75.4	75.4	 771	OK
1326	   0	80.5	80.5	 789	OK
1327	   0	78.1	78.1	 871	OK
1328	   0	78.0	78.0	 777	OK
1329	   0	76.1	76.1	 893	OK
1330	   0	79.4	79.4	 750	OK
1331	   0	84.8	84.8	 852	OK
1332	   0	81.8	81.8	 727	OK
1333	   0	85.0	85.0	 743	OK
1334	   0	83.6	83.6	 727	OK
1335	   0	82.0	82.0	 846	OK
1336	   0	80.5	80.5	 852	OK
1337	   0	87.3	87.3	 777	OK
1338	   0	80.2	80.2	 760	OK
1339	   0	78.3	78.3	 853	OK
1340	   0	79.8	79.8	 883	OK
1341	   0	76.6	76.6	 712	OK
1342	   0	81.3	81.3	 764	OK
1343	   0	78.5	78.5	 875	OK
1344	   0	81.6	81.6	 739	OK
1345	   0	75.5	75.5	 762	OK
1346	   0	76.2	76.2	 786	OK
1347	   0	74.9	74.9	 797	OK
1348	   0	82.5	82.5	 810	OK
1349	   0	81.3	81.3	 804	OK
1350	   0	80.6	80.6	 633	OK
1351	   0	80.0	80.0	 641	OK
1352	   0	76.5	76.5	 786	OK
1353	4000	78.6	78.6	 931	high noise
1354	   0	73.2	73.2	 846	OK
1355	   0	83.8	83.8	 863	OK
1356	   0	82.0	82.0	 784	OK
1357	   0	79.1	79.1	 857	OK
1358	   0	84.2	84.2	 835	OK
1359	   0	82.4	82.4	 729	OK
1360	   0	79.2	79.2	 776	OK
1361	   0	82.2	82.2	 808	OK
1362	   0	75.9	75.9	 702	OK
1363	   0	69.5	69.5	 879	OK
1364	   0	76.6	76.6	 786	OK
1365	   0	81.8	81.8	 701	OK
1366	   0	81.2	81.2	 748	OK
1367	   0	81.3	81.3	 729	OK
1368	   0	84.2	84.2	 677	OK
1369	4000	81.1	81.1	 925	high noise
1370	   0	76.7	76.7	 738	OK
1371	   0	75.3	75.3	 712	OK
1372	   0	80.2	80.2	 727	OK
1373	   0	83.1	83.1	 825	OK
1374	   0	77.5	77.5	 833	OK
1375	   0	73.8	73.8	 895	OK
1376	   0	78.1	78.1	 686	OK
1377	   0	83.5	83.5	 719	OK
1378	   0	83.1	83.1	 743	OK
1379	   0	80.1	80.1	 748	OK
1380	   0	77.9	77.9	 811	OK
1381	   0	79.4	79.4	 795	OK
1382	   0	69.5	69.5	 762	OK
1383	   0	75.6	75.6	 883	OK
1384	   0	77.3	77.3	 680	OK
1385	   0	76.8	76.8	 809	OK
1386	   0	77.4	77.4	 828	OK
1387	   0	81.5	81.5	 850	OK
1388	   0	82.2	82.2	 644	OK
1389	   0	73.6	73.6	 795	OK
1390	   0	76.3	76.3	 713	OK
1391	   0	85.7	85.7	 740	OK
1392	   0	73.4	73.4	 865	OK
1393	   0	74.3	74.3	 770	OK
1394	   0	83.0	83.0	 841	OK
1395	   0	76.2	76.2	 834	OK
1396	   0	80.5	80.5	 766	OK
1397	   0	81.5	81.5	 669	OK
1398	   0	84.5	84.5	 722	OK
1399	   0	85.1	85.1	 741	OK
1400	   0	81.3	81.3	 710	OK
1401	   0	77.3	77.3	 846	OK
1402	   0	81.8	81.8	 779	OK
1403	   0	77.1	77.1	 609	OK
1404	   0	76.6	76.6	 758	OK
1405	   0	76.6	76.6	 856	OK
1406	   0	80.2	80.2	 909	OK
1407	   0	76.4	76.4	 801	OK
1408	   0	83.1	83.1	 732	OK
1409	   0	78.4	78.4	 750	OK
1410	   0	78.5	78.5	 706	OK
1411	   0	84.1	84.1	 848	OK
1412	   0	78.9	78.9	 656	OK
1413	   0	82.1	82.1	 736	OK
1414	4000	73.1	73.1	 910	high noise
1415	   0	81.1	81.1	 661	OK
1416	   0	84.2	84.2	 617	OK
1417	4000	81.6	81.6	 897	high noise
1418	   0	82.9	82.9	 802	OK
1419	   0	85.2	85.2	 834	OK
1420	   0	79.4	79.4	 720	OK
1421	   0	81.8	81.8	 744	OK
1422	4000	82.5	82.5	 878	high noise
1423	   0	77.4	77.4	 862	OK
1424	   0	83.9	83.9	 729	OK
1425	   0	81.6	81.6	 809	OK
1426	   0	77.8	77.8	 790	OK
1427	   0	80.5	80.5	 707	OK
1428	   0	77.7	77.7	 778	OK
1429	   0	82.8	82.8	 723	OK
1430	   0	81.6	81.6	 611	OK
1431	   0	82.9	82.9	 794	OK
1432	   0	83.6	83.6	 700	OK
1433	   0	84.1	84.1	 706	OK
1434	   0	83.3	83.3	 745	OK
1435	   0	89.3	89.3	 732	OK
1436	   0	80.0	80.0	 697	OK
1437	4000	81.4	81.4	 881	high noise
1438	   0	78.4	78.4	 675	OK
1439	4000	80.9	80.9	 954	high noise
1440	   0	83.9	83.9	 796	OK
1441	4000	77.2	77.2	 876	high noise
1442	   0	81.1	81.1	 717	OK
1443	   0	78.4	78.4	 790	OK
1444	   0	86.7	86.7	 754	OK
1445	   0	84.9	84.9	 751	OK
1446	   0	84.7	84.7	 759	OK
1447	   0	73.8	73.8	 732	OK
1448	   0	82.2	82.2	 778	OK
1449	   0	83.8	83.8	 844	OK
1450	   0	85.1	85.1	 745	OK
1451	   0	88.2	88.2	 653	OK
1452	   0	91.9	91.9	 670	OK
1453	4000	83.7	83.7	 882	high noise
1454	   0	81.4	81.4	 751	OK
1455	   0	80.5	80.5	 862	OK
1456	   0	81.4	81.4	 747	OK
1457	4000	79.5	79.5	 915	high noise
1458	   0	85.4	85.4	 676	OK
1459	   0	83.4	83.4	 703	OK
1460	   0	82.4	82.4	 766	OK
1461	   0	90.7	90.7	 745	OK
1462	   0	83.6	83.6	 647	OK
1463	   0	82.0	82.0	 861	OK
1464	   0	80.8	80.8	 721	OK
1465	   0	89.5	89.5	 732	OK
1466	   0	79.9	79.9	 788	OK
1467	   0	74.9	74.9	 823	OK
1468	   0	80.6	80.6	 707	OK
1469	   0	85.2	85.2	 777	OK
1470	   0	87.1	87.1	 702	OK
1471	   0	90.2	90.2	 674	OK
1472	   0	86.7	86.7	 646	OK
1473	4000	85.8	85.8	 891	high noise
1474	   0	78.9	78.9	 734	OK
1475	   0	81.2	81.2	 806	OK
1476	4000	78.6	78.6	 876	high noise
1477	   0	82.8	82.8	 852	OK
1478	   0	83.2	83.2	 798	OK
1479	   0	79.7	79.7	 707	OK
1480	   0	80.2	80.2	 663	OK
1481	   0	81.8	81.8	 798	OK
1482	   0	81.2	81.2	 845	OK
1483	   0	83.4	83.4	 829	OK
1484	   0	85.3	85.3	 780	OK
1485	   0	80.4	80.4	 758	OK
1486	   0	84.6	84.6	 750	OK
1487	   0	75.0	75.0	 845	OK
1488	   0	82.9	82.9	 720	OK
1489	   0	88.5	88.5	 786	OK
1490	   0	85.9	85.9	 625	OK
1491	   0	82.8	82.8	 827	OK
1492	   0	85.1	85.1	 660	OK
1493	   0	86.6	86.6	 704	OK
1494	   0	82.9	82.9	 547	OK
1495	   0	77.0	77.0	 829	OK
1496	   0	82.6	82.6	 673	OK
1497	   0	82.9	82.9	 668	OK
1498	   0	82.9	82.9	 775	OK
1499	   0	86.1	86.1	 814	OK
1500	   0	82.9	82.9	 703	OK
1501	   0	79.1	79.1	 756	OK
1502	   0	82.4	82.4	 757	OK
1503	   0	81.1	81.1	 771	OK
1504	   0	80.3	80.3	 726	OK
1505	   0	77.2	77.2	 826	OK
1506	   0	89.0	89.0	 715	OK
1507	   0	80.2	80.2	 730	OK
1508	   0	79.6	79.6	 649	OK
1509	   0	80.7	80.7	 763	OK
1510	   0	85.9	85.9	 655	OK
1511	   0	78.9	78.9	 814	OK
1512	   0	76.3	76.3	 743	OK
1513	4000	77.7	77.7	 994	high noise
1514	   0	79.7	79.7	 735	OK
1515	   0	82.5	82.5	 756	OK
1516	   0	70.0	70.0	 780	OK
1517	   0	78.5	78.5	 688	OK
1518	   0	78.3	78.3	 823	OK
1519	   0	77.3	77.3	 751	OK
1520	   0	79.7	79.7	 748	OK
1521	   0	85.0	85.0	 764	OK
1522	   0	85.2	85.2	 753	OK
1523	   0	83.3	83.3	 769	OK
1524	4000	77.7	77.7	 891	high noise
1525	   0	81.5	81.5	 771	OK
1526	   0	81.8	81.8	 793	OK
1527	   0	84.9	84.9	 786	OK
1528	   0	85.1	85.1	 751	OK
1529	   0	81.3	81.3	 679	OK
1530	   0	82.3	82.3	 767	OK
1531	   0	81.1	81.1	 715	OK
1532	   0	81.9	81.9	 629	OK
1533	   0	81.5	81.5	 723	OK
1534	4000	83.2	83.2	 879	high noise
1535	   0	78.2	78.2	 739	OK
1536	   0	82.0	82.0	 767	OK
1537	   0	83.7	83.7	 748	OK
1538	   0	86.4	86.4	 691	OK
1539	   0	89.2	89.2	 709	OK
1540	   0	87.8	87.8	 648	OK
1541	   0	78.9	78.9	 661	OK
1542	   0	85.2	85.2	 570	OK
1543	   0	85.0	85.0	 640	OK
1544	   0	81.9	81.9	 724	OK
1545	   0	82.0	82.0	 672	OK
1546	1000	87.3	87.3	 528	unbonded
1547	   0	84.8	84.8	 693	OK
1548	   0	82.9	82.9	 601	OK
1549	   0	85.3	85.3	 690	OK
1550	4000	77.0	77.0	 792	high noise
1551	   0	80.8	80.8	 622	OK
1552	   0	85.4	85.4	 689	OK
1553	   0	87.0	87.0	 701	OK
1554	   0	90.7	90.7	 580	OK
1555	   0	84.8	84.8	 690	OK
1556	   0	85.0	85.0	 650	OK
1557	   0	84.2	84.2	 768	OK
1558	   0	84.3	84.3	 591	OK
1559	   0	81.6	81.6	 664	OK
1560	   0	84.6	84.6	 662	OK
1561	   0	89.9	89.9	 738	OK
1562	   0	88.5	88.5	 584	OK
1563	   0	84.2	84.2	 765	OK
1564	   0	83.6	83.6	 571	OK
1565	   0	83.6	83.6	 774	OK
1566	   0	80.8	80.8	 658	OK
1567	   0	83.7	83.7	 655	OK
1568	   0	84.7	84.7	 759	OK
1569	   0	83.8	83.8	 660	OK
1570	   0	86.2	86.2	 579	OK
1571	   0	87.0	87.0	 725	OK
1572	   0	79.4	79.4	 716	OK
1573	   0	82.5	82.5	 744	OK
1574	   0	85.0	85.0	 706	OK
1575	   0	79.8	79.8	 694	OK
1576	   0	83.7	83.7	 687	OK
1577	   0	89.3	89.3	 772	OK
1578	   0	81.4	81.4	 708	OK
1579	   0	81.6	81.6	 653	OK
1580	   0	88.9	88.9	 659	OK
1581	   0	81.4	81.4	 758	OK
1582	4000	87.0	87.0	 798	high noise
1583	   0	89.1	89.1	 654	OK
1584	   0	91.7	91.7	 637	OK
1585	   0	89.7	89.7	 726	OK
1586	   0	81.7	81.7	 685	OK
1587	4000	84.4	84.4	 821	high noise
1588	   0	84.1	84.1	 684	OK
1589	   0	86.0	86.0	 562	OK
1590	   0	81.3	81.3	 659	OK
1591	4000	86.3	86.3	 854	high noise
1592	   0	83.1	83.1	 674	OK
1593	   0	86.5	86.5	 731	OK
1594	   0	84.8	84.8	 686	OK
1595	4000	81.3	81.3	 819	high noise
1596	   0	78.4	78.4	 709	OK
1597	   0	87.7	87.7	 729	OK
1598	   0	92.3	92.3	 684	OK
1599	   0	90.4	90.4	 726	OK
1600	   0	84.8	84.8	 754	OK
1601	   0	88.7	88.7	 752	OK
1602	   0	90.1	90.1	 612	OK
1603	4000	88.3	88.3	 896	high noise
1604	   0	86.5	86.5	 664	OK
1605	   0	88.6	88.6	 671	OK
1606	   0	85.1	85.1	 650	OK
1607	   0	81.7	81.7	 581	OK
1608	   0	90.3	90.3	 617	OK
1609	1000	91.1	91.1	 536	unbonded
1610	   0	90.4	90.4	 641	OK
1611	   0	94.3	94.3	 551	OK
1612	1000	88.6	88.6	 508	unbonded
1613	   0	79.9	79.9	 717	OK
1614	   0	83.9	83.9	 641	OK
1615	   0	89.4	89.4	 551	OK
1616	   0	84.1	84.1	 740	OK
1617	   0	86.9	86.9	 662	OK
1618	   0	89.3	89.3	 615	OK
1619	   0	87.9	87.9	 703	OK
1620	   0	84.0	84.0	 731	OK
1621	   0	93.8	93.8	 649	OK
1622	8000	83.0	83.0	 541	partbonded
1623	4000	94.4	94.4	 824	high noise
1624	   0	81.8	81.8	 675	OK
1625	   0	76.2	76.2	 639	OK
1626	   0	80.3	80.3	 680	OK
1627	   0	79.7	79.7	 679	OK
1628	   0	84.3	84.3	 740	OK
1629	   0	80.4	80.4	 604	OK
1630	   0	83.3	83.3	 661	OK
1631	   0	80.5	80.5	 693	OK
1632	   0	84.6	84.6	 769	OK
1633	   0	73.7	73.7	 721	OK
1634	   0	86.6	86.6	 637	OK
1635	   0	92.5	92.5	 638	OK
1636	   0	84.8	84.8	 696	OK
1637	   0	84.4	84.4	 622	OK
1638	   0	83.4	83.4	 701	OK
1639	   0	90.1	90.1	 665	OK
1640	   0	85.4	85.4	 550	OK
1641	   0	78.9	78.9	 761	OK
1642	   0	83.7	83.7	 563	OK
1643	   0	90.6	90.6	 656	OK
1644	   0	91.4	91.4	 762	OK
1645	   0	79.5	79.5	 720	OK
1646	   0	91.0	91.0	 713	OK
1647	   0	83.5	83.5	 645	OK
1648	   0	91.9	91.9	 691	OK
1649	1000	91.3	91.3	 520	unbonded
1650	   0	85.8	85.8	 674	OK
1651	   0	83.2	83.2	 702	OK
1652	   0	83.9	83.9	 701	OK
1653	   0	91.2	91.2	 643	OK
1654	   0	80.3	80.3	 701	OK
1655	   0	86.7	86.7	 704	OK
1656	   0	88.0	88.0	 640	OK
1657	   0	86.0	86.0	 648	OK
1658	   0	82.2	82.2	 584	OK
1659	   0	88.6	88.6	 584	OK
1660	4000	84.7	84.7	 799	high noise
1661	   0	89.4	89.4	 570	OK
1662	   0	87.5	87.5	 677	OK
1663	   0	84.6	84.6	 728	OK
1664	   0	93.4	93.4	 626	OK
1665	   0	92.7	92.7	 627	OK
1666	   0	91.1	91.1	 601	OK
1667	4000	89.3	89.3	 781	high noise
1668	   0	96.6	96.6	 703	OK
1669	   0	91.1	91.1	 683	OK
1670	   0	90.8	90.8	 562	OK
1671	   0	89.7	89.7	 605	OK
1672	   0	96.4	96.4	 548	OK
1673	   0	91.5	91.5	 604	OK
1674	   0	90.9	90.9	 679	OK
1675	4000	81.9	81.9	 839	high noise
1676	   0	89.6	89.6	 582	OK
1677	   0	91.6	91.6	 625	OK
1678	   0	96.7	96.7	 665	OK
1679	   0	91.5	91.5	 621	OK
1680	   0	84.6	84.6	 623	OK
1681	1000	91.8	91.8	 540	unbonded
1682	1000	91.2	91.2	 455	unbonded
1683	   0	90.5	90.5	 627	OK
1684	   0	86.0	86.0	 683	OK
1685	   0	93.9	93.9	 665	OK
1686	   0	95.2	95.2	 566	OK
1687	   0	89.5	89.5	 650	OK
1688	   0	98.5	98.5	 541	OK
1689	1000	92.8	92.8	 494	unbonded
1690	   0	88.9	88.9	 682	OK
1691	   0	93.3	93.3	 649	OK
1692	   0	89.2	89.2	 680	OK
1693	   0	89.7	89.7	 715	OK
1694	   0	93.1	93.1	 595	OK
1695	   0	90.3	90.3	 570	OK
1696	   0	99.9	99.9	 618	OK
1697	   0	93.5	93.5	 582	OK
1698	   0	89.4	89.4	 664	OK
1699	   0	92.9	92.9	 674	OK
1700	   0	87.7	87.7	 636	OK
1701	   0	87.5	87.5	 692	OK
1702	1000	87.6	87.6	 484	unbonded
1703	   0	99.6	99.6	 613	OK
1704	   0	82.8	82.8	 634	OK
1705	   0	92.3	92.3	 580	OK
1706	   0	97.6	97.6	 699	OK
1707	4000	90.7	90.7	 742	high noise
1708	1000	94.0	94.0	 526	unbonded
1709	   0	87.6	87.6	 599	OK
1710	1000	98.2	98.2	 539	unbonded
1711	   0	87.0	87.0	 678	OK
1712	   0	89.5	89.5	 622	OK
1713	   0	94.2	94.2	 634	OK
1714	4000	91.5	91.5	 736	high noise
1715	   0	95.4	95.4	 564	OK
1716	   0	92.0	92.0	 632	OK
1717	   0	89.3	89.3	 605	OK
1718	   0	89.4	89.4	 694	OK
1719	   0	96.4	96.4	 686	OK
1720	   0	89.8	89.8	 671	OK
1721	1000	99.2	99.2	 431	unbonded
1722	   0	97.3	97.3	 645	OK
1723	   0	103.8	103.8	 630	OK
1724	   0	96.7	96.7	 637	OK
1725	   0	97.3	97.3	 642	OK
1726	4000	94.0	94.0	 749	high noise
1727	1000	98.2	98.2	 539	unbonded
1728	   0	96.9	96.9	 677	OK
1729	   0	99.1	99.1	 697	OK
1730	   0	92.6	92.6	 599	OK
1731	   0	91.9	91.9	 699	OK
1732	   0	96.4	96.4	 604	OK
1733	   0	96.0	96.0	 594	OK
1734	   0	97.7	97.7	 568	OK
1735	   0	94.9	94.9	 634	OK
1736	1000	93.2	93.2	 536	unbonded
1737	   0	98.6	98.6	 615	OK
1738	   0	85.8	85.8	 600	OK
1739	   0	101.8	101.8	 687	OK
1740	4000	95.8	95.8	 748	high noise
1741	   0	99.8	99.8	 690	OK
1742	   0	94.1	94.1	 724	OK
1743	   0	98.4	98.4	 584	OK
1744	1000	99.0	99.0	 427	unbonded
1745	   0	100.0	100.0	 691	OK
1746	   0	90.0	90.0	 619	OK
1747	   0	94.6	94.6	 640	OK
1748	   0	101.0	101.0	 598	OK
1749	   0	94.9	94.9	 614	OK
1750	   0	91.8	91.8	 653	OK
1751	   0	95.5	95.5	 725	OK
1752	   0	92.1	92.1	 590	OK
1753	   0	95.9	95.9	 617	OK
1754	1000	99.8	99.8	 529	unbonded
1755	   0	91.5	91.5	 634	OK
1756	1000	98.2	98.2	 488	unbonded
1757	   0	93.1	93.1	 648	OK
1758	   0	91.9	91.9	 632	OK
1759	   0	93.3	93.3	 602	OK
1760	   0	95.8	95.8	 552	OK
1761	   0	95.2	95.2	 663	OK
1762	   0	90.0	90.0	 668	OK
1763	4000	96.7	96.7	 764	high noise
1764	   0	94.3	94.3	 556	OK
1765	   0	93.3	93.3	 607	OK
1766	4000	82.3	82.3	 783	high noise
1767	   0	89.0	89.0	 678	OK
1768	   0	91.0	91.0	 609	OK
1769	   0	94.8	94.8	 605	OK
1770	   0	93.4	93.4	 578	OK
1771	   0	97.1	97.1	 681	OK
1772	   0	98.8	98.8	 548	OK
1773	   0	96.8	96.8	 641	OK
1774	4000	89.5	89.5	 736	high noise
1775	   0	98.3	98.3	 679	OK
1776	   0	96.6	96.6	 623	OK
1777	   0	89.7	89.7	 637	OK
1778	4000	87.9	87.9	 747	high noise
1779	   0	94.0	94.0	 619	OK
1780	   0	95.6	95.6	 642	OK
1781	   0	101.1	101.1	 685	OK
1782	   0	94.6	94.6	 646	OK
1783	4000	96.1	96.1	 759	high noise
1784	1000	96.3	96.3	 493	unbonded
1785	   0	100.0	100.0	 642	OK
1786	   0	94.7	94.7	 647	OK
1787	   0	90.9	90.9	 644	OK
1788	   0	94.1	94.1	 606	OK
1789	4000	93.7	93.7	 733	high noise
1790	1000	93.0	93.0	 534	unbonded
1791	   0	98.6	98.6	 663	OK
1792	   0	89.0	89.0	 647	OK
1793	   0	82.9	82.9	 701	OK
1794	   0	90.4	90.4	 552	OK
1795	   0	88.9	88.9	 656	OK
1796	1000	91.4	91.4	 499	unbonded
1797	   0	88.0	88.0	 710	OK
1798	   0	96.9	96.9	 654	OK
1799	   0	83.9	83.9	 682	OK
1800	   0	86.1	86.1	 606	OK
1801	4000	90.4	90.4	 752	high noise
1802	   0	91.2	91.2	 627	OK
1803	   0	85.2	85.2	 623	OK
1804	   0	87.5	87.5	 587	OK
1805	   0	91.0	91.0	 627	OK
1806	1000	92.0	92.0	 525	unbonded
1807	   0	88.3	88.3	 581	OK
1808	1000	92.2	92.2	 437	unbonded
1809	1000	90.7	90.7	 538	unbonded
1810	   0	90.0	90.0	 684	OK
1811	   0	87.9	87.9	 682	OK
1812	   0	98.5	98.5	 620	OK
1813	   0	90.2	90.2	 618	OK
1814	1000	86.9	86.9	 442	unbonded
1815	   0	89.1	89.1	 621	OK
1816	   0	91.7	91.7	 670	OK
1817	   0	98.2	98.2	 609	OK
1818	4000	88.9	88.9	 781	high noise
1819	   0	91.3	91.3	 626	OK
1820	1000	84.5	84.5	 443	unbonded
1821	   0	89.1	89.1	 573	OK
1822	   0	87.5	87.5	 608	OK
1823	   0	87.3	87.3	 606	OK
1824	   0	88.6	88.6	 630	OK
1825	   0	84.7	84.7	 624	OK
1826	4000	83.7	83.7	 725	high noise
1827	   0	98.5	98.5	 571	OK
1828	   0	89.3	89.3	 542	OK
1829	   0	91.7	91.7	 593	OK
1830	   0	85.2	85.2	 651	OK
1831	   0	86.6	86.6	 641	OK
1832	   0	83.3	83.3	 686	OK
1833	   0	81.2	81.2	 688	OK
1834	   0	91.7	91.7	 635	OK
1835	   0	83.5	83.5	 601	OK
1836	   0	92.4	92.4	 598	OK
1837	4000	82.5	82.5	 747	high noise
1838	   0	91.7	91.7	 607	OK
1839	   0	86.3	86.3	 686	OK
1840	   0	93.5	93.5	 646	OK
1841	   0	98.4	98.4	 691	OK
1842	   0	82.4	82.4	 597	OK
1843	   0	90.7	90.7	 715	OK
1844	   0	93.9	93.9	 574	OK
1845	   0	86.1	86.1	 660	OK
1846	   0	81.3	81.3	 632	OK
1847	   0	90.3	90.3	 645	OK
1848	1000	90.4	90.4	 464	unbonded
1849	   0	94.1	94.1	 663	OK
1850	   0	87.1	87.1	 600	OK
1851	4000	81.2	81.2	 738	high noise
1852	   0	93.7	93.7	 617	OK
1853	   0	91.2	91.2	 683	OK
1854	   0	88.3	88.3	 619	OK
1855	   0	90.3	90.3	 695	OK
1856	   0	97.6	97.6	 639	OK
1857	   0	88.2	88.2	 582	OK
1858	   0	91.8	91.8	 544	OK
1859	1000	97.2	97.2	 463	unbonded
1860	   0	91.0	91.0	 612	OK
1861	   0	92.1	92.1	 681	OK
1862	   0	86.1	86.1	 639	OK
1863	   0	88.3	88.3	 689	OK
1864	   0	86.4	86.4	 612	OK
1865	   0	90.3	90.3	 702	OK
1866	4000	88.4	88.4	 726	high noise
1867	   0	87.7	87.7	 616	OK
1868	   0	95.3	95.3	 547	OK
1869	   0	87.6	87.6	 701	OK
1870	   0	87.2	87.2	 622	OK
1871	   0	86.5	86.5	 563	OK
1872	   0	87.2	87.2	 714	OK
1873	   0	77.3	77.3	 688	OK
1874	   0	90.2	90.2	 677	OK
1875	   0	93.3	93.3	 653	OK
1876	   0	88.0	88.0	 653	OK
1877	   0	88.0	88.0	 550	OK
1878	   0	93.1	93.1	 677	OK
1879	   0	97.4	97.4	 553	OK
1880	   0	91.5	91.5	 614	OK
1881	   0	82.9	82.9	 708	OK
1882	   0	82.0	82.0	 603	OK
1883	   0	84.4	84.4	 637	OK
1884	   0	83.6	83.6	 608	OK
1885	   0	81.9	81.9	 653	OK
1886	   0	85.2	85.2	 619	OK
1887	   0	85.3	85.3	 708	OK
1888	   0	90.6	90.6	 590	OK
1889	   0	88.0	88.0	 659	OK
1890	1000	81.4	81.4	 521	unbonded
1891	   0	84.6	84.6	 722	OK
1892	1000	91.1	91.1	 521	unbonded
1893	1000	95.2	95.2	 507	unbonded
1894	   0	87.1	87.1	 594	OK
1895	   0	95.9	95.9	 571	OK
1896	4000	82.2	82.2	 754	high noise
1897	   0	85.4	85.4	 599	OK
1898	   0	83.8	83.8	 723	OK
1899	   0	88.4	88.4	 667	OK
1900	4000	79.7	79.7	 732	high noise
1901	   0	85.0	85.0	 632	OK
1902	   0	93.4	93.4	 568	OK
1903	   0	86.9	86.9	 560	OK
1904	   0	89.0	89.0	 717	OK
1905	   0	90.9	90.9	 574	OK
1906	1000	89.8	89.8	 500	unbonded
1907	4000	84.7	84.7	 794	high noise
1908	   0	84.9	84.9	 541	OK
1909	4000	94.1	94.1	 754	high noise
1910	   0	87.2	87.2	 686	OK
1911	   0	82.7	82.7	 634	OK
1912	   0	87.2	87.2	 707	OK
1913	   0	90.4	90.4	 619	OK
1914	   0	81.1	81.1	 666	OK
1915	   0	91.6	91.6	 605	OK
1916	   0	83.5	83.5	 639	OK
1917	1000	85.5	85.5	 532	unbonded
1918	   0	87.3	87.3	 595	OK
1919	4000	82.9	82.9	 769	high noise
1920	   0	82.1	82.1	 624	OK
1921	   0	79.2	79.2	 705	OK
1922	   0	80.8	80.8	 739	OK
1923	   0	87.7	87.7	 630	OK
1924	   0	84.4	84.4	 704	OK
1925	   0	78.5	78.5	 670	OK
1926	   0	80.7	80.7	 681	OK
1927	   0	82.4	82.4	 763	OK
1928	   0	81.7	81.7	 705	OK
1929	   0	77.9	77.9	 635	OK
1930	   0	79.1	79.1	 668	OK
1931	   0	82.9	82.9	 697	OK
1932	   0	74.5	74.5	 700	OK
1933	4000	77.5	77.5	 946	high noise
1934	   0	79.8	79.8	 706	OK
1935	4000	85.8	85.8	 829	high noise
1936	   0	74.3	74.3	 609	OK
1937	   0	84.4	84.4	 669	OK
1938	   0	82.2	82.2	 702	OK
1939	   0	75.4	75.4	 670	OK
1940	   0	81.8	81.8	 653	OK
1941	   0	77.0	77.0	 605	OK
1942	   0	78.6	78.6	 740	OK
1943	   0	81.2	81.2	 655	OK
1944	   0	85.1	85.1	 634	OK
1945	4000	74.6	74.6	 805	high noise
1946	   0	82.8	82.8	 691	OK
1947	   0	75.3	75.3	 594	OK
1948	   0	82.6	82.6	 757	OK
1949	   0	86.9	86.9	 707	OK
1950	   0	73.5	73.5	 703	OK
1951	   0	85.9	85.9	 680	OK
1952	   0	86.2	86.2	 622	OK
1953	   0	77.0	77.0	 657	OK
1954	   0	83.8	83.8	 676	OK
1955	   0	76.5	76.5	 578	OK
1956	4000	81.3	81.3	 799	high noise
1957	   0	81.0	81.0	 765	OK
1958	   0	75.0	75.0	 590	OK
1959	1000	81.4	81.4	 523	unbonded
1960	   0	76.6	76.6	 778	OK
1961	   0	84.7	84.7	 700	OK
1962	   0	81.8	81.8	 736	OK
1963	   0	80.5	80.5	 785	OK
1964	   0	76.9	76.9	 786	OK
1965	   0	76.1	76.1	 788	OK
1966	   0	75.3	75.3	 725	OK
1967	   0	74.5	74.5	 743	OK
1968	   0	74.7	74.7	 549	OK
1969	   0	81.0	81.0	 733	OK
1970	   0	79.2	79.2	 651	OK
1971	   0	85.6	85.6	 705	OK
1972	   0	82.1	82.1	 602	OK
1973	   0	75.2	75.2	 780	OK
1974	   0	80.2	80.2	 705	OK
1975	4000	80.5	80.5	 809	high noise
1976	   0	79.9	79.9	 686	OK
1977	   0	89.0	89.0	 681	OK
1978	1000	72.5	72.5	 513	unbonded
1979	4000	73.9	73.9	 802	high noise
1980	   0	82.0	82.0	 733	OK
1981	   0	80.7	80.7	 673	OK
1982	   0	78.9	78.9	 628	OK
1983	   0	82.8	82.8	 599	OK
1984	   0	74.1	74.1	 674	OK
1985	   0	82.3	82.3	 651	OK
1986	   0	78.4	78.4	 622	OK
1987	   0	84.9	84.9	 723	OK
1988	   0	83.6	83.6	 648	OK
1989	4000	73.9	73.9	 825	high noise
1990	   0	83.3	83.3	 691	OK
1991	   0	83.9	83.9	 645	OK
1992	   0	85.0	85.0	 697	OK
1993	   0	82.1	82.1	 740	OK
1994	4000	79.4	79.4	 836	high noise
1995	   0	83.1	83.1	 594	OK
1996	   0	80.2	80.2	 586	OK
1997	   0	74.0	74.0	 645	OK
1998	   0	88.4	88.4	 664	OK
1999	4000	73.4	73.4	 866	high noise
2000	   0	85.6	85.6	 642	OK
2001	   0	79.6	79.6	 762	OK
2002	   0	79.6	79.6	 636	OK
2003	   0	81.9	81.9	 664	OK
2004	   0	80.9	80.9	 661	OK
2005	   0	77.3	77.3	 624	OK
2006	   0	79.1	79.1	 618	OK
2007	4000	73.3	73.3	 823	high noise
2008	   0	85.4	85.4	 565	OK
2009	   0	78.3	78.3	 704	OK
2010	   0	73.2	73.2	 723	OK
2011	   0	75.5	75.5	 684	OK
2012	1000	88.2	88.2	 537	unbonded
2013	   0	81.9	81.9	 627	OK
2014	   0	79.4	79.4	 661	OK
2015	   0	75.2	75.2	 751	OK
2016	   0	77.1	77.1	 573	OK
2017	   0	83.1	83.1	 621	OK
2018	   0	75.5	75.5	 588	OK
2019	   0	79.7	79.7	 703	OK
2020	   0	78.7	78.7	 712	OK
2021	   0	82.2	82.2	 637	OK
2022	4000	71.5	71.5	 812	high noise
2023	   0	82.4	82.4	 681	OK
2024	4000	77.9	77.9	 816	high noise
2025	   0	81.4	81.4	 704	OK
2026	   0	80.2	80.2	 659	OK
2027	   0	76.0	76.0	 691	OK
2028	   0	83.2	83.2	 708	OK
2029	   0	85.6	85.6	 727	OK
2030	   0	72.1	72.1	 724	OK
2031	   0	74.7	74.7	 641	OK
2032	   0	77.1	77.1	 691	OK
2033	   0	76.2	76.2	 763	OK
2034	   0	83.2	83.2	 664	OK
2035	   0	82.9	82.9	 745	OK
2036	   0	86.5	86.5	 550	OK
2037	   0	76.3	76.3	 584	OK
2038	   0	81.0	81.0	 660	OK
2039	   0	78.3	78.3	 677	OK
2040	   0	78.3	78.3	 774	OK
2041	4000	74.6	74.6	 805	high noise
2042	   0	77.1	77.1	 770	OK
2043	   0	75.6	75.6	 711	OK
2044	   0	84.3	84.3	 636	OK
2045	   0	80.2	80.2	 602	OK
2046	4000	73.1	73.1	 910	high noise
2047	   0	81.8	81.8	 568	OK
2048	   0	79.4	79.4	 694	OK
2049	   0	87.6	87.6	 737	OK
2050	   0	86.8	86.8	 602	OK
2051	   0	81.2	81.2	 678	OK
2052	   0	80.8	80.8	 628	OK
2053	   0	82.0	82.0	 554	OK
2054	   0	88.0	88.0	 741	OK
2055	   0	83.5	83.5	 691	OK
2056	   0	80.4	80.4	 668	OK
2057	   0	83.7	83.7	 718	OK
2058	   0	76.5	76.5	 752	OK
2059	   0	76.9	76.9	 709	OK
2060	1000	76.6	76.6	 421	unbonded
2061	   0	84.0	84.0	 632	OK
2062	1000	81.2	81.2	 471	unbonded
2063	   0	85.7	85.7	 704	OK
2064	   0	81.3	81.3	 647	OK
2065	   0	86.3	86.3	 683	OK
2066	   0	80.4	80.4	 678	OK
2067	   0	86.6	86.6	 610	OK
2068	   0	82.5	82.5	 612	OK
2069	   0	92.2	92.2	 613	OK
2070	   0	84.5	84.5	 628	OK
2071	   0	81.1	81.1	 650	OK
2072	   0	80.8	80.8	 587	OK
2073	   0	85.5	85.5	 682	OK
2074	   0	79.8	79.8	 635	OK
2075	4000	85.8	85.8	 792	high noise
2076	   0	85.9	85.9	 726	OK
2077	   0	81.9	81.9	 656	OK
2078	   0	82.9	82.9	 748	OK
2079	   0	92.4	92.4	 697	OK
2080	   0	77.4	77.4	 552	OK
2081	   0	77.4	77.4	 638	OK
2082	   0	82.0	82.0	 643	OK
2083	1000	89.7	89.7	 528	unbonded
2084	   0	82.0	82.0	 730	OK
2085	   0	83.0	83.0	 676	OK
2086	   0	85.0	85.0	 655	OK
2087	   0	89.0	89.0	 653	OK
2088	   0	77.3	77.3	 671	OK
2089	   0	82.9	82.9	 647	OK
2090	   0	79.0	79.0	 694	OK
2091	   0	85.5	85.5	 644	OK
2092	   0	81.7	81.7	 626	OK
2093	1000	85.6	85.6	 503	unbonded
2094	   0	87.8	87.8	 661	OK
2095	   0	75.2	75.2	 651	OK
2096	4000	79.3	79.3	 756	high noise
2097	   0	84.7	84.7	 607	OK
2098	   0	79.2	79.2	 677	OK
2099	   0	79.8	79.8	 669	OK
2100	   0	78.8	78.8	 733	OK
2101	4000	80.3	80.3	 755	high noise
2102	1000	78.0	78.0	 535	unbonded
2103	   0	87.2	87.2	 592	OK
2104	   0	78.5	78.5	 726	OK
2105	4000	77.1	77.1	 755	high noise
2106	   0	89.1	89.1	 677	OK
2107	   0	83.9	83.9	 719	OK
2108	   0	81.3	81.3	 719	OK
2109	   0	87.3	87.3	 671	OK
2110	   0	77.5	77.5	 699	OK
2111	   0	92.7	92.7	 613	OK
2112	   0	78.9	78.9	 631	OK
2113	   0	82.0	82.0	 670	OK
2114	   0	87.8	87.8	 610	OK
2115	   0	84.7	84.7	 686	OK
2116	   0	79.6	79.6	 567	OK
2117	   0	88.9	88.9	 666	OK
2118	4000	83.3	83.3	 755	high noise
2119	1000	90.3	90.3	 530	unbonded
2120	   0	87.0	87.0	 614	OK
2121	1000	83.1	83.1	 537	unbonded
2122	   0	82.5	82.5	 595	OK
2123	   0	86.7	86.7	 697	OK
2124	   0	88.8	88.8	 595	OK
2125	   0	80.7	80.7	 675	OK
2126	1000	86.4	86.4	 518	unbonded
2127	4000	80.1	80.1	 763	high noise
2128	   0	87.7	87.7	 715	OK
2129	   0	82.5	82.5	 597	OK
2130	   0	83.8	83.8	 571	OK
2131	4000	85.9	85.9	 785	high noise
2132	   0	78.0	78.0	 653	OK
2133	   0	86.7	86.7	 724	OK
2134	   0	87.7	87.7	 650	OK
2135	   0	85.9	85.9	 715	OK
2136	   0	88.2	88.2	 598	OK
2137	4000	80.4	80.4	 787	high noise
2138	   0	78.8	78.8	 628	OK
2139	   0	86.5	86.5	 665	OK
2140	   0	87.1	87.1	 596	OK
2141	   0	89.2	89.2	 564	OK
2142	   0	83.8	83.8	 543	OK
2143	   0	79.8	79.8	 704	OK
2144	   0	84.4	84.4	 662	OK
2145	   0	74.7	74.7	 628	OK
2146	   0	86.2	86.2	 727	OK
2147	   0	77.1	77.1	 666	OK
2148	   0	82.9	82.9	 603	OK
2149	   0	76.1	76.1	 731	OK
2150	   0	87.2	87.2	 585	OK
2151	   0	81.3	81.3	 649	OK
2152	1000	82.5	82.5	 492	unbonded
2153	4000	82.4	82.4	 815	high noise
2154	4000	80.4	80.4	 772	high noise
2155	   0	81.7	81.7	 743	OK
2156	   0	81.5	81.5	 572	OK
2157	   0	83.5	83.5	 647	OK
2158	4000	75.7	75.7	 768	high noise
2159	1000	85.1	85.1	 518	unbonded
2160	   0	84.8	84.8	 666	OK
2161	   0	84.2	84.2	 639	OK
2162	   0	84.1	84.1	 706	OK
2163	   0	83.6	83.6	 658	OK
2164	   0	85.0	85.0	 611	OK
2165	   0	80.7	80.7	 647	OK
2166	   0	85.5	85.5	 649	OK
2167	4000	85.7	85.7	 755	high noise
2168	   0	84.1	84.1	 664	OK
2169	   0	87.3	87.3	 587	OK
2170	   0	79.5	79.5	 609	OK
2171	   0	81.5	81.5	 595	OK
2172	4000	82.1	82.1	 753	high noise
2173	   0	76.9	76.9	 622	OK
2174	   0	82.9	82.9	 553	OK
2175	   0	83.1	83.1	 708	OK
2176	   0	78.4	78.4	 572	OK
2177	   0	85.1	85.1	 614	OK
2178	   0	87.4	87.4	 565	OK
2179	   0	82.4	82.4	 593	OK
2180	1000	88.5	88.5	 460	unbonded
2181	   0	85.2	85.2	 642	OK
2182	   0	84.1	84.1	 652	OK
2183	1000	90.7	90.7	 521	unbonded
2184	4000	81.5	81.5	 710	high noise
2185	   0	82.8	82.8	 654	OK
2186	1000	91.1	91.1	 504	unbonded
2187	4000	82.2	82.2	 710	high noise
2188	   0	84.8	84.8	 607	OK
2189	   0	83.2	83.2	 702	OK
2190	   0	81.2	81.2	 596	OK
2191	   0	85.3	85.3	 643	OK
2192	1000	84.0	84.0	 530	unbonded
2193	   0	83.6	83.6	 582	OK
2194	   0	85.5	85.5	 624	OK
2195	   0	88.7	88.7	 550	OK
2196	4000	75.4	75.4	 748	high noise
2197	4000	75.0	75.0	 809	high noise
2198	1000	91.1	91.1	 514	unbonded
2199	   0	84.3	84.3	 599	OK
2200	   0	82.7	82.7	 576	OK
2201	   0	84.9	84.9	 621	OK
2202	   0	81.3	81.3	 692	OK
2203	   0	82.6	82.6	 679	OK
2204	   0	92.5	92.5	 637	OK
2205	4000	79.0	79.0	 714	high noise
2206	   0	86.0	86.0	 657	OK
2207	   0	88.3	88.3	 644	OK
2208	1000	83.9	83.9	 454	unbonded
2209	   0	82.4	82.4	 646	OK
2210	   0	82.6	82.6	 565	OK
2211	   0	92.4	92.4	 595	OK
2212	1000	85.5	85.5	 528	unbonded
2213	   0	93.1	93.1	 648	OK
2214	1000	87.1	87.1	 536	unbonded
2215	   0	79.4	79.4	 641	OK
2216	   0	88.6	88.6	 557	OK
2217	   0	78.4	78.4	 609	OK
2218	   0	90.3	90.3	 570	OK
2219	   0	88.7	88.7	 584	OK
2220	   0	84.8	84.8	 617	OK
2221	   0	84.7	84.7	 649	OK
2222	   0	83.0	83.0	 632	OK
2223	   0	85.2	85.2	 600	OK
2224	4000	82.7	82.7	 778	high noise
2225	   0	80.7	80.7	 655	OK
2226	   0	82.0	82.0	 641	OK
2227	   0	88.0	88.0	 604	OK
2228	1000	93.3	93.3	 506	unbonded
2229	   0	82.1	82.1	 627	OK
2230	   0	80.4	80.4	 548	OK
2231	4000	88.2	88.2	 711	high noise
2232	   0	83.7	83.7	 623	OK
2233	4000	71.9	71.9	 746	high noise
2234	   0	89.6	89.6	 586	OK
2235	   0	80.0	80.0	 662	OK
2236	1000	89.7	89.7	 508	unbonded
2237	4000	85.9	85.9	 724	high noise
2238	   0	87.7	87.7	 573	OK
2239	   0	87.6	87.6	 680	OK
2240	   0	87.8	87.8	 545	OK
2241	4000	84.6	84.6	 712	high noise
2242	   0	86.0	86.0	 580	OK
2243	   0	86.7	86.7	 666	OK
2244	   0	89.3	89.3	 691	OK
2245	   0	85.8	85.8	 671	OK
2246	   0	81.9	81.9	 601	OK
2247	   0	83.5	83.5	 619	OK
2248	   0	91.9	91.9	 576	OK
2249	   0	81.1	81.1	 689	OK
2250	   0	82.4	82.4	 688	OK
2251	   0	82.2	82.2	 651	OK
2252	   0	82.0	82.0	 655	OK
2253	1000	89.5	89.5	 532	unbonded
2254	   0	84.7	84.7	 661	OK
2255	   0	78.0	78.0	 621	OK
2256	   0	76.6	76.6	 563	OK
2257	   0	84.7	84.7	 656	OK
2258	   0	86.0	86.0	 567	OK
2259	   0	85.0	85.0	 615	OK
2260	   0	85.5	85.5	 646	OK
2261	   0	97.2	97.2	 683	OK
2262	   0	92.1	92.1	 655	OK
2263	   0	87.4	87.4	 640	OK
2264	1000	87.5	87.5	 490	unbonded
2265	   0	86.3	86.3	 572	OK
2266	   0	88.4	88.4	 545	OK
2267	   0	80.5	80.5	 639	OK
2268	   0	85.5	85.5	 569	OK
2269	   0	88.6	88.6	 620	OK
2270	   0	79.6	79.6	 657	OK
2271	   0	87.6	87.6	 572	OK
2272	   0	82.4	82.4	 581	OK
2273	   0	79.1	79.1	 647	OK
2274	   0	80.9	80.9	 662	OK
2275	   0	89.2	89.2	 577	OK
2276	   0	89.2	89.2	 567	OK
2277	   0	80.9	80.9	 635	OK
2278	1000	81.9	81.9	 533	unbonded
2279	1000	86.9	86.9	 517	unbonded
2280	   0	88.0	88.0	 590	OK
2281	   0	84.8	84.8	 588	OK
2282	   0	81.5	81.5	 553	OK
2283	4000	88.3	88.3	 748	high noise
2284	1000	86.9	86.9	 525	unbonded
2285	   0	86.8	86.8	 704	OK
2286	1000	85.7	85.7	 427	unbonded
2287	1000	80.4	80.4	 492	unbonded
2288	   0	82.4	82.4	 550	OK
2289	1000	85.9	85.9	 521	unbonded
2290	   0	86.5	86.5	 568	OK
2291	   0	90.5	90.5	 573	OK
2292	1000	84.2	84.2	 446	unbonded
2293	   0	78.5	78.5	 688	OK
2294	1000	80.9	80.9	 486	unbonded
2295	   0	86.2	86.2	 685	OK
2296	   0	82.2	82.2	 655	OK
2297	   0	82.9	82.9	 608	OK
2298	   0	88.4	88.4	 556	OK
2299	4000	84.4	84.4	 763	high noise
2300	   0	79.3	79.3	 557	OK
2301	   0	82.2	82.2	 674	OK
2302	   0	78.1	78.1	 650	OK
2303	4000	83.7	83.7	 723	high noise
2304	   0	89.2	89.2	 567	OK
2305	   0	89.6	89.6	 672	OK
2306	   0	78.6	78.6	 622	OK
2307	   0	83.7	83.7	 561	OK
2308	1000	92.6	92.6	 496	unbonded
2309	   0	91.0	91.0	 595	OK
2310	   0	85.0	85.0	 626	OK
2311	1000	87.1	87.1	 526	unbonded
2312	4000	86.4	86.4	 721	high noise
2313	4000	89.4	89.4	 727	high noise
2314	   0	83.1	83.1	 618	OK
2315	   0	85.4	85.4	 672	OK
2316	   0	86.9	86.9	 652	OK
2317	   0	89.2	89.2	 597	OK
2318	   0	85.3	85.3	 549	OK
2319	   0	87.3	87.3	 560	OK
2320	   0	85.6	85.6	 577	OK
2321	   0	88.3	88.3	 629	OK
2322	   0	85.5	85.5	 632	OK
2323	   0	85.1	85.1	 687	OK
2324	   0	85.7	85.7	 601	OK
2325	   0	84.9	84.9	 609	OK
2326	   0	89.6	89.6	 627	OK
2327	4000	77.6	77.6	 713	high noise
2328	   0	85.8	85.8	 549	OK
2329	   0	87.1	87.1	 701	OK
2330	   0	84.7	84.7	 689	OK
2331	   0	78.7	78.7	 652	OK
2332	   0	86.7	86.7	 576	OK
2333	4000	84.8	84.8	 753	high noise
2334	   0	86.0	86.0	 565	OK
2335	   0	82.6	82.6	 617	OK
2336	   0	89.5	89.5	 543	OK
2337	   0	78.1	78.1	 660	OK
2338	   0	88.4	88.4	 568	OK
2339	   0	97.3	97.3	 596	OK
2340	   0	87.9	87.9	 623	OK
2341	   0	84.6	84.6	 604	OK
2342	   0	86.0	86.0	 610	OK
2343	   0	88.6	88.6	 617	OK
2344	   0	85.2	85.2	 603	OK
2345	   0	93.1	93.1	 551	OK
2346	   0	88.1	88.1	 596	OK
2347	   0	88.4	88.4	 629	OK
2348	4000	91.8	91.8	 729	high noise
2349	   0	91.3	91.3	 592	OK
2350	   0	84.3	84.3	 627	OK
2351	1000	87.2	87.2	 517	unbonded
2352	1000	93.4	93.4	 536	unbonded
2353	   0	80.5	80.5	 644	OK
2354	   0	90.2	90.2	 572	OK
2355	   0	90.2	90.2	 578	OK
2356	   0	80.9	80.9	 653	OK
2357	   0	93.0	93.0	 615	OK
2358	   0	76.2	76.2	 667	OK
2359	   0	94.7	94.7	 655	OK
2360	1000	93.1	93.1	 539	unbonded
2361	   0	87.0	87.0	 547	OK
2362	   0	95.7	95.7	 619	OK
2363	   0	82.7	82.7	 567	OK
2364	1000	94.0	94.0	 480	unbonded
2365	   0	86.0	86.0	 623	OK
2366	   0	94.0	94.0	 553	OK
2367	4000	93.6	93.6	 732	high noise
2368	1000	87.7	87.7	 530	unbonded
2369	   0	91.7	91.7	 607	OK
2370	   0	89.0	89.0	 564	OK
2371	4000	87.1	87.1	 706	high noise
2372	   0	78.4	78.4	 569	OK
2373	   0	83.6	83.6	 607	OK
2374	   0	91.0	91.0	 637	OK
2375	4000	82.0	82.0	 769	high noise
2376	4000	85.5	85.5	 711	high noise
2377	   0	84.3	84.3	 656	OK
2378	   0	83.0	83.0	 662	OK
2379	   0	85.7	85.7	 633	OK
2380	   0	85.7	85.7	 641	OK
2381	   0	87.5	87.5	 579	OK
2382	1000	91.0	91.0	 476	unbonded
2383	4000	76.2	76.2	 789	high noise
2384	1000	80.6	80.6	 410	unbonded
2385	   0	93.2	93.2	 594	OK
2386	   0	87.6	87.6	 595	OK
2387	   0	92.5	92.5	 606	OK
2388	   0	88.4	88.4	 667	OK
2389	1000	89.1	89.1	 526	unbonded
2390	   0	89.5	89.5	 658	OK
2391	1000	88.3	88.3	 486	unbonded
2392	4000	79.5	79.5	 767	high noise
2393	   0	90.2	90.2	 701	OK
2394	   0	93.3	93.3	 678	OK
2395	   0	82.0	82.0	 633	OK
2396	   0	90.8	90.8	 653	OK
2397	   0	88.4	88.4	 644	OK
2398	1000	87.4	87.4	 472	unbonded
2399	1000	82.4	82.4	 539	unbonded
2400	   0	85.3	85.3	 678	OK
2401	   0	93.8	93.8	 624	OK
2402	   0	85.5	85.5	 579	OK
2403	4000	89.7	89.7	 736	high noise
2404	4000	86.5	86.5	 793	high noise
2405	   0	77.7	77.7	 573	OK
2406	   0	86.0	86.0	 678	OK
2407	1000	84.5	84.5	 484	unbonded
2408	   0	93.7	93.7	 573	OK
2409	   0	85.9	85.9	 612	OK
2410	4000	82.2	82.2	 716	high noise
2411	   0	84.9	84.9	 618	OK
2412	   0	80.2	80.2	 661	OK
2413	   0	90.2	90.2	 580	OK
2414	   0	90.7	90.7	 593	OK
2415	   0	92.6	92.6	 543	OK
2416	   0	87.2	87.2	 612	OK
2417	   0	87.2	87.2	 568	OK
2418	1000	88.9	88.9	 459	unbonded
2419	1000	88.6	88.6	 512	unbonded
2420	   0	90.9	90.9	 611	OK
2421	   0	86.4	86.4	 641	OK
2422	1000	85.5	85.5	 525	unbonded
2423	   0	88.7	88.7	 650	OK
2424	   0	87.1	87.1	 610	OK
2425	   0	96.7	96.7	 653	OK
2426	1000	87.9	87.9	 536	unbonded
2427	   0	85.3	85.3	 569	OK
2428	   0	84.6	84.6	 639	OK
2429	   0	89.0	89.0	 553	OK
2430	1000	83.2	83.2	 491	unbonded
2431	1000	90.7	90.7	 491	unbonded
2432	   0	92.3	92.3	 615	OK
2433	   0	88.9	88.9	 647	OK
2434	   0	92.5	92.5	 582	OK
2435	1000	92.0	92.0	 529	unbonded
2436	   0	90.7	90.7	 611	OK
2437	   0	98.0	98.0	 615	OK
2438	   0	91.1	91.1	 541	OK
2439	1000	92.1	92.1	 513	unbonded
2440	   0	95.8	95.8	 582	OK
2441	   0	97.6	97.6	 639	OK
2442	   0	99.3	99.3	 592	OK
2443	4000	106.5	106.5	 682	high noise
2444	   0	86.0	86.0	 631	OK
2445	   0	100.2	100.2	 580	OK
2446	   0	91.0	91.0	 586	OK
2447	1000	101.8	101.8	 516	unbonded
2448	   0	92.3	92.3	 571	OK
2449	   0	97.6	97.6	 593	OK
2450	   0	95.1	95.1	 560	OK
2451	   0	87.1	87.1	 604	OK
2452	   0	92.6	92.6	 580	OK
2453	   0	88.3	88.3	 646	OK
2454	   0	98.3	98.3	 570	OK
2455	   0	89.0	89.0	 626	OK
2456	   0	89.8	89.8	 592	OK
2457	   0	92.4	92.4	 569	OK
2458	   0	93.0	93.0	 624	OK
2459	   0	97.3	97.3	 571	OK
2460	   0	92.9	92.9	 569	OK
2461	   0	94.6	94.6	 564	OK
2462	4000	90.9	90.9	 746	high noise
2463	   0	97.9	97.9	 552	OK
2464	   0	93.0	93.0	 614	OK
2465	   0	100.0	100.0	 566	OK
2466	4000	88.8	88.8	 721	high noise
2467	   0	97.1	97.1	 564	OK
2468	   0	87.4	87.4	 574	OK
2469	   0	87.9	87.9	 573	OK
2470	4000	87.7	87.7	 715	high noise
2471	   0	98.4	98.4	 589	OK
2472	   0	90.4	90.4	 594	OK
2473	   0	86.4	86.4	 677	OK
2474	   0	94.5	94.5	 657	OK
2475	   0	93.9	93.9	 634	OK
2476	   0	95.3	95.3	 594	OK
2477	   0	94.3	94.3	 618	OK
2478	   0	85.1	85.1	 654	OK
2479	   0	96.9	96.9	 546	OK
2480	4000	90.2	90.2	 712	high noise
2481	1000	89.3	89.3	 513	unbonded
2482	4000	90.9	90.9	 685	high noise
2483	   0	89.6	89.6	 582	OK
2484	   0	99.6	99.6	 621	OK
2485	   0	88.2	88.2	 584	OK
2486	1000	94.3	94.3	 513	unbonded
2487	   0	92.3	92.3	 616	OK
2488	1000	98.0	98.0	 538	unbonded
2489	1000	95.0	95.0	 511	unbonded
2490	1000	94.7	94.7	 494	unbonded
2491	1000	96.9	96.9	 538	unbonded
2492	   0	97.1	97.1	 672	OK
2493	1000	97.3	97.3	 451	unbonded
2494	   0	96.2	96.2	 631	OK
2495	   0	92.9	92.9	 678	OK
2496	   0	94.4	94.4	 550	OK
2497	   0	91.8	91.8	 547	OK
2498	4000	83.0	83.0	 751	high noise
2499	   0	87.1	87.1	 611	OK
2500	   0	96.2	96.2	 632	OK
2501	   0	96.0	96.0	 560	OK
2502	   0	96.0	96.0	 557	OK
2503	   0	96.0	96.0	 624	OK
2504	1000	90.5	90.5	 498	unbonded
2505	   0	94.9	94.9	 624	OK
2506	   0	87.6	87.6	 620	OK
2507	   0	89.8	89.8	 575	OK
2508	1000	90.7	90.7	 524	unbonded
2509	   0	96.2	96.2	 621	OK
2510	   0	87.7	87.7	 546	OK
2511	   0	88.0	88.0	 591	OK
2512	1000	99.9	99.9	 463	unbonded
2513	4000	90.1	90.1	 741	high noise
2514	1000	83.0	83.0	 522	unbonded
2515	4000	85.9	85.9	 761	high noise
2516	   0	93.9	93.9	 636	OK
2517	1000	90.5	90.5	 520	unbonded
2518	4000	91.4	91.4	 692	high noise
2519	   0	93.3	93.3	 617	OK
2520	   0	92.2	92.2	 619	OK
2521	   0	90.0	90.0	 622	OK
2522	1000	96.0	96.0	 495	unbonded
2523	   0	93.1	93.1	 551	OK
2524	   0	89.4	89.4	 623	OK
2525	   0	83.4	83.4	 596	OK
2526	   0	87.6	87.6	 557	OK
2527	   0	90.8	90.8	 597	OK
2528	   0	89.2	89.2	 562	OK
2529	   0	92.2	92.2	 605	OK
2530	1000	86.8	86.8	 532	unbonded
2531	   0	87.8	87.8	 630	OK
2532	   0	81.8	81.8	 546	OK
2533	   0	95.5	95.5	 545	OK
2534	   0	92.8	92.8	 608	OK
2535	   0	95.1	95.1	 652	OK
2536	   0	94.7	94.7	 601	OK
2537	1000	92.4	92.4	 509	unbonded
2538	1000	96.8	96.8	 529	unbonded
2539	   0	91.8	91.8	 627	OK
2540	   0	95.6	95.6	 643	OK
2541	1000	91.8	91.8	 494	unbonded
2542	   0	95.3	95.3	 604	OK
2543	   0	91.5	91.5	 603	OK
2544	   0	95.8	95.8	 669	OK
2545	1000	93.4	93.4	 517	unbonded
2546	   0	93.0	93.0	 563	OK
2547	   0	96.0	96.0	 542	OK
2548	1000	93.6	93.6	 486	unbonded
2549	   0	93.2	93.2	 567	OK
2550	4000	86.3	86.3	 710	high noise
2551	1000	92.1	92.1	 500	unbonded
2552	   0	92.2	92.2	 585	OK
2553	   0	102.2	102.2	 553	OK
2554	   0	101.5	101.5	 588	OK
2555	4000	95.8	95.8	 704	high noise
2556	1000	92.5	92.5	 470	unbonded
2557	   0	93.4	93.4	 631	OK
2558	1000	87.4	87.4	 534	unbonded
2559	   0	90.7	90.7	 665	OK
