#chan	code	gain	offset	innse	comment
   0	   0	77.5	77.5	 643	OK
   1	8000	96.1	96.1	 541	partbonded
   2	   0	89.4	89.4	 601	OK
   3	   0	84.4	84.4	 549	OK
   4	1000	81.4	81.4	 537	unbonded
   5	   0	86.7	86.7	 637	OK
   6	   0	83.2	83.2	 601	OK
   7	   0	83.4	83.4	 639	OK
   8	   0	85.6	85.6	 619	OK
   9	   0	85.6	85.6	 573	OK
  10	   0	82.8	82.8	 643	OK
  11	   0	87.4	87.4	 649	OK
  12	   0	92.1	92.1	 623	OK
  13	   0	88.0	88.0	 601	OK
  14	   0	92.4	92.4	 682	OK
  15	   0	87.9	87.9	 561	OK
  16	   0	80.3	80.3	 684	OK
  17	1000	76.9	76.9	 495	unbonded
  18	   0	86.2	86.2	 595	OK
  19	4000	82.4	82.4	 782	high noise
  20	   0	84.9	84.9	 622	OK
  21	   0	91.7	91.7	 585	OK
  22	1000	87.6	87.6	 528	unbonded
  23	   0	83.9	83.9	 552	OK
  24	1000	90.1	90.1	 531	unbonded
  25	   0	88.3	88.3	 634	OK
  26	1000	80.2	80.2	 445	unbonded
  27	   0	89.9	89.9	 667	OK
  28	   0	84.1	84.1	 690	OK
  29	4000	89.4	89.4	 725	high noise
  30	   0	90.0	90.0	 641	OK
  31	1000	89.9	89.9	 444	unbonded
  32	   0	90.6	90.6	 552	OK
  33	1000	86.7	86.7	 536	unbonded
  34	   0	91.6	91.6	 595	OK
  35	4000	81.4	81.4	 746	high noise
  36	   0	90.2	90.2	 554	OK
  37	   0	83.7	83.7	 601	OK
  38	   0	83.4	83.4	 609	OK
  39	1000	87.7	87.7	 524	unbonded
  40	   0	92.6	92.6	 633	OK
  41	   0	80.1	80.1	 651	OK
  42	   0	80.5	80.5	 655	OK
  43	   0	81.4	81.4	 635	OK
  44	1000	88.5	88.5	 509	unbonded
  45	   0	92.4	92.4	 673	OK
  46	   0	88.2	88.2	 690	OK
  47	   0	83.5	83.5	 586	OK
  48	1000	81.2	81.2	 529	unbonded
  49	   0	88.9	88.9	 580	OK
  50	   0	87.5	87.5	 700	OK
  51	4000	80.3	80.3	 744	high noise
  52	   0	87.0	87.0	 597	OK
  53	   0	83.3	83.3	 600	OK
  54	   0	95.1	95.1	 577	OK
  55	4000	83.0	83.0	 746	high noise
  56	   0	82.1	82.1	 597	OK
  57	   0	93.9	93.9	 574	OK
  58	   0	91.0	91.0	 542	OK
  59	   0	90.2	90.2	 645	OK
  60	   0	84.6	84.6	 561	OK
  61	   0	85.6	85.6	 674	OK
  62	4000	90.8	90.8	 724	high noise
  63	   0	86.6	86.6	 561	OK
  64	   0	88.0	88.0	 550	OK
  65	4000	94.3	94.3	 719	high noise
  66	   0	94.5	94.5	 572	OK
  67	4000	87.4	87.4	 768	high noise
  68	   0	94.7	94.7	 623	OK
  69	   0	89.6	89.6	 639	OK
  70	   0	96.5	96.5	 634	OK
  71	   0	90.1	90.1	 610	OK
  72	   0	85.5	85.5	 623	OK
  73	   0	85.9	85.9	 602	OK
  74	   0	88.0	88.0	 559	OK
  75	4000	86.6	86.6	 714	high noise
  76	   0	89.1	89.1	 637	OK
  77	   0	87.5	87.5	 626	OK
  78	   0	92.6	92.6	 675	OK
  79	   0	81.7	81.7	 649	OK
  80	   0	84.5	84.5	 620	OK
  81	   0	90.3	90.3	 673	OK
  82	   0	86.1	86.1	 598	OK
  83	   0	93.8	93.8	 588	OK
  84	   0	88.5	88.5	 652	OK
  85	   0	88.1	88.1	 634	OK
  86	4000	90.2	90.2	 706	high noise
  87	   0	92.2	92.2	 660	OK
  88	   0	85.3	85.3	 684	OK
  89	1000	88.1	88.1	 536	unbonded
  90	   0	92.9	92.9	 640	OK
  91	   0	85.7	85.7	 661	OK
  92	   0	85.4	85.4	 631	OK
  93	   0	87.1	87.1	 593	OK
  94	   0	92.7	92.7	 541	OK
  95	1000	83.0	83.0	 535	unbonded
  96	1000	88.8	88.8	 513	unbonded
  97	   0	89.3	89.3	 580	OK
  98	   0	91.1	91.1	 618	OK
  99	   0	90.6	90.6	 643	OK
 100	   0	79.5	79.5	 612	OK
 101	   0	91.3	91.3	 643	OK
 102	   0	84.7	84.7	 600	OK
 103	1000	80.1	80.1	 480	unbonded
 104	1000	92.0	92.0	 463	unbonded
 105	   0	82.6	82.6	 652	OK
 106	   0	93.9	93.9	 691	OK
 107	   0	86.6	86.6	 689	OK
 108	   0	83.1	83.1	 558	OK
 109	   0	81.5	81.5	 600	OK
 110	1000	91.4	91.4	 508	unbonded
 111	   0	93.2	93.2	 615	OK
 112	   0	91.1	91.1	 636	OK
 113	   0	92.2	92.2	 576	OK
 114	   0	87.8	87.8	 557	OK
 115	   0	89.1	89.1	 580	OK
 116	   0	89.2	89.2	 653	OK
 117	   0	89.8	89.8	 600	OK
 118	4000	84.7	84.7	 743	high noise
 119	   0	89.4	89.4	 566	OK
 120	4000	83.1	83.1	 741	high noise
 121	1000	76.5	76.5	 496	unbonded
 122	1000	87.5	87.5	 471	unbonded
 123	   0	88.1	88.1	 647	OK
 124	4000	79.5	79.5	 743	high noise
 125	   0	92.8	92.8	 685	OK
 126	   0	88.5	88.5	 620	OK
 127	   0	91.6	91.6	 561	OK
 128	   0	90.0	90.0	 562	OK
 129	   0	87.3	87.3	 596	OK
 130	   0	88.1	88.1	 638	OK
 131	1000	80.5	80.5	 510	unbonded
 132	   0	96.0	96.0	 555	OK
 133	   0	87.8	87.8	 590	OK
 134	   0	98.3	98.3	 676	OK
 135	   0	88.6	88.6	 582	OK
 136	   0	84.4	84.4	 577	OK
 137	   0	87.6	87.6	 604	OK
 138	8000	98.8	98.8	 541	partbonded
 139	1000	92.6	92.6	 482	unbonded
 140	   0	91.4	91.4	 630	OK
 141	   0	95.3	95.3	 623	OK
 142	4000	93.1	93.1	 730	high noise
 143	   0	89.3	89.3	 610	OK
 144	   0	92.7	92.7	 548	OK
 145	   0	88.1	88.1	 639	OK
 146	   0	87.0	87.0	 545	OK
 147	   0	82.3	82.3	 655	OK
 148	   0	85.9	85.9	 668	OK
 149	4000	91.7	91.7	 686	high noise
 150	   0	93.4	93.4	 653	OK
 151	4000	91.4	91.4	 684	high noise
 152	   0	88.3	88.3	 640	OK
 153	   0	93.2	93.2	 579	OK
 154	1000	85.5	85.5	 368	unbonded
 155	4000	97.8	97.8	 695	high noise
 156	1000	92.7	92.7	 437	unbonded
 157	   0	97.6	97.6	 564	OK
 158	   0	88.2	88.2	 635	OK
 159	   0	94.8	94.8	 555	OK
 160	4000	99.6	99.6	 688	high noise
 161	   0	81.2	81.2	 658	OK
 162	4000	92.6	92.6	 722	high noise
 163	   0	85.2	85.2	 598	OK
 164	   0	87.7	87.7	 647	OK
 165	   0	91.3	91.3	 637	OK
 166	   0	87.7	87.7	 541	OK
 167	   0	94.3	94.3	 666	OK
 168	   0	90.8	90.8	 589	OK
 169	   0	90.4	90.4	 615	OK
 170	4000	86.5	86.5	 696	high noise
 171	   0	89.8	89.8	 629	OK
 172	   0	85.1	85.1	 586	OK
 173	   0	87.0	87.0	 608	OK
 174	1000	92.4	92.4	 484	unbonded
 175	   0	79.9	79.9	 601	OK
 176	1000	90.0	90.0	 526	unbonded
 177	   0	88.3	88.3	 561	OK
 178	1000	85.9	85.9	 529	unbonded
 179	   0	98.0	98.0	 602	OK
 180	1000	86.0	86.0	 520	unbonded
 181	   0	95.4	95.4	 649	OK
 182	   0	92.4	92.4	 612	OK
 183	   0	88.9	88.9	 639	OK
 184	1000	89.8	89.8	 521	unbonded
 185	   0	85.7	85.7	 555	OK
 186	1000	93.9	93.9	 530	unbonded
 187	1000	93.6	93.6	 449	unbonded
 188	   0	95.4	95.4	 559	OK
 189	   0	91.7	91.7	 623	OK
 190	   0	85.9	85.9	 664	OK
 191	   0	97.1	97.1	 626	OK
 192	   0	92.9	92.9	 683	OK
 193	1000	85.8	85.8	 519	unbonded
 194	   0	97.0	97.0	 613	OK
 195	   0	95.7	95.7	 544	OK
 196	   0	88.3	88.3	 577	OK
 197	   0	91.9	91.9	 574	OK
 198	   0	97.1	97.1	 626	OK
 199	1000	91.3	91.3	 455	unbonded
 200	   0	97.8	97.8	 632	OK
 201	   0	93.7	93.7	 590	OK
 202	   0	86.1	86.1	 622	OK
 203	   0	95.3	95.3	 566	OK
 204	1000	100.8	100.8	 480	unbonded
 205	4000	90.1	90.1	 729	high noise
 206	   0	86.8	86.8	 616	OK
 207	1000	90.6	90.6	 502	unbonded
 208	1000	92.3	92.3	 500	unbonded
 209	   0	82.3	82.3	 681	OK
 210	   0	91.3	91.3	 614	OK
 211	1000	85.3	85.3	 510	unbonded
 212	4000	85.5	85.5	 722	high noise
 213	1000	90.8	90.8	 494	unbonded
 214	   0	86.4	86.4	 541	OK
 215	1000	93.5	93.5	 505	unbonded
 216	   0	88.9	88.9	 607	OK
 217	1000	87.8	87.8	 507	unbonded
 218	   0	85.8	85.8	 651	OK
 219	   0	82.2	82.2	 589	OK
 220	4000	92.0	92.0	 716	high noise
 221	1000	95.3	95.3	 454	unbonded
 222	   0	89.7	89.7	 657	OK
 223	4000	86.6	86.6	 691	high noise
 224	1000	90.3	90.3	 533	unbonded
 225	   0	90.0	90.0	 634	OK
 226	   0	93.6	93.6	 625	OK
 227	   0	91.3	91.3	 627	OK
 228	   0	88.2	88.2	 658	OK
 229	1000	88.3	88.3	 513	unbonded
 230	   0	88.8	88.8	 637	OK
 231	1000	89.9	89.9	 483	unbonded
 232	   0	95.3	95.3	 600	OK
 233	1000	91.3	91.3	 478	unbonded
 234	   0	94.7	94.7	 614	OK
 235	   0	92.4	92.4	 552	OK
 236	   0	87.6	87.6	 576	OK
 237	   0	92.0	92.0	 581	OK
 238	   0	84.3	84.3	 681	OK
 239	1000	95.5	95.5	 486	unbonded
 240	   0	93.6	93.6	 566	OK
 241	   0	79.9	79.9	 666	OK
 242	   0	84.8	84.8	 661	OK
 243	1000	89.6	89.6	 487	unbonded
 244	1000	86.9	86.9	 475	unbonded
 245	   0	91.0	91.0	 581	OK
 246	4000	94.7	94.7	 703	high noise
 247	4000	97.0	97.0	 693	high noise
 248	4000	85.6	85.6	 706	high noise
 249	   0	90.1	90.1	 679	OK
 250	1000	89.8	89.8	 488	unbonded
 251	   0	85.1	85.1	 588	OK
 252	   0	94.2	94.2	 636	OK
 253	1000	93.9	93.9	 506	unbonded
 254	4000	87.4	87.4	 687	high noise
 255	4000	82.4	82.4	 714	high noise
 256	   0	77.5	77.5	 677	OK
 257	   0	72.8	72.8	 679	OK
 258	   0	68.3	68.3	 704	OK
 259	   0	77.4	77.4	 716	OK
 260	   0	68.9	68.9	 695	OK
 261	   0	84.9	84.9	 627	OK
 262	   0	80.1	80.1	 684	OK
 263	   0	75.8	75.8	 639	OK
 264	4000	79.4	79.4	 812	high noise
 265	   0	75.1	75.1	 760	OK
 266	   0	79.3	79.3	 694	OK
 267	   0	75.6	75.6	 643	OK
 268	   0	73.9	73.9	 597	OK
 269	   0	71.9	71.9	 658	OK
 270	   0	76.1	76.1	 686	OK
 271	   0	84.1	84.1	 790	OK
 272	   0	78.4	78.4	 649	OK
 273	   0	74.9	74.9	 764	OK
 274	   0	79.4	79.4	 623	OK
 275	   0	71.1	71.1	 590	OK
 276	   0	79.7	79.7	 614	OK
 277	   0	81.4	81.4	 685	OK
 278	1000	76.1	76.1	 527	unbonded
 279	   0	84.3	84.3	 663	OK
 280	   0	73.4	73.4	 719	OK
 281	4000	79.7	79.7	 870	high noise
 282	   0	81.7	81.7	 596	OK
 283	   0	82.2	82.2	 581	OK
 284	   0	78.0	78.0	 715	OK
 285	   0	76.8	76.8	 782	OK
 286	   0	77.4	77.4	 626	OK
 287	4000	75.1	75.1	 875	high noise
 288	   0	75.0	75.0	 747	OK
 289	   0	76.6	76.6	 796	OK
 290	   0	75.7	75.7	 759	OK
 291	4000	79.0	79.0	 812	high noise
 292	   0	75.4	75.4	 564	OK
 293	   0	73.4	73.4	 731	OK
 294	   0	79.2	79.2	 579	OK
 295	   0	83.0	83.0	 696	OK
 296	4000	82.5	82.5	 802	high noise
 297	   0	82.8	82.8	 703	OK
 298	   0	77.9	77.9	 772	OK
 299	4000	81.6	81.6	 850	high noise
 300	   0	81.1	81.1	 650	OK
 301	   0	79.5	79.5	 719	OK
 302	   0	74.2	74.2	 761	OK
 303	   0	80.2	80.2	 697	OK
 304	   0	81.3	81.3	 763	OK
 305	   0	72.4	72.4	 655	OK
 306	   0	80.6	80.6	 653	OK
 307	   0	81.8	81.8	 718	OK
 308	   0	75.9	75.9	 690	OK
 309	   0	79.6	79.6	 714	OK
 310	   0	70.5	70.5	 650	OK
 311	4000	77.0	77.0	 805	high noise
 312	   0	85.9	85.9	 635	OK
 313	   0	76.6	76.6	 796	OK
 314	   0	77.2	77.2	 612	OK
 315	   0	75.2	75.2	 757	OK
 316	4000	76.2	76.2	 836	high noise
 317	   0	76.3	76.3	 618	OK
 318	   0	81.6	81.6	 591	OK
 319	   0	81.9	81.9	 768	OK
 320	   0	77.5	77.5	 622	OK
 321	   0	87.9	87.9	 696	OK
 322	   0	78.5	78.5	 591	OK
 323	4000	77.2	77.2	 830	high noise
 324	   0	84.9	84.9	 654	OK
 325	   0	69.7	69.7	 609	OK
 326	   0	70.0	70.0	 726	OK
 327	   0	77.2	77.2	 726	OK
 328	   0	77.1	77.1	 733	OK
 329	   0	77.5	77.5	 761	OK
 330	   0	84.7	84.7	 715	OK
 331	   0	77.4	77.4	 648	OK
 332	   0	79.8	79.8	 789	OK
 333	   0	72.9	72.9	 697	OK
 334	   0	78.5	78.5	 796	OK
 335	   0	80.4	80.4	 773	OK
 336	   0	81.9	81.9	 754	OK
 337	   0	70.4	70.4	 725	OK
 338	4000	80.8	80.8	 804	high noise
 339	   0	82.6	82.6	 629	OK
 340	   0	74.7	74.7	 720	OK
 341	   0	81.0	81.0	 718	OK
 342	1000	87.9	87.9	 386	unbonded
 343	   0	78.5	78.5	 622	OK
 344	   0	76.1	76.1	 671	OK
 345	   0	79.5	79.5	 660	OK
 346	   0	79.0	79.0	 768	OK
 347	   0	77.9	77.9	 791	OK
 348	   0	72.7	72.7	 793	OK
 349	1000	78.0	78.0	 525	unbonded
 350	   0	77.8	77.8	 639	OK
 351	   0	79.9	79.9	 564	OK
 352	1000	81.2	81.2	 486	unbonded
 353	   0	76.1	76.1	 705	OK
 354	   0	81.9	81.9	 657	OK
 355	   0	78.4	78.4	 672	OK
 356	   0	80.0	80.0	 694	OK
 357	   0	76.6	76.6	 573	OK
 358	   0	77.2	77.2	 743	OK
 359	   0	86.5	86.5	 663	OK
 360	   0	78.1	78.1	 650	OK
 361	   0	74.1	74.1	 732	OK
 362	1000	80.4	80.4	 509	unbonded
 363	   0	87.7	87.7	 691	OK
 364	   0	79.7	79.7	 616	OK
 365	   0	82.8	82.8	 716	OK
 366	   0	84.2	84.2	 749	OK
 367	   0	80.6	80.6	 742	OK
 368	   0	83.0	83.0	 788	OK
 369	   0	77.6	77.6	 550	OK
 370	   0	79.0	79.0	 690	OK
 371	   0	74.0	74.0	 758	OK
 372	   0	75.3	75.3	 739	OK
 373	   0	77.2	77.2	 669	OK
 374	   0	78.8	78.8	 704	OK
 375	   0	83.3	83.3	 594	OK
 376	   0	79.4	79.4	 679	OK
 377	   0	80.7	80.7	 726	OK
 378	   0	82.0	82.0	 754	OK
 379	   0	82.8	82.8	 679	OK
 380	4000	67.2	67.2	 853	high noise
 381	   0	80.4	80.4	 700	OK
 382	   0	80.4	80.4	 796	OK
 383	   0	82.3	82.3	 743	OK
 384	   0	81.6	81.6	 730	OK
 385	   0	86.9	86.9	 591	OK
 386	1000	93.7	93.7	 513	unbonded
 387	   0	91.2	91.2	 673	OK
 388	   0	85.0	85.0	 650	OK
 389	   0	87.4	87.4	 583	OK
 390	   0	87.0	87.0	 621	OK
 391	   0	89.4	89.4	 626	OK
 392	4000	89.0	89.0	 742	high noise
 393	   0	86.9	86.9	 549	OK
 394	   0	81.2	81.2	 677	OK
 395	   0	89.4	89.4	 660	OK
 396	   0	85.5	85.5	 657	OK
 397	   0	82.0	82.0	 705	OK
 398	   0	82.7	82.7	 720	OK
 399	   0	84.0	84.0	 574	OK
 400	   0	92.1	92.1	 633	OK
 401	   0	87.4	87.4	 719	OK
 402	4000	90.9	90.9	 768	high noise
 403	   0	84.9	84.9	 706	OK
 404	1000	90.6	90.6	 539	unbonded
 405	   0	90.8	90.8	 651	OK
 406	4000	91.0	91.0	 768	high noise
 407	   0	89.5	89.5	 627	OK
 408	   0	77.7	77.7	 574	OK
 409	   0	87.2	87.2	 672	OK
 410	4000	88.9	88.9	 748	high noise
 411	   0	86.1	86.1	 728	OK
 412	1000	86.2	86.2	 540	unbonded
 413	   0	84.0	84.0	 730	OK
 414	   0	90.9	90.9	 655	OK
 415	   0	83.1	83.1	 637	OK
 416	4000	87.2	87.2	 742	high noise
 417	4000	81.7	81.7	 780	high noise
 418	   0	85.3	85.3	 708	OK
 419	4000	89.8	89.8	 741	high noise
 420	   0	91.0	91.0	 623	OK
 421	   0	90.4	90.4	 589	OK
 422	   0	86.3	86.3	 563	OK
 423	   0	87.6	87.6	 714	OK
 424	   0	84.4	84.4	 674	OK
 425	   0	80.8	80.8	 685	OK
 426	   0	97.8	97.8	 549	OK
 427	1000	92.2	92.2	 457	unbonded
 428	1000	90.7	90.7	 520	unbonded
 429	   0	89.9	89.9	 717	OK
 430	   0	91.9	91.9	 654	OK
 431	   0	88.1	88.1	 664	OK
 432	   0	88.4	88.4	 731	OK
 433	   0	92.7	92.7	 629	OK
 434	   0	84.7	84.7	 606	OK
 435	   0	86.7	86.7	 571	OK
 436	   0	96.1	96.1	 584	OK
 437	   0	85.4	85.4	 642	OK
 438	   0	95.0	95.0	 623	OK
 439	   0	80.1	80.1	 653	OK
 440	   0	86.3	86.3	 663	OK
 441	   0	88.0	88.0	 636	OK
 442	   0	95.3	95.3	 570	OK
 443	   0	88.7	88.7	 658	OK
 444	   0	86.4	86.4	 600	OK
 445	   0	96.9	96.9	 653	OK
 446	   0	96.1	96.1	 559	OK
 447	   0	86.0	86.0	 689	OK
 448	   0	93.7	93.7	 566	OK
 449	4000	86.9	86.9	 789	high noise
 450	   0	88.6	88.6	 634	OK
 451	4000	81.9	81.9	 807	high noise
 452	   0	83.5	83.5	 710	OK
 453	   0	89.8	89.8	 577	OK
 454	1000	88.5	88.5	 529	unbonded
 455	   0	84.3	84.3	 555	OK
 456	   0	88.8	88.8	 711	OK
 457	1000	89.9	89.9	 517	unbonded
 458	1000	86.3	86.3	 531	unbonded
 459	   0	94.1	94.1	 667	OK
 460	   0	85.3	85.3	 557	OK
 461	   0	90.2	90.2	 551	OK
 462	   0	83.7	83.7	 652	OK
 463	   0	80.3	80.3	 544	OK
 464	   0	90.4	90.4	 611	OK
 465	1000	93.5	93.5	 532	unbonded
 466	   0	84.9	84.9	 558	OK
 467	   0	88.6	88.6	 739	OK
 468	   0	81.7	81.7	 627	OK
 469	   0	79.8	79.8	 647	OK
 470	   0	86.7	86.7	 652	OK
 471	1000	86.2	86.2	 523	unbonded
 472	   0	88.4	88.4	 557	OK
 473	   0	88.4	88.4	 645	OK
 474	4000	88.6	88.6	 747	high noise
 475	   0	87.3	87.3	 728	OK
 476	4000	86.9	86.9	 774	high noise
 477	   0	86.5	86.5	 685	OK
 478	   0	91.6	91.6	 580	OK
 479	1000	91.5	91.5	 492	unbonded
 480	   0	92.8	92.8	 687	OK
 481	   0	78.8	78.8	 553	OK
 482	   0	89.3	89.3	 618	OK
 483	   0	85.0	85.0	 642	OK
 484	   0	93.3	93.3	 642	OK
 485	   0	91.6	91.6	 637	OK
 486	   0	90.1	90.1	 690	OK
 487	   0	82.6	82.6	 691	OK
 488	   0	88.6	88.6	 665	OK
 489	   0	90.6	90.6	 682	OK
 490	1000	85.8	85.8	 502	unbonded
 491	   0	85.6	85.6	 581	OK
 492	   0	85.5	85.5	 596	OK
 493	4000	80.3	80.3	 830	high noise
 494	   0	87.1	87.1	 652	OK
 495	   0	84.5	84.5	 666	OK
 496	4000	88.5	88.5	 752	high noise
 497	   0	90.5	90.5	 633	OK
 498	   0	87.5	87.5	 729	OK
 499	   0	94.9	94.9	 564	OK
 500	   0	87.4	87.4	 707	OK
 501	4000	86.3	86.3	 754	high noise
 502	   0	85.0	85.0	 639	OK
 503	   0	93.4	93.4	 705	OK
 504	   0	91.4	91.4	 716	OK
 505	   0	93.8	93.8	 697	OK
 506	   0	92.1	92.1	 568	OK
 507	   0	82.4	82.4	 706	OK
 508	   0	90.6	90.6	 650	OK
 509	   0	80.0	80.0	 606	OK
 510	   0	89.9	89.9	 567	OK
 511	4000	82.0	82.0	 776	high noise
 512	   0	84.0	84.0	 565	OK
 513	   0	83.7	83.7	 647	OK
 514	   0	74.3	74.3	 705	OK
 515	4000	73.8	73.8	 761	high noise
 516	   0	80.9	80.9	 639	OK
 517	4000	75.3	75.3	 785	high noise
 518	   0	80.1	80.1	 658	OK
 519	   0	85.9	85.9	 675	OK
 520	4000	79.2	79.2	 865	high noise
 521	   0	81.3	81.3	 662	OK
 522	   0	77.6	77.6	 687	OK
 523	   0	79.1	79.1	 582	OK
 524	   0	85.6	85.6	 738	OK
 525	4000	76.5	76.5	 764	high noise
 526	1000	86.9	86.9	 535	unbonded
 527	   0	78.6	78.6	 742	OK
 528	4000	79.5	79.5	 850	high noise
 529	4000	83.1	83.1	 772	high noise
 530	   0	81.4	81.4	 643	OK
 531	   0	83.4	83.4	 576	OK
 532	   0	87.6	87.6	 648	OK
 533	4000	78.1	78.1	 812	high noise
 534	   0	79.1	79.1	 646	OK
 535	   0	83.5	83.5	 663	OK
 536	   0	79.1	79.1	 563	OK
 537	   0	81.9	81.9	 554	OK
 538	   0	83.1	83.1	 743	OK
 539	   0	85.5	85.5	 694	OK
 540	   0	80.2	80.2	 617	OK
 541	   0	85.0	85.0	 676	OK
 542	   0	79.4	79.4	 701	OK
 543	   0	79.0	79.0	 664	OK
 544	   0	80.7	80.7	 635	OK
 545	   0	79.2	79.2	 669	OK
 546	   0	84.8	84.8	 657	OK
 547	4000	86.2	86.2	 772	high noise
 548	   0	83.5	83.5	 547	OK
 549	   0	81.9	81.9	 728	OK
 550	   0	88.2	88.2	 722	OK
 551	   0	81.9	81.9	 721	OK
 552	4000	79.9	79.9	 766	high noise
 553	   0	81.5	81.5	 614	OK
 554	   0	79.4	79.4	 545	OK
 555	4000	82.1	82.1	 825	high noise
 556	   0	85.8	85.8	 623	OK
 557	   0	89.8	89.8	 625	OK
 558	   0	81.1	81.1	 596	OK
 559	1000	88.4	88.4	 539	unbonded
 560	   0	76.2	76.2	 737	OK
 561	   0	80.9	80.9	 728	OK
 562	4000	83.9	83.9	 814	high noise
 563	   0	76.9	76.9	 629	OK
 564	   0	80.0	80.0	 685	OK
 565	   0	86.2	86.2	 729	OK
 566	   0	80.8	80.8	 682	OK
 567	   0	83.1	83.1	 751	OK
 568	   0	79.9	79.9	 578	OK
 569	   0	91.1	91.1	 691	OK
 570	   0	87.8	87.8	 591	OK
 571	   0	88.7	88.7	 572	OK
 572	   0	78.6	78.6	 561	OK
 573	   0	85.8	85.8	 619	OK
 574	   0	77.6	77.6	 603	OK
 575	1000	83.3	83.3	 505	unbonded
 576	   0	84.2	84.2	 563	OK
 577	   0	91.7	91.7	 591	OK
 578	   0	87.4	87.4	 616	OK
 579	   0	81.0	81.0	 650	OK
 580	   0	81.1	81.1	 679	OK
 581	   0	82.7	82.7	 617	OK
 582	   0	88.4	88.4	 694	OK
 583	   0	85.4	85.4	 628	OK
 584	   0	90.3	90.3	 709	OK
 585	   0	85.3	85.3	 729	OK
 586	   0	84.5	84.5	 661	OK
 587	   0	85.6	85.6	 731	OK
 588	   0	81.9	81.9	 720	OK
 589	   0	78.6	78.6	 664	OK
 590	   0	80.1	80.1	 674	OK
 591	   0	81.5	81.5	 601	OK
 592	   0	80.4	80.4	 693	OK
 593	   0	83.6	83.6	 569	OK
 594	   0	78.3	78.3	 696	OK
 595	   0	78.5	78.5	 663	OK
 596	1000	92.2	92.2	 505	unbonded
 597	1000	81.7	81.7	 509	unbonded
 598	4000	82.9	82.9	 806	high noise
 599	   0	76.9	76.9	 687	OK
 600	   0	87.7	87.7	 744	OK
 601	   0	73.7	73.7	 600	OK
 602	   0	76.1	76.1	 563	OK
 603	   0	81.7	81.7	 679	OK
 604	4000	74.9	74.9	 845	high noise
 605	   0	81.4	81.4	 603	OK
 606	   0	81.2	81.2	 724	OK
 607	   0	77.1	77.1	 740	OK
 608	1000	80.6	80.6	 445	unbonded
 609	   0	78.8	78.8	 717	OK
 610	   0	81.5	81.5	 648	OK
 611	   0	84.3	84.3	 614	OK
 612	   0	84.9	84.9	 729	OK
 613	   0	80.1	80.1	 656	OK
 614	   0	77.3	77.3	 734	OK
 615	   0	75.8	75.8	 698	OK
 616	   0	78.9	78.9	 744	OK
 617	   0	81.6	81.6	 696	OK
 618	   0	78.7	78.7	 610	OK
 619	   0	79.8	79.8	 676	OK
 620	   0	86.4	86.4	 605	OK
 621	4000	84.0	84.0	 771	high noise
 622	   0	78.7	78.7	 658	OK
 623	   0	82.6	82.6	 668	OK
 624	   0	84.9	84.9	 548	OK
 625	   0	81.7	81.7	 559	OK
 626	1000	81.3	81.3	 530	unbonded
 627	   0	81.5	81.5	 603	OK
 628	   0	80.2	80.2	 669	OK
 629	   0	83.0	83.0	 588	OK
 630	   0	79.4	79.4	 672	OK
 631	   0	81.0	81.0	 587	OK
 632	   0	80.7	80.7	 630	OK
 633	   0	82.0	82.0	 565	OK
 634	   0	77.7	77.7	 551	OK
 635	   0	79.8	79.8	 549	OK
 636	   0	74.0	74.0	 675	OK
 637	   0	76.5	76.5	 681	OK
 638	   0	79.0	79.0	 666	OK
 639	4000	80.8	80.8	 783	high noise
 640	   0	90.6	90.6	 568	OK
 641	1000	78.2	78.2	 528	unbonded
 642	   0	82.1	82.1	 677	OK
 643	   0	89.9	89.9	 632	OK
 644	   0	79.3	79.3	 603	OK
 645	1000	81.8	81.8	 536	unbonded
 646	   0	81.5	81.5	 683	OK
 647	1000	87.0	87.0	 507	unbonded
 648	   0	84.6	84.6	 638	OK
 649	   0	92.2	92.2	 654	OK
 650	4000	88.4	88.4	 727	high noise
 651	   0	78.1	78.1	 682	OK
 652	   0	82.0	82.0	 594	OK
 653	   0	81.7	81.7	 580	OK
 654	   0	95.5	95.5	 576	OK
 655	4000	80.8	80.8	 727	high noise
 656	1000	86.6	86.6	 438	unbonded
 657	   0	90.8	90.8	 636	OK
 658	   0	84.0	84.0	 625	OK
 659	   0	87.6	87.6	 712	OK
 660	   0	87.6	87.6	 651	OK
 661	4000	81.3	81.3	 730	high noise
 662	   0	83.2	83.2	 721	OK
 663	   0	92.0	92.0	 572	OK
 664	   0	83.3	83.3	 576	OK
 665	1000	79.7	79.7	 485	unbonded
 666	1000	82.8	82.8	 535	unbonded
 667	   0	82.0	82.0	 697	OK
 668	   0	89.8	89.8	 709	OK
 669	   0	81.3	81.3	 632	OK
 670	   0	80.4	80.4	 587	OK
 671	   0	90.1	90.1	 596	OK
 672	   0	81.3	81.3	 691	OK
 673	   0	83.2	83.2	 660	OK
 674	   0	87.3	87.3	 551	OK
 675	4000	86.4	86.4	 820	high noise
 676	   0	92.5	92.5	 662	OK
 677	4000	83.9	83.9	 756	high noise
 678	   0	77.0	77.0	 668	OK
 679	   0	85.7	85.7	 581	OK
 680	   0	87.1	87.1	 615	OK
 681	   0	84.8	84.8	 584	OK
 682	   0	87.8	87.8	 656	OK
 683	   0	84.4	84.4	 586	OK
 684	   0	94.6	94.6	 722	OK
 685	   0	88.7	88.7	 543	OK
 686	   0	85.7	85.7	 545	OK
 687	   0	81.3	81.3	 598	OK
 688	   0	90.5	90.5	 570	OK
 689	   0	88.0	88.0	 687	OK
 690	4000	87.3	87.3	 754	high noise
 691	   0	83.1	83.1	 615	OK
 692	   0	91.6	91.6	 684	OK
 693	   0	79.9	79.9	 624	OK
 694	   0	79.4	79.4	 655	OK
 695	4000	81.8	81.8	 753	high noise
 696	   0	81.0	81.0	 689	OK
 697	   0	86.0	86.0	 595	OK
 698	   0	82.0	82.0	 698	OK
 699	   0	89.3	89.3	 574	OK
 700	   0	81.9	81.9	 720	OK
 701	   0	85.1	85.1	 568	OK
 702	   0	86.3	86.3	 682	OK
 703	1000	94.1	94.1	 470	unbonded
 704	1000	93.8	93.8	 487	unbonded
 705	   0	80.1	80.1	 657	OK
 706	   0	88.6	88.6	 665	OK
 707	   0	87.9	87.9	 701	OK
 708	   0	90.9	90.9	 609	OK
 709	   0	89.1	89.1	 593	OK
 710	   0	90.2	90.2	 695	OK
 711	   0	91.3	91.3	 644	OK
 712	   0	93.6	93.6	 636	OK
 713	   0	83.2	83.2	 609	OK
 714	   0	83.4	83.4	 558	OK
 715	   0	88.6	88.6	 592	OK
 716	   0	83.3	83.3	 663	OK
 717	   0	85.6	85.6	 678	OK
 718	   0	85.0	85.0	 684	OK
 719	   0	84.4	84.4	 564	OK
 720	   0	89.8	89.8	 610	OK
 721	   0	87.5	87.5	 655	OK
 722	   0	86.5	86.5	 688	OK
 723	   0	88.0	88.0	 641	OK
 724	   0	85.5	85.5	 621	OK
 725	4000	77.9	77.9	 750	high noise
 726	4000	78.8	78.8	 725	high noise
 727	   0	85.3	85.3	 651	OK
 728	   0	79.4	79.4	 688	OK
 729	   0	88.7	88.7	 648	OK
 730	   0	82.4	82.4	 714	OK
 731	   0	81.3	81.3	 563	OK
 732	   0	88.2	88.2	 704	OK
 733	   0	85.6	85.6	 681	OK
 734	   0	84.6	84.6	 660	OK
 735	   0	85.3	85.3	 644	OK
 736	   0	76.5	76.5	 687	OK
 737	1000	88.2	88.2	 482	unbonded
 738	1000	89.5	89.5	 493	unbonded
 739	   0	88.3	88.3	 607	OK
 740	1000	80.1	80.1	 461	unbonded
 741	   0	77.9	77.9	 661	OK
 742	   0	86.3	86.3	 598	OK
 743	   0	86.6	86.6	 656	OK
 744	   0	80.8	80.8	 719	OK
 745	   0	79.8	79.8	 701	OK
 746	   0	86.5	86.5	 694	OK
 747	1000	87.9	87.9	 405	unbonded
 748	   0	81.4	81.4	 668	OK
 749	1000	88.9	88.9	 508	unbonded
 750	4000	81.2	81.2	 726	high noise
 751	1000	86.5	86.5	 536	unbonded
 752	   0	85.4	85.4	 615	OK
 753	   0	83.0	83.0	 682	OK
 754	   0	84.8	84.8	 634	OK
 755	   0	86.4	86.4	 638	OK
 756	4000	80.4	80.4	 783	high noise
 757	   0	76.3	76.3	 674	OK
 758	1000	79.9	79.9	 427	unbonded
 759	   0	81.9	81.9	 622	OK
 760	   0	86.7	86.7	 551	OK
 761	1000	86.2	86.2	 514	unbonded
 762	   0	79.0	79.0	 689	OK
 763	   0	81.8	81.8	 604	OK
 764	   0	81.7	81.7	 623	OK
 765	   0	85.1	85.1	 604	OK
 766	   0	80.4	80.4	 547	OK
 767	   0	86.8	86.8	 656	OK
 768	1000	91.3	91.3	 466	unbonded
 769	   0	95.4	95.4	 605	OK
 770	1000	103.1	103.1	 521	unbonded
 771	   0	90.1	90.1	 622	OK
 772	   0	98.1	98.1	 662	OK
 773	1000	97.4	97.4	 529	unbonded
 774	   0	84.1	84.1	 650	OK
 775	   0	94.8	94.8	 718	OK
 776	1000	91.7	91.7	 522	unbonded
 777	4000	93.2	93.2	 793	high noise
 778	1000	100.3	100.3	 464	unbonded
 779	1000	88.3	88.3	 498	unbonded
 780	   0	101.5	101.5	 553	OK
 781	1000	96.3	96.3	 538	unbonded
 782	   0	90.4	90.4	 725	OK
 783	   0	87.6	87.6	 661	OK
 784	1000	92.3	92.3	 532	unbonded
 785	   0	90.6	90.6	 561	OK
 786	   0	92.6	92.6	 601	OK
 787	   0	98.2	98.2	 597	OK
 788	   0	99.0	99.0	 600	OK
 789	1000	91.8	91.8	 522	unbonded
 790	   0	91.7	91.7	 661	OK
 791	   0	92.4	92.4	 545	OK
 792	   0	92.8	92.8	 642	OK
 793	   0	95.1	95.1	 640	OK
 794	   0	93.1	93.1	 696	OK
 795	4000	91.0	91.0	 741	high noise
 796	   0	100.6	100.6	 543	OK
 797	4000	97.6	97.6	 736	high noise
 798	1000	91.9	91.9	 469	unbonded
 799	4000	85.8	85.8	 766	high noise
 800	   0	94.2	94.2	 637	OK
 801	   0	87.0	87.0	 634	OK
 802	   0	85.2	85.2	 635	OK
 803	   0	91.1	91.1	 645	OK
 804	   0	95.8	95.8	 602	OK
 805	   0	93.1	93.1	 594	OK
 806	   0	99.5	99.5	 684	OK
 807	1000	96.9	96.9	 524	unbonded
 808	   0	95.7	95.7	 560	OK
 809	   0	98.3	98.3	 664	OK
 810	   0	101.0	101.0	 561	OK
 811	   0	92.1	92.1	 645	OK
 812	   0	102.8	102.8	 699	OK
 813	   0	89.9	89.9	 614	OK
 814	   0	86.3	86.3	 608	OK
 815	   0	90.3	90.3	 682	OK
 816	   0	90.1	90.1	 693	OK
 817	   0	102.3	102.3	 698	OK
 818	   0	100.0	100.0	 587	OK
 819	   0	102.5	102.5	 597	OK
 820	   0	100.2	100.2	 596	OK
 821	   0	95.2	95.2	 620	OK
 822	   0	90.8	90.8	 631	OK
 823	4000	95.2	95.2	 726	high noise
 824	4000	97.4	97.4	 744	high noise
 825	   0	91.1	91.1	 707	OK
 826	4000	96.8	96.8	 739	high noise
 827	1000	91.1	91.1	 513	unbonded
 828	   0	94.9	94.9	 661	OK
 829	   0	101.8	101.8	 656	OK
 830	   0	93.1	93.1	 549	OK
 831	   0	97.4	97.4	 639	OK
 832	   0	91.2	91.2	 640	OK
 833	   0	85.2	85.2	 709	OK
 834	   0	92.1	92.1	 645	OK
 835	   0	89.3	89.3	 654	OK
 836	   0	92.5	92.5	 623	OK
 837	4000	97.2	97.2	 779	high noise
 838	   0	100.4	100.4	 605	OK
 839	   0	87.6	87.6	 719	OK
 840	   0	85.8	85.8	 679	OK
 841	   0	92.3	92.3	 624	OK
 842	1000	93.3	93.3	 510	unbonded
 843	   0	87.2	87.2	 584	OK
 844	   0	85.6	85.6	 700	OK
 845	   0	90.8	90.8	 644	OK
 846	   0	91.2	91.2	 706	OK
 847	4000	94.9	94.9	 734	high noise
 848	   0	92.5	92.5	 639	OK
 849	   0	95.0	95.0	 685	OK
 850	4000	93.5	93.5	 799	high noise
 851	   0	90.0	90.0	 673	OK
 852	   0	93.8	93.8	 624	OK
 853	   0	103.5	103.5	 565	OK
 854	   0	87.1	87.1	 660	OK
 855	   0	85.2	85.2	 670	OK
 856	   0	102.0	102.0	 597	OK
 857	   0	103.4	103.4	 593	OK
 858	   0	101.7	101.7	 595	OK
 859	   0	101.4	101.4	 557	OK
 860	   0	94.6	94.6	 633	OK
 861	   0	92.2	92.2	 721	OK
 862	   0	92.6	92.6	 589	OK
 863	4000	100.6	100.6	 738	high noise
 864	1000	90.8	90.8	 490	unbonded
 865	   0	88.5	88.5	 636	OK
 866	   0	99.2	99.2	 683	OK
 867	4000	89.7	89.7	 727	high noise
 868	   0	92.6	92.6	 606	OK
 869	   0	90.6	90.6	 678	OK
 870	   0	92.9	92.9	 663	OK
 871	   0	94.8	94.8	 584	OK
 872	   0	97.2	97.2	 643	OK
 873	   0	91.9	91.9	 606	OK
 874	1000	97.8	97.8	 498	unbonded
 875	   0	85.8	85.8	 642	OK
 876	   0	97.9	97.9	 669	OK
 877	   0	87.5	87.5	 596	OK
 878	   0	95.7	95.7	 607	OK
 879	   0	91.2	91.2	 581	OK
 880	   0	94.0	94.0	 553	OK
 881	   0	93.6	93.6	 690	OK
 882	   0	94.3	94.3	 624	OK
 883	   0	95.3	95.3	 609	OK
 884	   0	98.8	98.8	 574	OK
 885	   0	87.4	87.4	 666	OK
 886	   0	98.3	98.3	 561	OK
 887	   0	86.6	86.6	 660	OK
 888	   0	94.3	94.3	 691	OK
 889	4000	93.1	93.1	 801	high noise
 890	   0	94.6	94.6	 630	OK
 891	   0	90.3	90.3	 716	OK
 892	   0	88.8	88.8	 597	OK
 893	   0	100.2	100.2	 569	OK
 894	   0	95.5	95.5	 595	OK
 895	   0	103.1	103.1	 657	OK
 896	   0	86.3	86.3	 588	OK
 897	   0	89.7	89.7	 608	OK
 898	   0	85.6	85.6	 629	OK
 899	   0	88.9	88.9	 559	OK
 900	   0	95.6	95.6	 588	OK
 901	   0	89.5	89.5	 558	OK
 902	   0	88.4	88.4	 597	OK
 903	1000	82.6	82.6	 531	unbonded
 904	   0	82.9	82.9	 666	OK
 905	   0	97.4	97.4	 674	OK
 906	   0	88.4	88.4	 579	OK
 907	   0	89.9	89.9	 596	OK
 908	   0	89.1	89.1	 594	OK
 909	   0	89.7	89.7	 632	OK
 910	   0	92.0	92.0	 562	OK
 911	   0	88.5	88.5	 631	OK
 912	   0	91.9	91.9	 686	OK
 913	1000	79.8	79.8	 497	unbonded
 914	   0	87.1	87.1	 646	OK
 915	   0	94.3	94.3	 636	OK
 916	1000	84.6	84.6	 507	unbonded
 917	   0	92.9	92.9	 639	OK
 918	   0	82.6	82.6	 619	OK
 919	   0	88.5	88.5	 691	OK
 920	4000	89.8	89.8	 829	high noise
 921	   0	87.8	87.8	 598	OK
 922	   0	87.8	87.8	 552	OK
 923	   0	87.8	87.8	 568	OK
 924	4000	83.5	83.5	 721	high noise
 925	   0	88.8	88.8	 641	OK
 926	   0	85.4	85.4	 593	OK
 927	   0	82.9	82.9	 672	OK
 928	   0	97.6	97.6	 549	OK
 929	   0	86.8	86.8	 618	OK
 930	   0	83.0	83.0	 706	OK
 931	4000	83.2	83.2	 727	high noise
 932	   0	89.4	89.4	 690	OK
 933	   0	80.3	80.3	 576	OK
 934	   0	91.0	91.0	 602	OK
 935	4000	85.5	85.5	 761	high noise
 936	   0	88.5	88.5	 654	OK
 937	   0	85.5	85.5	 601	OK
 938	   0	88.9	88.9	 576	OK
 939	   0	91.9	91.9	 696	OK
 940	1000	83.9	83.9	 373	unbonded
 941	   0	84.5	84.5	 636	OK
 942	   0	85.5	85.5	 577	OK
 943	   0	87.9	87.9	 636	OK
 944	   0	85.1	85.1	 679	OK
 945	   0	83.7	83.7	 588	OK
 946	   0	97.3	97.3	 588	OK
 947	   0	93.4	93.4	 691	OK
 948	   0	80.5	80.5	 646	OK
 949	   0	91.1	91.1	 686	OK
 950	   0	79.9	79.9	 646	OK
 951	   0	87.0	87.0	 645	OK
 952	   0	90.2	90.2	 661	OK
 953	   0	85.3	85.3	 686	OK
 954	1000	85.3	85.3	 531	unbonded
 955	4000	86.2	86.2	 749	high noise
 956	   0	93.7	93.7	 621	OK
 957	   0	85.1	85.1	 650	OK
 958	   0	99.4	99.4	 543	OK
 959	   0	92.1	92.1	 671	OK
 960	   0	92.1	92.1	 607	OK
 961	   0	90.7	90.7	 619	OK
 962	4000	85.0	85.0	 751	high noise
 963	   0	86.9	86.9	 544	OK
 964	   0	92.3	92.3	 665	OK
 965	   0	98.8	98.8	 562	OK
 966	   0	92.9	92.9	 620	OK
 967	   0	82.3	82.3	 671	OK
 968	1000	85.3	85.3	 421	unbonded
 969	1000	87.7	87.7	 517	unbonded
 970	4000	94.8	94.8	 744	high noise
 971	4000	91.8	91.8	 733	high noise
 972	1000	90.2	90.2	 531	unbonded
 973	   0	86.2	86.2	 699	OK
 974	   0	92.3	92.3	 704	OK
 975	   0	85.0	85.0	 674	OK
 976	   0	85.7	85.7	 582	OK
 977	   0	81.8	81.8	 565	OK
 978	   0	92.9	92.9	 683	OK
 979	   0	89.0	89.0	 649	OK
 980	   0	90.3	90.3	 684	OK
 981	4000	92.3	92.3	 737	high noise
 982	   0	91.9	91.9	 682	OK
 983	   0	84.0	84.0	 607	OK
 984	   0	90.1	90.1	 626	OK
 985	   0	90.9	90.9	 647	OK
 986	   0	87.7	87.7	 660	OK
 987	   0	89.1	89.1	 707	OK
 988	   0	82.0	82.0	 555	OK
 989	   0	87.6	87.6	 689	OK
 990	   0	85.7	85.7	 607	OK
 991	1000	95.2	95.2	 519	unbonded
 992	1000	93.8	93.8	 539	unbonded
 993	   0	88.3	88.3	 676	OK
 994	   0	98.1	98.1	 621	OK
 995	1000	87.7	87.7	 525	unbonded
 996	   0	92.9	92.9	 714	OK
 997	   0	85.8	85.8	 671	OK
 998	   0	86.6	86.6	 596	OK
 999	   0	92.7	92.7	 632	OK
1000	   0	89.1	89.1	 672	OK
1001	   0	95.2	95.2	 570	OK
1002	   0	84.7	84.7	 685	OK
1003	   0	85.2	85.2	 715	OK
1004	1000	99.1	99.1	 466	unbonded
1005	   0	90.1	90.1	 587	OK
1006	   0	83.1	83.1	 675	OK
1007	   0	81.0	81.0	 552	OK
1008	   0	90.2	90.2	 623	OK
1009	   0	85.2	85.2	 563	OK
1010	   0	89.0	89.0	 650	OK
1011	   0	84.4	84.4	 552	OK
1012	   0	89.7	89.7	 661	OK
1013	1000	83.2	83.2	 533	unbonded
1014	   0	82.9	82.9	 604	OK
1015	   0	89.3	89.3	 612	OK
1016	   0	88.7	88.7	 692	OK
1017	   0	83.2	83.2	 649	OK
1018	   0	78.1	78.1	 604	OK
1019	   0	91.0	91.0	 603	OK
1020	   0	84.7	84.7	 591	OK
1021	   0	82.6	82.6	 710	OK
1022	   0	88.5	88.5	 614	OK
1023	   0	86.4	86.4	 584	OK
1024	   0	85.6	85.6	 618	OK
1025	   0	84.6	84.6	 618	OK
1026	4000	82.6	82.6	 751	high noise
1027	   0	85.0	85.0	 615	OK
1028	   0	86.6	86.6	 608	OK
1029	   0	87.0	87.0	 555	OK
1030	4000	80.1	80.1	 703	high noise
1031	   0	79.7	79.7	 580	OK
1032	   0	75.9	75.9	 655	OK
1033	   0	79.8	79.8	 581	OK
1034	   0	80.6	80.6	 673	OK
1035	   0	81.1	81.1	 616	OK
1036	   0	80.8	80.8	 665	OK
1037	   0	87.0	87.0	 543	OK
1038	   0	83.2	83.2	 546	OK
1039	   0	82.6	82.6	 586	OK
1040	   0	82.8	82.8	 639	OK
1041	   0	83.0	83.0	 557	OK
1042	1000	86.2	86.2	 456	unbonded
1043	   0	81.4	81.4	 635	OK
1044	   0	85.6	85.6	 671	OK
1045	   0	82.3	82.3	 590	OK
1046	   0	85.8	85.8	 548	OK
1047	   0	88.1	88.1	 587	OK
1048	   0	83.1	83.1	 669	OK
1049	1000	84.4	84.4	 503	unbonded
1050	   0	84.2	84.2	 572	OK
1051	   0	91.8	91.8	 590	OK
1052	   0	90.3	90.3	 636	OK
1053	   0	88.1	88.1	 573	OK
1054	   0	81.9	81.9	 575	OK
1055	   0	86.2	86.2	 560	OK
1056	4000	86.9	86.9	 709	high noise
1057	1000	85.7	85.7	 506	unbonded
1058	   0	81.9	81.9	 649	OK
1059	   0	84.9	84.9	 649	OK
1060	   0	89.2	89.2	 544	OK
1061	   0	78.3	78.3	 690	OK
1062	   0	81.9	81.9	 576	OK
1063	   0	83.3	83.3	 631	OK
1064	   0	89.0	89.0	 654	OK
1065	   0	87.5	87.5	 689	OK
1066	   0	83.8	83.8	 640	OK
1067	   0	85.3	85.3	 629	OK
1068	1000	84.3	84.3	 437	unbonded
1069	   0	82.2	82.2	 608	OK
1070	1000	84.0	84.0	 352	unbonded
1071	   0	80.8	80.8	 607	OK
1072	   0	81.1	81.1	 650	OK
1073	   0	76.1	76.1	 608	OK
1074	4000	90.8	90.8	 720	high noise
1075	   0	91.3	91.3	 546	OK
1076	   0	86.2	86.2	 616	OK
1077	   0	82.6	82.6	 688	OK
1078	   0	90.4	90.4	 587	OK
1079	   0	95.5	95.5	 676	OK
1080	   0	83.1	83.1	 617	OK
1081	1000	92.0	92.0	 532	unbonded
1082	   0	91.4	91.4	 655	OK
1083	   0	91.5	91.5	 673	OK
1084	   0	78.1	78.1	 631	OK
1085	4000	84.7	84.7	 701	high noise
1086	4000	87.2	87.2	 745	high noise
1087	   0	86.1	86.1	 545	OK
1088	   0	84.0	84.0	 567	OK
1089	   0	87.6	87.6	 669	OK
1090	   0	91.0	91.0	 556	OK
1091	   0	91.8	91.8	 584	OK
1092	1000	91.6	91.6	 514	unbonded
1093	1000	89.4	89.4	 530	unbonded
1094	   0	74.8	74.8	 686	OK
1095	   0	96.7	96.7	 643	OK
1096	   0	90.3	90.3	 568	OK
1097	   0	92.8	92.8	 576	OK
1098	1000	83.7	83.7	 519	unbonded
1099	1000	85.0	85.0	 389	unbonded
1100	   0	82.2	82.2	 577	OK
1101	1000	88.5	88.5	 532	unbonded
1102	   0	81.1	81.1	 623	OK
1103	1000	90.8	90.8	 530	unbonded
1104	   0	90.5	90.5	 610	OK
1105	   0	90.1	90.1	 590	OK
1106	   0	89.2	89.2	 691	OK
1107	1000	90.4	90.4	 476	unbonded
1108	   0	92.3	92.3	 633	OK
1109	   0	89.2	89.2	 558	OK
1110	   0	93.0	93.0	 661	OK
1111	   0	88.8	88.8	 643	OK
1112	   0	87.6	87.6	 685	OK
1113	   0	91.4	91.4	 683	OK
1114	4000	91.9	91.9	 733	high noise
1115	   0	86.1	86.1	 690	OK
1116	   0	87.8	87.8	 610	OK
1117	4000	82.5	82.5	 797	high noise
1118	4000	85.9	85.9	 707	high noise
1119	   0	82.4	82.4	 632	OK
1120	1000	93.5	93.5	 523	unbonded
1121	   0	87.8	87.8	 605	OK
1122	4000	91.8	91.8	 716	high noise
1123	   0	87.4	87.4	 688	OK
1124	1000	96.9	96.9	 464	unbonded
1125	   0	93.4	93.4	 571	OK
1126	   0	87.5	87.5	 581	OK
1127	   0	94.6	94.6	 619	OK
1128	   0	87.8	87.8	 640	OK
1129	1000	93.1	93.1	 520	unbonded
1130	   0	91.3	91.3	 561	OK
1131	   0	87.4	87.4	 608	OK
1132	   0	92.1	92.1	 655	OK
1133	1000	89.8	89.8	 488	unbonded
1134	   0	95.1	95.1	 651	OK
1135	   0	89.1	89.1	 640	OK
1136	   0	92.8	92.8	 621	OK
1137	   0	85.5	85.5	 625	OK
1138	   0	91.9	91.9	 600	OK
1139	   0	91.2	91.2	 666	OK
1140	   0	83.9	83.9	 662	OK
1141	   0	83.7	83.7	 607	OK
1142	   0	95.3	95.3	 577	OK
1143	   0	91.8	91.8	 655	OK
1144	   0	88.1	88.1	 696	OK
1145	   0	89.0	89.0	 606	OK
1146	4000	90.8	90.8	 749	high noise
1147	   0	82.1	82.1	 631	OK
1148	1000	91.6	91.6	 520	unbonded
1149	   0	90.5	90.5	 585	OK
1150	   0	92.9	92.9	 567	OK
1151	1000	89.3	89.3	 442	unbonded
1152	   0	85.1	85.1	 714	OK
1153	   0	80.7	80.7	 659	OK
1154	1000	87.2	87.2	 536	unbonded
1155	4000	79.1	79.1	 781	high noise
1156	   0	79.4	79.4	 646	OK
1157	   0	81.6	81.6	 685	OK
1158	   0	77.9	77.9	 666	OK
1159	   0	90.9	90.9	 709	OK
1160	   0	79.6	79.6	 574	OK
1161	1000	76.8	76.8	 529	unbonded
1162	   0	80.2	80.2	 657	OK
1163	   0	83.5	83.5	 674	OK
1164	   0	80.7	80.7	 569	OK
1165	   0	82.1	82.1	 667	OK
1166	   0	85.7	85.7	 584	OK
1167	   0	81.2	81.2	 638	OK
1168	4000	84.2	84.2	 794	high noise
1169	   0	78.3	78.3	 587	OK
1170	   0	87.0	87.0	 650	OK
1171	   0	85.0	85.0	 625	OK
1172	   0	83.8	83.8	 557	OK
1173	   0	82.7	82.7	 705	OK
1174	   0	77.0	77.0	 643	OK
1175	4000	81.5	81.5	 740	high noise
1176	   0	84.7	84.7	 576	OK
1177	   0	83.8	83.8	 688	OK
1178	   0	79.6	79.6	 641	OK
1179	   0	81.6	81.6	 640	OK
1180	   0	83.9	83.9	 554	OK
1181	4000	75.9	75.9	 928	high noise
1182	   0	81.7	81.7	 709	OK
1183	   0	90.8	90.8	 672	OK
1184	   0	79.9	79.9	 588	OK
1185	   0	85.8	85.8	 700	OK
1186	   0	84.6	84.6	 691	OK
1187	   0	87.8	87.8	 596	OK
1188	1000	87.2	87.2	 479	unbonded
1189	1000	80.2	80.2	 515	unbonded
1190	   0	82.1	82.1	 717	OK
1191	   0	77.0	77.0	 723	OK
1192	   0	82.7	82.7	 576	OK
1193	   0	80.1	80.1	 700	OK
1194	   0	85.8	85.8	 654	OK
1195	1000	85.5	85.5	 523	unbonded
1196	   0	82.7	82.7	 719	OK
1197	   0	85.9	85.9	 658	OK
1198	   0	85.4	85.4	 643	OK
1199	   0	84.2	84.2	 676	OK
1200	4000	76.2	76.2	 820	high noise
1201	   0	85.4	85.4	 567	OK
1202	   0	86.1	86.1	 596	OK
1203	1000	86.3	86.3	 528	unbonded
1204	1000	94.6	94.6	 494	unbonded
1205	   0	77.3	77.3	 638	OK
1206	   0	85.9	85.9	 575	OK
1207	   0	80.1	80.1	 584	OK
1208	   0	86.7	86.7	 604	OK
1209	   0	82.7	82.7	 649	OK
1210	   0	84.2	84.2	 637	OK
1211	   0	80.8	80.8	 663	OK
1212	   0	89.4	89.4	 549	OK
1213	   0	86.1	86.1	 637	OK
1214	   0	83.1	83.1	 671	OK
1215	   0	77.6	77.6	 717	OK
1216	4000	81.3	81.3	 784	high noise
1217	   0	93.0	93.0	 585	OK
1218	   0	84.2	84.2	 651	OK
1219	1000	81.6	81.6	 532	unbonded
1220	4000	84.7	84.7	 791	high noise
1221	   0	87.0	87.0	 625	OK
1222	   0	83.5	83.5	 562	OK
1223	1000	81.2	81.2	 537	unbonded
1224	   0	84.7	84.7	 678	OK
1225	4000	81.9	81.9	 740	high noise
1226	   0	80.8	80.8	 606	OK
1227	   0	76.4	76.4	 569	OK
1228	   0	92.5	92.5	 594	OK
1229	   0	84.4	84.4	 684	OK
1230	   0	82.4	82.4	 672	OK
1231	1000	89.7	89.7	 519	unbonded
1232	   0	87.9	87.9	 572	OK
1233	4000	92.4	92.4	 749	high noise
1234	1000	84.8	84.8	 518	unbonded
1235	   0	89.0	89.0	 598	OK
1236	   0	80.6	80.6	 604	OK
1237	   0	79.7	79.7	 565	OK
1238	   0	92.8	92.8	 596	OK
1239	   0	81.7	81.7	 572	OK
1240	   0	89.2	89.2	 544	OK
1241	   0	84.7	84.7	 582	OK
1242	4000	87.8	87.8	 743	high noise
1243	   0	86.6	86.6	 648	OK
1244	   0	76.6	76.6	 651	OK
1245	   0	87.5	87.5	 697	OK
1246	   0	83.9	83.9	 647	OK
1247	   0	81.7	81.7	 602	OK
1248	   0	83.1	83.1	 559	OK
1249	   0	80.5	80.5	 593	OK
1250	4000	84.4	84.4	 739	high noise
1251	   0	81.9	81.9	 637	OK
1252	   0	87.1	87.1	 545	OK
1253	   0	81.7	81.7	 654	OK
1254	1000	85.3	85.3	 531	unbonded
1255	1000	83.8	83.8	 520	unbonded
1256	   0	88.0	88.0	 647	OK
1257	   0	86.7	86.7	 638	OK
1258	   0	96.0	96.0	 548	OK
1259	   0	79.9	79.9	 663	OK
1260	1000	82.9	82.9	 517	unbonded
1261	   0	86.5	86.5	 707	OK
1262	   0	85.1	85.1	 670	OK
1263	   0	92.3	92.3	 714	OK
1264	   0	84.9	84.9	 617	OK
1265	   0	79.3	79.3	 604	OK
1266	   0	84.0	84.0	 643	OK
1267	   0	86.3	86.3	 615	OK
1268	   0	85.3	85.3	 673	OK
1269	   0	83.8	83.8	 648	OK
1270	   0	92.0	92.0	 567	OK
1271	   0	82.6	82.6	 654	OK
1272	   0	85.0	85.0	 599	OK
1273	   0	83.3	83.3	 609	OK
1274	   0	91.1	91.1	 547	OK
1275	   0	87.1	87.1	 617	OK
1276	   0	79.5	79.5	 640	OK
1277	   0	94.5	94.5	 566	OK
1278	   0	88.1	88.1	 609	OK
1279	   0	93.9	93.9	 720	OK
1280	   0	85.2	85.2	 548	OK
1281	4000	85.3	85.3	 724	high noise
1282	   0	85.7	85.7	 642	OK
1283	   0	87.7	87.7	 589	OK
1284	   0	82.2	82.2	 558	OK
1285	   0	88.1	88.1	 665	OK
1286	   0	86.7	86.7	 580	OK
1287	1000	90.6	90.6	 538	unbonded
1288	   0	81.2	81.2	 605	OK
1289	   0	88.3	88.3	 598	OK
1290	   0	86.3	86.3	 635	OK
1291	4000	81.9	81.9	 710	high noise
1292	   0	88.9	88.9	 567	OK
1293	   0	84.1	84.1	 544	OK
1294	   0	80.6	80.6	 565	OK
1295	   0	85.5	85.5	 655	OK
1296	   0	85.8	85.8	 556	OK
1297	1000	89.6	89.6	 521	unbonded
1298	   0	85.2	85.2	 615	OK
1299	1000	81.8	81.8	 496	unbonded
1300	   0	85.9	85.9	 570	OK
1301	   0	89.8	89.8	 549	OK
1302	1000	84.6	84.6	 460	unbonded
1303	   0	85.6	85.6	 630	OK
1304	   0	85.5	85.5	 621	OK
1305	   0	92.6	92.6	 635	OK
1306	   0	84.3	84.3	 624	OK
1307	1000	81.6	81.6	 490	unbonded
1308	   0	92.1	92.1	 546	OK
1309	1000	88.3	88.3	 504	unbonded
1310	   0	79.3	79.3	 622	OK
1311	   0	84.3	84.3	 567	OK
1312	   0	93.5	93.5	 625	OK
1313	   0	95.6	95.6	 590	OK
1314	   0	93.0	93.0	 543	OK
1315	   0	89.5	89.5	 587	OK
1316	4000	92.7	92.7	 679	high noise
1317	   0	87.6	87.6	 587	OK
1318	   0	88.6	88.6	 595	OK
1319	   0	92.3	92.3	 549	OK
1320	   0	92.1	92.1	 637	OK
1321	   0	86.1	86.1	 577	OK
1322	   0	84.1	84.1	 542	OK
1323	   0	85.5	85.5	 590	OK
1324	   0	91.0	91.0	 643	OK
1325	1000	82.4	82.4	 537	unbonded
1326	   0	85.2	85.2	 621	OK
1327	   0	91.6	91.6	 611	OK
1328	   0	85.6	85.6	 590	OK
1329	1000	91.0	91.0	 509	unbonded
1330	   0	86.3	86.3	 588	OK
1331	   0	88.7	88.7	 638	OK
1332	   0	90.3	90.3	 627	OK
1333	   0	86.8	86.8	 660	OK
1334	1000	90.0	90.0	 537	unbonded
1335	   0	93.5	93.5	 662	OK
1336	   0	92.6	92.6	 581	OK
1337	1000	93.3	93.3	 528	unbonded
1338	1000	83.7	83.7	 503	unbonded
1339	   0	93.4	93.4	 584	OK
1340	   0	82.1	82.1	 607	OK
1341	   0	88.4	88.4	 580	OK
1342	   0	91.5	91.5	 550	OK
1343	1000	86.6	86.6	 519	unbonded
1344	1000	89.6	89.6	 493	unbonded
1345	   0	87.2	87.2	 573	OK
1346	   0	87.5	87.5	 611	OK
1347	1000	93.3	93.3	 529	unbonded
1348	1000	96.3	96.3	 475	unbonded
1349	1000	102.7	102.7	 515	unbonded
1350	1000	85.1	85.1	 452	unbonded
1351	   0	88.9	88.9	 670	OK
1352	1000	89.6	89.6	 449	unbonded
1353	   0	96.1	96.1	 570	OK
1354	4000	97.1	97.1	 707	high noise
1355	   0	90.6	90.6	 567	OK
1356	   0	83.2	83.2	 568	OK
1357	1000	85.6	85.6	 501	unbonded
1358	1000	87.4	87.4	 374	unbonded
1359	   0	84.9	84.9	 596	OK
1360	   0	83.8	83.8	 628	OK
1361	   0	87.2	87.2	 645	OK
1362	4000	91.9	91.9	 721	high noise
1363	4000	92.5	92.5	 735	high noise
1364	   0	87.7	87.7	 607	OK
1365	   0	84.8	84.8	 549	OK
1366	1000	90.8	90.8	 502	unbonded
1367	4000	87.1	87.1	 693	high noise
1368	   0	90.9	90.9	 578	OK
1369	   0	85.6	85.6	 625	OK
1370	   0	81.2	81.2	 618	OK
1371	   0	92.2	92.2	 575	OK
1372	   0	89.8	89.8	 663	OK
1373	   0	93.0	93.0	 591	OK
1374	4000	92.1	92.1	 725	high noise
1375	   0	81.5	81.5	 568	OK
1376	   0	94.8	94.8	 593	OK
1377	   0	90.2	90.2	 554	OK
1378	   0	80.8	80.8	 563	OK
1379	   0	86.2	86.2	 608	OK
1380	   0	81.3	81.3	 632	OK
1381	4000	85.3	85.3	 713	high noise
1382	   0	92.1	92.1	 550	OK
1383	   0	86.6	86.6	 657	OK
1384	8000	92.8	92.8	 540	partbonded
1385	1000	89.1	89.1	 497	unbonded
1386	   0	90.4	90.4	 583	OK
1387	   0	85.3	85.3	 621	OK
1388	1000	88.1	88.1	 463	unbonded
1389	   0	84.7	84.7	 592	OK
1390	   0	92.4	92.4	 634	OK
1391	4000	86.1	86.1	 775	high noise
1392	1000	91.8	91.8	 518	unbonded
1393	   0	91.9	91.9	 631	OK
1394	   0	89.3	89.3	 611	OK
1395	   0	85.8	85.8	 555	OK
1396	   0	86.3	86.3	 542	OK
1397	   0	84.7	84.7	 567	OK
1398	   0	85.8	85.8	 644	OK
1399	1000	85.9	85.9	 494	unbonded
1400	   0	90.1	90.1	 555	OK
1401	   0	77.7	77.7	 560	OK
1402	4000	87.6	87.6	 684	high noise
1403	   0	93.7	93.7	 644	OK
1404	   0	86.8	86.8	 571	OK
1405	   0	88.7	88.7	 569	OK
1406	1000	91.2	91.2	 470	unbonded
1407	   0	95.3	95.3	 673	OK
1408	   0	92.0	92.0	 576	OK
1409	   0	102.4	102.4	 572	OK
1410	1000	99.9	99.9	 487	unbonded
1411	   0	82.3	82.3	 586	OK
1412	   0	89.5	89.5	 669	OK
1413	1000	87.3	87.3	 532	unbonded
1414	1000	100.6	100.6	 529	unbonded
1415	   0	91.8	91.8	 612	OK
1416	4000	94.6	94.6	 716	high noise
1417	4000	89.0	89.0	 743	high noise
1418	   0	90.1	90.1	 593	OK
1419	1000	82.6	82.6	 532	unbonded
1420	   0	92.4	92.4	 580	OK
1421	1000	87.7	87.7	 503	unbonded
1422	   0	90.9	90.9	 619	OK
1423	4000	93.7	93.7	 676	high noise
1424	   0	98.5	98.5	 558	OK
1425	1000	90.3	90.3	 519	unbonded
1426	   0	99.2	99.2	 562	OK
1427	1000	99.0	99.0	 516	unbonded
1428	   0	87.1	87.1	 607	OK
1429	   0	87.4	87.4	 638	OK
1430	1000	85.7	85.7	 488	unbonded
1431	   0	99.0	99.0	 574	OK
1432	   0	91.2	91.2	 558	OK
1433	   0	89.2	89.2	 541	OK
1434	   0	97.7	97.7	 580	OK
1435	   0	86.0	86.0	 668	OK
1436	1000	88.5	88.5	 523	unbonded
1437	   0	86.4	86.4	 567	OK
1438	1000	90.8	90.8	 516	unbonded
1439	4000	94.2	94.2	 740	high noise
1440	   0	89.8	89.8	 578	OK
1441	1000	97.6	97.6	 531	unbonded
1442	   0	87.6	87.6	 550	OK
1443	   0	87.9	87.9	 576	OK
1444	   0	97.5	97.5	 659	OK
1445	   0	93.3	93.3	 570	OK
1446	   0	96.1	96.1	 557	OK
1447	   0	82.8	82.8	 646	OK
1448	   0	87.5	87.5	 660	OK
1449	4000	88.9	88.9	 716	high noise
1450	   0	89.0	89.0	 575	OK
1451	1000	85.8	85.8	 440	unbonded
1452	   0	87.6	87.6	 542	OK
1453	   0	86.2	86.2	 620	OK
1454	1000	90.4	90.4	 469	unbonded
1455	   0	98.1	98.1	 651	OK
1456	   0	85.0	85.0	 571	OK
1457	   0	87.4	87.4	 547	OK
1458	   0	84.3	84.3	 566	OK
1459	4000	90.7	90.7	 732	high noise
1460	   0	95.1	95.1	 565	OK
1461	   0	93.2	93.2	 550	OK
1462	   0	86.1	86.1	 640	OK
1463	   0	91.6	91.6	 566	OK
1464	1000	91.5	91.5	 471	unbonded
1465	1000	83.3	83.3	 437	unbonded
1466	   0	89.6	89.6	 633	OK
1467	1000	90.1	90.1	 510	unbonded
1468	1000	97.2	97.2	 473	unbonded
1469	   0	95.3	95.3	 551	OK
1470	4000	87.1	87.1	 676	high noise
1471	   0	91.1	91.1	 646	OK
1472	   0	86.5	86.5	 565	OK
1473	   0	85.0	85.0	 581	OK
1474	   0	86.3	86.3	 626	OK
1475	1000	97.7	97.7	 513	unbonded
1476	   0	86.0	86.0	 558	OK
1477	4000	90.5	90.5	 696	high noise
1478	   0	98.8	98.8	 589	OK
1479	1000	82.7	82.7	 539	unbonded
1480	   0	87.7	87.7	 548	OK
1481	   0	90.2	90.2	 575	OK
1482	   0	91.4	91.4	 558	OK
1483	   0	96.2	96.2	 579	OK
1484	   0	92.3	92.3	 643	OK
1485	1000	94.7	94.7	 531	unbonded
1486	   0	82.1	82.1	 654	OK
1487	4000	92.4	92.4	 677	high noise
1488	   0	82.8	82.8	 644	OK
1489	   0	89.0	89.0	 636	OK
1490	   0	91.6	91.6	 675	OK
1491	   0	90.5	90.5	 560	OK
1492	1000	85.0	85.0	 529	unbonded
1493	   0	90.6	90.6	 607	OK
1494	   0	79.8	79.8	 603	OK
1495	   0	85.1	85.1	 586	OK
1496	   0	94.2	94.2	 631	OK
1497	1000	87.2	87.2	 483	unbonded
1498	   0	87.6	87.6	 598	OK
1499	   0	89.8	89.8	 543	OK
1500	   0	86.6	86.6	 639	OK
1501	1000	82.3	82.3	 535	unbonded
1502	   0	85.6	85.6	 606	OK
1503	   0	92.6	92.6	 624	OK
1504	   0	87.4	87.4	 614	OK
1505	   0	85.5	85.5	 667	OK
1506	   0	90.0	90.0	 593	OK
1507	8000	86.4	86.4	 540	partbonded
1508	   0	84.5	84.5	 643	OK
1509	   0	92.7	92.7	 547	OK
1510	1000	82.3	82.3	 501	unbonded
1511	   0	94.1	94.1	 564	OK
1512	   0	94.7	94.7	 609	OK
1513	   0	90.0	90.0	 600	OK
1514	   0	78.5	78.5	 634	OK
1515	1000	96.6	96.6	 538	unbonded
1516	1000	92.5	92.5	 519	unbonded
1517	   0	94.6	94.6	 603	OK
1518	1000	89.6	89.6	 524	unbonded
1519	4000	90.2	90.2	 680	high noise
1520	   0	91.4	91.4	 630	OK
1521	   0	88.9	88.9	 590	OK
1522	   0	84.0	84.0	 579	OK
1523	1000	86.7	86.7	 515	unbonded
1524	4000	95.4	95.4	 703	high noise
1525	   0	94.0	94.0	 621	OK
1526	   0	89.5	89.5	 648	OK
1527	   0	86.0	86.0	 656	OK
1528	1000	93.5	93.5	 507	unbonded
1529	   0	90.2	90.2	 648	OK
1530	   0	94.3	94.3	 592	OK
1531	1000	87.7	87.7	 480	unbonded
1532	   0	84.9	84.9	 636	OK
1533	   0	84.4	84.4	 599	OK
1534	   0	89.9	89.9	 629	OK
1535	   0	95.0	95.0	 637	OK
1536	   0	71.8	71.8	 658	OK
1537	   0	77.9	77.9	 736	OK
1538	   0	81.4	81.4	 579	OK
1539	   0	74.7	74.7	 723	OK
1540	   0	77.9	77.9	 649	OK
1541	   0	78.7	78.7	 677	OK
1542	   0	74.6	74.6	 639	OK
1543	1000	73.8	73.8	 526	unbonded
1544	   0	75.6	75.6	 598	OK
1545	   0	74.3	74.3	 583	OK
1546	   0	76.9	76.9	 634	OK
1547	1000	85.8	85.8	 500	unbonded
1548	   0	76.3	76.3	 595	OK
1549	4000	77.6	77.6	 754	high noise
1550	   0	75.2	75.2	 697	OK
1551	   0	74.3	74.3	 686	OK
1552	   0	81.0	81.0	 624	OK
1553	   0	79.8	79.8	 595	OK
1554	   0	79.0	79.0	 613	OK
1555	   0	80.8	80.8	 642	OK
1556	   0	83.5	83.5	 666	OK
1557	   0	75.5	75.5	 670	OK
1558	   0	78.9	78.9	 679	OK
1559	   0	78.1	78.1	 656	OK
1560	   0	78.6	78.6	 588	OK
1561	   0	77.0	77.0	 738	OK
1562	   0	82.9	82.9	 563	OK
1563	   0	77.6	77.6	 604	OK
1564	   0	74.6	74.6	 664	OK
1565	4000	82.9	82.9	 801	high noise
1566	   0	71.4	71.4	 697	OK
1567	   0	83.2	83.2	 563	OK
1568	   0	81.9	81.9	 598	OK
1569	   0	77.0	77.0	 721	OK
1570	   0	80.5	80.5	 630	OK
1571	   0	79.0	79.0	 543	OK
1572	   0	80.2	80.2	 645	OK
1573	   0	75.9	75.9	 614	OK
1574	4000	72.3	72.3	 833	high noise
1575	   0	81.1	81.1	 586	OK
1576	   0	84.2	84.2	 631	OK
1577	   0	79.9	79.9	 684	OK
1578	1000	77.7	77.7	 496	unbonded
1579	   0	75.2	75.2	 632	OK
1580	   0	76.3	76.3	 634	OK
1581	   0	80.2	80.2	 728	OK
1582	   0	75.1	75.1	 621	OK
1583	4000	74.6	74.6	 752	high noise
1584	   0	83.7	83.7	 616	OK
1585	   0	80.3	80.3	 629	OK
1586	1000	79.6	79.6	 524	unbonded
1587	4000	76.0	76.0	 752	high noise
1588	   0	77.9	77.9	 551	OK
1589	   0	78.8	78.8	 715	OK
1590	   0	84.7	84.7	 591	OK
1591	1000	74.6	74.6	 482	unbonded
1592	   0	77.1	77.1	 668	OK
1593	   0	75.9	75.9	 658	OK
1594	   0	87.1	87.1	 644	OK
1595	   0	77.7	77.7	 586	OK
1596	   0	75.6	75.6	 638	OK
1597	   0	83.1	83.1	 614	OK
1598	   0	81.7	81.7	 720	OK
1599	   0	83.8	83.8	 551	OK
1600	   0	80.2	80.2	 710	OK
1601	   0	80.6	80.6	 678	OK
1602	   0	75.2	75.2	 748	OK
1603	   0	85.9	85.9	 665	OK
1604	   0	81.8	81.8	 715	OK
1605	   0	80.4	80.4	 661	OK
1606	   0	84.4	84.4	 618	OK
1607	   0	80.1	80.1	 691	OK
1608	   0	74.3	74.3	 638	OK
1609	4000	80.0	80.0	 764	high noise
1610	   0	84.3	84.3	 673	OK
1611	   0	72.8	72.8	 712	OK
1612	4000	78.6	78.6	 790	high noise
1613	1000	84.1	84.1	 537	unbonded
1614	   0	79.2	79.2	 592	OK
1615	   0	75.4	75.4	 621	OK
1616	   0	77.0	77.0	 572	OK
1617	   0	78.1	78.1	 654	OK
1618	   0	84.9	84.9	 630	OK
1619	   0	75.2	75.2	 726	OK
1620	   0	80.3	80.3	 711	OK
1621	   0	79.4	79.4	 617	OK
1622	   0	83.0	83.0	 640	OK
1623	   0	78.2	78.2	 579	OK
1624	4000	81.4	81.4	 768	high noise
1625	   0	78.8	78.8	 735	OK
1626	4000	79.7	79.7	 758	high noise
1627	   0	76.4	76.4	 640	OK
1628	   0	82.4	82.4	 614	OK
1629	   0	78.6	78.6	 653	OK
1630	   0	78.6	78.6	 589	OK
1631	4000	80.0	80.0	 773	high noise
1632	   0	76.9	76.9	 641	OK
1633	   0	78.0	78.0	 596	OK
1634	   0	78.7	78.7	 666	OK
1635	   0	78.5	78.5	 726	OK
1636	   0	78.8	78.8	 568	OK
1637	   0	78.3	78.3	 693	OK
1638	4000	79.9	79.9	 783	high noise
1639	   0	72.1	72.1	 581	OK
1640	   0	73.5	73.5	 654	OK
1641	   0	73.4	73.4	 621	OK
1642	   0	80.3	80.3	 705	OK
1643	   0	77.3	77.3	 627	OK
1644	   0	75.2	75.2	 676	OK
1645	   0	82.1	82.1	 627	OK
1646	   0	76.3	76.3	 671	OK
1647	   0	78.7	78.7	 738	OK
1648	   0	79.7	79.7	 624	OK
1649	   0	78.1	78.1	 673	OK
1650	1000	81.3	81.3	 467	unbonded
1651	   0	75.2	75.2	 681	OK
1652	4000	77.8	77.8	 836	high noise
1653	   0	73.3	73.3	 737	OK
1654	   0	77.5	77.5	 708	OK
1655	   0	75.8	75.8	 688	OK
1656	   0	78.1	78.1	 659	OK
1657	   0	84.7	84.7	 612	OK
1658	   0	76.3	76.3	 641	OK
1659	   0	82.7	82.7	 633	OK
1660	   0	80.2	80.2	 633	OK
1661	   0	86.3	86.3	 652	OK
1662	   0	82.3	82.3	 631	OK
1663	   0	74.8	74.8	 599	OK
1664	4000	89.8	89.8	 718	high noise
1665	4000	93.2	93.2	 730	high noise
1666	   0	82.6	82.6	 563	OK
1667	   0	85.9	85.9	 673	OK
1668	   0	87.4	87.4	 548	OK
1669	   0	96.1	96.1	 630	OK
1670	   0	89.1	89.1	 640	OK
1671	   0	87.6	87.6	 631	OK
1672	   0	83.3	83.3	 627	OK
1673	   0	82.5	82.5	 575	OK
1674	   0	82.2	82.2	 586	OK
1675	   0	86.4	86.4	 570	OK
1676	   0	83.5	83.5	 573	OK
1677	   0	87.6	87.6	 631	OK
1678	   0	87.9	87.9	 629	OK
1679	   0	91.4	91.4	 641	OK
1680	4000	87.9	87.9	 723	high noise
1681	4000	90.9	90.9	 723	high noise
1682	   0	83.5	83.5	 620	OK
1683	   0	81.7	81.7	 661	OK
1684	1000	91.6	91.6	 511	unbonded
1685	   0	87.7	87.7	 703	OK
1686	   0	91.3	91.3	 617	OK
1687	   0	94.1	94.1	 627	OK
1688	   0	90.5	90.5	 636	OK
1689	1000	89.3	89.3	 479	unbonded
1690	   0	85.2	85.2	 676	OK
1691	   0	84.5	84.5	 542	OK
1692	4000	80.0	80.0	 712	high noise
1693	   0	82.3	82.3	 687	OK
1694	1000	94.1	94.1	 538	unbonded
1695	4000	86.5	86.5	 724	high noise
1696	1000	88.2	88.2	 502	unbonded
1697	   0	84.3	84.3	 691	OK
1698	   0	81.4	81.4	 645	OK
1699	   0	88.2	88.2	 611	OK
1700	   0	85.7	85.7	 585	OK
1701	1000	85.9	85.9	 538	unbonded
1702	1000	81.4	81.4	 523	unbonded
1703	   0	86.8	86.8	 564	OK
1704	   0	87.3	87.3	 639	OK
1705	   0	82.3	82.3	 594	OK
1706	   0	89.0	89.0	 581	OK
1707	1000	90.3	90.3	 472	unbonded
1708	   0	88.9	88.9	 586	OK
1709	   0	90.6	90.6	 650	OK
1710	1000	88.3	88.3	 490	unbonded
1711	4000	82.3	82.3	 781	high noise
1712	   0	85.0	85.0	 615	OK
1713	   0	95.3	95.3	 570	OK
1714	1000	81.6	81.6	 522	unbonded
1715	1000	90.3	90.3	 536	unbonded
1716	1000	85.6	85.6	 534	unbonded
1717	   0	80.8	80.8	 575	OK
1718	   0	92.3	92.3	 559	OK
1719	   0	92.4	92.4	 558	OK
1720	   0	94.4	94.4	 549	OK
1721	1000	83.0	83.0	 454	unbonded
1722	   0	94.2	94.2	 670	OK
1723	   0	91.2	91.2	 630	OK
1724	   0	92.1	92.1	 602	OK
1725	   0	82.9	82.9	 692	OK
1726	   0	89.1	89.1	 603	OK
1727	4000	93.4	93.4	 795	high noise
1728	   0	88.2	88.2	 606	OK
1729	4000	87.5	87.5	 719	high noise
1730	4000	87.6	87.6	 804	high noise
1731	   0	89.9	89.9	 561	OK
1732	1000	87.8	87.8	 514	unbonded
1733	4000	83.2	83.2	 800	high noise
1734	4000	86.9	86.9	 799	high noise
1735	   0	95.8	95.8	 672	OK
1736	   0	88.4	88.4	 639	OK
1737	   0	86.9	86.9	 695	OK
1738	   0	87.0	87.0	 678	OK
1739	   0	91.4	91.4	 645	OK
1740	   0	86.8	86.8	 555	OK
1741	   0	85.6	85.6	 665	OK
1742	   0	83.7	83.7	 635	OK
1743	   0	89.1	89.1	 625	OK
1744	1000	86.3	86.3	 522	unbonded
1745	4000	83.7	83.7	 733	high noise
1746	   0	87.0	87.0	 555	OK
1747	4000	79.5	79.5	 711	high noise
1748	   0	86.0	86.0	 678	OK
1749	1000	84.0	84.0	 514	unbonded
1750	   0	84.2	84.2	 678	OK
1751	1000	88.8	88.8	 521	unbonded
1752	   0	85.4	85.4	 581	OK
1753	   0	83.3	83.3	 692	OK
1754	1000	89.3	89.3	 452	unbonded
1755	   0	87.8	87.8	 674	OK
1756	   0	85.0	85.0	 564	OK
1757	   0	87.7	87.7	 569	OK
1758	   0	91.1	91.1	 693	OK
1759	   0	90.0	90.0	 642	OK
1760	   0	84.8	84.8	 621	OK
1761	   0	89.3	89.3	 686	OK
1762	   0	85.0	85.0	 606	OK
1763	   0	81.1	81.1	 610	OK
1764	   0	86.7	86.7	 635	OK
1765	1000	86.1	86.1	 515	unbonded
1766	   0	81.2	81.2	 671	OK
1767	   0	87.0	87.0	 654	OK
1768	1000	86.5	86.5	 521	unbonded
1769	4000	74.3	74.3	 731	high noise
1770	1000	87.8	87.8	 498	unbonded
1771	   0	86.2	86.2	 691	OK
1772	   0	80.1	80.1	 652	OK
1773	   0	88.3	88.3	 669	OK
1774	   0	85.0	85.0	 640	OK
1775	   0	82.8	82.8	 556	OK
1776	   0	86.2	86.2	 676	OK
1777	1000	79.9	79.9	 405	unbonded
1778	   0	83.1	83.1	 554	OK
1779	   0	93.6	93.6	 697	OK
1780	   0	84.8	84.8	 611	OK
1781	   0	81.7	81.7	 672	OK
1782	1000	91.0	91.0	 476	unbonded
1783	   0	83.4	83.4	 602	OK
1784	   0	80.9	80.9	 586	OK
1785	1000	89.9	89.9	 501	unbonded
1786	4000	84.2	84.2	 775	high noise
1787	   0	91.0	91.0	 708	OK
1788	   0	83.7	83.7	 664	OK
1789	   0	86.0	86.0	 553	OK
1790	   0	83.1	83.1	 645	OK
1791	   0	91.2	91.2	 597	OK
1792	4000	78.2	78.2	 750	high noise
1793	   0	77.8	77.8	 616	OK
1794	   0	85.0	85.0	 649	OK
1795	1000	77.2	77.2	 460	unbonded
1796	   0	73.2	73.2	 631	OK
1797	   0	83.1	83.1	 741	OK
1798	   0	77.7	77.7	 674	OK
1799	4000	90.0	90.0	 755	high noise
1800	   0	86.8	86.8	 660	OK
1801	   0	78.6	78.6	 643	OK
1802	   0	80.5	80.5	 671	OK
1803	   0	76.8	76.8	 694	OK
1804	   0	87.9	87.9	 567	OK
1805	   0	86.4	86.4	 633	OK
1806	   0	81.1	81.1	 741	OK
1807	   0	80.8	80.8	 626	OK
1808	   0	81.6	81.6	 730	OK
1809	   0	83.9	83.9	 614	OK
1810	4000	77.0	77.0	 761	high noise
1811	   0	81.8	81.8	 566	OK
1812	4000	79.4	79.4	 759	high noise
1813	   0	74.8	74.8	 671	OK
1814	4000	76.8	76.8	 775	high noise
1815	   0	82.6	82.6	 598	OK
1816	1000	85.0	85.0	 513	unbonded
1817	   0	81.8	81.8	 683	OK
1818	   0	80.7	80.7	 682	OK
1819	1000	74.6	74.6	 521	unbonded
1820	   0	82.8	82.8	 618	OK
1821	   0	85.5	85.5	 550	OK
1822	   0	79.0	79.0	 647	OK
1823	   0	78.2	78.2	 660	OK
1824	4000	79.1	79.1	 836	high noise
1825	   0	81.2	81.2	 659	OK
1826	   0	79.1	79.1	 689	OK
1827	4000	74.5	74.5	 879	high noise
1828	1000	85.4	85.4	 472	unbonded
1829	   0	84.2	84.2	 687	OK
1830	   0	78.2	78.2	 672	OK
1831	   0	83.2	83.2	 597	OK
1832	   0	77.4	77.4	 647	OK
1833	   0	74.3	74.3	 596	OK
1834	   0	82.9	82.9	 686	OK
1835	   0	82.5	82.5	 595	OK
1836	   0	83.7	83.7	 620	OK
1837	   0	81.9	81.9	 608	OK
1838	   0	76.9	76.9	 589	OK
1839	   0	86.7	86.7	 550	OK
1840	   0	81.9	81.9	 745	OK
1841	   0	78.0	78.0	 672	OK
1842	1000	85.9	85.9	 503	unbonded
1843	   0	79.1	79.1	 643	OK
1844	   0	86.6	86.6	 591	OK
1845	   0	76.9	76.9	 671	OK
1846	4000	79.7	79.7	 835	high noise
1847	4000	80.9	80.9	 812	high noise
1848	   0	85.9	85.9	 604	OK
1849	   0	71.8	71.8	 727	OK
1850	   0	81.4	81.4	 647	OK
1851	   0	88.5	88.5	 559	OK
1852	   0	87.0	87.0	 653	OK
1853	   0	85.0	85.0	 667	OK
1854	1000	76.3	76.3	 492	unbonded
1855	   0	80.6	80.6	 683	OK
1856	   0	82.5	82.5	 579	OK
1857	   0	80.0	80.0	 639	OK
1858	   0	81.2	81.2	 650	OK
1859	   0	88.6	88.6	 562	OK
1860	   0	79.8	79.8	 663	OK
1861	   0	78.7	78.7	 619	OK
1862	   0	82.6	82.6	 709	OK
1863	4000	81.5	81.5	 758	high noise
1864	   0	82.7	82.7	 590	OK
1865	   0	74.7	74.7	 568	OK
1866	4000	87.7	87.7	 786	high noise
1867	   0	85.7	85.7	 613	OK
1868	   0	92.0	92.0	 616	OK
1869	   0	80.4	80.4	 599	OK
1870	   0	75.2	75.2	 714	OK
1871	   0	84.3	84.3	 685	OK
1872	4000	91.3	91.3	 757	high noise
1873	   0	83.5	83.5	 566	OK
1874	   0	90.0	90.0	 609	OK
1875	   0	78.2	78.2	 728	OK
1876	4000	77.7	77.7	 800	high noise
1877	   0	80.4	80.4	 739	OK
1878	   0	82.1	82.1	 585	OK
1879	   0	81.4	81.4	 635	OK
1880	   0	84.1	84.1	 665	OK
1881	   0	79.7	79.7	 567	OK
1882	   0	81.1	81.1	 691	OK
1883	   0	86.3	86.3	 563	OK
1884	4000	84.0	84.0	 860	high noise
1885	1000	79.2	79.2	 473	unbonded
1886	4000	81.2	81.2	 759	high noise
1887	   0	88.0	88.0	 590	OK
1888	   0	81.1	81.1	 708	OK
1889	1000	79.5	79.5	 512	unbonded
1890	   0	79.5	79.5	 634	OK
1891	1000	75.3	75.3	 521	unbonded
1892	1000	79.4	79.4	 485	unbonded
1893	   0	76.6	76.6	 645	OK
1894	   0	75.6	75.6	 695	OK
1895	   0	82.8	82.8	 625	OK
1896	1000	76.2	76.2	 519	unbonded
1897	   0	84.1	84.1	 702	OK
1898	   0	81.9	81.9	 588	OK
1899	   0	89.7	89.7	 663	OK
1900	   0	84.6	84.6	 662	OK
1901	   0	79.2	79.2	 679	OK
1902	   0	91.0	91.0	 610	OK
1903	   0	76.6	76.6	 641	OK
1904	   0	88.9	88.9	 664	OK
1905	   0	75.8	75.8	 644	OK
1906	   0	81.1	81.1	 590	OK
1907	   0	84.9	84.9	 715	OK
1908	1000	86.0	86.0	 514	unbonded
1909	4000	74.7	74.7	 789	high noise
1910	   0	80.4	80.4	 683	OK
1911	   0	84.4	84.4	 734	OK
1912	   0	81.5	81.5	 668	OK
1913	4000	74.3	74.3	 757	high noise
1914	   0	82.9	82.9	 542	OK
1915	   0	81.5	81.5	 571	OK
1916	   0	76.9	76.9	 673	OK
1917	   0	83.7	83.7	 579	OK
1918	   0	79.4	79.4	 606	OK
1919	   0	77.2	77.2	 662	OK
1920	1000	89.9	89.9	 471	unbonded
1921	   0	90.9	90.9	 610	OK
1922	   0	87.1	87.1	 655	OK
1923	   0	85.3	85.3	 547	OK
1924	   0	85.7	85.7	 607	OK
1925	1000	89.5	89.5	 487	unbonded
1926	4000	84.6	84.6	 748	high noise
1927	   0	83.8	83.8	 564	OK
1928	1000	84.5	84.5	 529	unbonded
1929	   0	82.9	82.9	 679	OK
1930	   0	90.9	90.9	 613	OK
1931	1000	87.9	87.9	 452	unbonded
1932	   0	81.0	81.0	 649	OK
1933	   0	81.0	81.0	 632	OK
1934	   0	87.9	87.9	 649	OK
1935	1000	86.3	86.3	 475	unbonded
1936	   0	80.8	80.8	 594	OK
1937	   0	80.4	80.4	 569	OK
1938	1000	78.2	78.2	 464	unbonded
1939	4000	86.8	86.8	 710	high noise
1940	   0	79.5	79.5	 682	OK
1941	   0	84.0	84.0	 649	OK
1942	1000	86.0	86.0	 505	unbonded
1943	   0	79.6	79.6	 692	OK
1944	1000	95.8	95.8	 501	unbonded
1945	4000	80.7	80.7	 721	high noise
1946	   0	88.3	88.3	 568	OK
1947	   0	87.6	87.6	 638	OK
1948	   0	88.6	88.6	 578	OK
1949	   0	85.9	85.9	 624	OK
1950	   0	90.7	90.7	 662	OK
1951	4000	83.4	83.4	 756	high noise
1952	   0	78.9	78.9	 575	OK
1953	   0	89.1	89.1	 618	OK
1954	   0	86.5	86.5	 637	OK
1955	   0	79.9	79.9	 625	OK
1956	   0	78.5	78.5	 668	OK
1957	   0	83.9	83.9	 632	OK
1958	   0	90.2	90.2	 633	OK
1959	   0	90.0	90.0	 553	OK
1960	   0	77.5	77.5	 637	OK
1961	   0	82.1	82.1	 602	OK
1962	   0	88.7	88.7	 591	OK
1963	   0	77.9	77.9	 662	OK
1964	   0	83.0	83.0	 584	OK
1965	   0	82.5	82.5	 627	OK
1966	   0	81.9	81.9	 608	OK
1967	   0	82.7	82.7	 653	OK
1968	4000	86.6	86.6	 703	high noise
1969	   0	85.0	85.0	 563	OK
1970	   0	87.2	87.2	 604	OK
1971	1000	88.0	88.0	 482	unbonded
1972	1000	86.3	86.3	 462	unbonded
1973	4000	78.4	78.4	 804	high noise
1974	   0	79.3	79.3	 587	OK
1975	   0	90.4	90.4	 595	OK
1976	   0	83.1	83.1	 557	OK
1977	1000	83.5	83.5	 534	unbonded
1978	   0	84.5	84.5	 671	OK
1979	   0	84.2	84.2	 549	OK
1980	   0	93.4	93.4	 581	OK
1981	4000	81.7	81.7	 797	high noise
1982	   0	92.3	92.3	 597	OK
1983	4000	80.4	80.4	 709	high noise
1984	1000	88.2	88.2	 512	unbonded
1985	   0	85.2	85.2	 579	OK
1986	   0	89.3	89.3	 553	OK
1987	   0	88.4	88.4	 663	OK
1988	1000	85.8	85.8	 425	unbonded
1989	   0	85.3	85.3	 570	OK
1990	   0	82.2	82.2	 652	OK
1991	   0	90.2	90.2	 639	OK
1992	   0	83.4	83.4	 607	OK
1993	   0	88.1	88.1	 573	OK
1994	   0	82.6	82.6	 617	OK
1995	   0	84.0	84.0	 612	OK
1996	   0	84.0	84.0	 550	OK
1997	   0	80.0	80.0	 658	OK
1998	   0	87.2	87.2	 611	OK
1999	   0	77.2	77.2	 632	OK
2000	   0	80.1	80.1	 561	OK
2001	   0	80.9	80.9	 599	OK
2002	1000	86.9	86.9	 514	unbonded
2003	   0	90.4	90.4	 645	OK
2004	1000	87.7	87.7	 536	unbonded
2005	   0	87.8	87.8	 677	OK
2006	4000	89.8	89.8	 727	high noise
2007	   0	82.4	82.4	 612	OK
2008	   0	91.9	91.9	 679	OK
2009	1000	86.7	86.7	 455	unbonded
2010	4000	80.4	80.4	 757	high noise
2011	4000	85.6	85.6	 704	high noise
2012	   0	85.8	85.8	 638	OK
2013	   0	83.0	83.0	 670	OK
2014	4000	79.5	79.5	 800	high noise
2015	   0	86.2	86.2	 613	OK
2016	4000	86.9	86.9	 762	high noise
2017	   0	92.8	92.8	 583	OK
2018	4000	85.3	85.3	 709	high noise
2019	   0	86.3	86.3	 548	OK
2020	   0	82.4	82.4	 562	OK
2021	1000	76.7	76.7	 512	unbonded
2022	   0	86.8	86.8	 562	OK
2023	   0	80.5	80.5	 577	OK
2024	1000	84.4	84.4	 518	unbonded
2025	   0	87.7	87.7	 637	OK
2026	   0	83.6	83.6	 616	OK
2027	4000	81.6	81.6	 742	high noise
2028	   0	83.7	83.7	 606	OK
2029	1000	78.4	78.4	 458	unbonded
2030	   0	84.4	84.4	 566	OK
2031	   0	85.7	85.7	 632	OK
2032	   0	88.7	88.7	 558	OK
2033	1000	87.2	87.2	 516	unbonded
2034	   0	86.1	86.1	 673	OK
2035	   0	84.8	84.8	 571	OK
2036	   0	84.3	84.3	 544	OK
2037	1000	92.2	92.2	 474	unbonded
2038	1000	85.0	85.0	 538	unbonded
2039	   0	82.8	82.8	 587	OK
2040	   0	86.6	86.6	 577	OK
2041	   0	77.8	77.8	 611	OK
2042	   0	85.0	85.0	 656	OK
2043	1000	88.4	88.4	 467	unbonded
2044	   0	80.0	80.0	 630	OK
2045	4000	80.2	80.2	 786	high noise
2046	1000	85.2	85.2	 519	unbonded
2047	   0	80.6	80.6	 672	OK
2048	1000	104.6	104.6	 520	unbonded
2049	1000	96.2	96.2	 508	unbonded
2050	   0	97.8	97.8	 594	OK
2051	   0	85.7	85.7	 601	OK
2052	1000	91.8	91.8	 510	unbonded
2053	   0	90.8	90.8	 645	OK
2054	1000	99.3	99.3	 530	unbonded
2055	   0	92.3	92.3	 550	OK
2056	1000	93.6	93.6	 501	unbonded
2057	   0	99.2	99.2	 609	OK
2058	   0	97.4	97.4	 649	OK
2059	   0	96.2	96.2	 572	OK
2060	1000	91.0	91.0	 523	unbonded
2061	   0	92.7	92.7	 565	OK
2062	1000	91.6	91.6	 500	unbonded
2063	1000	97.1	97.1	 530	unbonded
2064	1000	92.6	92.6	 464	unbonded
2065	   0	101.1	101.1	 594	OK
2066	   0	93.3	93.3	 634	OK
2067	   0	86.6	86.6	 633	OK
2068	   0	90.4	90.4	 590	OK
2069	   0	91.2	91.2	 625	OK
2070	1000	91.4	91.4	 452	unbonded
2071	   0	93.3	93.3	 646	OK
2072	   0	98.6	98.6	 608	OK
2073	   0	99.8	99.8	 598	OK
2074	4000	88.4	88.4	 660	high noise
2075	   0	91.2	91.2	 597	OK
2076	   0	95.6	95.6	 570	OK
2077	1000	87.8	87.8	 499	unbonded
2078	   0	94.8	94.8	 571	OK
2079	1000	97.5	97.5	 513	unbonded
2080	   0	97.7	97.7	 616	OK
2081	1000	96.4	96.4	 467	unbonded
2082	   0	100.5	100.5	 550	OK
2083	4000	88.0	88.0	 687	high noise
2084	1000	92.8	92.8	 434	unbonded
2085	1000	98.4	98.4	 443	unbonded
2086	   0	97.0	97.0	 560	OK
2087	1000	88.2	88.2	 512	unbonded
2088	   0	82.1	82.1	 558	OK
2089	   0	101.2	101.2	 617	OK
2090	   0	100.4	100.4	 618	OK
2091	   0	90.5	90.5	 596	OK
2092	1000	89.7	89.7	 524	unbonded
2093	   0	99.8	99.8	 573	OK
2094	   0	88.9	88.9	 620	OK
2095	1000	95.3	95.3	 519	unbonded
2096	1000	94.2	94.2	 475	unbonded
2097	1000	100.3	100.3	 520	unbonded
2098	   0	97.8	97.8	 561	OK
2099	1000	96.9	96.9	 511	unbonded
2100	   0	92.0	92.0	 582	OK
2101	   0	92.8	92.8	 636	OK
2102	   0	98.3	98.3	 575	OK
2103	   0	99.7	99.7	 575	OK
2104	1000	94.6	94.6	 532	unbonded
2105	   0	95.4	95.4	 629	OK
2106	4000	97.9	97.9	 659	high noise
2107	8000	95.6	95.6	 541	partbonded
2108	4000	92.5	92.5	 707	high noise
2109	4000	94.2	94.2	 661	high noise
2110	   0	103.3	103.3	 562	OK
2111	   0	95.4	95.4	 563	OK
2112	1000	95.7	95.7	 522	unbonded
2113	1000	90.0	90.0	 535	unbonded
2114	4000	97.1	97.1	 674	high noise
2115	1000	105.7	105.7	 510	unbonded
2116	1000	95.5	95.5	 510	unbonded
2117	   0	96.5	96.5	 601	OK
2118	   0	95.0	95.0	 588	OK
2119	1000	95.9	95.9	 526	unbonded
2120	   0	95.4	95.4	 588	OK
2121	1000	91.8	91.8	 538	unbonded
2122	   0	88.1	88.1	 554	OK
2123	4000	80.7	80.7	 811	high noise
2124	   0	94.4	94.4	 593	OK
2125	   0	84.7	84.7	 603	OK
2126	1000	92.8	92.8	 461	unbonded
2127	   0	91.9	91.9	 610	OK
2128	4000	90.3	90.3	 739	high noise
2129	1000	91.4	91.4	 469	unbonded
2130	   0	93.8	93.8	 543	OK
2131	   0	99.1	99.1	 590	OK
2132	   0	85.8	85.8	 586	OK
2133	   0	93.4	93.4	 569	OK
2134	4000	89.1	89.1	 658	high noise
2135	1000	92.9	92.9	 495	unbonded
2136	   0	95.2	95.2	 581	OK
2137	   0	99.2	99.2	 574	OK
2138	   0	94.3	94.3	 542	OK
2139	1000	95.9	95.9	 500	unbonded
2140	   0	90.9	90.9	 611	OK
2141	   0	94.0	94.0	 556	OK
2142	   0	95.6	95.6	 542	OK
2143	   0	97.5	97.5	 568	OK
2144	   0	94.5	94.5	 550	OK
2145	1000	102.5	102.5	 447	unbonded
2146	4000	91.6	91.6	 746	high noise
2147	1000	98.9	98.9	 537	unbonded
2148	   0	96.2	96.2	 545	OK
2149	4000	92.1	92.1	 764	high noise
2150	   0	91.3	91.3	 545	OK
2151	   0	97.6	97.6	 577	OK
2152	   0	92.5	92.5	 619	OK
2153	1000	99.8	99.8	 500	unbonded
2154	   0	97.4	97.4	 575	OK
2155	   0	94.5	94.5	 563	OK
2156	   0	89.8	89.8	 596	OK
2157	   0	87.0	87.0	 580	OK
2158	1000	88.4	88.4	 480	unbonded
2159	   0	100.4	100.4	 563	OK
2160	1000	97.5	97.5	 469	unbonded
2161	   0	90.5	90.5	 607	OK
2162	   0	94.6	94.6	 572	OK
2163	   0	91.2	91.2	 574	OK
2164	1000	99.2	99.2	 492	unbonded
2165	1000	92.9	92.9	 533	unbonded
2166	   0	91.2	91.2	 568	OK
2167	   0	98.7	98.7	 575	OK
2168	4000	100.1	100.1	 667	high noise
2169	   0	92.8	92.8	 608	OK
2170	1000	89.7	89.7	 467	unbonded
2171	   0	87.7	87.7	 641	OK
2172	4000	89.6	89.6	 675	high noise
2173	1000	91.8	91.8	 526	unbonded
2174	   0	95.2	95.2	 588	OK
2175	1000	101.1	101.1	 473	unbonded
2176	1000	99.5	99.5	 523	unbonded
2177	1000	93.2	93.2	 527	unbonded
2178	   0	89.3	89.3	 641	OK
2179	   0	89.8	89.8	 568	OK
2180	1000	82.1	82.1	 489	unbonded
2181	   0	89.3	89.3	 577	OK
2182	   0	76.8	76.8	 676	OK
2183	   0	88.6	88.6	 643	OK
2184	   0	91.0	91.0	 554	OK
2185	1000	89.0	89.0	 537	unbonded
2186	   0	92.0	92.0	 619	OK
2187	   0	84.7	84.7	 584	OK
2188	   0	88.3	88.3	 645	OK
2189	   0	88.5	88.5	 670	OK
2190	   0	97.9	97.9	 547	OK
2191	   0	90.5	90.5	 652	OK
2192	   0	87.7	87.7	 611	OK
2193	   0	88.1	88.1	 579	OK
2194	   0	88.9	88.9	 573	OK
2195	   0	89.9	89.9	 663	OK
2196	   0	87.4	87.4	 665	OK
2197	1000	89.6	89.6	 520	unbonded
2198	1000	92.1	92.1	 517	unbonded
2199	   0	84.4	84.4	 600	OK
2200	1000	87.7	87.7	 461	unbonded
2201	   0	92.7	92.7	 615	OK
2202	1000	86.0	86.0	 491	unbonded
2203	1000	83.2	83.2	 539	unbonded
2204	   0	88.0	88.0	 628	OK
2205	1000	93.5	93.5	 522	unbonded
2206	   0	90.0	90.0	 617	OK
2207	   0	94.0	94.0	 625	OK
2208	   0	88.8	88.8	 546	OK
2209	   0	78.9	78.9	 583	OK
2210	   0	86.4	86.4	 644	OK
2211	   0	81.3	81.3	 544	OK
2212	   0	80.8	80.8	 638	OK
2213	   0	86.8	86.8	 578	OK
2214	   0	88.6	88.6	 614	OK
2215	1000	88.0	88.0	 490	unbonded
2216	   0	85.5	85.5	 604	OK
2217	   0	83.4	83.4	 628	OK
2218	   0	86.3	86.3	 587	OK
2219	1000	93.1	93.1	 490	unbonded
2220	1000	87.1	87.1	 530	unbonded
2221	   0	89.9	89.9	 549	OK
2222	1000	92.7	92.7	 506	unbonded
2223	   0	97.7	97.7	 584	OK
2224	1000	85.7	85.7	 523	unbonded
2225	   0	84.7	84.7	 631	OK
2226	   0	88.9	88.9	 614	OK
2227	   0	84.2	84.2	 580	OK
2228	   0	88.5	88.5	 631	OK
2229	1000	85.8	85.8	 499	unbonded
2230	   0	83.7	83.7	 618	OK
2231	   0	89.4	89.4	 596	OK
2232	1000	84.0	84.0	 455	unbonded
2233	   0	93.7	93.7	 619	OK
2234	   0	90.6	90.6	 546	OK
2235	   0	94.0	94.0	 593	OK
2236	   0	89.5	89.5	 555	OK
2237	   0	92.9	92.9	 598	OK
2238	1000	87.5	87.5	 506	unbonded
2239	   0	92.1	92.1	 587	OK
2240	   0	97.0	97.0	 583	OK
2241	   0	91.7	91.7	 659	OK
2242	   0	94.0	94.0	 655	OK
2243	   0	84.3	84.3	 605	OK
2244	   0	85.5	85.5	 644	OK
2245	   0	85.2	85.2	 589	OK
2246	   0	87.8	87.8	 639	OK
2247	   0	90.3	90.3	 611	OK
2248	1000	92.1	92.1	 458	unbonded
2249	4000	85.1	85.1	 714	high noise
2250	1000	88.8	88.8	 390	unbonded
2251	   0	91.5	91.5	 602	OK
2252	   0	90.1	90.1	 586	OK
2253	   0	85.3	85.3	 586	OK
2254	4000	87.5	87.5	 712	high noise
2255	1000	89.3	89.3	 477	unbonded
2256	   0	88.0	88.0	 618	OK
2257	4000	85.8	85.8	 717	high noise
2258	   0	87.2	87.2	 577	OK
2259	   0	93.1	93.1	 636	OK
2260	1000	92.1	92.1	 513	unbonded
2261	   0	85.0	85.0	 561	OK
2262	1000	79.3	79.3	 519	unbonded
2263	   0	92.2	92.2	 591	OK
2264	   0	88.1	88.1	 655	OK
2265	   0	86.4	86.4	 671	OK
2266	   0	90.1	90.1	 542	OK
2267	   0	93.5	93.5	 562	OK
2268	   0	87.6	87.6	 649	OK
2269	   0	91.3	91.3	 674	OK
2270	4000	90.6	90.6	 700	high noise
2271	   0	89.3	89.3	 597	OK
2272	   0	86.6	86.6	 612	OK
2273	   0	87.1	87.1	 575	OK
2274	   0	90.8	90.8	 656	OK
2275	   0	78.0	78.0	 565	OK
2276	   0	92.3	92.3	 615	OK
2277	1000	87.2	87.2	 432	unbonded
2278	4000	85.9	85.9	 707	high noise
2279	   0	82.4	82.4	 542	OK
2280	   0	86.8	86.8	 608	OK
2281	   0	98.7	98.7	 599	OK
2282	   0	81.4	81.4	 541	OK
2283	4000	89.1	89.1	 740	high noise
2284	   0	97.4	97.4	 569	OK
2285	   0	79.9	79.9	 596	OK
2286	   0	82.8	82.8	 658	OK
2287	4000	89.8	89.8	 680	high noise
2288	1000	83.6	83.6	 505	unbonded
2289	1000	90.8	90.8	 538	unbonded
2290	1000	81.5	81.5	 537	unbonded
2291	4000	87.7	87.7	 707	high noise
2292	   0	86.0	86.0	 561	OK
2293	1000	96.8	96.8	 529	unbonded
2294	1000	90.3	90.3	 457	unbonded
2295	1000	81.4	81.4	 527	unbonded
2296	   0	91.6	91.6	 617	OK
2297	1000	86.9	86.9	 433	unbonded
2298	   0	89.8	89.8	 670	OK
2299	4000	85.1	85.1	 685	high noise
2300	4000	85.4	85.4	 723	high noise
2301	4000	86.4	86.4	 689	high noise
2302	1000	88.2	88.2	 538	unbonded
2303	   0	87.0	87.0	 634	OK
2304	1000	85.6	85.6	 519	unbonded
2305	   0	92.5	92.5	 579	OK
2306	   0	82.0	82.0	 633	OK
2307	   0	87.0	87.0	 677	OK
2308	   0	80.0	80.0	 598	OK
2309	   0	92.0	92.0	 640	OK
2310	   0	77.8	77.8	 661	OK
2311	4000	82.0	82.0	 722	high noise
2312	   0	92.4	92.4	 639	OK
2313	1000	83.3	83.3	 480	unbonded
2314	   0	85.7	85.7	 617	OK
2315	4000	83.4	83.4	 731	high noise
2316	1000	85.9	85.9	 538	unbonded
2317	1000	88.1	88.1	 494	unbonded
2318	1000	79.6	79.6	 532	unbonded
2319	1000	85.0	85.0	 528	unbonded
2320	   0	87.7	87.7	 662	OK
2321	   0	82.1	82.1	 653	OK
2322	   0	81.6	81.6	 612	OK
2323	   0	87.4	87.4	 615	OK
2324	   0	80.5	80.5	 639	OK
2325	1000	90.2	90.2	 481	unbonded
2326	1000	79.7	79.7	 466	unbonded
2327	   0	79.3	79.3	 635	OK
2328	   0	83.4	83.4	 545	OK
2329	4000	87.1	87.1	 689	high noise
2330	   0	85.7	85.7	 554	OK
2331	   0	87.5	87.5	 591	OK
2332	1000	84.2	84.2	 509	unbonded
2333	4000	80.3	80.3	 696	high noise
2334	   0	87.7	87.7	 581	OK
2335	   0	84.6	84.6	 609	OK
2336	1000	82.3	82.3	 504	unbonded
2337	   0	85.6	85.6	 640	OK
2338	   0	83.1	83.1	 643	OK
2339	   0	93.8	93.8	 611	OK
2340	   0	80.9	80.9	 666	OK
2341	   0	92.3	92.3	 618	OK
2342	   0	86.4	86.4	 578	OK
2343	4000	86.2	86.2	 743	high noise
2344	4000	88.0	88.0	 734	high noise
2345	1000	87.8	87.8	 511	unbonded
2346	   0	94.0	94.0	 616	OK
2347	4000	87.9	87.9	 696	high noise
2348	1000	85.1	85.1	 535	unbonded
2349	   0	83.0	83.0	 613	OK
2350	   0	83.6	83.6	 601	OK
2351	   0	93.5	93.5	 618	OK
2352	1000	82.1	82.1	 490	unbonded
2353	   0	86.5	86.5	 614	OK
2354	   0	82.0	82.0	 661	OK
2355	   0	88.6	88.6	 567	OK
2356	4000	88.6	88.6	 724	high noise
2357	   0	83.9	83.9	 681	OK
2358	   0	90.2	90.2	 684	OK
2359	   0	91.3	91.3	 566	OK
2360	   0	83.5	83.5	 609	OK
2361	4000	84.8	84.8	 728	high noise
2362	   0	80.7	80.7	 552	OK
2363	   0	84.7	84.7	 666	OK
2364	   0	85.4	85.4	 566	OK
2365	   0	89.8	89.8	 593	OK
2366	1000	85.7	85.7	 525	unbonded
2367	1000	90.3	90.3	 502	unbonded
2368	   0	93.8	93.8	 607	OK
2369	   0	96.2	96.2	 547	OK
2370	1000	80.8	80.8	 537	unbonded
2371	4000	91.0	91.0	 698	high noise
2372	1000	92.2	92.2	 510	unbonded
2373	4000	87.0	87.0	 716	high noise
2374	1000	86.7	86.7	 536	unbonded
2375	4000	84.0	84.0	 729	high noise
2376	1000	96.0	96.0	 488	unbonded
2377	   0	93.3	93.3	 666	OK
2378	   0	89.9	89.9	 545	OK
2379	   0	86.2	86.2	 652	OK
2380	   0	85.3	85.3	 604	OK
2381	   0	92.0	92.0	 634	OK
2382	4000	90.4	90.4	 741	high noise
2383	   0	90.1	90.1	 560	OK
2384	1000	92.2	92.2	 509	unbonded
2385	1000	79.9	79.9	 523	unbonded
2386	   0	87.1	87.1	 637	OK
2387	1000	92.1	92.1	 468	unbonded
2388	   0	87.0	87.0	 670	OK
2389	   0	83.7	83.7	 636	OK
2390	1000	87.2	87.2	 529	unbonded
2391	1000	87.2	87.2	 456	unbonded
2392	   0	93.4	93.4	 577	OK
2393	   0	88.6	88.6	 592	OK
2394	1000	94.7	94.7	 496	unbonded
2395	   0	89.5	89.5	 597	OK
2396	   0	90.7	90.7	 639	OK
2397	   0	83.0	83.0	 600	OK
2398	   0	95.9	95.9	 624	OK
2399	4000	84.3	84.3	 711	high noise
2400	   0	83.3	83.3	 659	OK
2401	   0	85.2	85.2	 622	OK
2402	   0	92.0	92.0	 624	OK
2403	   0	93.2	93.2	 632	OK
2404	1000	84.8	84.8	 518	unbonded
2405	1000	84.4	84.4	 515	unbonded
2406	1000	88.0	88.0	 507	unbonded
2407	1000	88.7	88.7	 483	unbonded
2408	   0	85.0	85.0	 644	OK
2409	   0	87.6	87.6	 619	OK
2410	1000	96.9	96.9	 415	unbonded
2411	   0	93.4	93.4	 588	OK
2412	   0	90.4	90.4	 597	OK
2413	1000	93.1	93.1	 533	unbonded
2414	   0	84.0	84.0	 652	OK
2415	   0	82.7	82.7	 662	OK
2416	1000	101.2	101.2	 530	unbonded
2417	   0	82.4	82.4	 643	OK
2418	   0	90.3	90.3	 568	OK
2419	   0	87.1	87.1	 573	OK
2420	4000	83.2	83.2	 704	high noise
2421	   0	94.1	94.1	 562	OK
2422	   0	88.0	88.0	 627	OK
2423	   0	85.8	85.8	 558	OK
2424	   0	94.1	94.1	 547	OK
2425	   0	93.9	93.9	 613	OK
2426	   0	96.0	96.0	 597	OK
2427	   0	89.0	89.0	 592	OK
2428	   0	93.2	93.2	 629	OK
2429	1000	91.2	91.2	 537	unbonded
2430	   0	89.1	89.1	 568	OK
2431	   0	86.0	86.0	 630	OK
2432	   0	86.5	86.5	 600	OK
2433	   0	81.5	81.5	 646	OK
2434	   0	84.6	84.6	 598	OK
2435	   0	85.6	85.6	 583	OK
2436	   0	83.8	83.8	 564	OK
2437	   0	86.7	86.7	 619	OK
2438	4000	80.4	80.4	 745	high noise
2439	   0	88.5	88.5	 555	OK
2440	   0	85.8	85.8	 630	OK
2441	   0	85.9	85.9	 621	OK
2442	   0	82.9	82.9	 639	OK
2443	1000	85.6	85.6	 488	unbonded
2444	   0	83.0	83.0	 609	OK
2445	   0	87.8	87.8	 685	OK
2446	   0	77.0	77.0	 603	OK
2447	   0	81.7	81.7	 683	OK
2448	1000	80.6	80.6	 506	unbonded
2449	   0	83.6	83.6	 615	OK
2450	   0	83.0	83.0	 557	OK
2451	   0	76.9	76.9	 608	OK
2452	1000	79.0	79.0	 520	unbonded
2453	   0	92.9	92.9	 587	OK
2454	   0	74.5	74.5	 681	OK
2455	1000	84.5	84.5	 532	unbonded
2456	4000	77.2	77.2	 739	high noise
2457	   0	77.2	77.2	 633	OK
2458	4000	82.6	82.6	 743	high noise
2459	   0	86.5	86.5	 639	OK
2460	   0	84.1	84.1	 649	OK
2461	4000	81.2	81.2	 727	high noise
2462	   0	87.7	87.7	 648	OK
2463	   0	84.1	84.1	 630	OK
2464	   0	86.1	86.1	 553	OK
2465	1000	81.9	81.9	 496	unbonded
2466	   0	81.5	81.5	 579	OK
2467	4000	77.4	77.4	 746	high noise
2468	   0	85.1	85.1	 637	OK
2469	   0	81.1	81.1	 608	OK
2470	   0	80.1	80.1	 607	OK
2471	   0	84.9	84.9	 580	OK
2472	4000	84.6	84.6	 723	high noise
2473	1000	85.0	85.0	 539	unbonded
2474	1000	86.3	86.3	 463	unbonded
2475	   0	84.7	84.7	 615	OK
2476	8000	84.5	84.5	 540	partbonded
2477	   0	75.1	75.1	 670	OK
2478	   0	76.3	76.3	 647	OK
2479	   0	87.7	87.7	 651	OK
2480	   0	84.1	84.1	 691	OK
2481	   0	80.6	80.6	 670	OK
2482	   0	80.5	80.5	 556	OK
2483	   0	75.5	75.5	 711	OK
2484	   0	88.9	88.9	 609	OK
2485	   0	83.3	83.3	 664	OK
2486	   0	87.1	87.1	 600	OK
2487	   0	86.7	86.7	 592	OK
2488	   0	83.6	83.6	 641	OK
2489	4000	83.9	83.9	 733	high noise
2490	   0	82.7	82.7	 675	OK
2491	   0	84.5	84.5	 711	OK
2492	   0	86.1	86.1	 561	OK
2493	1000	79.9	79.9	 535	unbonded
2494	1000	82.0	82.0	 490	unbonded
2495	4000	76.0	76.0	 836	high noise
2496	1000	91.9	91.9	 532	unbonded
2497	   0	90.1	90.1	 676	OK
2498	   0	81.6	81.6	 652	OK
2499	1000	88.3	88.3	 508	unbonded
2500	   0	93.0	93.0	 647	OK
2501	   0	88.1	88.1	 679	OK
2502	   0	82.7	82.7	 647	OK
2503	   0	83.1	83.1	 584	OK
2504	   0	85.0	85.0	 555	OK
2505	   0	78.6	78.6	 603	OK
2506	   0	85.7	85.7	 682	OK
2507	   0	80.3	80.3	 701	OK
2508	4000	84.3	84.3	 746	high noise
2509	4000	81.9	81.9	 732	high noise
2510	   0	86.9	86.9	 562	OK
2511	   0	80.7	80.7	 686	OK
2512	   0	91.9	91.9	 604	OK
2513	   0	83.2	83.2	 685	OK
2514	   0	88.7	88.7	 608	OK
2515	1000	82.3	82.3	 509	unbonded
2516	   0	81.5	81.5	 572	OK
2517	   0	89.9	89.9	 636	OK
2518	   0	82.5	82.5	 552	OK
2519	   0	86.1	86.1	 683	OK
2520	   0	85.2	85.2	 605	OK
2521	   0	82.3	82.3	 564	OK
2522	   0	84.4	84.4	 609	OK
2523	   0	91.7	91.7	 632	OK
2524	4000	80.7	80.7	 842	high noise
2525	   0	87.8	87.8	 596	OK
2526	   0	83.6	83.6	 560	OK
2527	   0	88.7	88.7	 632	OK
2528	   0	89.5	89.5	 546	OK
2529	   0	83.9	83.9	 631	OK
2530	   0	82.9	82.9	 696	OK
2531	   0	81.8	81.8	 625	OK
2532	   0	90.2	90.2	 593	OK
2533	   0	80.6	80.6	 614	OK
2534	   0	86.6	86.6	 714	OK
2535	   0	84.6	84.6	 620	OK
2536	   0	80.4	80.4	 648	OK
2537	1000	83.0	83.0	 529	unbonded
2538	   0	79.4	79.4	 707	OK
2539	   0	90.7	90.7	 569	OK
2540	   0	91.7	91.7	 645	OK
2541	1000	87.2	87.2	 437	unbonded
2542	   0	87.1	87.1	 565	OK
2543	   0	81.8	81.8	 702	OK
2544	   0	83.2	83.2	 589	OK
2545	   0	89.9	89.9	 577	OK
2546	   0	93.1	93.1	 556	OK
2547	   0	79.5	79.5	 607	OK
2548	4000	86.1	86.1	 727	high noise
2549	   0	91.2	91.2	 643	OK
2550	   0	78.6	78.6	 646	OK
2551	   0	87.0	87.0	 602	OK
2552	   0	89.4	89.4	 627	OK
2553	   0	87.8	87.8	 686	OK
2554	1000	81.3	81.3	 524	unbonded
2555	   0	90.4	90.4	 649	OK
2556	   0	80.1	80.1	 613	OK
2557	   0	89.4	89.4	 616	OK
2558	   0	92.9	92.9	 627	OK
2559	4000	87.6	87.6	 733	high noise
