#chan	code	gain	offset	innse	comment
   0	   0	77.4	77.4	 775	OK
   1	   0	80.3	80.3	 809	OK
   2	   0	87.1	87.1	 778	OK
   3	   0	75.8	75.8	 777	OK
   4	   0	85.3	85.3	 691	OK
   5	   0	78.8	78.8	 706	OK
   6	   0	77.6	77.6	 616	OK
   7	   0	83.0	83.0	 806	OK
   8	   0	77.5	77.5	 609	OK
   9	   0	81.3	81.3	 835	OK
  10	   0	82.2	82.2	 671	OK
  11	   0	78.1	78.1	 707	OK
  12	   0	81.8	81.8	 822	OK
  13	   0	84.7	84.7	 613	OK
  14	4000	77.8	77.8	 888	high noise
  15	   0	79.8	79.8	 558	OK
  16	   0	82.4	82.4	 758	OK
  17	1000	83.2	83.2	 511	unbonded
  18	   0	83.4	83.4	 804	OK
  19	   0	80.5	80.5	 776	OK
  20	   0	82.5	82.5	 816	OK
  21	   0	85.8	85.8	 627	OK
  22	   0	79.1	79.1	 825	OK
  23	   0	78.9	78.9	 753	OK
  24	   0	77.8	77.8	 845	OK
  25	   0	82.3	82.3	 608	OK
  26	   0	74.6	74.6	 690	OK
  27	   0	82.6	82.6	 593	OK
  28	   0	82.2	82.2	 636	OK
  29	   0	71.2	71.2	 752	OK
  30	   0	83.0	83.0	 659	OK
  31	   0	83.1	83.1	 759	OK
  32	4000	82.0	82.0	 880	high noise
  33	   0	75.3	75.3	 789	OK
  34	4000	79.9	79.9	 871	high noise
  35	4000	70.6	70.6	 887	high noise
  36	   0	75.6	75.6	 788	OK
  37	   0	81.6	81.6	 804	OK
  38	   0	74.4	74.4	 841	OK
  39	   0	81.6	81.6	 636	OK
  40	   0	83.2	83.2	 843	OK
  41	   0	80.6	80.6	 782	OK
  42	   0	81.1	81.1	 856	OK
  43	1000	83.5	83.5	 534	unbonded
  44	   0	75.3	75.3	 782	OK
  45	4000	72.7	72.7	 906	high noise
  46	   0	87.9	87.9	 827	OK
  47	   0	79.7	79.7	 560	OK
  48	   0	79.6	79.6	 804	OK
  49	4000	81.7	81.7	 906	high noise
  50	   0	75.4	75.4	 684	OK
  51	   0	76.6	76.6	 801	OK
  52	   0	78.3	78.3	 783	OK
  53	4000	78.3	78.3	 936	high noise
  54	   0	85.0	85.0	 550	OK
  55	   0	86.8	86.8	 861	OK
  56	   0	84.2	84.2	 716	OK
  57	4000	86.6	86.6	 885	high noise
  58	   0	92.9	92.9	 688	OK
  59	   0	84.8	84.8	 698	OK
  60	   0	75.5	75.5	 781	OK
  61	   0	88.3	88.3	 741	OK
  62	   0	82.1	82.1	 774	OK
  63	   0	84.1	84.1	 856	OK
  64	   0	75.3	75.3	 819	OK
  65	   0	75.1	75.1	 727	OK
  66	   0	82.0	82.0	 861	OK
  67	   0	85.7	85.7	 671	OK
  68	   0	80.3	80.3	 751	OK
  69	   0	83.6	83.6	 788	OK
  70	   0	80.4	80.4	 705	OK
  71	   0	86.4	86.4	 679	OK
  72	   0	80.4	80.4	 655	OK
  73	   0	77.7	77.7	 820	OK
  74	   0	76.8	76.8	 807	OK
  75	4000	85.9	85.9	 878	high noise
  76	   0	81.1	81.1	 746	OK
  77	   0	79.3	79.3	 652	OK
  78	   0	81.7	81.7	 816	OK
  79	   0	88.8	88.8	 746	OK
  80	   0	89.8	89.8	 700	OK
  81	   0	76.5	76.5	 808	OK
  82	   0	86.0	86.0	 737	OK
  83	   0	81.5	81.5	 667	OK
  84	   0	78.1	78.1	 797	OK
  85	   0	84.4	84.4	 815	OK
  86	   0	78.7	78.7	 852	OK
  87	   0	89.5	89.5	 703	OK
  88	   0	78.9	78.9	 590	OK
  89	   0	85.2	85.2	 783	OK
  90	   0	86.2	86.2	 636	OK
  91	4000	82.4	82.4	 994	high noise
  92	   0	85.2	85.2	 786	OK
  93	   0	88.7	88.7	 795	OK
  94	   0	77.5	77.5	 837	OK
  95	   0	82.7	82.7	 794	OK
  96	   0	77.9	77.9	 782	OK
  97	   0	81.9	81.9	 869	OK
  98	   0	80.7	80.7	 748	OK
  99	   0	88.1	88.1	 726	OK
 100	   0	85.5	85.5	 840	OK
 101	4000	87.1	87.1	 890	high noise
 102	   0	81.8	81.8	 813	OK
 103	   0	80.0	80.0	 552	OK
 104	4000	78.9	78.9	 924	high noise
 105	   0	86.0	86.0	 704	OK
 106	   0	78.8	78.8	 787	OK
 107	   0	81.5	81.5	 698	OK
 108	   0	78.7	78.7	 812	OK
 109	   0	92.4	92.4	 797	OK
 110	   0	78.1	78.1	 616	OK
 111	   0	80.6	80.6	 782	OK
 112	   0	86.5	86.5	 772	OK
 113	   0	79.4	79.4	 774	OK
 114	   0	88.7	88.7	 673	OK
 115	4000	80.9	80.9	 931	high noise
 116	   0	83.2	83.2	 863	OK
 117	1000	86.3	86.3	 505	unbonded
 118	   0	76.0	76.0	 807	OK
 119	   0	77.5	77.5	 559	OK
 120	   0	81.2	81.2	 684	OK
 121	   0	83.6	83.6	 763	OK
 122	   0	78.4	78.4	 628	OK
 123	   0	84.3	84.3	 842	OK
 124	   0	78.7	78.7	 848	OK
 125	   0	79.0	79.0	 695	OK
 126	   0	83.7	83.7	 798	OK
 127	   0	73.8	73.8	 830	OK
 128	   0	91.5	91.5	 701	OK
 129	   0	88.0	88.0	 647	OK
 130	   0	98.0	98.0	 688	OK
 131	   0	87.6	87.6	 705	OK
 132	   0	90.1	90.1	 618	OK
 133	   0	89.0	89.0	 676	OK
 134	   0	85.9	85.9	 623	OK
 135	   0	92.1	92.1	 674	OK
 136	   0	88.7	88.7	 653	OK
 137	   0	82.0	82.0	 664	OK
 138	   0	87.5	87.5	 562	OK
 139	   0	88.4	88.4	 544	OK
 140	   0	92.6	92.6	 669	OK
 141	   0	91.0	91.0	 588	OK
 142	   0	92.1	92.1	 682	OK
 143	1000	86.3	86.3	 504	unbonded
 144	4000	87.5	87.5	 781	high noise
 145	   0	83.9	83.9	 735	OK
 146	   0	88.2	88.2	 557	OK
 147	   0	94.2	94.2	 736	OK
 148	   0	87.6	87.6	 702	OK
 149	   0	88.0	88.0	 651	OK
 150	   0	85.2	85.2	 641	OK
 151	   0	92.6	92.6	 749	OK
 152	   0	86.1	86.1	 696	OK
 153	4000	94.8	94.8	 779	high noise
 154	   0	93.9	93.9	 692	OK
 155	   0	93.2	93.2	 733	OK
 156	   0	92.0	92.0	 594	OK
 157	   0	88.5	88.5	 604	OK
 158	   0	93.6	93.6	 627	OK
 159	   0	88.5	88.5	 742	OK
 160	   0	93.2	93.2	 739	OK
 161	   0	87.4	87.4	 624	OK
 162	1000	96.3	96.3	 467	unbonded
 163	   0	97.6	97.6	 614	OK
 164	   0	87.4	87.4	 707	OK
 165	   0	92.1	92.1	 663	OK
 166	   0	90.0	90.0	 697	OK
 167	   0	93.1	93.1	 620	OK
 168	   0	88.2	88.2	 694	OK
 169	   0	96.5	96.5	 642	OK
 170	   0	93.2	93.2	 679	OK
 171	1000	87.5	87.5	 509	unbonded
 172	   0	95.4	95.4	 648	OK
 173	   0	91.2	91.2	 679	OK
 174	   0	85.7	85.7	 727	OK
 175	   0	96.3	96.3	 727	OK
 176	   0	90.0	90.0	 618	OK
 177	1000	102.2	102.2	 534	unbonded
 178	   0	90.7	90.7	 652	OK
 179	   0	89.8	89.8	 699	OK
 180	   0	96.4	96.4	 716	OK
 181	4000	100.5	100.5	 785	high noise
 182	   0	96.4	96.4	 586	OK
 183	   0	90.9	90.9	 633	OK
 184	   0	95.3	95.3	 609	OK
 185	   0	98.0	98.0	 738	OK
 186	8000	89.6	89.6	 541	partbonded
 187	   0	84.2	84.2	 595	OK
 188	   0	93.4	93.4	 732	OK
 189	   0	87.5	87.5	 663	OK
 190	   0	87.0	87.0	 583	OK
 191	   0	89.4	89.4	 729	OK
 192	   0	90.8	90.8	 570	OK
 193	   0	95.5	95.5	 704	OK
 194	   0	87.3	87.3	 591	OK
 195	4000	89.0	89.0	 770	high noise
 196	4000	89.1	89.1	 807	high noise
 197	   0	90.7	90.7	 615	OK
 198	   0	89.4	89.4	 600	OK
 199	   0	89.9	89.9	 714	OK
 200	   0	87.9	87.9	 698	OK
 201	   0	84.1	84.1	 627	OK
 202	   0	88.6	88.6	 585	OK
 203	   0	85.8	85.8	 552	OK
 204	   0	87.4	87.4	 732	OK
 205	   0	94.2	94.2	 664	OK
 206	   0	82.0	82.0	 639	OK
 207	4000	81.0	81.0	 758	high noise
 208	   0	91.4	91.4	 608	OK
 209	   0	86.2	86.2	 592	OK
 210	   0	92.7	92.7	 675	OK
 211	   0	89.5	89.5	 675	OK
 212	   0	88.2	88.2	 637	OK
 213	   0	82.4	82.4	 613	OK
 214	4000	90.5	90.5	 762	high noise
 215	4000	90.1	90.1	 796	high noise
 216	   0	87.5	87.5	 613	OK
 217	   0	91.9	91.9	 655	OK
 218	   0	93.2	93.2	 729	OK
 219	   0	92.7	92.7	 693	OK
 220	   0	82.6	82.6	 602	OK
 221	   0	87.1	87.1	 640	OK
 222	   0	94.5	94.5	 561	OK
 223	1000	94.4	94.4	 532	unbonded
 224	   0	82.2	82.2	 726	OK
 225	   0	85.8	85.8	 707	OK
 226	   0	92.2	92.2	 626	OK
 227	   0	92.4	92.4	 573	OK
 228	   0	80.6	80.6	 580	OK
 229	   0	90.3	90.3	 615	OK
 230	   0	86.9	86.9	 728	OK
 231	   0	85.4	85.4	 681	OK
 232	   0	91.2	91.2	 680	OK
 233	   0	88.1	88.1	 699	OK
 234	   0	93.2	93.2	 576	OK
 235	   0	94.9	94.9	 629	OK
 236	   0	88.1	88.1	 660	OK
 237	   0	93.0	93.0	 664	OK
 238	1000	89.3	89.3	 525	unbonded
 239	   0	85.0	85.0	 624	OK
 240	   0	83.9	83.9	 629	OK
 241	   0	90.7	90.7	 588	OK
 242	   0	88.1	88.1	 741	OK
 243	1000	98.5	98.5	 505	unbonded
 244	4000	88.8	88.8	 753	high noise
 245	4000	87.6	87.6	 751	high noise
 246	   0	91.8	91.8	 562	OK
 247	   0	80.8	80.8	 557	OK
 248	   0	86.0	86.0	 679	OK
 249	   0	93.3	93.3	 664	OK
 250	1000	83.5	83.5	 498	unbonded
 251	   0	91.4	91.4	 599	OK
 252	   0	84.0	84.0	 594	OK
 253	   0	89.0	89.0	 637	OK
 254	   0	85.7	85.7	 597	OK
 255	4000	87.3	87.3	 763	high noise
 256	   0	84.5	84.5	 594	OK
 257	   0	80.8	80.8	 840	OK
 258	   0	89.7	89.7	 579	OK
 259	   0	77.2	77.2	 747	OK
 260	   0	86.5	86.5	 729	OK
 261	   0	83.6	83.6	 664	OK
 262	   0	83.5	83.5	 766	OK
 263	   0	83.7	83.7	 870	OK
 264	   0	85.1	85.1	 749	OK
 265	   0	80.2	80.2	 763	OK
 266	   0	84.0	84.0	 872	OK
 267	   0	77.6	77.6	 859	OK
 268	   0	84.3	84.3	 679	OK
 269	   0	82.1	82.1	 826	OK
 270	   0	86.0	86.0	 762	OK
 271	   0	81.2	81.2	 840	OK
 272	   0	86.3	86.3	 805	OK
 273	   0	82.7	82.7	 753	OK
 274	   0	82.5	82.5	 870	OK
 275	   0	76.6	76.6	 857	OK
 276	   0	79.3	79.3	 817	OK
 277	   0	83.6	83.6	 919	OK
 278	   0	81.8	81.8	 758	OK
 279	   0	87.2	87.2	 804	OK
 280	   0	78.9	78.9	 587	OK
 281	   0	86.2	86.2	 762	OK
 282	   0	81.8	81.8	 686	OK
 283	   0	82.6	82.6	 699	OK
 284	   0	86.2	86.2	 823	OK
 285	   0	81.0	81.0	 719	OK
 286	   0	85.4	85.4	 895	OK
 287	   0	86.2	86.2	 892	OK
 288	   0	89.4	89.4	 685	OK
 289	   0	79.9	79.9	 728	OK
 290	   0	88.5	88.5	 889	OK
 291	   0	84.7	84.7	 833	OK
 292	   0	86.0	86.0	 808	OK
 293	   0	78.1	78.1	 849	OK
 294	   0	81.9	81.9	 640	OK
 295	   0	80.2	80.2	 669	OK
 296	   0	85.8	85.8	 774	OK
 297	   0	74.9	74.9	 734	OK
 298	   0	82.2	82.2	 801	OK
 299	   0	85.6	85.6	 818	OK
 300	   0	77.1	77.1	 823	OK
 301	   0	81.9	81.9	 937	OK
 302	   0	83.9	83.9	 764	OK
 303	   0	80.1	80.1	 751	OK
 304	   0	79.0	79.0	 724	OK
 305	   0	86.0	86.0	 630	OK
 306	   0	88.9	88.9	 688	OK
 307	   0	81.8	81.8	 715	OK
 308	   0	82.0	82.0	 794	OK
 309	   0	82.4	82.4	 918	OK
 310	4000	90.3	90.3	 969	high noise
 311	   0	89.3	89.3	 808	OK
 312	   0	90.2	90.2	 790	OK
 313	   0	81.5	81.5	 857	OK
 314	   0	86.7	86.7	 928	OK
 315	   0	85.3	85.3	 756	OK
 316	   0	85.6	85.6	 746	OK
 317	   0	89.2	89.2	 812	OK
 318	4000	75.8	75.8	1003	high noise
 319	   0	87.2	87.2	 909	OK
 320	   0	88.8	88.8	 878	OK
 321	   0	84.1	84.1	 812	OK
 322	   0	86.1	86.1	 923	OK
 323	   0	85.1	85.1	 909	OK
 324	   0	85.9	85.9	 736	OK
 325	   0	87.1	87.1	 700	OK
 326	   0	86.3	86.3	 826	OK
 327	   0	81.3	81.3	 828	OK
 328	   0	81.7	81.7	 925	OK
 329	   0	90.4	90.4	 842	OK
 330	   0	81.5	81.5	 795	OK
 331	   0	81.6	81.6	 804	OK
 332	   0	79.2	79.2	 935	OK
 333	   0	94.7	94.7	 834	OK
 334	   0	86.7	86.7	 895	OK
 335	   0	81.8	81.8	 827	OK
 336	   0	79.9	79.9	 834	OK
 337	   0	87.0	87.0	 909	OK
 338	4000	87.9	87.9	 944	high noise
 339	   0	86.7	86.7	 930	OK
 340	   0	82.6	82.6	 853	OK
 341	   0	81.6	81.6	 905	OK
 342	   0	73.7	73.7	 769	OK
 343	   0	82.2	82.2	 771	OK
 344	4000	78.1	78.1	1058	high noise
 345	4000	74.9	74.9	1004	high noise
 346	   0	79.1	79.1	 844	OK
 347	   0	88.3	88.3	 918	OK
 348	   0	87.6	87.6	 801	OK
 349	   0	80.1	80.1	 890	OK
 350	   0	79.2	79.2	 878	OK
 351	   0	87.8	87.8	 841	OK
 352	   0	78.1	78.1	 913	OK
 353	4000	84.5	84.5	1031	high noise
 354	1000	75.7	75.7	 538	unbonded
 355	   0	84.5	84.5	 864	OK
 356	   0	79.7	79.7	 710	OK
 357	4000	83.3	83.3	1007	high noise
 358	   0	76.4	76.4	 896	OK
 359	   0	88.0	88.0	 867	OK
 360	4000	80.8	80.8	 947	high noise
 361	   0	86.1	86.1	 827	OK
 362	   0	82.3	82.3	 715	OK
 363	   0	86.6	86.6	 820	OK
 364	   0	83.2	83.2	 808	OK
 365	   0	82.4	82.4	 786	OK
 366	   0	86.5	86.5	 844	OK
 367	4000	87.7	87.7	1030	high noise
 368	   0	79.9	79.9	 819	OK
 369	   0	81.4	81.4	 868	OK
 370	   0	87.8	87.8	 854	OK
 371	   0	83.2	83.2	 838	OK
 372	   0	78.8	78.8	 750	OK
 373	   0	81.4	81.4	 779	OK
 374	   0	78.9	78.9	 737	OK
 375	   0	80.1	80.1	 823	OK
 376	   0	83.0	83.0	 737	OK
 377	   0	84.4	84.4	 851	OK
 378	   0	77.6	77.6	 730	OK
 379	   0	78.6	78.6	 733	OK
 380	   0	84.3	84.3	 927	OK
 381	   0	92.0	92.0	 815	OK
 382	   0	90.8	90.8	 871	OK
 383	   0	87.5	87.5	 840	OK
 384	   0	81.5	81.5	 795	OK
 385	   0	89.4	89.4	 696	OK
 386	   0	85.2	85.2	 809	OK
 387	   0	83.5	83.5	 742	OK
 388	4000	88.3	88.3	 872	high noise
 389	   0	89.5	89.5	 754	OK
 390	   0	86.8	86.8	 750	OK
 391	   0	84.7	84.7	 641	OK
 392	   0	82.1	82.1	 670	OK
 393	   0	85.8	85.8	 805	OK
 394	   0	84.2	84.2	 796	OK
 395	   0	84.6	84.6	 850	OK
 396	   0	88.8	88.8	 799	OK
 397	   0	85.2	85.2	 814	OK
 398	   0	82.0	82.0	 642	OK
 399	   0	76.1	76.1	 670	OK
 400	   0	83.3	83.3	 698	OK
 401	   0	85.9	85.9	 789	OK
 402	   0	83.4	83.4	 848	OK
 403	   0	89.2	89.2	 788	OK
 404	   0	87.1	87.1	 710	OK
 405	   0	87.8	87.8	 744	OK
 406	   0	86.3	86.3	 816	OK
 407	4000	89.2	89.2	 874	high noise
 408	   0	91.5	91.5	 799	OK
 409	   0	87.6	87.6	 832	OK
 410	   0	84.3	84.3	 725	OK
 411	   0	86.3	86.3	 821	OK
 412	   0	81.7	81.7	 774	OK
 413	   0	81.3	81.3	 861	OK
 414	   0	92.0	92.0	 866	OK
 415	4000	83.0	83.0	 923	high noise
 416	4000	81.8	81.8	 932	high noise
 417	   0	92.2	92.2	 711	OK
 418	   0	90.5	90.5	 828	OK
 419	   0	86.5	86.5	 865	OK
 420	   0	85.5	85.5	 725	OK
 421	   0	86.2	86.2	 731	OK
 422	   0	90.1	90.1	 747	OK
 423	   0	92.1	92.1	 821	OK
 424	   0	95.7	95.7	 796	OK
 425	   0	77.8	77.8	 832	OK
 426	   0	91.2	91.2	 802	OK
 427	   0	84.5	84.5	 773	OK
 428	   0	87.1	87.1	 821	OK
 429	   0	93.9	93.9	 769	OK
 430	   0	87.3	87.3	 600	OK
 431	   0	80.4	80.4	 703	OK
 432	   0	90.1	90.1	 847	OK
 433	   0	88.7	88.7	 749	OK
 434	   0	88.3	88.3	 778	OK
 435	   0	86.4	86.4	 762	OK
 436	   0	96.7	96.7	 779	OK
 437	   0	85.4	85.4	 619	OK
 438	   0	86.5	86.5	 814	OK
 439	   0	94.2	94.2	 797	OK
 440	   0	95.8	95.8	 688	OK
 441	   0	89.6	89.6	 812	OK
 442	   0	92.6	92.6	 792	OK
 443	   0	94.1	94.1	 718	OK
 444	   0	90.5	90.5	 758	OK
 445	   0	87.9	87.9	 709	OK
 446	   0	85.6	85.6	 790	OK
 447	   0	85.4	85.4	 859	OK
 448	   0	90.1	90.1	 674	OK
 449	4000	85.1	85.1	 911	high noise
 450	   0	88.8	88.8	 755	OK
 451	   0	89.1	89.1	 651	OK
 452	   0	92.3	92.3	 755	OK
 453	   0	90.3	90.3	 738	OK
 454	   0	82.3	82.3	 841	OK
 455	   0	92.1	92.1	 813	OK
 456	   0	87.4	87.4	 757	OK
 457	   0	91.3	91.3	 697	OK
 458	   0	82.6	82.6	 798	OK
 459	   0	87.0	87.0	 632	OK
 460	   0	90.1	90.1	 794	OK
 461	   0	83.5	83.5	 836	OK
 462	   0	86.9	86.9	 683	OK
 463	   0	82.2	82.2	 720	OK
 464	   0	84.4	84.4	 785	OK
 465	   0	81.0	81.0	 758	OK
 466	4000	91.3	91.3	 893	high noise
 467	   0	83.0	83.0	 827	OK
 468	   0	83.1	83.1	 756	OK
 469	   0	78.9	78.9	 798	OK
 470	   0	89.7	89.7	 726	OK
 471	   0	90.2	90.2	 745	OK
 472	   0	85.7	85.7	 728	OK
 473	   0	83.6	83.6	 731	OK
 474	   0	86.9	86.9	 853	OK
 475	   0	82.0	82.0	 826	OK
 476	   0	88.4	88.4	 658	OK
 477	   0	85.3	85.3	 771	OK
 478	   0	88.4	88.4	 616	OK
 479	   0	81.7	81.7	 692	OK
 480	   0	82.6	82.6	 681	OK
 481	   0	85.9	85.9	 809	OK
 482	   0	85.9	85.9	 750	OK
 483	   0	84.0	84.0	 805	OK
 484	   0	86.5	86.5	 688	OK
 485	   0	89.6	89.6	 609	OK
 486	   0	89.3	89.3	 765	OK
 487	   0	84.3	84.3	 787	OK
 488	   0	90.8	90.8	 737	OK
 489	   0	92.6	92.6	 597	OK
 490	   0	84.2	84.2	 673	OK
 491	   0	86.3	86.3	 675	OK
 492	   0	86.8	86.8	 762	OK
 493	   0	88.8	88.8	 690	OK
 494	   0	85.6	85.6	 758	OK
 495	   0	79.7	79.7	 807	OK
 496	   0	85.3	85.3	 740	OK
 497	   0	89.7	89.7	 837	OK
 498	   0	86.8	86.8	 777	OK
 499	   0	89.0	89.0	 799	OK
 500	   0	86.8	86.8	 618	OK
 501	   0	82.2	82.2	 787	OK
 502	   0	84.0	84.0	 664	OK
 503	   0	79.4	79.4	 642	OK
 504	   0	89.2	89.2	 669	OK
 505	   0	86.2	86.2	 642	OK
 506	   0	84.2	84.2	 750	OK
 507	   0	88.1	88.1	 729	OK
 508	   0	82.2	82.2	 558	OK
 509	   0	92.9	92.9	 862	OK
 510	   0	87.9	87.9	 644	OK
 511	   0	90.0	90.0	 752	OK
 512	   0	92.1	92.1	 773	OK
 513	   0	97.5	97.5	 625	OK
 514	   0	93.2	93.2	 701	OK
 515	8000	85.2	85.2	 540	partbonded
 516	1501	0.0	0.0	   0	dead
 517	   0	91.2	91.2	 773	OK
 518	   0	99.3	99.3	 772	OK
 519	   0	101.7	101.7	 645	OK
 520	1501	0.0	0.0	   0	dead
 521	   0	92.6	92.6	 657	OK
 522	   0	86.3	86.3	 591	OK
 523	   0	87.7	87.7	 703	OK
 524	   0	87.6	87.6	 579	OK
 525	   0	89.5	89.5	 607	OK
 526	   0	91.3	91.3	 683	OK
 527	   0	96.9	96.9	 599	OK
 528	   0	96.3	96.3	 760	OK
 529	   0	83.9	83.9	 602	OK
 530	   0	92.7	92.7	 600	OK
 531	   0	88.7	88.7	 727	OK
 532	   0	88.6	88.6	 620	OK
 533	   0	91.8	91.8	 736	OK
 534	   0	90.1	90.1	 679	OK
 535	   0	96.7	96.7	 642	OK
 536	4000	98.7	98.7	 799	high noise
 537	   0	97.4	97.4	 578	OK
 538	   0	88.6	88.6	 777	OK
 539	   0	86.8	86.8	 667	OK
 540	   0	96.3	96.3	 684	OK
 541	   0	99.1	99.1	 744	OK
 542	   0	92.5	92.5	 602	OK
 543	   0	91.7	91.7	 763	OK
 544	   0	89.3	89.3	 645	OK
 545	   0	88.4	88.4	 681	OK
 546	   0	94.5	94.5	 674	OK
 547	   0	102.7	102.7	 750	OK
 548	4000	92.9	92.9	 841	high noise
 549	   0	97.1	97.1	 711	OK
 550	   0	89.5	89.5	 750	OK
 551	   0	93.2	93.2	 639	OK
 552	   0	92.7	92.7	 704	OK
 553	   0	83.0	83.0	 700	OK
 554	   0	93.6	93.6	 700	OK
 555	4000	96.2	96.2	 800	high noise
 556	   0	89.9	89.9	 632	OK
 557	   0	94.1	94.1	 689	OK
 558	   0	96.1	96.1	 779	OK
 559	   0	94.3	94.3	 573	OK
 560	4000	88.7	88.7	 809	high noise
 561	   0	87.0	87.0	 669	OK
 562	   0	86.7	86.7	 714	OK
 563	   0	97.4	97.4	 634	OK
 564	   0	87.1	87.1	 704	OK
 565	   0	94.8	94.8	 651	OK
 566	   0	93.6	93.6	 697	OK
 567	   0	88.4	88.4	 584	OK
 568	   0	94.7	94.7	 730	OK
 569	   0	92.1	92.1	 670	OK
 570	   0	96.5	96.5	 556	OK
 571	4000	87.1	87.1	 828	high noise
 572	1000	92.0	92.0	 518	unbonded
 573	4000	89.0	89.0	 816	high noise
 574	   0	93.7	93.7	 763	OK
 575	   0	98.3	98.3	 616	OK
 576	   0	90.7	90.7	 672	OK
 577	   0	90.1	90.1	 648	OK
 578	4000	86.5	86.5	 792	high noise
 579	   0	96.6	96.6	 691	OK
 580	   0	93.4	93.4	 649	OK
 581	   0	94.0	94.0	 686	OK
 582	   0	94.0	94.0	 642	OK
 583	   0	91.2	91.2	 721	OK
 584	   0	90.9	90.9	 753	OK
 585	   0	85.9	85.9	 662	OK
 586	   0	95.3	95.3	 784	OK
 587	   0	85.1	85.1	 651	OK
 588	4000	90.7	90.7	 865	high noise
 589	   0	88.2	88.2	 697	OK
 590	   0	100.1	100.1	 658	OK
 591	1000	93.6	93.6	 498	unbonded
 592	   0	89.2	89.2	 673	OK
 593	   0	89.0	89.0	 721	OK
 594	   0	94.5	94.5	 725	OK
 595	   0	98.3	98.3	 731	OK
 596	   0	92.6	92.6	 696	OK
 597	   0	91.6	91.6	 699	OK
 598	   0	88.6	88.6	 592	OK
 599	   0	90.5	90.5	 612	OK
 600	   0	94.7	94.7	 723	OK
 601	   0	93.1	93.1	 663	OK
 602	4000	96.4	96.4	 819	high noise
 603	   0	97.3	97.3	 735	OK
 604	   0	91.0	91.0	 781	OK
 605	   0	94.1	94.1	 712	OK
 606	   0	93.2	93.2	 769	OK
 607	   0	99.4	99.4	 730	OK
 608	4000	92.0	92.0	 845	high noise
 609	   0	94.6	94.6	 562	OK
 610	   0	87.5	87.5	 701	OK
 611	   0	90.6	90.6	 763	OK
 612	   0	90.7	90.7	 661	OK
 613	   0	92.6	92.6	 669	OK
 614	4000	92.3	92.3	 795	high noise
 615	   0	97.6	97.6	 746	OK
 616	4000	84.6	84.6	 838	high noise
 617	   0	83.0	83.0	 688	OK
 618	   0	91.0	91.0	 738	OK
 619	4000	91.5	91.5	 786	high noise
 620	4000	92.1	92.1	 797	high noise
 621	   0	92.1	92.1	 664	OK
 622	   0	90.4	90.4	 735	OK
 623	   0	78.7	78.7	 565	OK
 624	4000	95.7	95.7	 787	high noise
 625	   0	94.0	94.0	 595	OK
 626	   0	91.0	91.0	 689	OK
 627	   0	89.9	89.9	 608	OK
 628	   0	94.4	94.4	 630	OK
 629	   0	89.7	89.7	 596	OK
 630	   0	92.0	92.0	 724	OK
 631	   0	90.0	90.0	 723	OK
 632	   0	91.2	91.2	 659	OK
 633	   0	92.3	92.3	 665	OK
 634	   0	92.9	92.9	 666	OK
 635	   0	92.2	92.2	 686	OK
 636	   0	90.6	90.6	 709	OK
 637	   0	96.8	96.8	 617	OK
 638	   0	87.8	87.8	 702	OK
 639	   0	104.3	104.3	 742	OK
 640	   0	81.7	81.7	 627	OK
 641	8000	88.4	88.4	 540	partbonded
 642	4000	83.9	83.9	 774	high noise
 643	   0	81.2	81.2	 755	OK
 644	   0	87.1	87.1	 731	OK
 645	   0	77.4	77.4	 715	OK
 646	   0	84.4	84.4	 603	OK
 647	4000	77.9	77.9	 830	high noise
 648	   0	86.0	86.0	 721	OK
 649	   0	88.4	88.4	 638	OK
 650	   0	85.7	85.7	 641	OK
 651	   0	81.1	81.1	 680	OK
 652	   0	81.9	81.9	 588	OK
 653	   0	79.3	79.3	 555	OK
 654	   0	84.3	84.3	 647	OK
 655	   0	83.6	83.6	 601	OK
 656	   0	74.3	74.3	 747	OK
 657	1000	79.7	79.7	 535	unbonded
 658	   0	78.5	78.5	 576	OK
 659	   0	79.6	79.6	 608	OK
 660	   0	77.1	77.1	 763	OK
 661	   0	84.9	84.9	 723	OK
 662	   0	79.2	79.2	 665	OK
 663	   0	82.6	82.6	 585	OK
 664	   0	86.1	86.1	 665	OK
 665	   0	81.5	81.5	 722	OK
 666	   0	86.3	86.3	 654	OK
 667	   0	79.6	79.6	 659	OK
 668	1000	87.7	87.7	 470	unbonded
 669	   0	92.7	92.7	 659	OK
 670	   0	78.9	78.9	 737	OK
 671	1000	82.4	82.4	 533	unbonded
 672	   0	84.7	84.7	 726	OK
 673	   0	79.4	79.4	 757	OK
 674	   0	79.1	79.1	 739	OK
 675	4000	80.9	80.9	 778	high noise
 676	   0	81.5	81.5	 554	OK
 677	   0	81.2	81.2	 698	OK
 678	   0	79.2	79.2	 636	OK
 679	   0	77.0	77.0	 623	OK
 680	   0	78.8	78.8	 720	OK
 681	   0	85.4	85.4	 651	OK
 682	   0	82.9	82.9	 671	OK
 683	4000	81.5	81.5	 834	high noise
 684	   0	82.0	82.0	 669	OK
 685	   0	86.4	86.4	 620	OK
 686	4000	76.8	76.8	 849	high noise
 687	   0	80.1	80.1	 652	OK
 688	   0	79.7	79.7	 641	OK
 689	   0	77.7	77.7	 760	OK
 690	   0	79.5	79.5	 618	OK
 691	   0	83.8	83.8	 692	OK
 692	   0	78.8	78.8	 730	OK
 693	   0	81.2	81.2	 588	OK
 694	   0	82.9	82.9	 589	OK
 695	   0	74.6	74.6	 658	OK
 696	   0	82.0	82.0	 692	OK
 697	   0	77.8	77.8	 689	OK
 698	1000	82.1	82.1	 418	unbonded
 699	   0	83.8	83.8	 600	OK
 700	   0	75.9	75.9	 711	OK
 701	   0	86.2	86.2	 560	OK
 702	   0	81.7	81.7	 580	OK
 703	   0	81.1	81.1	 704	OK
 704	   0	83.0	83.0	 747	OK
 705	   0	81.7	81.7	 677	OK
 706	   0	79.3	79.3	 618	OK
 707	   0	88.0	88.0	 593	OK
 708	   0	80.7	80.7	 742	OK
 709	1000	84.6	84.6	 509	unbonded
 710	   0	79.7	79.7	 700	OK
 711	   0	75.3	75.3	 691	OK
 712	4000	82.9	82.9	 801	high noise
 713	   0	81.6	81.6	 623	OK
 714	   0	83.3	83.3	 740	OK
 715	   0	81.3	81.3	 699	OK
 716	   0	78.0	78.0	 763	OK
 717	   0	83.4	83.4	 766	OK
 718	   0	81.5	81.5	 700	OK
 719	   0	77.6	77.6	 643	OK
 720	   0	78.0	78.0	 669	OK
 721	4000	81.8	81.8	 790	high noise
 722	   0	78.2	78.2	 596	OK
 723	   0	80.6	80.6	 621	OK
 724	4000	79.6	79.6	 805	high noise
 725	   0	79.4	79.4	 670	OK
 726	   0	92.3	92.3	 681	OK
 727	   0	80.6	80.6	 646	OK
 728	   0	78.4	78.4	 643	OK
 729	   0	85.6	85.6	 695	OK
 730	   0	79.6	79.6	 710	OK
 731	   0	71.6	71.6	 745	OK
 732	   0	79.1	79.1	 669	OK
 733	   0	72.1	72.1	 671	OK
 734	4000	82.6	82.6	 796	high noise
 735	   0	77.9	77.9	 673	OK
 736	   0	76.3	76.3	 719	OK
 737	   0	74.6	74.6	 735	OK
 738	   0	75.5	75.5	 596	OK
 739	   0	75.7	75.7	 592	OK
 740	   0	87.2	87.2	 745	OK
 741	   0	77.2	77.2	 642	OK
 742	   0	76.7	76.7	 738	OK
 743	   0	82.4	82.4	 551	OK
 744	   0	79.5	79.5	 699	OK
 745	   0	79.0	79.0	 590	OK
 746	   0	82.1	82.1	 691	OK
 747	   0	80.8	80.8	 629	OK
 748	1000	83.9	83.9	 460	unbonded
 749	   0	86.2	86.2	 708	OK
 750	   0	77.4	77.4	 606	OK
 751	   0	77.0	77.0	 697	OK
 752	   0	78.1	78.1	 734	OK
 753	   0	76.7	76.7	 639	OK
 754	   0	77.6	77.6	 637	OK
 755	   0	82.3	82.3	 697	OK
 756	   0	72.1	72.1	 728	OK
 757	   0	84.0	84.0	 699	OK
 758	4000	82.8	82.8	 824	high noise
 759	   0	79.0	79.0	 621	OK
 760	   0	80.6	80.6	 710	OK
 761	4000	73.4	73.4	 887	high noise
 762	   0	87.0	87.0	 670	OK
 763	   0	81.8	81.8	 660	OK
 764	4000	70.5	70.5	 777	high noise
 765	   0	79.3	79.3	 722	OK
 766	   0	78.7	78.7	 625	OK
 767	   0	78.5	78.5	 698	OK
 768	   0	83.4	83.4	 673	OK
 769	   0	81.9	81.9	 738	OK
 770	   0	81.1	81.1	 769	OK
 771	   0	84.4	84.4	 722	OK
 772	   0	86.4	86.4	 688	OK
 773	   0	85.8	85.8	 772	OK
 774	   0	79.5	79.5	 665	OK
 775	   0	81.3	81.3	 603	OK
 776	   0	81.9	81.9	 691	OK
 777	   0	82.6	82.6	 692	OK
 778	   0	81.0	81.0	 576	OK
 779	4000	78.5	78.5	 832	high noise
 780	   0	80.7	80.7	 607	OK
 781	   0	79.0	79.0	 653	OK
 782	   0	81.8	81.8	 736	OK
 783	   0	78.1	78.1	 750	OK
 784	   0	91.0	91.0	 770	OK
 785	   0	88.0	88.0	 614	OK
 786	4000	72.6	72.6	 811	high noise
 787	   0	83.1	83.1	 605	OK
 788	   0	77.8	77.8	 713	OK
 789	   0	79.2	79.2	 790	OK
 790	   0	84.1	84.1	 716	OK
 791	1000	81.9	81.9	 520	unbonded
 792	4000	78.0	78.0	 879	high noise
 793	   0	81.6	81.6	 631	OK
 794	   0	84.9	84.9	 602	OK
 795	   0	77.7	77.7	 754	OK
 796	   0	83.0	83.0	 626	OK
 797	   0	84.5	84.5	 742	OK
 798	   0	77.2	77.2	 647	OK
 799	   0	82.5	82.5	 723	OK
 800	   0	85.9	85.9	 550	OK
 801	4000	84.2	84.2	 877	high noise
 802	   0	86.3	86.3	 602	OK
 803	   0	81.1	81.1	 748	OK
 804	   0	80.5	80.5	 710	OK
 805	   0	84.3	84.3	 774	OK
 806	   0	83.7	83.7	 794	OK
 807	1000	80.2	80.2	 466	unbonded
 808	   0	84.4	84.4	 622	OK
 809	   0	80.7	80.7	 609	OK
 810	   0	80.5	80.5	 733	OK
 811	   0	81.5	81.5	 656	OK
 812	   0	82.5	82.5	 756	OK
 813	   0	78.5	78.5	 720	OK
 814	   0	90.9	90.9	 610	OK
 815	   0	81.1	81.1	 703	OK
 816	   0	88.1	88.1	 603	OK
 817	   0	86.9	86.9	 702	OK
 818	   0	79.9	79.9	 759	OK
 819	   0	84.4	84.4	 606	OK
 820	   0	76.9	76.9	 647	OK
 821	   0	80.0	80.0	 690	OK
 822	   0	80.6	80.6	 614	OK
 823	   0	84.6	84.6	 752	OK
 824	   0	83.3	83.3	 604	OK
 825	   0	85.9	85.9	 633	OK
 826	   0	77.0	77.0	 619	OK
 827	4000	82.9	82.9	 849	high noise
 828	   0	81.7	81.7	 794	OK
 829	   0	81.2	81.2	 759	OK
 830	   0	87.0	87.0	 666	OK
 831	   0	84.8	84.8	 569	OK
 832	   0	89.0	89.0	 701	OK
 833	   0	75.7	75.7	 724	OK
 834	   0	90.5	90.5	 706	OK
 835	   0	86.6	86.6	 716	OK
 836	4000	87.0	87.0	 857	high noise
 837	   0	87.1	87.1	 698	OK
 838	   0	83.2	83.2	 754	OK
 839	1000	80.2	80.2	 514	unbonded
 840	   0	74.7	74.7	 755	OK
 841	   0	84.3	84.3	 684	OK
 842	   0	74.6	74.6	 738	OK
 843	   0	74.4	74.4	 795	OK
 844	   0	79.6	79.6	 713	OK
 845	1000	85.0	85.0	 539	unbonded
 846	   0	82.6	82.6	 751	OK
 847	   0	80.5	80.5	 696	OK
 848	   0	82.3	82.3	 644	OK
 849	   0	77.6	77.6	 624	OK
 850	   0	87.8	87.8	 761	OK
 851	   0	86.1	86.1	 615	OK
 852	   0	81.7	81.7	 719	OK
 853	   0	81.8	81.8	 609	OK
 854	   0	82.9	82.9	 575	OK
 855	   0	78.6	78.6	 758	OK
 856	   0	77.2	77.2	 752	OK
 857	   0	79.9	79.9	 691	OK
 858	4000	77.3	77.3	 837	high noise
 859	1000	77.9	77.9	 523	unbonded
 860	   0	78.3	78.3	 730	OK
 861	   0	75.7	75.7	 677	OK
 862	   0	85.6	85.6	 761	OK
 863	   0	79.5	79.5	 724	OK
 864	   0	75.7	75.7	 751	OK
 865	   0	76.7	76.7	 725	OK
 866	   0	82.2	82.2	 651	OK
 867	4000	80.6	80.6	 906	high noise
 868	   0	86.4	86.4	 764	OK
 869	4000	70.9	70.9	 925	high noise
 870	   0	80.4	80.4	 798	OK
 871	4000	81.3	81.3	 812	high noise
 872	   0	69.5	69.5	 626	OK
 873	   0	78.6	78.6	 796	OK
 874	   0	82.8	82.8	 642	OK
 875	   0	75.6	75.6	 599	OK
 876	1000	77.4	77.4	 532	unbonded
 877	4000	83.7	83.7	 843	high noise
 878	   0	74.3	74.3	 608	OK
 879	   0	77.9	77.9	 688	OK
 880	   0	81.0	81.0	 672	OK
 881	   0	78.2	78.2	 716	OK
 882	   0	84.9	84.9	 551	OK
 883	   0	78.8	78.8	 631	OK
 884	   0	80.7	80.7	 642	OK
 885	   0	79.3	79.3	 645	OK
 886	   0	80.4	80.4	 730	OK
 887	   0	79.3	79.3	 789	OK
 888	   0	79.2	79.2	 610	OK
 889	   0	81.9	81.9	 688	OK
 890	   0	79.1	79.1	 776	OK
 891	   0	83.4	83.4	 706	OK
 892	   0	81.0	81.0	 707	OK
 893	   0	76.1	76.1	 754	OK
 894	   0	76.1	76.1	 643	OK
 895	   0	80.1	80.1	 713	OK
 896	   0	87.5	87.5	 687	OK
 897	   0	89.4	89.4	 582	OK
 898	   0	90.7	90.7	 666	OK
 899	   0	83.9	83.9	 700	OK
 900	   0	87.6	87.6	 611	OK
 901	   0	87.1	87.1	 677	OK
 902	1000	83.6	83.6	 536	unbonded
 903	   0	84.1	84.1	 722	OK
 904	   0	89.7	89.7	 622	OK
 905	   0	89.4	89.4	 671	OK
 906	4000	91.3	91.3	 830	high noise
 907	   0	88.5	88.5	 574	OK
 908	   0	88.2	88.2	 571	OK
 909	   0	91.2	91.2	 636	OK
 910	   0	94.0	94.0	 704	OK
 911	   0	87.5	87.5	 604	OK
 912	1000	92.9	92.9	 468	unbonded
 913	   0	85.6	85.6	 647	OK
 914	4000	86.9	86.9	 728	high noise
 915	   0	91.3	91.3	 606	OK
 916	   0	88.3	88.3	 618	OK
 917	   0	89.7	89.7	 560	OK
 918	   0	89.1	89.1	 620	OK
 919	   0	90.3	90.3	 665	OK
 920	   0	90.4	90.4	 604	OK
 921	4000	84.1	84.1	 729	high noise
 922	   0	89.7	89.7	 558	OK
 923	   0	90.6	90.6	 671	OK
 924	   0	87.0	87.0	 567	OK
 925	   0	93.3	93.3	 603	OK
 926	   0	93.5	93.5	 582	OK
 927	   0	89.6	89.6	 701	OK
 928	4000	88.0	88.0	 762	high noise
 929	   0	88.9	88.9	 656	OK
 930	   0	81.1	81.1	 626	OK
 931	   0	85.4	85.4	 612	OK
 932	   0	92.8	92.8	 660	OK
 933	   0	92.9	92.9	 584	OK
 934	4000	92.3	92.3	 739	high noise
 935	   0	86.1	86.1	 668	OK
 936	   0	86.3	86.3	 711	OK
 937	   0	94.1	94.1	 548	OK
 938	   0	86.7	86.7	 560	OK
 939	1000	95.3	95.3	 517	unbonded
 940	   0	85.6	85.6	 648	OK
 941	   0	90.1	90.1	 622	OK
 942	   0	85.6	85.6	 616	OK
 943	   0	80.7	80.7	 564	OK
 944	   0	93.8	93.8	 601	OK
 945	1000	92.8	92.8	 493	unbonded
 946	   0	86.7	86.7	 700	OK
 947	   0	81.0	81.0	 724	OK
 948	1000	84.3	84.3	 537	unbonded
 949	   0	90.1	90.1	 621	OK
 950	   0	98.7	98.7	 541	OK
 951	   0	90.7	90.7	 592	OK
 952	   0	91.5	91.5	 545	OK
 953	   0	88.7	88.7	 685	OK
 954	   0	93.4	93.4	 593	OK
 955	   0	90.2	90.2	 670	OK
 956	   0	90.0	90.0	 678	OK
 957	   0	95.3	95.3	 698	OK
 958	   0	98.4	98.4	 592	OK
 959	1000	91.9	91.9	 439	unbonded
 960	   0	91.8	91.8	 631	OK
 961	4000	90.2	90.2	 732	high noise
 962	   0	83.3	83.3	 557	OK
 963	   0	90.0	90.0	 549	OK
 964	   0	90.0	90.0	 616	OK
 965	   0	88.6	88.6	 603	OK
 966	   0	94.4	94.4	 549	OK
 967	   0	93.1	93.1	 565	OK
 968	   0	92.4	92.4	 556	OK
 969	   0	84.4	84.4	 648	OK
 970	   0	88.1	88.1	 671	OK
 971	1000	85.2	85.2	 522	unbonded
 972	   0	83.6	83.6	 665	OK
 973	   0	86.0	86.0	 615	OK
 974	   0	88.7	88.7	 545	OK
 975	   0	91.3	91.3	 598	OK
 976	   0	89.9	89.9	 688	OK
 977	4000	89.3	89.3	 738	high noise
 978	   0	79.7	79.7	 665	OK
 979	4000	87.1	87.1	 738	high noise
 980	   0	90.1	90.1	 610	OK
 981	   0	83.4	83.4	 644	OK
 982	   0	93.7	93.7	 698	OK
 983	4000	88.3	88.3	 776	high noise
 984	   0	92.6	92.6	 640	OK
 985	   0	83.6	83.6	 669	OK
 986	   0	88.7	88.7	 549	OK
 987	   0	87.9	87.9	 656	OK
 988	   0	85.7	85.7	 600	OK
 989	4000	80.6	80.6	 790	high noise
 990	   0	82.7	82.7	 593	OK
 991	   0	91.2	91.2	 617	OK
 992	   0	87.3	87.3	 590	OK
 993	   0	85.8	85.8	 547	OK
 994	4000	85.3	85.3	 751	high noise
 995	4000	78.1	78.1	 799	high noise
 996	   0	86.6	86.6	 571	OK
 997	   0	94.3	94.3	 609	OK
 998	   0	87.0	87.0	 703	OK
 999	   0	90.3	90.3	 588	OK
1000	   0	85.4	85.4	 575	OK
1001	   0	82.7	82.7	 655	OK
1002	   0	87.4	87.4	 595	OK
1003	   0	86.2	86.2	 696	OK
1004	   0	81.7	81.7	 684	OK
1005	1000	87.9	87.9	 535	unbonded
1006	   0	78.9	78.9	 542	OK
1007	   0	91.5	91.5	 698	OK
1008	4000	87.1	87.1	 726	high noise
1009	   0	84.5	84.5	 641	OK
1010	   0	95.4	95.4	 556	OK
1011	   0	83.2	83.2	 694	OK
1012	   0	89.2	89.2	 660	OK
1013	4000	87.3	87.3	 749	high noise
1014	1000	90.3	90.3	 496	unbonded
1015	   0	92.8	92.8	 601	OK
1016	1000	87.5	87.5	 530	unbonded
1017	   0	86.0	86.0	 669	OK
1018	   0	86.5	86.5	 599	OK
1019	   0	88.0	88.0	 575	OK
1020	   0	88.8	88.8	 643	OK
1021	   0	90.4	90.4	 545	OK
1022	4000	87.2	87.2	 787	high noise
1023	   0	86.6	86.6	 620	OK
1024	   0	81.4	81.4	 741	OK
1025	4000	86.1	86.1	 790	high noise
1026	   0	84.0	84.0	 757	OK
1027	   0	80.0	80.0	 676	OK
1028	   0	84.6	84.6	 698	OK
1029	4000	77.4	77.4	 830	high noise
1030	   0	84.5	84.5	 564	OK
1031	4000	81.1	81.1	 864	high noise
1032	   0	78.2	78.2	 700	OK
1033	   0	82.8	82.8	 684	OK
1034	1000	79.9	79.9	 445	unbonded
1035	   0	84.3	84.3	 595	OK
1036	   0	81.4	81.4	 665	OK
1037	   0	84.3	84.3	 741	OK
1038	   0	85.9	85.9	 613	OK
1039	1000	83.2	83.2	 523	unbonded
1040	   0	88.7	88.7	 604	OK
1041	   0	79.8	79.8	 716	OK
1042	   0	83.1	83.1	 666	OK
1043	4000	78.8	78.8	 786	high noise
1044	   0	86.8	86.8	 639	OK
1045	   0	78.8	78.8	 747	OK
1046	   0	84.8	84.8	 690	OK
1047	   0	90.2	90.2	 732	OK
1048	   0	89.1	89.1	 674	OK
1049	   0	83.4	83.4	 626	OK
1050	   0	90.0	90.0	 616	OK
1051	   0	84.4	84.4	 709	OK
1052	   0	85.5	85.5	 690	OK
1053	   0	86.9	86.9	 556	OK
1054	   0	80.5	80.5	 749	OK
1055	   0	81.1	81.1	 580	OK
1056	   0	86.3	86.3	 747	OK
1057	   0	83.2	83.2	 702	OK
1058	1000	82.6	82.6	 539	unbonded
1059	   0	89.8	89.8	 731	OK
1060	   0	82.6	82.6	 713	OK
1061	   0	86.3	86.3	 726	OK
1062	   0	90.0	90.0	 693	OK
1063	   0	87.6	87.6	 715	OK
1064	   0	87.1	87.1	 616	OK
1065	   0	82.0	82.0	 570	OK
1066	   0	86.6	86.6	 588	OK
1067	   0	79.3	79.3	 640	OK
1068	   0	80.4	80.4	 635	OK
1069	   0	85.9	85.9	 716	OK
1070	4000	83.7	83.7	 823	high noise
1071	   0	88.5	88.5	 543	OK
1072	   0	89.8	89.8	 714	OK
1073	   0	85.7	85.7	 645	OK
1074	   0	80.0	80.0	 721	OK
1075	   0	79.9	79.9	 732	OK
1076	   0	84.4	84.4	 595	OK
1077	   0	83.6	83.6	 568	OK
1078	   0	79.8	79.8	 705	OK
1079	4000	83.3	83.3	 792	high noise
1080	   0	93.8	93.8	 620	OK
1081	   0	84.7	84.7	 606	OK
1082	   0	84.5	84.5	 596	OK
1083	   0	87.1	87.1	 752	OK
1084	   0	80.4	80.4	 625	OK
1085	   0	90.0	90.0	 661	OK
1086	   0	84.0	84.0	 770	OK
1087	   0	89.6	89.6	 618	OK
1088	   0	89.5	89.5	 587	OK
1089	   0	85.5	85.5	 587	OK
1090	   0	94.3	94.3	 704	OK
1091	   0	91.0	91.0	 707	OK
1092	   0	92.1	92.1	 691	OK
1093	   0	86.8	86.8	 552	OK
1094	   0	87.8	87.8	 595	OK
1095	   0	85.9	85.9	 638	OK
1096	   0	84.8	84.8	 706	OK
1097	   0	86.8	86.8	 592	OK
1098	4000	90.7	90.7	 805	high noise
1099	   0	87.7	87.7	 663	OK
1100	   0	84.6	84.6	 701	OK
1101	   0	83.4	83.4	 597	OK
1102	   0	79.4	79.4	 690	OK
1103	   0	84.5	84.5	 688	OK
1104	   0	79.1	79.1	 581	OK
1105	   0	82.7	82.7	 674	OK
1106	4000	85.0	85.0	 801	high noise
1107	   0	85.6	85.6	 750	OK
1108	   0	90.0	90.0	 718	OK
1109	   0	82.5	82.5	 624	OK
1110	4000	88.4	88.4	 776	high noise
1111	4000	88.6	88.6	 776	high noise
1112	4000	79.1	79.1	 854	high noise
1113	   0	82.7	82.7	 670	OK
1114	4000	82.8	82.8	 785	high noise
1115	   0	89.7	89.7	 614	OK
1116	   0	81.1	81.1	 701	OK
1117	   0	79.7	79.7	 677	OK
1118	   0	86.3	86.3	 713	OK
1119	   0	82.4	82.4	 739	OK
1120	   0	85.5	85.5	 693	OK
1121	   0	90.9	90.9	 541	OK
1122	   0	85.8	85.8	 709	OK
1123	   0	75.9	75.9	 665	OK
1124	4000	83.4	83.4	 813	high noise
1125	   0	81.1	81.1	 602	OK
1126	   0	85.6	85.6	 736	OK
1127	   0	82.1	82.1	 588	OK
1128	4000	82.2	82.2	 784	high noise
1129	   0	82.6	82.6	 599	OK
1130	   0	88.9	88.9	 693	OK
1131	   0	83.9	83.9	 731	OK
1132	   0	79.3	79.3	 663	OK
1133	   0	82.4	82.4	 591	OK
1134	   0	79.1	79.1	 593	OK
1135	   0	85.1	85.1	 544	OK
1136	   0	83.8	83.8	 548	OK
1137	   0	88.4	88.4	 720	OK
1138	4000	79.8	79.8	 776	high noise
1139	   0	83.4	83.4	 756	OK
1140	   0	89.9	89.9	 557	OK
1141	   0	84.5	84.5	 682	OK
1142	   0	81.5	81.5	 713	OK
1143	   0	87.5	87.5	 612	OK
1144	   0	91.2	91.2	 668	OK
1145	   0	80.5	80.5	 584	OK
1146	   0	75.1	75.1	 561	OK
1147	   0	83.9	83.9	 737	OK
1148	   0	85.1	85.1	 617	OK
1149	   0	85.0	85.0	 693	OK
1150	   0	86.3	86.3	 636	OK
1151	   0	82.6	82.6	 647	OK
1152	   0	85.8	85.8	 621	OK
1153	1000	92.5	92.5	 511	unbonded
1154	   0	93.2	93.2	 642	OK
1155	   0	98.9	98.9	 733	OK
1156	   0	93.4	93.4	 683	OK
1157	   0	87.7	87.7	 584	OK
1158	   0	89.0	89.0	 595	OK
1159	   0	93.0	93.0	 564	OK
1160	   0	88.8	88.8	 681	OK
1161	   0	93.9	93.9	 648	OK
1162	   0	84.1	84.1	 699	OK
1163	   0	88.9	88.9	 670	OK
1164	   0	85.3	85.3	 666	OK
1165	   0	91.3	91.3	 583	OK
1166	   0	86.8	86.8	 694	OK
1167	   0	82.3	82.3	 693	OK
1168	   0	86.7	86.7	 613	OK
1169	1000	84.6	84.6	 490	unbonded
1170	   0	85.3	85.3	 642	OK
1171	4000	88.8	88.8	 767	high noise
1172	   0	91.4	91.4	 712	OK
1173	   0	93.2	93.2	 617	OK
1174	   0	88.2	88.2	 725	OK
1175	   0	94.7	94.7	 591	OK
1176	   0	89.8	89.8	 552	OK
1177	   0	89.5	89.5	 614	OK
1178	   0	86.2	86.2	 634	OK
1179	   0	89.7	89.7	 680	OK
1180	   0	89.5	89.5	 671	OK
1181	   0	87.3	87.3	 664	OK
1182	   0	92.4	92.4	 710	OK
1183	   0	96.2	96.2	 613	OK
1184	   0	85.5	85.5	 584	OK
1185	   0	90.3	90.3	 659	OK
1186	   0	92.3	92.3	 705	OK
1187	   0	89.7	89.7	 631	OK
1188	   0	83.9	83.9	 656	OK
1189	   0	83.1	83.1	 677	OK
1190	   0	92.9	92.9	 571	OK
1191	   0	90.1	90.1	 573	OK
1192	   0	90.5	90.5	 721	OK
1193	   0	91.6	91.6	 659	OK
1194	   0	84.2	84.2	 730	OK
1195	4000	90.2	90.2	 751	high noise
1196	   0	89.1	89.1	 658	OK
1197	   0	95.8	95.8	 594	OK
1198	   0	83.0	83.0	 652	OK
1199	   0	92.5	92.5	 670	OK
1200	4000	88.3	88.3	 789	high noise
1201	   0	90.9	90.9	 645	OK
1202	1000	88.6	88.6	 501	unbonded
1203	   0	88.3	88.3	 669	OK
1204	   0	94.2	94.2	 669	OK
1205	   0	93.1	93.1	 543	OK
1206	   0	97.6	97.6	 583	OK
1207	4000	91.1	91.1	 769	high noise
1208	   0	94.8	94.8	 707	OK
1209	1000	92.1	92.1	 509	unbonded
1210	   0	92.7	92.7	 668	OK
1211	   0	100.8	100.8	 632	OK
1212	   0	97.9	97.9	 680	OK
1213	   0	90.6	90.6	 684	OK
1214	4000	91.1	91.1	 781	high noise
1215	   0	87.4	87.4	 574	OK
1216	4000	86.2	86.2	 809	high noise
1217	   0	91.2	91.2	 571	OK
1218	   0	96.6	96.6	 643	OK
1219	   0	100.3	100.3	 593	OK
1220	4000	90.2	90.2	 769	high noise
1221	   0	88.4	88.4	 656	OK
1222	   0	93.6	93.6	 714	OK
1223	   0	88.0	88.0	 715	OK
1224	   0	91.3	91.3	 556	OK
1225	   0	90.7	90.7	 681	OK
1226	   0	91.1	91.1	 583	OK
1227	   0	89.6	89.6	 581	OK
1228	   0	91.9	91.9	 550	OK
1229	1000	92.7	92.7	 508	unbonded
1230	   0	96.9	96.9	 666	OK
1231	   0	85.1	85.1	 736	OK
1232	   0	89.8	89.8	 589	OK
1233	   0	90.1	90.1	 571	OK
1234	1000	89.4	89.4	 514	unbonded
1235	   0	91.0	91.0	 607	OK
1236	   0	85.4	85.4	 705	OK
1237	   0	86.6	86.6	 660	OK
1238	   0	86.7	86.7	 645	OK
1239	   0	92.6	92.6	 723	OK
1240	   0	101.4	101.4	 736	OK
1241	   0	98.1	98.1	 566	OK
1242	   0	88.8	88.8	 664	OK
1243	   0	95.2	95.2	 645	OK
1244	   0	85.3	85.3	 576	OK
1245	   0	89.1	89.1	 640	OK
1246	   0	85.6	85.6	 650	OK
1247	   0	82.4	82.4	 659	OK
1248	   0	95.0	95.0	 621	OK
1249	   0	97.7	97.7	 582	OK
1250	   0	86.3	86.3	 695	OK
1251	1000	91.9	91.9	 494	unbonded
1252	   0	83.2	83.2	 650	OK
1253	   0	87.0	87.0	 668	OK
1254	   0	89.0	89.0	 543	OK
1255	   0	84.9	84.9	 637	OK
1256	   0	77.3	77.3	 729	OK
1257	1000	91.9	91.9	 531	unbonded
1258	   0	92.3	92.3	 643	OK
1259	1000	85.3	85.3	 511	unbonded
1260	   0	93.3	93.3	 624	OK
1261	   0	82.8	82.8	 590	OK
1262	   0	85.8	85.8	 584	OK
1263	   0	88.5	88.5	 657	OK
1264	   0	85.4	85.4	 578	OK
1265	   0	92.9	92.9	 692	OK
1266	   0	82.6	82.6	 600	OK
1267	   0	83.7	83.7	 690	OK
1268	   0	90.5	90.5	 638	OK
1269	   0	90.2	90.2	 624	OK
1270	   0	92.1	92.1	 571	OK
1271	   0	86.5	86.5	 568	OK
1272	   0	91.6	91.6	 663	OK
1273	   0	86.6	86.6	 658	OK
1274	   0	92.8	92.8	 703	OK
1275	   0	89.7	89.7	 614	OK
1276	   0	86.7	86.7	 704	OK
1277	   0	88.1	88.1	 568	OK
1278	   0	93.2	93.2	 718	OK
1279	4000	91.3	91.3	 824	high noise
1280	4000	79.3	79.3	 929	high noise
1281	4000	82.3	82.3	 898	high noise
1282	1000	85.2	85.2	 505	unbonded
1283	   0	76.2	76.2	 761	OK
1284	   0	78.5	78.5	 754	OK
1285	   0	80.2	80.2	 645	OK
1286	   0	79.9	79.9	 610	OK
1287	   0	78.1	78.1	 685	OK
1288	   0	82.4	82.4	 655	OK
1289	4000	79.1	79.1	 851	high noise
1290	   0	80.8	80.8	 783	OK
1291	   0	82.8	82.8	 767	OK
1292	1000	85.2	85.2	 533	unbonded
1293	   0	79.6	79.6	 760	OK
1294	1000	80.8	80.8	 539	unbonded
1295	   0	79.8	79.8	 822	OK
1296	   0	82.5	82.5	 752	OK
1297	   0	79.0	79.0	 697	OK
1298	   0	78.1	78.1	 690	OK
1299	   0	78.0	78.0	 640	OK
1300	   0	77.6	77.6	 727	OK
1301	4000	77.3	77.3	 866	high noise
1302	   0	78.0	78.0	 651	OK
1303	   0	82.8	82.8	 678	OK
1304	   0	81.4	81.4	 655	OK
1305	   0	78.6	78.6	 688	OK
1306	   0	80.1	80.1	 823	OK
1307	   0	86.0	86.0	 712	OK
1308	   0	87.2	87.2	 661	OK
1309	   0	82.6	82.6	 733	OK
1310	   0	84.2	84.2	 784	OK
1311	   0	77.0	77.0	 594	OK
1312	   0	81.9	81.9	 750	OK
1313	   0	74.4	74.4	 691	OK
1314	   0	80.7	80.7	 733	OK
1315	   0	87.1	87.1	 665	OK
1316	   0	83.2	83.2	 788	OK
1317	   0	84.1	84.1	 746	OK
1318	   0	80.3	80.3	 645	OK
1319	   0	79.0	79.0	 635	OK
1320	   0	75.3	75.3	 707	OK
1321	   0	78.7	78.7	 723	OK
1322	   0	82.7	82.7	 794	OK
1323	   0	80.6	80.6	 654	OK
1324	   0	73.8	73.8	 702	OK
1325	   0	76.5	76.5	 684	OK
1326	4000	85.0	85.0	 858	high noise
1327	   0	79.9	79.9	 549	OK
1328	   0	81.9	81.9	 824	OK
1329	   0	83.9	83.9	 710	OK
1330	   0	86.4	86.4	 819	OK
1331	4000	76.5	76.5	 852	high noise
1332	   0	79.8	79.8	 632	OK
1333	   0	82.9	82.9	 763	OK
1334	   0	82.2	82.2	 728	OK
1335	   0	80.8	80.8	 810	OK
1336	   0	90.7	90.7	 747	OK
1337	   0	84.0	84.0	 751	OK
1338	   0	86.9	86.9	 810	OK
1339	   0	75.1	75.1	 802	OK
1340	4000	79.7	79.7	 876	high noise
1341	   0	81.9	81.9	 668	OK
1342	   0	85.4	85.4	 682	OK
1343	   0	77.4	77.4	 731	OK
1344	   0	85.8	85.8	 656	OK
1345	   0	80.6	80.6	 721	OK
1346	1000	79.6	79.6	 351	unbonded
1347	   0	80.6	80.6	 690	OK
1348	   0	80.5	80.5	 753	OK
1349	   0	79.4	79.4	 653	OK
1350	   0	77.1	77.1	 735	OK
1351	   0	81.6	81.6	 676	OK
1352	   0	84.4	84.4	 809	OK
1353	   0	86.4	86.4	 764	OK
1354	   0	76.7	76.7	 711	OK
1355	4000	78.7	78.7	 857	high noise
1356	4000	81.6	81.6	 832	high noise
1357	   0	86.7	86.7	 651	OK
1358	   0	84.1	84.1	 636	OK
1359	   0	83.0	83.0	 728	OK
1360	   0	74.5	74.5	 647	OK
1361	   0	81.2	81.2	 730	OK
1362	   0	80.6	80.6	 596	OK
1363	   0	85.2	85.2	 705	OK
1364	   0	88.4	88.4	 805	OK
1365	   0	82.1	82.1	 775	OK
1366	   0	83.6	83.6	 622	OK
1367	   0	80.2	80.2	 778	OK
1368	   0	78.0	78.0	 648	OK
1369	   0	89.6	89.6	 738	OK
1370	   0	86.1	86.1	 737	OK
1371	4000	82.0	82.0	 851	high noise
1372	   0	84.3	84.3	 701	OK
1373	   0	82.2	82.2	 754	OK
1374	   0	85.3	85.3	 670	OK
1375	4000	81.9	81.9	 923	high noise
1376	   0	82.3	82.3	 766	OK
1377	   0	83.7	83.7	 708	OK
1378	   0	82.2	82.2	 824	OK
1379	   0	81.3	81.3	 691	OK
1380	   0	76.1	76.1	 730	OK
1381	   0	81.5	81.5	 667	OK
1382	   0	83.7	83.7	 691	OK
1383	   0	92.8	92.8	 789	OK
1384	   0	80.8	80.8	 680	OK
1385	   0	78.8	78.8	 761	OK
1386	   0	84.8	84.8	 698	OK
1387	   0	83.1	83.1	 697	OK
1388	4000	81.5	81.5	 856	high noise
1389	   0	79.1	79.1	 760	OK
1390	   0	84.1	84.1	 794	OK
1391	   0	81.4	81.4	 656	OK
1392	   0	82.9	82.9	 695	OK
1393	   0	80.3	80.3	 776	OK
1394	   0	82.9	82.9	 699	OK
1395	4000	82.3	82.3	 862	high noise
1396	   0	81.3	81.3	 736	OK
1397	   0	77.4	77.4	 757	OK
1398	   0	82.8	82.8	 757	OK
1399	   0	84.1	84.1	 669	OK
1400	   0	77.8	77.8	 660	OK
1401	   0	84.0	84.0	 615	OK
1402	   0	79.3	79.3	 693	OK
1403	   0	84.6	84.6	 791	OK
1404	   0	83.2	83.2	 817	OK
1405	   0	78.1	78.1	 556	OK
1406	4000	83.3	83.3	 858	high noise
1407	   0	77.9	77.9	 629	OK
1408	   0	90.4	90.4	 615	OK
1409	   0	93.0	93.0	 558	OK
1410	   0	87.3	87.3	 575	OK
1411	   0	85.0	85.0	 659	OK
1412	   0	96.0	96.0	 599	OK
1413	   0	89.2	89.2	 659	OK
1414	   0	93.6	93.6	 603	OK
1415	4000	102.0	102.0	 860	high noise
1416	8000	99.0	99.0	 540	partbonded
1417	   0	97.8	97.8	 681	OK
1418	   0	96.6	96.6	 624	OK
1419	4000	90.9	90.9	 748	high noise
1420	   0	90.5	90.5	 654	OK
1421	   0	88.6	88.6	 655	OK
1422	   0	91.6	91.6	 621	OK
1423	   0	93.3	93.3	 675	OK
1424	   0	95.3	95.3	 586	OK
1425	   0	93.6	93.6	 618	OK
1426	   0	94.0	94.0	 647	OK
1427	   0	92.2	92.2	 630	OK
1428	   0	88.1	88.1	 648	OK
1429	   0	87.2	87.2	 646	OK
1430	   0	83.2	83.2	 738	OK
1431	   0	90.4	90.4	 573	OK
1432	   0	92.5	92.5	 637	OK
1433	   0	87.7	87.7	 669	OK
1434	   0	83.6	83.6	 682	OK
1435	   0	89.8	89.8	 688	OK
1436	   0	95.2	95.2	 660	OK
1437	   0	82.3	82.3	 719	OK
1438	   0	89.3	89.3	 657	OK
1439	   0	90.2	90.2	 671	OK
1440	   0	96.0	96.0	 661	OK
1441	   0	83.3	83.3	 703	OK
1442	   0	91.8	91.8	 579	OK
1443	1000	94.9	94.9	 534	unbonded
1444	   0	86.9	86.9	 607	OK
1445	   0	84.5	84.5	 692	OK
1446	   0	86.7	86.7	 589	OK
1447	   0	92.4	92.4	 699	OK
1448	   0	89.0	89.0	 548	OK
1449	   0	89.0	89.0	 622	OK
1450	1000	96.5	96.5	 448	unbonded
1451	   0	88.0	88.0	 626	OK
1452	   0	91.7	91.7	 565	OK
1453	   0	90.4	90.4	 633	OK
1454	   0	88.6	88.6	 543	OK
1455	   0	89.7	89.7	 707	OK
1456	   0	87.7	87.7	 720	OK
1457	1000	81.9	81.9	 490	unbonded
1458	   0	92.8	92.8	 716	OK
1459	4000	89.9	89.9	 785	high noise
1460	   0	88.0	88.0	 607	OK
1461	4000	93.2	93.2	 755	high noise
1462	4000	93.2	93.2	 755	high noise
1463	   0	91.2	91.2	 655	OK
1464	   0	85.7	85.7	 686	OK
1465	1000	87.1	87.1	 512	unbonded
1466	   0	90.7	90.7	 633	OK
1467	   0	90.6	90.6	 622	OK
1468	   0	95.1	95.1	 686	OK
1469	   0	91.3	91.3	 662	OK
1470	   0	93.0	93.0	 617	OK
1471	   0	98.8	98.8	 649	OK
1472	   0	94.0	94.0	 668	OK
1473	4000	90.8	90.8	 778	high noise
1474	   0	85.1	85.1	 655	OK
1475	   0	90.1	90.1	 649	OK
1476	   0	91.9	91.9	 627	OK
1477	   0	99.7	99.7	 729	OK
1478	   0	92.6	92.6	 547	OK
1479	   0	92.3	92.3	 636	OK
1480	4000	88.4	88.4	 741	high noise
1481	   0	86.2	86.2	 710	OK
1482	   0	89.4	89.4	 589	OK
1483	   0	85.9	85.9	 652	OK
1484	   0	93.3	93.3	 659	OK
1485	   0	97.1	97.1	 723	OK
1486	   0	81.7	81.7	 655	OK
1487	4000	91.4	91.4	 755	high noise
1488	   0	89.4	89.4	 665	OK
1489	   0	80.2	80.2	 678	OK
1490	   0	82.9	82.9	 592	OK
1491	   0	92.8	92.8	 585	OK
1492	   0	90.5	90.5	 685	OK
1493	   0	84.7	84.7	 587	OK
1494	   0	91.8	91.8	 664	OK
1495	   0	91.6	91.6	 674	OK
1496	   0	89.5	89.5	 689	OK
1497	   0	94.5	94.5	 579	OK
1498	   0	95.0	95.0	 562	OK
1499	   0	91.8	91.8	 679	OK
1500	   0	89.5	89.5	 632	OK
1501	   0	89.5	89.5	 684	OK
1502	   0	88.4	88.4	 690	OK
1503	   0	87.7	87.7	 693	OK
1504	1000	88.0	88.0	 505	unbonded
1505	   0	89.1	89.1	 688	OK
1506	   0	83.6	83.6	 682	OK
1507	   0	86.1	86.1	 550	OK
1508	   0	87.9	87.9	 593	OK
1509	   0	88.1	88.1	 649	OK
1510	   0	87.7	87.7	 666	OK
1511	   0	89.6	89.6	 667	OK
1512	1000	91.0	91.0	 503	unbonded
1513	   0	95.6	95.6	 639	OK
1514	   0	89.0	89.0	 665	OK
1515	4000	91.1	91.1	 746	high noise
1516	   0	92.3	92.3	 608	OK
1517	   0	87.2	87.2	 690	OK
1518	   0	88.8	88.8	 581	OK
1519	   0	91.0	91.0	 650	OK
1520	   0	96.0	96.0	 594	OK
1521	   0	92.8	92.8	 622	OK
1522	   0	85.1	85.1	 571	OK
1523	   0	84.5	84.5	 635	OK
1524	   0	84.4	84.4	 679	OK
1525	   0	87.6	87.6	 731	OK
1526	   0	86.4	86.4	 641	OK
1527	   0	94.7	94.7	 566	OK
1528	   0	90.9	90.9	 637	OK
1529	   0	85.1	85.1	 555	OK
1530	   0	91.2	91.2	 612	OK
1531	   0	87.9	87.9	 604	OK
1532	   0	91.8	91.8	 688	OK
1533	   0	89.4	89.4	 680	OK
1534	   0	92.8	92.8	 654	OK
1535	   0	85.9	85.9	 643	OK
1536	   0	84.0	84.0	 706	OK
1537	   0	86.9	86.9	 643	OK
1538	   0	84.6	84.6	 664	OK
1539	   0	82.0	82.0	 739	OK
1540	   0	83.8	83.8	 760	OK
1541	   0	82.5	82.5	 793	OK
1542	   0	81.5	81.5	 732	OK
1543	   0	89.1	89.1	 542	OK
1544	   0	79.7	79.7	 781	OK
1545	   0	83.7	83.7	 735	OK
1546	   0	85.4	85.4	 810	OK
1547	   0	84.0	84.0	 628	OK
1548	   0	84.8	84.8	 610	OK
1549	   0	87.1	87.1	 815	OK
1550	   0	77.6	77.6	 664	OK
1551	   0	85.5	85.5	 707	OK
1552	   0	80.0	80.0	 734	OK
1553	   0	81.1	81.1	 731	OK
1554	   0	84.5	84.5	 805	OK
1555	   0	73.7	73.7	 647	OK
1556	   0	84.9	84.9	 770	OK
1557	   0	86.5	86.5	 656	OK
1558	   0	85.1	85.1	 757	OK
1559	   0	82.2	82.2	 737	OK
1560	   0	84.9	84.9	 688	OK
1561	   0	88.4	88.4	 631	OK
1562	   0	81.4	81.4	 635	OK
1563	   0	76.7	76.7	 563	OK
1564	   0	81.2	81.2	 765	OK
1565	   0	76.5	76.5	 718	OK
1566	   0	83.8	83.8	 657	OK
1567	4000	81.9	81.9	 822	high noise
1568	   0	83.4	83.4	 635	OK
1569	   0	83.3	83.3	 597	OK
1570	4000	79.4	79.4	 848	high noise
1571	   0	78.2	78.2	 658	OK
1572	   0	86.9	86.9	 586	OK
1573	   0	80.6	80.6	 675	OK
1574	   0	84.4	84.4	 623	OK
1575	4000	88.0	88.0	 830	high noise
1576	4000	83.0	83.0	 848	high noise
1577	   0	81.9	81.9	 552	OK
1578	   0	76.6	76.6	 687	OK
1579	   0	87.2	87.2	 743	OK
1580	   0	84.7	84.7	 562	OK
1581	   0	83.9	83.9	 565	OK
1582	   0	80.2	80.2	 769	OK
1583	   0	83.4	83.4	 645	OK
1584	4000	85.4	85.4	 820	high noise
1585	   0	79.5	79.5	 650	OK
1586	   0	84.2	84.2	 753	OK
1587	   0	86.9	86.9	 696	OK
1588	4000	82.7	82.7	 852	high noise
1589	   0	81.7	81.7	 709	OK
1590	   0	83.2	83.2	 616	OK
1591	   0	81.0	81.0	 602	OK
1592	   0	94.3	94.3	 748	OK
1593	   0	76.5	76.5	 791	OK
1594	   0	83.4	83.4	 688	OK
1595	   0	79.9	79.9	 699	OK
1596	   0	90.6	90.6	 803	OK
1597	4000	87.8	87.8	 907	high noise
1598	   0	78.4	78.4	 811	OK
1599	   0	85.1	85.1	 725	OK
1600	4000	86.8	86.8	 827	high noise
1601	   0	90.6	90.6	 667	OK
1602	   0	83.6	83.6	 767	OK
1603	   0	81.1	81.1	 771	OK
1604	   0	75.7	75.7	 669	OK
1605	   0	87.3	87.3	 722	OK
1606	   0	88.6	88.6	 675	OK
1607	   0	89.1	89.1	 652	OK
1608	4000	94.4	94.4	 839	high noise
1609	   0	93.0	93.0	 710	OK
1610	   0	88.2	88.2	 760	OK
1611	   0	87.1	87.1	 687	OK
1612	   0	77.3	77.3	 806	OK
1613	   0	83.4	83.4	 763	OK
1614	1000	80.6	80.6	 471	unbonded
1615	   0	80.3	80.3	 700	OK
1616	   0	74.9	74.9	 662	OK
1617	   0	78.9	78.9	 680	OK
1618	   0	80.9	80.9	 576	OK
1619	   0	85.8	85.8	 750	OK
1620	4000	81.6	81.6	 826	high noise
1621	   0	80.4	80.4	 545	OK
1622	   0	88.4	88.4	 624	OK
1623	   0	84.3	84.3	 776	OK
1624	   0	86.4	86.4	 745	OK
1625	   0	90.0	90.0	 807	OK
1626	   0	83.5	83.5	 671	OK
1627	   0	85.7	85.7	 724	OK
1628	   0	80.1	80.1	 570	OK
1629	   0	87.0	87.0	 740	OK
1630	   0	77.0	77.0	 575	OK
1631	   0	78.3	78.3	 806	OK
1632	   0	87.7	87.7	 790	OK
1633	   0	83.5	83.5	 571	OK
1634	   0	80.1	80.1	 626	OK
1635	4000	88.0	88.0	 833	high noise
1636	   0	79.0	79.0	 759	OK
1637	   0	73.9	73.9	 658	OK
1638	   0	75.3	75.3	 730	OK
1639	   0	89.2	89.2	 686	OK
1640	   0	80.5	80.5	 626	OK
1641	   0	82.6	82.6	 685	OK
1642	   0	93.0	93.0	 806	OK
1643	   0	79.1	79.1	 755	OK
1644	   0	84.4	84.4	 711	OK
1645	   0	87.1	87.1	 601	OK
1646	   0	87.0	87.0	 715	OK
1647	   0	80.2	80.2	 664	OK
1648	   0	79.8	79.8	 672	OK
1649	   0	80.4	80.4	 767	OK
1650	   0	83.7	83.7	 695	OK
1651	   0	79.6	79.6	 756	OK
1652	   0	83.7	83.7	 751	OK
1653	4000	81.2	81.2	 846	high noise
1654	   0	82.8	82.8	 667	OK
1655	   0	82.6	82.6	 770	OK
1656	   0	91.2	91.2	 708	OK
1657	   0	83.0	83.0	 682	OK
1658	4000	82.9	82.9	 850	high noise
1659	   0	90.5	90.5	 750	OK
1660	   0	82.8	82.8	 684	OK
1661	   0	80.4	80.4	 795	OK
1662	   0	85.9	85.9	 721	OK
1663	   0	88.3	88.3	 811	OK
1664	   0	79.7	79.7	 654	OK
1665	   0	92.3	92.3	 714	OK
1666	   0	86.3	86.3	 705	OK
1667	   0	88.3	88.3	 726	OK
1668	   0	84.0	84.0	 663	OK
1669	   0	83.8	83.8	 628	OK
1670	   0	82.8	82.8	 702	OK
1671	   0	90.1	90.1	 674	OK
1672	   0	82.5	82.5	 692	OK
1673	   0	87.5	87.5	 709	OK
1674	   0	85.2	85.2	 632	OK
1675	4000	84.8	84.8	 816	high noise
1676	   0	85.0	85.0	 688	OK
1677	4000	80.6	80.6	 798	high noise
1678	   0	87.3	87.3	 754	OK
1679	   0	88.9	88.9	 706	OK
1680	   0	92.7	92.7	 724	OK
1681	4000	85.8	85.8	 852	high noise
1682	   0	83.6	83.6	 749	OK
1683	   0	82.6	82.6	 760	OK
1684	   0	90.3	90.3	 620	OK
1685	   0	84.4	84.4	 642	OK
1686	   0	83.8	83.8	 741	OK
1687	4000	91.7	91.7	 799	high noise
1688	   0	83.6	83.6	 722	OK
1689	1000	90.5	90.5	 509	unbonded
1690	   0	89.5	89.5	 630	OK
1691	   0	84.7	84.7	 722	OK
1692	1000	89.0	89.0	 529	unbonded
1693	   0	80.6	80.6	 674	OK
1694	   0	85.8	85.8	 584	OK
1695	   0	85.5	85.5	 625	OK
1696	   0	91.6	91.6	 775	OK
1697	4000	83.9	83.9	 867	high noise
1698	   0	89.4	89.4	 776	OK
1699	   0	83.6	83.6	 647	OK
1700	   0	90.2	90.2	 708	OK
1701	   0	90.9	90.9	 630	OK
1702	1000	89.9	89.9	 435	unbonded
1703	4000	89.0	89.0	 882	high noise
1704	   0	87.6	87.6	 610	OK
1705	   0	84.8	84.8	 794	OK
1706	   0	83.4	83.4	 702	OK
1707	   0	88.9	88.9	 632	OK
1708	   0	85.7	85.7	 630	OK
1709	   0	87.4	87.4	 671	OK
1710	   0	83.1	83.1	 668	OK
1711	   0	91.1	91.1	 737	OK
1712	   0	87.8	87.8	 617	OK
1713	   0	92.4	92.4	 667	OK
1714	   0	86.7	86.7	 581	OK
1715	   0	91.5	91.5	 724	OK
1716	   0	87.2	87.2	 703	OK
1717	   0	87.3	87.3	 663	OK
1718	4000	95.7	95.7	 836	high noise
1719	   0	89.3	89.3	 622	OK
1720	   0	89.1	89.1	 759	OK
1721	   0	87.2	87.2	 667	OK
1722	   0	90.4	90.4	 720	OK
1723	   0	93.7	93.7	 599	OK
1724	   0	91.2	91.2	 688	OK
1725	   0	90.9	90.9	 787	OK
1726	   0	91.2	91.2	 783	OK
1727	   0	88.8	88.8	 565	OK
1728	   0	85.4	85.4	 754	OK
1729	4000	88.2	88.2	 809	high noise
1730	   0	84.6	84.6	 614	OK
1731	   0	90.3	90.3	 772	OK
1732	   0	85.9	85.9	 757	OK
1733	1000	84.4	84.4	 509	unbonded
1734	   0	86.4	86.4	 739	OK
1735	   0	87.1	87.1	 704	OK
1736	   0	91.9	91.9	 642	OK
1737	   0	88.5	88.5	 787	OK
1738	   0	86.1	86.1	 638	OK
1739	   0	88.2	88.2	 646	OK
1740	   0	88.9	88.9	 659	OK
1741	1000	85.4	85.4	 450	unbonded
1742	   0	85.0	85.0	 729	OK
1743	   0	93.9	93.9	 698	OK
1744	   0	90.4	90.4	 797	OK
1745	   0	85.3	85.3	 683	OK
1746	   0	84.6	84.6	 779	OK
1747	   0	85.2	85.2	 751	OK
1748	   0	83.2	83.2	 662	OK
1749	   0	87.4	87.4	 742	OK
1750	   0	87.0	87.0	 641	OK
1751	   0	83.0	83.0	 612	OK
1752	   0	79.7	79.7	 755	OK
1753	4000	85.5	85.5	 876	high noise
1754	   0	86.0	86.0	 674	OK
1755	   0	82.3	82.3	 763	OK
1756	   0	84.0	84.0	 623	OK
1757	   0	84.0	84.0	 719	OK
1758	   0	87.1	87.1	 604	OK
1759	   0	83.5	83.5	 708	OK
1760	   0	86.0	86.0	 680	OK
1761	   0	95.3	95.3	 701	OK
1762	   0	78.5	78.5	 615	OK
1763	   0	85.9	85.9	 603	OK
1764	   0	84.1	84.1	 637	OK
1765	   0	86.8	86.8	 711	OK
1766	   0	100.4	100.4	 787	OK
1767	   0	90.7	90.7	 711	OK
1768	   0	86.8	86.8	 721	OK
1769	   0	84.0	84.0	 701	OK
1770	   0	83.9	83.9	 772	OK
1771	1000	89.4	89.4	 530	unbonded
1772	   0	80.6	80.6	 621	OK
1773	   0	92.2	92.2	 709	OK
1774	   0	88.9	88.9	 756	OK
1775	   0	94.5	94.5	 698	OK
1776	   0	84.7	84.7	 661	OK
1777	   0	86.7	86.7	 706	OK
1778	4000	80.2	80.2	 810	high noise
1779	   0	89.0	89.0	 726	OK
1780	   0	79.1	79.1	 708	OK
1781	   0	85.5	85.5	 676	OK
1782	   0	83.9	83.9	 756	OK
1783	   0	87.6	87.6	 676	OK
1784	   0	81.5	81.5	 722	OK
1785	4000	85.4	85.4	 814	high noise
1786	   0	78.0	78.0	 738	OK
1787	4000	82.6	82.6	 812	high noise
1788	   0	82.6	82.6	 637	OK
1789	1000	82.2	82.2	 520	unbonded
1790	   0	91.6	91.6	 695	OK
1791	   0	90.4	90.4	 584	OK
1792	   0	97.5	97.5	 736	OK
1793	   0	94.2	94.2	 664	OK
1794	   0	94.9	94.9	 671	OK
1795	   0	90.2	90.2	 682	OK
1796	4000	89.6	89.6	 828	high noise
1797	4000	89.8	89.8	 767	high noise
1798	   0	89.4	89.4	 739	OK
1799	   0	90.3	90.3	 646	OK
1800	   0	82.7	82.7	 673	OK
1801	   0	88.7	88.7	 562	OK
1802	   0	89.0	89.0	 685	OK
1803	   0	91.4	91.4	 710	OK
1804	   0	93.0	93.0	 650	OK
1805	   0	90.0	90.0	 692	OK
1806	   0	91.8	91.8	 683	OK
1807	   0	90.8	90.8	 759	OK
1808	   0	86.2	86.2	 653	OK
1809	   0	91.4	91.4	 612	OK
1810	   0	91.3	91.3	 710	OK
1811	1000	87.0	87.0	 533	unbonded
1812	   0	93.5	93.5	 714	OK
1813	4000	84.6	84.6	 819	high noise
1814	   0	88.0	88.0	 647	OK
1815	   0	94.4	94.4	 628	OK
1816	   0	96.7	96.7	 740	OK
1817	   0	90.0	90.0	 641	OK
1818	   0	87.8	87.8	 691	OK
1819	   0	96.7	96.7	 678	OK
1820	   0	83.8	83.8	 668	OK
1821	1000	99.9	99.9	 520	unbonded
1822	   0	88.6	88.6	 620	OK
1823	   0	102.1	102.1	 689	OK
1824	   0	93.6	93.6	 597	OK
1825	   0	85.7	85.7	 584	OK
1826	   0	94.6	94.6	 672	OK
1827	   0	95.1	95.1	 597	OK
1828	   0	101.3	101.3	 609	OK
1829	   0	86.6	86.6	 574	OK
1830	   0	94.9	94.9	 731	OK
1831	   0	94.8	94.8	 754	OK
1832	   0	87.9	87.9	 617	OK
1833	   0	89.1	89.1	 656	OK
1834	   0	95.8	95.8	 659	OK
1835	   0	89.6	89.6	 698	OK
1836	   0	91.4	91.4	 581	OK
1837	   0	88.1	88.1	 725	OK
1838	   0	89.1	89.1	 651	OK
1839	   0	92.1	92.1	 736	OK
1840	4000	93.5	93.5	 818	high noise
1841	1000	90.8	90.8	 494	unbonded
1842	   0	89.4	89.4	 689	OK
1843	4000	92.6	92.6	 825	high noise
1844	   0	93.3	93.3	 564	OK
1845	   0	87.6	87.6	 662	OK
1846	   0	100.3	100.3	 637	OK
1847	   0	85.1	85.1	 686	OK
1848	   0	92.4	92.4	 711	OK
1849	   0	90.1	90.1	 625	OK
1850	4000	92.4	92.4	 765	high noise
1851	   0	97.9	97.9	 600	OK
1852	   0	92.1	92.1	 653	OK
1853	   0	94.9	94.9	 554	OK
1854	   0	105.2	105.2	 680	OK
1855	   0	88.2	88.2	 652	OK
1856	   0	92.3	92.3	 693	OK
1857	   0	96.7	96.7	 682	OK
1858	   0	99.2	99.2	 715	OK
1859	   0	91.0	91.0	 598	OK
1860	4000	89.2	89.2	 776	high noise
1861	4000	92.9	92.9	 790	high noise
1862	   0	80.6	80.6	 725	OK
1863	   0	94.5	94.5	 622	OK
1864	4000	91.0	91.0	 787	high noise
1865	   0	99.2	99.2	 701	OK
1866	   0	87.9	87.9	 708	OK
1867	   0	86.8	86.8	 627	OK
1868	   0	93.5	93.5	 582	OK
1869	   0	88.8	88.8	 620	OK
1870	1501	0.0	0.0	   0	dead
1871	   0	86.0	86.0	 742	OK
1872	4000	86.6	86.6	 780	high noise
1873	   0	88.9	88.9	 715	OK
1874	1000	92.2	92.2	 519	unbonded
1875	   0	95.4	95.4	 728	OK
1876	   0	89.6	89.6	 695	OK
1877	4000	98.8	98.8	 776	high noise
1878	1000	90.4	90.4	 507	unbonded
1879	   0	95.5	95.5	 642	OK
1880	   0	93.5	93.5	 712	OK
1881	   0	94.9	94.9	 676	OK
1882	   0	93.4	93.4	 604	OK
1883	   0	92.1	92.1	 730	OK
1884	   0	96.9	96.9	 694	OK
1885	4000	93.2	93.2	 802	high noise
1886	   0	88.2	88.2	 587	OK
1887	1000	85.4	85.4	 519	unbonded
1888	   0	86.3	86.3	 658	OK
1889	   0	87.1	87.1	 615	OK
1890	   0	90.7	90.7	 648	OK
1891	   0	90.8	90.8	 682	OK
1892	   0	93.3	93.3	 672	OK
1893	   0	83.1	83.1	 612	OK
1894	   0	91.1	91.1	 694	OK
1895	1000	86.3	86.3	 518	unbonded
1896	   0	92.2	92.2	 606	OK
1897	   0	92.0	92.0	 683	OK
1898	   0	101.9	101.9	 675	OK
1899	   0	91.1	91.1	 701	OK
1900	   0	89.3	89.3	 704	OK
1901	   0	92.8	92.8	 642	OK
1902	   0	96.1	96.1	 718	OK
1903	   0	90.6	90.6	 663	OK
1904	   0	91.9	91.9	 643	OK
1905	   0	96.6	96.6	 670	OK
1906	   0	90.1	90.1	 584	OK
1907	   0	89.0	89.0	 576	OK
1908	   0	94.2	94.2	 608	OK
1909	   0	86.0	86.0	 584	OK
1910	   0	89.9	89.9	 700	OK
1911	   0	96.8	96.8	 548	OK
1912	   0	90.9	90.9	 612	OK
1913	   0	92.0	92.0	 720	OK
1914	   0	84.8	84.8	 631	OK
1915	   0	82.7	82.7	 708	OK
1916	   0	86.9	86.9	 607	OK
1917	   0	86.4	86.4	 657	OK
1918	   0	88.8	88.8	 736	OK
1919	4000	91.2	91.2	 883	high noise
1920	   0	78.6	78.6	 650	OK
1921	   0	88.6	88.6	 642	OK
1922	   0	85.2	85.2	 672	OK
1923	   0	79.6	79.6	 747	OK
1924	   0	83.2	83.2	 623	OK
1925	   0	81.7	81.7	 693	OK
1926	   0	86.1	86.1	 646	OK
1927	   0	80.8	80.8	 695	OK
1928	1000	76.8	76.8	 484	unbonded
1929	   0	82.8	82.8	 727	OK
1930	   0	80.5	80.5	 613	OK
1931	   0	82.9	82.9	 595	OK
1932	   0	89.6	89.6	 630	OK
1933	   0	83.2	83.2	 726	OK
1934	   0	76.3	76.3	 683	OK
1935	   0	82.3	82.3	 711	OK
1936	   0	76.7	76.7	 601	OK
1937	   0	86.6	86.6	 689	OK
1938	   0	83.6	83.6	 699	OK
1939	   0	79.4	79.4	 689	OK
1940	4000	79.8	79.8	 841	high noise
1941	   0	85.9	85.9	 622	OK
1942	   0	92.2	92.2	 642	OK
1943	   0	82.2	82.2	 746	OK
1944	   0	78.7	78.7	 646	OK
1945	4000	83.7	83.7	 824	high noise
1946	   0	76.0	76.0	 755	OK
1947	   0	81.5	81.5	 682	OK
1948	   0	85.5	85.5	 572	OK
1949	   0	78.4	78.4	 685	OK
1950	   0	81.0	81.0	 645	OK
1951	   0	81.2	81.2	 641	OK
1952	   0	82.5	82.5	 667	OK
1953	   0	83.0	83.0	 731	OK
1954	   0	85.6	85.6	 588	OK
1955	   0	86.2	86.2	 702	OK
1956	1000	80.2	80.2	 501	unbonded
1957	   0	81.5	81.5	 655	OK
1958	   0	86.9	86.9	 712	OK
1959	   0	78.2	78.2	 674	OK
1960	   0	84.4	84.4	 636	OK
1961	1000	84.5	84.5	 534	unbonded
1962	   0	89.4	89.4	 757	OK
1963	   0	82.2	82.2	 659	OK
1964	   0	81.3	81.3	 706	OK
1965	   0	82.8	82.8	 614	OK
1966	   0	83.4	83.4	 657	OK
1967	   0	86.8	86.8	 609	OK
1968	   0	85.2	85.2	 663	OK
1969	   0	81.3	81.3	 694	OK
1970	   0	82.6	82.6	 693	OK
1971	   0	82.2	82.2	 674	OK
1972	   0	86.0	86.0	 622	OK
1973	   0	83.6	83.6	 686	OK
1974	   0	81.1	81.1	 677	OK
1975	   0	84.3	84.3	 750	OK
1976	   0	87.7	87.7	 600	OK
1977	   0	78.4	78.4	 634	OK
1978	   0	85.3	85.3	 724	OK
1979	   0	77.3	77.3	 723	OK
1980	4000	86.4	86.4	 812	high noise
1981	   0	76.8	76.8	 694	OK
1982	   0	79.0	79.0	 729	OK
1983	   0	80.6	80.6	 689	OK
1984	   0	81.1	81.1	 676	OK
1985	   0	78.5	78.5	 643	OK
1986	   0	87.6	87.6	 597	OK
1987	   0	76.5	76.5	 592	OK
1988	   0	81.6	81.6	 665	OK
1989	   0	76.0	76.0	 662	OK
1990	   0	72.6	72.6	 626	OK
1991	4000	80.5	80.5	 877	high noise
1992	   0	79.1	79.1	 660	OK
1993	   0	76.6	76.6	 600	OK
1994	   0	79.7	79.7	 612	OK
1995	   0	81.6	81.6	 662	OK
1996	   0	81.9	81.9	 745	OK
1997	   0	77.6	77.6	 646	OK
1998	   0	80.2	80.2	 719	OK
1999	   0	80.5	80.5	 570	OK
2000	   0	81.1	81.1	 678	OK
2001	   0	80.5	80.5	 658	OK
2002	   0	80.0	80.0	 701	OK
2003	   0	88.8	88.8	 712	OK
2004	   0	78.0	78.0	 704	OK
2005	   0	78.8	78.8	 774	OK
2006	   0	85.4	85.4	 759	OK
2007	   0	79.9	79.9	 771	OK
2008	   0	84.6	84.6	 713	OK
2009	   0	78.5	78.5	 615	OK
2010	   0	74.9	74.9	 609	OK
2011	   0	79.6	79.6	 762	OK
2012	   0	72.6	72.6	 668	OK
2013	4000	81.1	81.1	 816	high noise
2014	   0	82.5	82.5	 610	OK
2015	   0	84.6	84.6	 750	OK
2016	   0	77.3	77.3	 669	OK
2017	   0	83.5	83.5	 715	OK
2018	   0	78.7	78.7	 551	OK
2019	4000	75.6	75.6	 837	high noise
2020	   0	79.1	79.1	 618	OK
2021	4000	82.8	82.8	 796	high noise
2022	   0	78.0	78.0	 765	OK
2023	   0	73.9	73.9	 731	OK
2024	   0	77.8	77.8	 773	OK
2025	   0	78.8	78.8	 757	OK
2026	   0	81.0	81.0	 771	OK
2027	   0	77.8	77.8	 690	OK
2028	   0	73.8	73.8	 569	OK
2029	   0	78.5	78.5	 651	OK
2030	   0	79.3	79.3	 554	OK
2031	4000	74.0	74.0	 786	high noise
2032	   0	87.5	87.5	 771	OK
2033	   0	79.5	79.5	 765	OK
2034	4000	81.7	81.7	 796	high noise
2035	   0	86.6	86.6	 639	OK
2036	   0	80.2	80.2	 754	OK
2037	   0	83.7	83.7	 758	OK
2038	   0	79.2	79.2	 578	OK
2039	   0	79.6	79.6	 600	OK
2040	   0	81.7	81.7	 549	OK
2041	   0	78.1	78.1	 639	OK
2042	   0	79.0	79.0	 758	OK
2043	   0	80.9	80.9	 573	OK
2044	   0	84.1	84.1	 735	OK
2045	4000	82.4	82.4	 842	high noise
2046	   0	82.8	82.8	 754	OK
2047	   0	72.4	72.4	 737	OK
2048	4000	69.5	69.5	 896	high noise
2049	   0	74.3	74.3	 764	OK
2050	   0	85.2	85.2	 722	OK
2051	   0	84.5	84.5	 761	OK
2052	   0	76.8	76.8	 671	OK
2053	   0	83.1	83.1	 632	OK
2054	   0	82.5	82.5	 725	OK
2055	   0	81.7	81.7	 749	OK
2056	   0	89.6	89.6	 763	OK
2057	   0	85.2	85.2	 711	OK
2058	   0	83.5	83.5	 635	OK
2059	   0	78.1	78.1	 773	OK
2060	   0	87.1	87.1	 737	OK
2061	   0	89.0	89.0	 787	OK
2062	   0	82.8	82.8	 688	OK
2063	   0	81.1	81.1	 727	OK
2064	   0	88.3	88.3	 708	OK
2065	4000	89.1	89.1	 834	high noise
2066	   0	82.6	82.6	 647	OK
2067	4000	83.1	83.1	 835	high noise
2068	   0	75.3	75.3	 685	OK
2069	   0	78.8	78.8	 777	OK
2070	   0	84.9	84.9	 720	OK
2071	   0	84.9	84.9	 658	OK
2072	   0	79.1	79.1	 650	OK
2073	   0	79.0	79.0	 730	OK
2074	   0	76.2	76.2	 783	OK
2075	   0	76.4	76.4	 715	OK
2076	   0	83.5	83.5	 635	OK
2077	4000	73.6	73.6	 851	high noise
2078	   0	83.2	83.2	 699	OK
2079	   0	76.2	76.2	 625	OK
2080	   0	85.2	85.2	 563	OK
2081	4000	84.7	84.7	 859	high noise
2082	1000	82.0	82.0	 493	unbonded
2083	   0	78.8	78.8	 757	OK
2084	   0	77.2	77.2	 609	OK
2085	   0	81.3	81.3	 722	OK
2086	   0	82.5	82.5	 725	OK
2087	   0	84.2	84.2	 592	OK
2088	   0	77.3	77.3	 711	OK
2089	   0	88.3	88.3	 823	OK
2090	   0	81.8	81.8	 700	OK
2091	   0	81.6	81.6	 747	OK
2092	   0	82.5	82.5	 738	OK
2093	4000	85.0	85.0	 826	high noise
2094	   0	77.1	77.1	 757	OK
2095	   0	80.0	80.0	 724	OK
2096	   0	79.7	79.7	 725	OK
2097	   0	80.9	80.9	 577	OK
2098	1000	79.3	79.3	 539	unbonded
2099	   0	81.0	81.0	 725	OK
2100	   0	83.0	83.0	 783	OK
2101	   0	79.9	79.9	 774	OK
2102	   0	89.2	89.2	 787	OK
2103	   0	91.5	91.5	 777	OK
2104	   0	85.0	85.0	 686	OK
2105	   0	85.3	85.3	 656	OK
2106	   0	86.6	86.6	 555	OK
2107	   0	82.6	82.6	 613	OK
2108	   0	85.3	85.3	 717	OK
2109	1000	81.8	81.8	 535	unbonded
2110	   0	73.0	73.0	 753	OK
2111	1000	87.5	87.5	 539	unbonded
2112	   0	84.8	84.8	 550	OK
2113	   0	81.6	81.6	 679	OK
2114	   0	77.3	77.3	 726	OK
2115	   0	81.8	81.8	 632	OK
2116	   0	81.4	81.4	 693	OK
2117	   0	85.4	85.4	 652	OK
2118	   0	74.2	74.2	 670	OK
2119	   0	80.4	80.4	 724	OK
2120	   0	78.5	78.5	 723	OK
2121	   0	76.4	76.4	 731	OK
2122	4000	84.8	84.8	 852	high noise
2123	   0	73.7	73.7	 665	OK
2124	   0	83.1	83.1	 759	OK
2125	   0	72.6	72.6	 790	OK
2126	   0	81.5	81.5	 771	OK
2127	   0	79.0	79.0	 744	OK
2128	   0	86.0	86.0	 680	OK
2129	   0	80.2	80.2	 739	OK
2130	4000	79.7	79.7	 855	high noise
2131	   0	78.1	78.1	 689	OK
2132	4000	84.4	84.4	 871	high noise
2133	   0	87.3	87.3	 615	OK
2134	   0	82.9	82.9	 596	OK
2135	   0	82.5	82.5	 714	OK
2136	   0	74.5	74.5	 714	OK
2137	   0	78.1	78.1	 763	OK
2138	   0	76.2	76.2	 644	OK
2139	   0	76.1	76.1	 800	OK
2140	   0	79.4	79.4	 724	OK
2141	   0	80.5	80.5	 761	OK
2142	   0	78.9	78.9	 720	OK
2143	1000	80.4	80.4	 514	unbonded
2144	   0	77.6	77.6	 814	OK
2145	   0	75.7	75.7	 799	OK
2146	4000	81.7	81.7	 879	high noise
2147	   0	77.2	77.2	 678	OK
2148	   0	75.4	75.4	 634	OK
2149	   0	81.5	81.5	 780	OK
2150	   0	77.2	77.2	 673	OK
2151	   0	80.8	80.8	 801	OK
2152	   0	75.1	75.1	 745	OK
2153	4000	80.1	80.1	 849	high noise
2154	   0	76.2	76.2	 823	OK
2155	   0	74.3	74.3	 574	OK
2156	   0	81.1	81.1	 700	OK
2157	   0	71.3	71.3	 804	OK
2158	   0	71.3	71.3	 759	OK
2159	   0	74.2	74.2	 698	OK
2160	   0	69.2	69.2	 765	OK
2161	   0	77.0	77.0	 719	OK
2162	   0	79.0	79.0	 821	OK
2163	   0	75.2	75.2	 694	OK
2164	   0	79.8	79.8	 797	OK
2165	   0	81.7	81.7	 700	OK
2166	   0	80.4	80.4	 750	OK
2167	   0	77.1	77.1	 614	OK
2168	   0	75.1	75.1	 624	OK
2169	   0	78.0	78.0	 736	OK
2170	1000	81.9	81.9	 538	unbonded
2171	   0	77.5	77.5	 728	OK
2172	   0	74.8	74.8	 706	OK
2173	   0	80.3	80.3	 762	OK
2174	   0	76.7	76.7	 743	OK
2175	4000	75.4	75.4	 972	high noise
2176	   0	88.8	88.8	 564	OK
2177	   0	86.8	86.8	 706	OK
2178	   0	81.5	81.5	 700	OK
2179	4000	90.0	90.0	 802	high noise
2180	   0	88.3	88.3	 673	OK
2181	   0	85.5	85.5	 653	OK
2182	   0	80.0	80.0	 649	OK
2183	   0	88.8	88.8	 722	OK
2184	   0	90.9	90.9	 672	OK
2185	   0	84.2	84.2	 713	OK
2186	   0	86.7	86.7	 745	OK
2187	4000	93.2	93.2	 783	high noise
2188	   0	86.1	86.1	 546	OK
2189	   0	87.5	87.5	 756	OK
2190	   0	95.0	95.0	 613	OK
2191	   0	96.1	96.1	 692	OK
2192	4000	79.6	79.6	 770	high noise
2193	   0	86.7	86.7	 659	OK
2194	   0	91.5	91.5	 720	OK
2195	   0	88.8	88.8	 588	OK
2196	   0	94.6	94.6	 631	OK
2197	   0	96.6	96.6	 701	OK
2198	   0	89.8	89.8	 722	OK
2199	   0	85.4	85.4	 718	OK
2200	   0	84.8	84.8	 740	OK
2201	1000	83.0	83.0	 521	unbonded
2202	   0	87.7	87.7	 621	OK
2203	   0	90.8	90.8	 668	OK
2204	   0	85.3	85.3	 671	OK
2205	   0	99.0	99.0	 632	OK
2206	   0	85.6	85.6	 747	OK
2207	4000	86.6	86.6	 779	high noise
2208	   0	90.2	90.2	 721	OK
2209	   0	85.8	85.8	 641	OK
2210	4000	83.3	83.3	 815	high noise
2211	   0	93.1	93.1	 626	OK
2212	   0	87.7	87.7	 710	OK
2213	   0	83.6	83.6	 705	OK
2214	   0	90.0	90.0	 574	OK
2215	   0	83.6	83.6	 674	OK
2216	   0	84.2	84.2	 725	OK
2217	   0	89.6	89.6	 569	OK
2218	   0	88.7	88.7	 666	OK
2219	   0	98.3	98.3	 750	OK
2220	   0	88.0	88.0	 607	OK
2221	   0	86.1	86.1	 562	OK
2222	1000	85.1	85.1	 448	unbonded
2223	   0	95.5	95.5	 666	OK
2224	   0	87.1	87.1	 635	OK
2225	   0	90.8	90.8	 599	OK
2226	   0	84.8	84.8	 676	OK
2227	   0	88.9	88.9	 643	OK
2228	   0	87.9	87.9	 651	OK
2229	   0	86.2	86.2	 699	OK
2230	   0	84.8	84.8	 548	OK
2231	   0	98.3	98.3	 602	OK
2232	   0	78.4	78.4	 695	OK
2233	   0	86.0	86.0	 753	OK
2234	   0	89.8	89.8	 655	OK
2235	   0	86.9	86.9	 589	OK
2236	   0	86.4	86.4	 583	OK
2237	   0	94.7	94.7	 696	OK
2238	   0	93.8	93.8	 714	OK
2239	   0	95.6	95.6	 640	OK
2240	   0	93.3	93.3	 681	OK
2241	   0	90.2	90.2	 702	OK
2242	   0	90.5	90.5	 553	OK
2243	   0	96.4	96.4	 618	OK
2244	   0	97.6	97.6	 710	OK
2245	   0	85.6	85.6	 755	OK
2246	   0	91.4	91.4	 652	OK
2247	   0	85.6	85.6	 581	OK
2248	1000	85.6	85.6	 479	unbonded
2249	   0	86.8	86.8	 656	OK
2250	   0	91.3	91.3	 765	OK
2251	   0	90.2	90.2	 744	OK
2252	   0	85.4	85.4	 649	OK
2253	   0	93.0	93.0	 657	OK
2254	   0	90.7	90.7	 706	OK
2255	   0	85.9	85.9	 692	OK
2256	   0	90.5	90.5	 699	OK
2257	4000	85.6	85.6	 773	high noise
2258	   0	90.4	90.4	 568	OK
2259	   0	88.1	88.1	 651	OK
2260	   0	88.8	88.8	 551	OK
2261	   0	91.4	91.4	 682	OK
2262	   0	82.8	82.8	 719	OK
2263	   0	90.7	90.7	 658	OK
2264	   0	80.2	80.2	 599	OK
2265	1000	85.5	85.5	 514	unbonded
2266	4000	87.7	87.7	 807	high noise
2267	1000	85.2	85.2	 507	unbonded
2268	   0	98.5	98.5	 618	OK
2269	4000	90.6	90.6	 811	high noise
2270	   0	84.0	84.0	 626	OK
2271	   0	90.1	90.1	 677	OK
2272	   0	84.0	84.0	 618	OK
2273	   0	90.9	90.9	 618	OK
2274	   0	87.6	87.6	 683	OK
2275	4000	83.9	83.9	 776	high noise
2276	   0	81.4	81.4	 601	OK
2277	   0	85.3	85.3	 748	OK
2278	   0	88.4	88.4	 663	OK
2279	   0	85.0	85.0	 689	OK
2280	   0	89.4	89.4	 626	OK
2281	   0	84.6	84.6	 764	OK
2282	   0	88.7	88.7	 593	OK
2283	   0	87.6	87.6	 735	OK
2284	   0	83.7	83.7	 574	OK
2285	   0	85.2	85.2	 620	OK
2286	4000	76.1	76.1	 771	high noise
2287	4000	78.9	78.9	 799	high noise
2288	   0	92.5	92.5	 591	OK
2289	   0	88.3	88.3	 710	OK
2290	   0	84.6	84.6	 733	OK
2291	   0	86.8	86.8	 636	OK
2292	   0	86.3	86.3	 574	OK
2293	   0	85.8	85.8	 609	OK
2294	4000	83.0	83.0	 786	high noise
2295	   0	83.0	83.0	 594	OK
2296	   0	89.9	89.9	 589	OK
2297	   0	88.0	88.0	 719	OK
2298	   0	85.6	85.6	 715	OK
2299	   0	80.6	80.6	 665	OK
2300	   0	82.3	82.3	 687	OK
2301	   0	83.7	83.7	 673	OK
2302	   0	88.9	88.9	 588	OK
2303	4000	85.3	85.3	 849	high noise
2304	4000	81.6	81.6	 832	high noise
2305	   0	84.7	84.7	 625	OK
2306	   0	82.5	82.5	 619	OK
2307	   0	82.7	82.7	 669	OK
2308	   0	83.6	83.6	 641	OK
2309	   0	79.7	79.7	 634	OK
2310	   0	87.1	87.1	 685	OK
2311	   0	76.0	76.0	 697	OK
2312	   0	87.2	87.2	 821	OK
2313	   0	87.6	87.6	 795	OK
2314	   0	76.9	76.9	 615	OK
2315	   0	76.5	76.5	 670	OK
2316	   0	81.3	81.3	 779	OK
2317	   0	81.1	81.1	 710	OK
2318	   0	79.8	79.8	 807	OK
2319	   0	76.8	76.8	 715	OK
2320	   0	84.6	84.6	 778	OK
2321	   0	81.4	81.4	 628	OK
2322	4000	84.0	84.0	 866	high noise
2323	   0	86.7	86.7	 556	OK
2324	   0	81.1	81.1	 812	OK
2325	   0	84.6	84.6	 698	OK
2326	   0	88.1	88.1	 721	OK
2327	   0	83.5	83.5	 706	OK
2328	   0	84.5	84.5	 658	OK
2329	   0	85.7	85.7	 587	OK
2330	   0	78.2	78.2	 690	OK
2331	   0	84.4	84.4	 649	OK
2332	   0	87.3	87.3	 676	OK
2333	1000	86.6	86.6	 447	unbonded
2334	   0	89.3	89.3	 777	OK
2335	   0	80.2	80.2	 720	OK
2336	   0	88.1	88.1	 790	OK
2337	   0	86.3	86.3	 698	OK
2338	   0	80.2	80.2	 646	OK
2339	   0	87.1	87.1	 691	OK
2340	   0	78.9	78.9	 758	OK
2341	   0	85.6	85.6	 811	OK
2342	4000	81.3	81.3	 825	high noise
2343	   0	84.1	84.1	 671	OK
2344	   0	79.0	79.0	 684	OK
2345	   0	84.1	84.1	 759	OK
2346	   0	82.1	82.1	 771	OK
2347	   0	83.3	83.3	 647	OK
2348	   0	91.0	91.0	 593	OK
2349	   0	88.8	88.8	 766	OK
2350	   0	88.1	88.1	 601	OK
2351	   0	84.8	84.8	 683	OK
2352	   0	89.9	89.9	 796	OK
2353	   0	85.0	85.0	 627	OK
2354	4000	80.2	80.2	 823	high noise
2355	   0	83.1	83.1	 729	OK
2356	   0	83.8	83.8	 659	OK
2357	   0	89.1	89.1	 709	OK
2358	   0	84.2	84.2	 737	OK
2359	   0	86.8	86.8	 748	OK
2360	   0	87.3	87.3	 742	OK
2361	   0	86.1	86.1	 817	OK
2362	   0	88.4	88.4	 786	OK
2363	   0	87.2	87.2	 722	OK
2364	   0	79.3	79.3	 680	OK
2365	   0	81.8	81.8	 713	OK
2366	   0	85.6	85.6	 731	OK
2367	   0	85.9	85.9	 695	OK
2368	   0	80.8	80.8	 796	OK
2369	   0	85.6	85.6	 545	OK
2370	   0	78.1	78.1	 658	OK
2371	   0	93.0	93.0	 760	OK
2372	   0	87.2	87.2	 719	OK
2373	   0	79.9	79.9	 802	OK
2374	   0	89.2	89.2	 729	OK
2375	   0	92.9	92.9	 727	OK
2376	   0	82.1	82.1	 747	OK
2377	   0	81.3	81.3	 748	OK
2378	   0	89.3	89.3	 756	OK
2379	   0	89.5	89.5	 799	OK
2380	   0	84.7	84.7	 729	OK
2381	   0	76.4	76.4	 710	OK
2382	4000	85.7	85.7	 830	high noise
2383	   0	84.1	84.1	 668	OK
2384	   0	88.0	88.0	 665	OK
2385	   0	87.1	87.1	 723	OK
2386	   0	85.0	85.0	 740	OK
2387	   0	83.8	83.8	 757	OK
2388	4000	83.1	83.1	 862	high noise
2389	   0	87.0	87.0	 786	OK
2390	4000	84.2	84.2	 873	high noise
2391	   0	84.2	84.2	 775	OK
2392	   0	79.8	79.8	 751	OK
2393	4000	87.0	87.0	 835	high noise
2394	   0	88.3	88.3	 605	OK
2395	   0	79.3	79.3	 756	OK
2396	   0	81.2	81.2	 708	OK
2397	   0	86.8	86.8	 639	OK
2398	   0	84.3	84.3	 755	OK
2399	   0	86.6	86.6	 719	OK
2400	   0	89.3	89.3	 778	OK
2401	   0	86.0	86.0	 769	OK
2402	   0	87.9	87.9	 667	OK
2403	   0	83.8	83.8	 747	OK
2404	   0	82.1	82.1	 669	OK
2405	   0	93.8	93.8	 718	OK
2406	   0	84.9	84.9	 608	OK
2407	   0	83.1	83.1	 664	OK
2408	   0	74.8	74.8	 593	OK
2409	   0	81.1	81.1	 596	OK
2410	   0	89.4	89.4	 780	OK
2411	4000	82.2	82.2	 915	high noise
2412	   0	85.5	85.5	 559	OK
2413	4000	90.2	90.2	 823	high noise
2414	   0	82.3	82.3	 641	OK
2415	   0	78.4	78.4	 771	OK
2416	   0	85.7	85.7	 759	OK
2417	   0	95.5	95.5	 640	OK
2418	   0	86.2	86.2	 608	OK
2419	   0	82.3	82.3	 700	OK
2420	   0	75.6	75.6	 673	OK
2421	   0	86.3	86.3	 629	OK
2422	   0	83.7	83.7	 605	OK
2423	   0	88.9	88.9	 558	OK
2424	   0	82.1	82.1	 666	OK
2425	   0	86.9	86.9	 761	OK
2426	   0	76.7	76.7	 580	OK
2427	   0	83.3	83.3	 779	OK
2428	   0	89.7	89.7	 710	OK
2429	4000	83.0	83.0	 866	high noise
2430	   0	78.4	78.4	 792	OK
2431	   0	89.2	89.2	 794	OK
2432	   0	92.4	92.4	 556	OK
2433	   0	85.7	85.7	 613	OK
2434	4000	85.1	85.1	 799	high noise
2435	   0	78.9	78.9	 759	OK
2436	   0	87.5	87.5	 613	OK
2437	   0	92.4	92.4	 618	OK
2438	   0	90.1	90.1	 733	OK
2439	   0	90.2	90.2	 631	OK
2440	4000	87.1	87.1	 779	high noise
2441	   0	97.6	97.6	 700	OK
2442	   0	97.1	97.1	 544	OK
2443	   0	86.7	86.7	 555	OK
2444	   0	89.3	89.3	 735	OK
2445	   0	94.4	94.4	 620	OK
2446	   0	100.1	100.1	 643	OK
2447	   0	86.0	86.0	 653	OK
2448	   0	82.1	82.1	 721	OK
2449	   0	90.6	90.6	 708	OK
2450	   0	89.6	89.6	 659	OK
2451	4000	86.3	86.3	 817	high noise
2452	   0	87.2	87.2	 710	OK
2453	   0	94.4	94.4	 661	OK
2454	   0	83.7	83.7	 563	OK
2455	   0	90.0	90.0	 551	OK
2456	   0	87.0	87.0	 678	OK
2457	4000	84.4	84.4	 837	high noise
2458	   0	82.3	82.3	 751	OK
2459	4000	92.0	92.0	 830	high noise
2460	   0	86.4	86.4	 555	OK
2461	   0	83.3	83.3	 707	OK
2462	   0	88.8	88.8	 697	OK
2463	   0	90.7	90.7	 596	OK
2464	1000	94.5	94.5	 485	unbonded
2465	   0	93.4	93.4	 691	OK
2466	   0	88.1	88.1	 711	OK
2467	   0	86.7	86.7	 582	OK
2468	   0	78.9	78.9	 735	OK
2469	4000	86.4	86.4	 788	high noise
2470	   0	91.8	91.8	 759	OK
2471	   0	81.8	81.8	 677	OK
2472	   0	88.3	88.3	 651	OK
2473	   0	91.3	91.3	 610	OK
2474	   0	89.5	89.5	 761	OK
2475	   0	85.3	85.3	 616	OK
2476	   0	94.2	94.2	 629	OK
2477	   0	86.8	86.8	 633	OK
2478	   0	93.9	93.9	 596	OK
2479	   0	92.9	92.9	 656	OK
2480	   0	88.6	88.6	 594	OK
2481	   0	88.6	88.6	 619	OK
2482	   0	91.4	91.4	 619	OK
2483	4000	85.7	85.7	 823	high noise
2484	   0	92.9	92.9	 686	OK
2485	   0	94.7	94.7	 652	OK
2486	   0	96.3	96.3	 754	OK
2487	   0	81.3	81.3	 667	OK
2488	   0	92.2	92.2	 624	OK
2489	   0	85.7	85.7	 574	OK
2490	1000	85.3	85.3	 424	unbonded
2491	   0	90.7	90.7	 618	OK
2492	   0	95.0	95.0	 679	OK
2493	   0	94.7	94.7	 670	OK
2494	   0	90.7	90.7	 658	OK
2495	   0	91.0	91.0	 716	OK
2496	   0	88.2	88.2	 732	OK
2497	   0	97.0	97.0	 627	OK
2498	   0	100.0	100.0	 660	OK
2499	   0	92.2	92.2	 627	OK
2500	   0	84.0	84.0	 630	OK
2501	1000	87.1	87.1	 536	unbonded
2502	   0	85.6	85.6	 653	OK
2503	   0	93.2	93.2	 733	OK
2504	1000	92.3	92.3	 514	unbonded
2505	4000	89.0	89.0	 772	high noise
2506	   0	95.1	95.1	 632	OK
2507	   0	90.4	90.4	 690	OK
2508	   0	87.6	87.6	 663	OK
2509	   0	86.6	86.6	 684	OK
2510	   0	84.1	84.1	 577	OK
2511	4000	93.1	93.1	 811	high noise
2512	   0	87.6	87.6	 659	OK
2513	   0	90.6	90.6	 699	OK
2514	   0	94.0	94.0	 646	OK
2515	   0	94.6	94.6	 654	OK
2516	   0	88.2	88.2	 659	OK
2517	   0	87.6	87.6	 645	OK
2518	1000	83.4	83.4	 532	unbonded
2519	   0	90.6	90.6	 635	OK
2520	   0	93.6	93.6	 708	OK
2521	   0	88.9	88.9	 705	OK
2522	   0	95.3	95.3	 753	OK
2523	   0	86.3	86.3	 600	OK
2524	   0	86.9	86.9	 549	OK
2525	   0	95.5	95.5	 630	OK
2526	   0	83.6	83.6	 714	OK
2527	   0	90.2	90.2	 698	OK
2528	1000	86.3	86.3	 496	unbonded
2529	4000	94.6	94.6	 789	high noise
2530	   0	94.6	94.6	 761	OK
2531	   0	92.3	92.3	 755	OK
2532	   0	87.8	87.8	 585	OK
2533	   0	88.0	88.0	 729	OK
2534	   0	90.8	90.8	 628	OK
2535	   0	93.1	93.1	 744	OK
2536	   0	85.2	85.2	 692	OK
2537	   0	98.7	98.7	 664	OK
2538	   0	87.5	87.5	 737	OK
2539	   0	86.4	86.4	 702	OK
2540	   0	90.2	90.2	 652	OK
2541	   0	93.8	93.8	 680	OK
2542	   0	88.9	88.9	 681	OK
2543	   0	89.7	89.7	 641	OK
2544	   0	91.4	91.4	 662	OK
2545	   0	94.8	94.8	 740	OK
2546	   0	84.1	84.1	 680	OK
2547	   0	91.5	91.5	 686	OK
2548	   0	95.4	95.4	 582	OK
2549	   0	91.8	91.8	 606	OK
2550	   0	94.6	94.6	 631	OK
2551	   0	86.9	86.9	 755	OK
2552	   0	96.2	96.2	 629	OK
2553	4000	87.1	87.1	 797	high noise
2554	   0	96.1	96.1	 588	OK
2555	4000	94.4	94.4	 802	high noise
2556	   0	94.7	94.7	 736	OK
2557	4000	84.6	84.6	 809	high noise
2558	1000	83.4	83.4	 534	unbonded
2559	4000	101.7	101.7	 934	high noise
