#chan	code	gain	offset	innse	comment
   0	   0	83.5	83.5	 655	OK
   1	4000	87.7	87.7	 821	high noise
   2	   0	80.3	80.3	 658	OK
   3	   0	82.8	82.8	 617	OK
   4	   0	81.3	81.3	 686	OK
   5	   0	83.8	83.8	 613	OK
   6	   0	83.4	83.4	 691	OK
   7	   0	80.9	80.9	 676	OK
   8	   0	82.2	82.2	 555	OK
   9	1000	79.1	79.1	 520	unbonded
  10	   0	75.6	75.6	 716	OK
  11	   0	86.7	86.7	 639	OK
  12	   0	80.9	80.9	 708	OK
  13	   0	77.5	77.5	 716	OK
  14	   0	84.1	84.1	 607	OK
  15	   0	90.8	90.8	 609	OK
  16	   0	72.4	72.4	 650	OK
  17	   0	82.1	82.1	 643	OK
  18	   0	86.0	86.0	 580	OK
  19	   0	80.8	80.8	 624	OK
  20	   0	85.7	85.7	 716	OK
  21	   0	89.8	89.8	 682	OK
  22	   0	85.3	85.3	 754	OK
  23	   0	79.4	79.4	 609	OK
  24	   0	83.4	83.4	 585	OK
  25	4000	89.3	89.3	 781	high noise
  26	   0	86.1	86.1	 595	OK
  27	   0	81.8	81.8	 729	OK
  28	   0	85.7	85.7	 615	OK
  29	   0	79.2	79.2	 666	OK
  30	   0	80.3	80.3	 637	OK
  31	   0	82.4	82.4	 616	OK
  32	1000	86.6	86.6	 498	unbonded
  33	   0	81.4	81.4	 662	OK
  34	   0	82.6	82.6	 769	OK
  35	   0	85.1	85.1	 692	OK
  36	   0	75.6	75.6	 726	OK
  37	   0	83.9	83.9	 700	OK
  38	   0	82.7	82.7	 686	OK
  39	   0	76.7	76.7	 566	OK
  40	   0	79.9	79.9	 751	OK
  41	   0	83.5	83.5	 643	OK
  42	   0	77.5	77.5	 569	OK
  43	   0	82.4	82.4	 711	OK
  44	   0	85.5	85.5	 584	OK
  45	4000	80.4	80.4	 788	high noise
  46	   0	83.3	83.3	 619	OK
  47	1000	84.1	84.1	 392	unbonded
  48	   0	83.0	83.0	 714	OK
  49	4000	80.8	80.8	 801	high noise
  50	4000	84.6	84.6	 782	high noise
  51	4000	85.9	85.9	 873	high noise
  52	   0	82.4	82.4	 670	OK
  53	   0	80.0	80.0	 685	OK
  54	   0	85.7	85.7	 614	OK
  55	   0	81.7	81.7	 726	OK
  56	4000	78.3	78.3	 813	high noise
  57	   0	79.7	79.7	 680	OK
  58	4000	86.6	86.6	 837	high noise
  59	   0	86.0	86.0	 570	OK
  60	   0	86.7	86.7	 715	OK
  61	   0	82.7	82.7	 674	OK
  62	   0	83.2	83.2	 699	OK
  63	   0	87.2	87.2	 721	OK
  64	   0	86.5	86.5	 766	OK
  65	   0	83.6	83.6	 589	OK
  66	   0	85.7	85.7	 646	OK
  67	   0	84.9	84.9	 629	OK
  68	   0	76.2	76.2	 728	OK
  69	   0	86.4	86.4	 692	OK
  70	   0	81.6	81.6	 613	OK
  71	   0	81.9	81.9	 613	OK
  72	   0	85.0	85.0	 649	OK
  73	   0	86.5	86.5	 559	OK
  74	   0	75.9	75.9	 663	OK
  75	   0	84.6	84.6	 585	OK
  76	   0	88.3	88.3	 696	OK
  77	   0	82.9	82.9	 644	OK
  78	   0	84.4	84.4	 583	OK
  79	   0	89.1	89.1	 548	OK
  80	   0	85.4	85.4	 677	OK
  81	   0	83.8	83.8	 620	OK
  82	   0	87.1	87.1	 743	OK
  83	   0	78.3	78.3	 699	OK
  84	   0	84.3	84.3	 756	OK
  85	   0	83.9	83.9	 592	OK
  86	   0	78.2	78.2	 687	OK
  87	   0	78.4	78.4	 711	OK
  88	   0	78.5	78.5	 678	OK
  89	   0	82.4	82.4	 639	OK
  90	   0	83.5	83.5	 634	OK
  91	   0	88.8	88.8	 656	OK
  92	   0	79.4	79.4	 732	OK
  93	   0	84.2	84.2	 661	OK
  94	   0	81.6	81.6	 754	OK
  95	   0	87.6	87.6	 684	OK
  96	4000	77.8	77.8	 803	high noise
  97	   0	81.9	81.9	 665	OK
  98	4000	93.4	93.4	 806	high noise
  99	   0	85.4	85.4	 639	OK
 100	4000	79.7	79.7	 826	high noise
 101	   0	84.6	84.6	 659	OK
 102	   0	84.6	84.6	 575	OK
 103	   0	84.5	84.5	 584	OK
 104	   0	77.5	77.5	 670	OK
 105	   0	86.2	86.2	 575	OK
 106	   0	83.5	83.5	 626	OK
 107	   0	76.1	76.1	 668	OK
 108	   0	81.9	81.9	 705	OK
 109	   0	78.9	78.9	 665	OK
 110	   0	80.7	80.7	 614	OK
 111	   0	81.4	81.4	 731	OK
 112	   0	76.5	76.5	 610	OK
 113	   0	78.6	78.6	 550	OK
 114	4000	79.7	79.7	 808	high noise
 115	   0	76.9	76.9	 745	OK
 116	   0	83.4	83.4	 673	OK
 117	   0	82.1	82.1	 577	OK
 118	   0	84.3	84.3	 742	OK
 119	   0	87.4	87.4	 651	OK
 120	   0	83.3	83.3	 633	OK
 121	4000	81.2	81.2	 805	high noise
 122	   0	85.8	85.8	 578	OK
 123	   0	77.1	77.1	 625	OK
 124	4000	79.1	79.1	 901	high noise
 125	   0	82.2	82.2	 768	OK
 126	   0	79.7	79.7	 688	OK
 127	4000	86.4	86.4	 811	high noise
 128	   0	76.9	76.9	 647	OK
 129	   0	81.7	81.7	 642	OK
 130	   0	75.6	75.6	 731	OK
 131	   0	76.7	76.7	 614	OK
 132	   0	70.2	70.2	 789	OK
 133	   0	74.8	74.8	 748	OK
 134	   0	73.6	73.6	 633	OK
 135	   0	72.6	72.6	 804	OK
 136	   0	80.7	80.7	 614	OK
 137	   0	74.7	74.7	 720	OK
 138	   0	80.4	80.4	 726	OK
 139	   0	68.7	68.7	 735	OK
 140	   0	73.2	73.2	 616	OK
 141	   0	78.7	78.7	 720	OK
 142	   0	70.3	70.3	 709	OK
 143	4000	74.9	74.9	 809	high noise
 144	   0	81.7	81.7	 574	OK
 145	   0	74.3	74.3	 617	OK
 146	   0	76.9	76.9	 656	OK
 147	4000	82.7	82.7	 851	high noise
 148	4000	73.0	73.0	 811	high noise
 149	   0	72.8	72.8	 609	OK
 150	   0	74.0	74.0	 717	OK
 151	   0	81.4	81.4	 655	OK
 152	   0	75.3	75.3	 721	OK
 153	   0	80.1	80.1	 715	OK
 154	   0	77.8	77.8	 607	OK
 155	   0	76.4	76.4	 746	OK
 156	   0	75.8	75.8	 762	OK
 157	   0	73.2	73.2	 658	OK
 158	   0	75.5	75.5	 698	OK
 159	   0	70.7	70.7	 762	OK
 160	   0	74.7	74.7	 641	OK
 161	   0	79.9	79.9	 718	OK
 162	   0	80.0	80.0	 709	OK
 163	4000	70.3	70.3	 833	high noise
 164	   0	79.7	79.7	 689	OK
 165	   0	73.8	73.8	 711	OK
 166	   0	71.6	71.6	 637	OK
 167	   0	75.1	75.1	 713	OK
 168	4000	76.1	76.1	 823	high noise
 169	   0	76.3	76.3	 680	OK
 170	4000	81.5	81.5	 849	high noise
 171	   0	65.9	65.9	 736	OK
 172	   0	71.0	71.0	 704	OK
 173	   0	81.5	81.5	 666	OK
 174	1000	82.4	82.4	 513	unbonded
 175	   0	71.5	71.5	 801	OK
 176	   0	77.3	77.3	 774	OK
 177	   0	80.9	80.9	 666	OK
 178	   0	78.2	78.2	 762	OK
 179	   0	76.5	76.5	 656	OK
 180	   0	74.0	74.0	 697	OK
 181	   0	76.3	76.3	 791	OK
 182	   0	74.0	74.0	 718	OK
 183	   0	79.0	79.0	 782	OK
 184	   0	74.6	74.6	 656	OK
 185	   0	78.9	78.9	 629	OK
 186	   0	76.9	76.9	 769	OK
 187	   0	77.2	77.2	 600	OK
 188	   0	73.2	73.2	 631	OK
 189	   0	76.7	76.7	 806	OK
 190	   0	80.4	80.4	 704	OK
 191	   0	77.8	77.8	 689	OK
 192	   0	80.1	80.1	 756	OK
 193	   0	86.5	86.5	 753	OK
 194	   0	75.4	75.4	 769	OK
 195	   0	78.6	78.6	 669	OK
 196	   0	75.5	75.5	 748	OK
 197	   0	76.3	76.3	 661	OK
 198	   0	73.6	73.6	 784	OK
 199	   0	76.4	76.4	 664	OK
 200	   0	75.1	75.1	 742	OK
 201	   0	75.2	75.2	 771	OK
 202	   0	73.6	73.6	 751	OK
 203	   0	78.7	78.7	 681	OK
 204	   0	76.7	76.7	 757	OK
 205	   0	74.3	74.3	 662	OK
 206	   0	79.7	79.7	 802	OK
 207	4000	76.6	76.6	 866	high noise
 208	   0	74.6	74.6	 659	OK
 209	   0	71.8	71.8	 590	OK
 210	   0	75.6	75.6	 697	OK
 211	   0	80.8	80.8	 642	OK
 212	   0	78.8	78.8	 751	OK
 213	   0	70.7	70.7	 556	OK
 214	   0	71.6	71.6	 743	OK
 215	   0	73.8	73.8	 669	OK
 216	   0	77.6	77.6	 694	OK
 217	   0	74.3	74.3	 550	OK
 218	   0	69.4	69.4	 796	OK
 219	   0	74.3	74.3	 737	OK
 220	   0	74.3	74.3	 687	OK
 221	   0	74.6	74.6	 658	OK
 222	   0	78.4	78.4	 766	OK
 223	   0	76.8	76.8	 636	OK
 224	   0	76.8	76.8	 718	OK
 225	   0	72.7	72.7	 681	OK
 226	   0	79.6	79.6	 760	OK
 227	4000	72.9	72.9	 838	high noise
 228	   0	75.2	75.2	 675	OK
 229	   0	74.7	74.7	 715	OK
 230	   0	74.6	74.6	 570	OK
 231	   0	74.4	74.4	 709	OK
 232	1000	76.0	76.0	 526	unbonded
 233	   0	68.2	68.2	 779	OK
 234	   0	73.5	73.5	 695	OK
 235	   0	73.9	73.9	 688	OK
 236	   0	75.7	75.7	 711	OK
 237	   0	76.9	76.9	 783	OK
 238	   0	74.4	74.4	 624	OK
 239	   0	74.7	74.7	 590	OK
 240	   0	75.2	75.2	 710	OK
 241	   0	76.4	76.4	 679	OK
 242	   0	72.7	72.7	 651	OK
 243	   0	78.3	78.3	 638	OK
 244	   0	79.8	79.8	 778	OK
 245	   0	75.4	75.4	 731	OK
 246	   0	74.1	74.1	 640	OK
 247	   0	74.9	74.9	 598	OK
 248	   0	74.6	74.6	 609	OK
 249	   0	73.0	73.0	 703	OK
 250	   0	74.6	74.6	 742	OK
 251	   0	77.9	77.9	 724	OK
 252	   0	75.8	75.8	 737	OK
 253	   0	73.3	73.3	 700	OK
 254	   0	72.2	72.2	 723	OK
 255	   0	75.3	75.3	 670	OK
 256	   0	89.5	89.5	 711	OK
 257	   0	80.2	80.2	 689	OK
 258	   0	79.8	79.8	 731	OK
 259	   0	83.6	83.6	 607	OK
 260	   0	85.5	85.5	 591	OK
 261	   0	85.6	85.6	 593	OK
 262	   0	89.9	89.9	 563	OK
 263	   0	81.0	81.0	 609	OK
 264	   0	88.2	88.2	 702	OK
 265	   0	83.8	83.8	 713	OK
 266	   0	80.5	80.5	 729	OK
 267	   0	83.2	83.2	 595	OK
 268	   0	78.9	78.9	 705	OK
 269	   0	81.8	81.8	 709	OK
 270	   0	85.4	85.4	 586	OK
 271	   0	87.1	87.1	 687	OK
 272	   0	79.0	79.0	 735	OK
 273	   0	83.5	83.5	 679	OK
 274	   0	84.0	84.0	 654	OK
 275	   0	78.5	78.5	 757	OK
 276	   0	84.4	84.4	 551	OK
 277	4000	83.2	83.2	 802	high noise
 278	   0	81.7	81.7	 593	OK
 279	   0	77.9	77.9	 715	OK
 280	   0	75.5	75.5	 650	OK
 281	   0	84.0	84.0	 667	OK
 282	   0	88.8	88.8	 629	OK
 283	   0	81.5	81.5	 645	OK
 284	   0	77.8	77.8	 704	OK
 285	1000	84.0	84.0	 536	unbonded
 286	   0	90.6	90.6	 660	OK
 287	   0	78.9	78.9	 618	OK
 288	   0	86.3	86.3	 667	OK
 289	   0	89.0	89.0	 751	OK
 290	   0	86.5	86.5	 574	OK
 291	4000	77.0	77.0	 881	high noise
 292	1000	87.1	87.1	 480	unbonded
 293	   0	79.6	79.6	 674	OK
 294	   0	87.8	87.8	 572	OK
 295	   0	84.0	84.0	 696	OK
 296	   0	88.9	88.9	 765	OK
 297	   0	82.1	82.1	 563	OK
 298	   0	86.2	86.2	 580	OK
 299	   0	84.5	84.5	 694	OK
 300	   0	84.9	84.9	 760	OK
 301	   0	82.7	82.7	 711	OK
 302	   0	85.0	85.0	 766	OK
 303	   0	81.4	81.4	 574	OK
 304	4000	84.3	84.3	 851	high noise
 305	   0	89.0	89.0	 719	OK
 306	   0	85.7	85.7	 638	OK
 307	   0	82.6	82.6	 750	OK
 308	   0	78.9	78.9	 780	OK
 309	   0	86.2	86.2	 611	OK
 310	   0	84.0	84.0	 707	OK
 311	   0	78.1	78.1	 709	OK
 312	   0	78.7	78.7	 755	OK
 313	   0	82.1	82.1	 600	OK
 314	   0	81.1	81.1	 639	OK
 315	   0	82.5	82.5	 740	OK
 316	   0	79.4	79.4	 681	OK
 317	   0	81.8	81.8	 680	OK
 318	   0	86.2	86.2	 569	OK
 319	   0	84.7	84.7	 751	OK
 320	   0	86.1	86.1	 738	OK
 321	   0	83.1	83.1	 667	OK
 322	   0	82.7	82.7	 552	OK
 323	   0	82.6	82.6	 710	OK
 324	   0	79.5	79.5	 628	OK
 325	   0	81.6	81.6	 666	OK
 326	   0	77.2	77.2	 760	OK
 327	   0	86.1	86.1	 699	OK
 328	   0	84.9	84.9	 678	OK
 329	4000	82.2	82.2	 803	high noise
 330	4000	86.1	86.1	 797	high noise
 331	4000	79.0	79.0	 845	high noise
 332	   0	80.7	80.7	 553	OK
 333	   0	84.5	84.5	 581	OK
 334	   0	89.4	89.4	 712	OK
 335	   0	81.5	81.5	 637	OK
 336	1000	81.3	81.3	 479	unbonded
 337	   0	81.5	81.5	 746	OK
 338	   0	75.7	75.7	 768	OK
 339	   0	84.1	84.1	 691	OK
 340	   0	84.8	84.8	 774	OK
 341	4000	81.9	81.9	 795	high noise
 342	   0	81.8	81.8	 622	OK
 343	   0	86.7	86.7	 749	OK
 344	   0	84.4	84.4	 701	OK
 345	   0	84.3	84.3	 658	OK
 346	   0	81.1	81.1	 607	OK
 347	   0	85.1	85.1	 691	OK
 348	   0	83.8	83.8	 715	OK
 349	4000	84.0	84.0	 821	high noise
 350	   0	78.5	78.5	 660	OK
 351	   0	80.7	80.7	 709	OK
 352	   0	83.6	83.6	 689	OK
 353	   0	82.6	82.6	 753	OK
 354	4000	84.9	84.9	 845	high noise
 355	   0	83.2	83.2	 602	OK
 356	   0	87.8	87.8	 612	OK
 357	   0	78.0	78.0	 576	OK
 358	4000	76.8	76.8	 804	high noise
 359	   0	84.7	84.7	 607	OK
 360	   0	78.3	78.3	 730	OK
 361	4000	73.8	73.8	 855	high noise
 362	   0	82.5	82.5	 676	OK
 363	4000	77.8	77.8	 852	high noise
 364	   0	81.2	81.2	 772	OK
 365	   0	84.8	84.8	 723	OK
 366	   0	82.4	82.4	 707	OK
 367	   0	79.6	79.6	 740	OK
 368	   0	91.0	91.0	 705	OK
 369	   0	83.8	83.8	 686	OK
 370	   0	83.7	83.7	 641	OK
 371	   0	90.4	90.4	 681	OK
 372	   0	73.9	73.9	 596	OK
 373	   0	77.6	77.6	 595	OK
 374	   0	86.7	86.7	 680	OK
 375	   0	79.0	79.0	 589	OK
 376	   0	82.8	82.8	 694	OK
 377	   0	82.0	82.0	 750	OK
 378	   0	84.8	84.8	 690	OK
 379	   0	85.2	85.2	 627	OK
 380	   0	84.3	84.3	 704	OK
 381	4000	85.5	85.5	 926	high noise
 382	   0	86.1	86.1	 773	OK
 383	   0	86.3	86.3	 647	OK
 384	   0	88.3	88.3	 588	OK
 385	   0	88.7	88.7	 653	OK
 386	   0	89.1	89.1	 633	OK
 387	   0	83.8	83.8	 672	OK
 388	   0	91.5	91.5	 678	OK
 389	   0	91.4	91.4	 689	OK
 390	   0	87.8	87.8	 577	OK
 391	   0	90.7	90.7	 569	OK
 392	   0	93.7	93.7	 661	OK
 393	   0	88.1	88.1	 696	OK
 394	   0	92.8	92.8	 592	OK
 395	   0	93.3	93.3	 638	OK
 396	   0	92.1	92.1	 601	OK
 397	   0	90.7	90.7	 723	OK
 398	   0	85.6	85.6	 723	OK
 399	8000	92.5	92.5	 540	partbonded
 400	   0	91.0	91.0	 697	OK
 401	   0	82.9	82.9	 549	OK
 402	   0	89.2	89.2	 611	OK
 403	   0	87.2	87.2	 592	OK
 404	   0	84.3	84.3	 601	OK
 405	   0	95.6	95.6	 579	OK
 406	4000	86.9	86.9	 772	high noise
 407	   0	92.3	92.3	 715	OK
 408	1000	97.0	97.0	 434	unbonded
 409	   0	88.9	88.9	 730	OK
 410	   0	88.8	88.8	 666	OK
 411	   0	86.3	86.3	 668	OK
 412	   0	90.1	90.1	 568	OK
 413	   0	84.9	84.9	 607	OK
 414	   0	87.4	87.4	 601	OK
 415	   0	87.2	87.2	 621	OK
 416	   0	96.0	96.0	 613	OK
 417	   0	90.0	90.0	 554	OK
 418	4000	91.3	91.3	 773	high noise
 419	   0	91.1	91.1	 624	OK
 420	   0	95.6	95.6	 627	OK
 421	   0	93.7	93.7	 697	OK
 422	   0	90.4	90.4	 641	OK
 423	   0	89.1	89.1	 580	OK
 424	   0	98.0	98.0	 698	OK
 425	   0	84.7	84.7	 617	OK
 426	   0	87.5	87.5	 654	OK
 427	   0	89.2	89.2	 649	OK
 428	   0	88.4	88.4	 555	OK
 429	   0	90.0	90.0	 578	OK
 430	   0	90.4	90.4	 649	OK
 431	   0	93.2	93.2	 695	OK
 432	   0	95.8	95.8	 675	OK
 433	   0	89.6	89.6	 740	OK
 434	4000	94.1	94.1	 753	high noise
 435	   0	86.3	86.3	 706	OK
 436	   0	91.0	91.0	 697	OK
 437	4000	96.3	96.3	 765	high noise
 438	1000	87.6	87.6	 499	unbonded
 439	   0	93.9	93.9	 561	OK
 440	   0	90.6	90.6	 662	OK
 441	4000	93.6	93.6	 814	high noise
 442	   0	101.9	101.9	 671	OK
 443	   0	92.3	92.3	 719	OK
 444	   0	95.6	95.6	 684	OK
 445	   0	91.6	91.6	 620	OK
 446	   0	93.2	93.2	 571	OK
 447	   0	91.3	91.3	 568	OK
 448	4000	85.6	85.6	 763	high noise
 449	   0	88.4	88.4	 647	OK
 450	   0	89.3	89.3	 699	OK
 451	   0	88.5	88.5	 578	OK
 452	   0	85.7	85.7	 715	OK
 453	4000	87.6	87.6	 763	high noise
 454	   0	94.2	94.2	 693	OK
 455	   0	84.5	84.5	 664	OK
 456	   0	87.5	87.5	 684	OK
 457	   0	94.3	94.3	 650	OK
 458	   0	92.1	92.1	 660	OK
 459	   0	94.8	94.8	 566	OK
 460	   0	88.6	88.6	 675	OK
 461	   0	87.9	87.9	 649	OK
 462	   0	85.4	85.4	 541	OK
 463	   0	86.2	86.2	 669	OK
 464	   0	83.7	83.7	 556	OK
 465	   0	97.9	97.9	 626	OK
 466	   0	83.8	83.8	 679	OK
 467	   0	90.4	90.4	 645	OK
 468	   0	87.6	87.6	 704	OK
 469	   0	91.8	91.8	 667	OK
 470	   0	92.8	92.8	 631	OK
 471	   0	84.9	84.9	 567	OK
 472	   0	86.5	86.5	 588	OK
 473	   0	87.5	87.5	 668	OK
 474	1000	82.4	82.4	 518	unbonded
 475	   0	85.3	85.3	 680	OK
 476	   0	92.3	92.3	 737	OK
 477	4000	89.8	89.8	 783	high noise
 478	   0	81.3	81.3	 572	OK
 479	   0	94.2	94.2	 598	OK
 480	   0	87.2	87.2	 562	OK
 481	   0	85.1	85.1	 587	OK
 482	   0	84.7	84.7	 638	OK
 483	4000	87.5	87.5	 758	high noise
 484	   0	85.2	85.2	 646	OK
 485	   0	88.1	88.1	 664	OK
 486	   0	77.0	77.0	 575	OK
 487	   0	82.7	82.7	 738	OK
 488	   0	85.5	85.5	 642	OK
 489	   0	88.2	88.2	 668	OK
 490	4000	86.7	86.7	 755	high noise
 491	1000	92.4	92.4	 525	unbonded
 492	   0	88.7	88.7	 608	OK
 493	   0	84.3	84.3	 695	OK
 494	   0	87.6	87.6	 683	OK
 495	   0	83.5	83.5	 640	OK
 496	   0	87.5	87.5	 633	OK
 497	   0	94.7	94.7	 735	OK
 498	   0	85.8	85.8	 661	OK
 499	   0	88.4	88.4	 626	OK
 500	   0	86.6	86.6	 631	OK
 501	   0	95.1	95.1	 630	OK
 502	   0	91.4	91.4	 709	OK
 503	   0	92.9	92.9	 668	OK
 504	   0	88.5	88.5	 661	OK
 505	   0	82.1	82.1	 615	OK
 506	4000	90.8	90.8	 748	high noise
 507	   0	84.8	84.8	 642	OK
 508	   0	89.9	89.9	 602	OK
 509	1000	81.6	81.6	 533	unbonded
 510	4000	84.9	84.9	 782	high noise
 511	   0	84.7	84.7	 700	OK
 512	1000	90.0	90.0	 536	unbonded
 513	1000	85.0	85.0	 523	unbonded
 514	   0	83.6	83.6	 678	OK
 515	   0	81.8	81.8	 626	OK
 516	   0	86.1	86.1	 568	OK
 517	   0	83.2	83.2	 670	OK
 518	   0	81.2	81.2	 698	OK
 519	   0	88.6	88.6	 710	OK
 520	   0	78.2	78.2	 545	OK
 521	   0	86.7	86.7	 549	OK
 522	   0	87.3	87.3	 656	OK
 523	1000	89.6	89.6	 488	unbonded
 524	   0	83.1	83.1	 738	OK
 525	   0	84.8	84.8	 598	OK
 526	   0	85.2	85.2	 707	OK
 527	   0	93.2	93.2	 738	OK
 528	   0	83.9	83.9	 589	OK
 529	   0	79.8	79.8	 697	OK
 530	   0	85.7	85.7	 648	OK
 531	   0	82.9	82.9	 545	OK
 532	   0	97.2	97.2	 602	OK
 533	   0	85.9	85.9	 681	OK
 534	1000	81.4	81.4	 403	unbonded
 535	   0	86.8	86.8	 723	OK
 536	   0	82.3	82.3	 676	OK
 537	   0	81.5	81.5	 596	OK
 538	   0	80.4	80.4	 711	OK
 539	   0	84.3	84.3	 549	OK
 540	   0	89.1	89.1	 731	OK
 541	   0	84.6	84.6	 677	OK
 542	   0	78.4	78.4	 722	OK
 543	   0	75.4	75.4	 614	OK
 544	1000	90.4	90.4	 500	unbonded
 545	   0	89.4	89.4	 702	OK
 546	   0	89.3	89.3	 698	OK
 547	   0	87.9	87.9	 615	OK
 548	   0	80.3	80.3	 693	OK
 549	   0	94.6	94.6	 545	OK
 550	1000	91.2	91.2	 523	unbonded
 551	   0	87.3	87.3	 641	OK
 552	   0	79.0	79.0	 571	OK
 553	   0	83.8	83.8	 677	OK
 554	   0	79.8	79.8	 698	OK
 555	   0	87.8	87.8	 584	OK
 556	   0	89.0	89.0	 680	OK
 557	   0	83.4	83.4	 641	OK
 558	   0	84.7	84.7	 711	OK
 559	   0	87.7	87.7	 589	OK
 560	   0	80.9	80.9	 588	OK
 561	   0	88.4	88.4	 644	OK
 562	4000	88.3	88.3	 750	high noise
 563	   0	95.2	95.2	 666	OK
 564	   0	84.7	84.7	 651	OK
 565	   0	85.1	85.1	 620	OK
 566	   0	84.3	84.3	 714	OK
 567	   0	88.0	88.0	 638	OK
 568	   0	85.4	85.4	 661	OK
 569	   0	86.7	86.7	 699	OK
 570	   0	82.0	82.0	 712	OK
 571	   0	87.8	87.8	 635	OK
 572	   0	89.7	89.7	 609	OK
 573	   0	91.3	91.3	 567	OK
 574	   0	85.9	85.9	 641	OK
 575	4000	91.2	91.2	 810	high noise
 576	   0	85.9	85.9	 654	OK
 577	   0	85.4	85.4	 635	OK
 578	1000	89.9	89.9	 537	unbonded
 579	   0	94.4	94.4	 732	OK
 580	   0	80.2	80.2	 615	OK
 581	1000	91.3	91.3	 465	unbonded
 582	   0	85.1	85.1	 628	OK
 583	   0	89.8	89.8	 668	OK
 584	   0	86.1	86.1	 697	OK
 585	4000	80.0	80.0	 755	high noise
 586	1000	80.3	80.3	 508	unbonded
 587	1000	83.7	83.7	 532	unbonded
 588	   0	84.4	84.4	 652	OK
 589	   0	85.1	85.1	 707	OK
 590	1000	84.5	84.5	 510	unbonded
 591	4000	76.5	76.5	 754	high noise
 592	   0	93.0	93.0	 591	OK
 593	   0	88.1	88.1	 636	OK
 594	4000	85.3	85.3	 842	high noise
 595	4000	89.8	89.8	 787	high noise
 596	   0	83.3	83.3	 654	OK
 597	8000	80.0	80.0	 541	partbonded
 598	4000	79.5	79.5	 764	high noise
 599	   0	88.9	88.9	 636	OK
 600	   0	83.1	83.1	 621	OK
 601	   0	94.0	94.0	 710	OK
 602	   0	86.2	86.2	 645	OK
 603	   0	82.9	82.9	 573	OK
 604	1000	84.4	84.4	 525	unbonded
 605	   0	84.9	84.9	 629	OK
 606	   0	77.5	77.5	 637	OK
 607	   0	83.7	83.7	 585	OK
 608	   0	85.0	85.0	 625	OK
 609	   0	86.2	86.2	 657	OK
 610	   0	84.3	84.3	 712	OK
 611	   0	83.7	83.7	 697	OK
 612	   0	85.2	85.2	 725	OK
 613	   0	84.8	84.8	 668	OK
 614	   0	79.1	79.1	 613	OK
 615	   0	84.4	84.4	 732	OK
 616	   0	86.1	86.1	 602	OK
 617	   0	85.6	85.6	 652	OK
 618	   0	83.6	83.6	 632	OK
 619	   0	82.0	82.0	 683	OK
 620	   0	84.3	84.3	 714	OK
 621	   0	83.5	83.5	 633	OK
 622	   0	90.0	90.0	 717	OK
 623	   0	84.4	84.4	 667	OK
 624	   0	86.1	86.1	 642	OK
 625	4000	88.9	88.9	 835	high noise
 626	   0	82.8	82.8	 649	OK
 627	   0	84.6	84.6	 648	OK
 628	   0	80.3	80.3	 634	OK
 629	1000	84.3	84.3	 500	unbonded
 630	4000	76.4	76.4	 868	high noise
 631	   0	77.6	77.6	 726	OK
 632	1000	93.1	93.1	 533	unbonded
 633	   0	80.0	80.0	 741	OK
 634	   0	82.1	82.1	 627	OK
 635	   0	83.3	83.3	 702	OK
 636	   0	82.1	82.1	 644	OK
 637	   0	91.1	91.1	 584	OK
 638	   0	85.7	85.7	 648	OK
 639	   0	83.8	83.8	 649	OK
 640	4000	89.0	89.0	 744	high noise
 641	1000	93.2	93.2	 490	unbonded
 642	   0	89.2	89.2	 571	OK
 643	   0	96.1	96.1	 543	OK
 644	   0	92.9	92.9	 576	OK
 645	   0	92.6	92.6	 620	OK
 646	   0	87.1	87.1	 541	OK
 647	   0	88.1	88.1	 638	OK
 648	   0	94.0	94.0	 557	OK
 649	   0	96.1	96.1	 563	OK
 650	1000	91.9	91.9	 444	unbonded
 651	   0	89.8	89.8	 595	OK
 652	   0	93.6	93.6	 661	OK
 653	   0	90.2	90.2	 593	OK
 654	   0	88.2	88.2	 639	OK
 655	   0	92.0	92.0	 615	OK
 656	   0	96.6	96.6	 583	OK
 657	   0	94.9	94.9	 635	OK
 658	   0	87.9	87.9	 598	OK
 659	   0	91.0	91.0	 616	OK
 660	   0	96.6	96.6	 668	OK
 661	   0	101.7	101.7	 599	OK
 662	   0	88.7	88.7	 572	OK
 663	   0	93.6	93.6	 649	OK
 664	   0	94.7	94.7	 627	OK
 665	   0	93.7	93.7	 599	OK
 666	   0	85.8	85.8	 569	OK
 667	   0	95.5	95.5	 620	OK
 668	4000	97.1	97.1	 691	high noise
 669	1000	95.9	95.9	 464	unbonded
 670	   0	94.0	94.0	 657	OK
 671	   0	93.7	93.7	 592	OK
 672	   0	93.9	93.9	 610	OK
 673	1000	94.5	94.5	 519	unbonded
 674	   0	95.6	95.6	 554	OK
 675	1000	96.7	96.7	 529	unbonded
 676	   0	97.5	97.5	 545	OK
 677	   0	91.2	91.2	 626	OK
 678	   0	95.3	95.3	 669	OK
 679	   0	90.0	90.0	 630	OK
 680	   0	96.7	96.7	 623	OK
 681	   0	84.6	84.6	 582	OK
 682	1000	95.9	95.9	 529	unbonded
 683	   0	93.1	93.1	 615	OK
 684	4000	92.9	92.9	 680	high noise
 685	1000	92.3	92.3	 438	unbonded
 686	4000	88.7	88.7	 713	high noise
 687	1000	92.3	92.3	 495	unbonded
 688	   0	90.0	90.0	 613	OK
 689	1000	97.8	97.8	 421	unbonded
 690	4000	90.7	90.7	 713	high noise
 691	1000	87.0	87.0	 486	unbonded
 692	   0	94.3	94.3	 646	OK
 693	   0	98.3	98.3	 636	OK
 694	   0	93.1	93.1	 580	OK
 695	   0	85.9	85.9	 555	OK
 696	   0	90.7	90.7	 672	OK
 697	4000	90.0	90.0	 679	high noise
 698	   0	97.6	97.6	 656	OK
 699	1000	92.7	92.7	 537	unbonded
 700	1000	92.8	92.8	 516	unbonded
 701	   0	94.9	94.9	 626	OK
 702	   0	98.1	98.1	 668	OK
 703	   0	94.1	94.1	 562	OK
 704	4000	97.3	97.3	 722	high noise
 705	1000	98.9	98.9	 528	unbonded
 706	1000	94.7	94.7	 484	unbonded
 707	   0	91.3	91.3	 606	OK
 708	1000	96.1	96.1	 438	unbonded
 709	   0	96.5	96.5	 596	OK
 710	1000	92.9	92.9	 509	unbonded
 711	1000	91.7	91.7	 468	unbonded
 712	1000	83.6	83.6	 523	unbonded
 713	   0	96.2	96.2	 575	OK
 714	4000	92.2	92.2	 704	high noise
 715	   0	91.3	91.3	 595	OK
 716	   0	86.6	86.6	 603	OK
 717	   0	86.5	86.5	 667	OK
 718	   0	91.9	91.9	 567	OK
 719	   0	86.1	86.1	 645	OK
 720	   0	92.6	92.6	 567	OK
 721	1000	88.4	88.4	 475	unbonded
 722	   0	85.2	85.2	 657	OK
 723	   0	89.9	89.9	 652	OK
 724	1000	97.4	97.4	 489	unbonded
 725	   0	95.6	95.6	 573	OK
 726	   0	92.8	92.8	 590	OK
 727	   0	90.1	90.1	 633	OK
 728	   0	95.1	95.1	 597	OK
 729	   0	91.1	91.1	 572	OK
 730	1000	85.7	85.7	 491	unbonded
 731	   0	90.3	90.3	 568	OK
 732	1000	91.3	91.3	 502	unbonded
 733	   0	93.8	93.8	 622	OK
 734	1000	94.6	94.6	 526	unbonded
 735	   0	91.6	91.6	 601	OK
 736	   0	94.7	94.7	 582	OK
 737	   0	95.3	95.3	 592	OK
 738	4000	95.1	95.1	 684	high noise
 739	   0	101.5	101.5	 596	OK
 740	   0	96.8	96.8	 568	OK
 741	4000	89.9	89.9	 725	high noise
 742	1000	94.4	94.4	 412	unbonded
 743	1000	94.6	94.6	 538	unbonded
 744	   0	85.7	85.7	 619	OK
 745	   0	92.6	92.6	 601	OK
 746	   0	93.9	93.9	 583	OK
 747	   0	93.0	93.0	 568	OK
 748	   0	95.4	95.4	 575	OK
 749	   0	92.3	92.3	 614	OK
 750	1000	90.6	90.6	 515	unbonded
 751	   0	98.8	98.8	 548	OK
 752	   0	88.7	88.7	 564	OK
 753	   0	89.7	89.7	 575	OK
 754	   0	90.2	90.2	 606	OK
 755	   0	90.1	90.1	 589	OK
 756	1000	96.6	96.6	 517	unbonded
 757	   0	92.8	92.8	 559	OK
 758	4000	91.1	91.1	 690	high noise
 759	   0	84.2	84.2	 576	OK
 760	1000	92.7	92.7	 534	unbonded
 761	   0	92.5	92.5	 564	OK
 762	   0	88.8	88.8	 605	OK
 763	   0	92.2	92.2	 566	OK
 764	   0	90.3	90.3	 642	OK
 765	1000	101.0	101.0	 466	unbonded
 766	   0	94.8	94.8	 648	OK
 767	   0	88.0	88.0	 587	OK
 768	   0	88.8	88.8	 565	OK
 769	   0	88.1	88.1	 653	OK
 770	1000	91.2	91.2	 540	unbonded
 771	   0	98.8	98.8	 652	OK
 772	   0	95.2	95.2	 587	OK
 773	   0	91.0	91.0	 597	OK
 774	1000	87.5	87.5	 451	unbonded
 775	4000	89.9	89.9	 757	high noise
 776	   0	81.2	81.2	 625	OK
 777	4000	88.9	88.9	 705	high noise
 778	1000	84.3	84.3	 525	unbonded
 779	   0	88.0	88.0	 573	OK
 780	   0	103.8	103.8	 635	OK
 781	   0	90.4	90.4	 609	OK
 782	   0	90.9	90.9	 583	OK
 783	   0	87.4	87.4	 651	OK
 784	1000	87.2	87.2	 539	unbonded
 785	   0	96.0	96.0	 691	OK
 786	   0	87.9	87.9	 659	OK
 787	   0	97.9	97.9	 568	OK
 788	   0	91.3	91.3	 655	OK
 789	   0	87.5	87.5	 616	OK
 790	   0	86.4	86.4	 631	OK
 791	   0	88.9	88.9	 638	OK
 792	   0	85.5	85.5	 585	OK
 793	   0	89.2	89.2	 586	OK
 794	   0	90.6	90.6	 590	OK
 795	   0	90.9	90.9	 609	OK
 796	1000	87.8	87.8	 515	unbonded
 797	   0	89.0	89.0	 569	OK
 798	   0	89.3	89.3	 623	OK
 799	1000	91.0	91.0	 501	unbonded
 800	   0	90.2	90.2	 588	OK
 801	   0	88.6	88.6	 569	OK
 802	   0	81.6	81.6	 686	OK
 803	   0	94.9	94.9	 589	OK
 804	   0	96.2	96.2	 610	OK
 805	4000	82.8	82.8	 726	high noise
 806	   0	88.8	88.8	 642	OK
 807	   0	99.9	99.9	 566	OK
 808	   0	94.6	94.6	 664	OK
 809	4000	93.8	93.8	 696	high noise
 810	   0	83.7	83.7	 587	OK
 811	1000	90.7	90.7	 520	unbonded
 812	1000	91.7	91.7	 504	unbonded
 813	   0	81.3	81.3	 551	OK
 814	   0	88.7	88.7	 611	OK
 815	   0	95.1	95.1	 543	OK
 816	4000	91.4	91.4	 708	high noise
 817	1000	95.5	95.5	 524	unbonded
 818	   0	91.6	91.6	 554	OK
 819	   0	88.5	88.5	 677	OK
 820	4000	92.3	92.3	 713	high noise
 821	   0	94.7	94.7	 646	OK
 822	4000	89.1	89.1	 715	high noise
 823	   0	92.3	92.3	 548	OK
 824	   0	95.7	95.7	 605	OK
 825	   0	86.9	86.9	 590	OK
 826	   0	90.2	90.2	 571	OK
 827	4000	91.3	91.3	 705	high noise
 828	   0	96.8	96.8	 691	OK
 829	   0	102.1	102.1	 584	OK
 830	   0	90.1	90.1	 658	OK
 831	   0	96.3	96.3	 612	OK
 832	   0	101.5	101.5	 604	OK
 833	   0	100.2	100.2	 571	OK
 834	4000	87.5	87.5	 706	high noise
 835	   0	93.9	93.9	 671	OK
 836	   0	92.4	92.4	 571	OK
 837	   0	87.9	87.9	 562	OK
 838	1000	86.7	86.7	 526	unbonded
 839	   0	86.2	86.2	 565	OK
 840	   0	88.3	88.3	 569	OK
 841	   0	91.9	91.9	 582	OK
 842	   0	90.1	90.1	 543	OK
 843	4000	88.8	88.8	 708	high noise
 844	   0	89.8	89.8	 630	OK
 845	   0	90.0	90.0	 572	OK
 846	   0	90.6	90.6	 675	OK
 847	   0	88.9	88.9	 621	OK
 848	   0	87.1	87.1	 643	OK
 849	4000	84.7	84.7	 699	high noise
 850	   0	91.1	91.1	 543	OK
 851	   0	93.0	93.0	 660	OK
 852	   0	92.1	92.1	 628	OK
 853	   0	87.0	87.0	 643	OK
 854	   0	86.0	86.0	 612	OK
 855	   0	85.3	85.3	 646	OK
 856	   0	95.5	95.5	 558	OK
 857	   0	89.4	89.4	 675	OK
 858	   0	94.4	94.4	 561	OK
 859	1000	88.0	88.0	 526	unbonded
 860	1000	98.6	98.6	 496	unbonded
 861	   0	81.5	81.5	 692	OK
 862	1000	95.2	95.2	 503	unbonded
 863	1000	95.0	95.0	 519	unbonded
 864	   0	90.6	90.6	 619	OK
 865	   0	88.4	88.4	 643	OK
 866	   0	88.2	88.2	 571	OK
 867	1000	83.8	83.8	 512	unbonded
 868	   0	87.2	87.2	 655	OK
 869	   0	92.7	92.7	 666	OK
 870	1000	89.4	89.4	 520	unbonded
 871	1000	88.1	88.1	 415	unbonded
 872	1000	97.5	97.5	 500	unbonded
 873	   0	91.5	91.5	 602	OK
 874	   0	89.3	89.3	 613	OK
 875	   0	92.2	92.2	 577	OK
 876	   0	95.2	95.2	 637	OK
 877	1000	97.2	97.2	 510	unbonded
 878	   0	87.4	87.4	 605	OK
 879	1000	90.5	90.5	 514	unbonded
 880	   0	90.0	90.0	 655	OK
 881	   0	91.7	91.7	 625	OK
 882	   0	90.5	90.5	 668	OK
 883	   0	86.0	86.0	 619	OK
 884	   0	97.3	97.3	 602	OK
 885	   0	84.1	84.1	 576	OK
 886	   0	95.0	95.0	 617	OK
 887	   0	85.0	85.0	 638	OK
 888	   0	82.2	82.2	 652	OK
 889	1000	87.7	87.7	 500	unbonded
 890	   0	93.0	93.0	 643	OK
 891	   0	95.0	95.0	 591	OK
 892	   0	96.2	96.2	 628	OK
 893	   0	90.8	90.8	 659	OK
 894	   0	83.9	83.9	 589	OK
 895	   0	84.2	84.2	 586	OK
 896	1000	89.4	89.4	 463	unbonded
 897	   0	91.2	91.2	 626	OK
 898	   0	86.3	86.3	 604	OK
 899	   0	83.4	83.4	 644	OK
 900	   0	88.3	88.3	 619	OK
 901	   0	86.7	86.7	 600	OK
 902	1000	83.4	83.4	 447	unbonded
 903	   0	87.5	87.5	 608	OK
 904	   0	84.5	84.5	 650	OK
 905	   0	87.5	87.5	 684	OK
 906	1000	86.1	86.1	 481	unbonded
 907	   0	77.6	77.6	 566	OK
 908	   0	92.1	92.1	 565	OK
 909	   0	83.2	83.2	 606	OK
 910	   0	84.8	84.8	 542	OK
 911	   0	83.8	83.8	 684	OK
 912	   0	87.4	87.4	 681	OK
 913	   0	84.3	84.3	 666	OK
 914	1000	92.6	92.6	 531	unbonded
 915	   0	90.2	90.2	 632	OK
 916	   0	84.1	84.1	 589	OK
 917	   0	91.9	91.9	 549	OK
 918	1000	90.0	90.0	 478	unbonded
 919	   0	86.9	86.9	 569	OK
 920	   0	97.3	97.3	 569	OK
 921	   0	91.1	91.1	 580	OK
 922	1000	81.2	81.2	 495	unbonded
 923	   0	81.0	81.0	 687	OK
 924	1000	100.0	100.0	 506	unbonded
 925	   0	94.6	94.6	 635	OK
 926	1000	83.8	83.8	 533	unbonded
 927	1000	88.1	88.1	 480	unbonded
 928	1000	82.6	82.6	 486	unbonded
 929	   0	89.4	89.4	 549	OK
 930	   0	89.3	89.3	 577	OK
 931	   0	88.0	88.0	 653	OK
 932	4000	81.7	81.7	 745	high noise
 933	   0	83.7	83.7	 610	OK
 934	   0	84.4	84.4	 685	OK
 935	1000	86.7	86.7	 514	unbonded
 936	   0	88.4	88.4	 644	OK
 937	   0	87.6	87.6	 646	OK
 938	   0	83.1	83.1	 597	OK
 939	   0	85.8	85.8	 627	OK
 940	   0	86.0	86.0	 687	OK
 941	   0	87.6	87.6	 617	OK
 942	   0	88.6	88.6	 562	OK
 943	   0	87.3	87.3	 605	OK
 944	4000	93.7	93.7	 726	high noise
 945	   0	94.8	94.8	 635	OK
 946	4000	86.7	86.7	 705	high noise
 947	1000	93.0	93.0	 427	unbonded
 948	   0	81.5	81.5	 570	OK
 949	   0	85.5	85.5	 587	OK
 950	1000	86.2	86.2	 515	unbonded
 951	   0	84.9	84.9	 675	OK
 952	   0	104.3	104.3	 645	OK
 953	4000	90.9	90.9	 771	high noise
 954	1000	83.2	83.2	 434	unbonded
 955	   0	87.1	87.1	 579	OK
 956	   0	90.1	90.1	 631	OK
 957	1000	87.0	87.0	 487	unbonded
 958	4000	81.8	81.8	 771	high noise
 959	   0	85.0	85.0	 647	OK
 960	1000	82.2	82.2	 397	unbonded
 961	   0	86.9	86.9	 546	OK
 962	   0	85.9	85.9	 620	OK
 963	   0	87.8	87.8	 590	OK
 964	   0	88.4	88.4	 556	OK
 965	   0	89.4	89.4	 592	OK
 966	   0	87.6	87.6	 676	OK
 967	4000	87.4	87.4	 694	high noise
 968	   0	86.2	86.2	 570	OK
 969	   0	86.2	86.2	 565	OK
 970	   0	83.8	83.8	 650	OK
 971	   0	88.4	88.4	 597	OK
 972	   0	79.1	79.1	 574	OK
 973	   0	85.3	85.3	 627	OK
 974	1000	94.9	94.9	 501	unbonded
 975	4000	78.4	78.4	 784	high noise
 976	   0	89.3	89.3	 595	OK
 977	1000	83.5	83.5	 486	unbonded
 978	   0	90.0	90.0	 593	OK
 979	   0	88.4	88.4	 679	OK
 980	1000	89.9	89.9	 537	unbonded
 981	   0	83.1	83.1	 641	OK
 982	   0	90.2	90.2	 567	OK
 983	1000	88.0	88.0	 522	unbonded
 984	   0	75.1	75.1	 585	OK
 985	   0	89.0	89.0	 557	OK
 986	   0	82.3	82.3	 666	OK
 987	   0	85.5	85.5	 584	OK
 988	1000	87.5	87.5	 516	unbonded
 989	   0	81.6	81.6	 662	OK
 990	   0	78.9	78.9	 651	OK
 991	   0	79.7	79.7	 669	OK
 992	   0	81.4	81.4	 655	OK
 993	   0	92.3	92.3	 567	OK
 994	4000	89.3	89.3	 714	high noise
 995	   0	86.4	86.4	 566	OK
 996	   0	82.6	82.6	 633	OK
 997	   0	88.2	88.2	 616	OK
 998	   0	86.5	86.5	 562	OK
 999	1000	87.2	87.2	 483	unbonded
1000	   0	81.1	81.1	 664	OK
1001	4000	78.8	78.8	 726	high noise
1002	   0	92.8	92.8	 618	OK
1003	   0	85.2	85.2	 668	OK
1004	   0	82.0	82.0	 647	OK
1005	   0	85.1	85.1	 673	OK
1006	   0	82.2	82.2	 651	OK
1007	4000	82.6	82.6	 779	high noise
1008	   0	82.6	82.6	 683	OK
1009	1000	87.8	87.8	 488	unbonded
1010	   0	93.8	93.8	 602	OK
1011	   0	83.7	83.7	 599	OK
1012	   0	88.9	88.9	 658	OK
1013	   0	93.3	93.3	 563	OK
1014	1000	78.4	78.4	 474	unbonded
1015	   0	85.1	85.1	 605	OK
1016	   0	83.3	83.3	 562	OK
1017	1000	82.4	82.4	 453	unbonded
1018	   0	89.0	89.0	 578	OK
1019	   0	83.7	83.7	 614	OK
1020	1000	89.0	89.0	 520	unbonded
1021	1000	84.6	84.6	 514	unbonded
1022	   0	88.7	88.7	 599	OK
1023	   0	89.0	89.0	 644	OK
1024	4000	81.7	81.7	 771	high noise
1025	   0	81.7	81.7	 690	OK
1026	   0	77.9	77.9	 725	OK
1027	   0	79.6	79.6	 678	OK
1028	   0	80.8	80.8	 629	OK
1029	   0	73.0	73.0	 613	OK
1030	   0	72.0	72.0	 687	OK
1031	   0	74.0	74.0	 623	OK
1032	4000	75.4	75.4	 791	high noise
1033	   0	74.7	74.7	 564	OK
1034	   0	76.2	76.2	 740	OK
1035	   0	75.8	75.8	 705	OK
1036	   0	77.6	77.6	 610	OK
1037	   0	78.6	78.6	 648	OK
1038	   0	82.2	82.2	 646	OK
1039	4000	75.8	75.8	 790	high noise
1040	   0	73.3	73.3	 711	OK
1041	   0	73.2	73.2	 648	OK
1042	   0	76.8	76.8	 677	OK
1043	   0	79.1	79.1	 580	OK
1044	   0	79.4	79.4	 668	OK
1045	   0	77.9	77.9	 645	OK
1046	   0	72.9	72.9	 725	OK
1047	   0	79.0	79.0	 616	OK
1048	   0	85.9	85.9	 648	OK
1049	   0	77.6	77.6	 596	OK
1050	   0	77.7	77.7	 734	OK
1051	   0	80.2	80.2	 590	OK
1052	   0	80.1	80.1	 599	OK
1053	4000	79.3	79.3	 827	high noise
1054	   0	77.1	77.1	 693	OK
1055	   0	75.9	75.9	 671	OK
1056	   0	83.5	83.5	 667	OK
1057	   0	78.0	78.0	 685	OK
1058	4000	78.3	78.3	 780	high noise
1059	   0	80.3	80.3	 589	OK
1060	   0	78.9	78.9	 713	OK
1061	   0	79.4	79.4	 602	OK
1062	   0	82.9	82.9	 555	OK
1063	4000	73.5	73.5	 844	high noise
1064	   0	78.0	78.0	 680	OK
1065	   0	76.5	76.5	 635	OK
1066	   0	85.5	85.5	 636	OK
1067	   0	76.2	76.2	 716	OK
1068	   0	77.4	77.4	 613	OK
1069	   0	77.2	77.2	 630	OK
1070	   0	78.7	78.7	 675	OK
1071	   0	81.8	81.8	 643	OK
1072	   0	82.7	82.7	 556	OK
1073	   0	77.0	77.0	 702	OK
1074	   0	75.5	75.5	 568	OK
1075	   0	82.0	82.0	 653	OK
1076	   0	80.2	80.2	 667	OK
1077	   0	78.3	78.3	 646	OK
1078	1000	78.3	78.3	 493	unbonded
1079	   0	78.5	78.5	 675	OK
1080	   0	74.3	74.3	 600	OK
1081	1000	83.1	83.1	 538	unbonded
1082	   0	78.3	78.3	 693	OK
1083	   0	83.0	83.0	 644	OK
1084	   0	75.5	75.5	 689	OK
1085	   0	81.8	81.8	 690	OK
1086	   0	78.5	78.5	 579	OK
1087	   0	78.9	78.9	 595	OK
1088	   0	81.3	81.3	 701	OK
1089	   0	76.5	76.5	 604	OK
1090	   0	80.4	80.4	 560	OK
1091	   0	81.2	81.2	 731	OK
1092	   0	76.5	76.5	 624	OK
1093	   0	79.3	79.3	 679	OK
1094	   0	80.7	80.7	 675	OK
1095	   0	82.0	82.0	 717	OK
1096	   0	78.3	78.3	 679	OK
1097	   0	81.1	81.1	 736	OK
1098	4000	80.3	80.3	 776	high noise
1099	   0	75.4	75.4	 612	OK
1100	   0	75.5	75.5	 661	OK
1101	1000	78.2	78.2	 425	unbonded
1102	   0	73.6	73.6	 756	OK
1103	1000	76.6	76.6	 528	unbonded
1104	   0	77.5	77.5	 754	OK
1105	   0	71.6	71.6	 551	OK
1106	   0	80.1	80.1	 660	OK
1107	   0	72.8	72.8	 587	OK
1108	   0	79.7	79.7	 602	OK
1109	   0	73.5	73.5	 732	OK
1110	   0	71.9	71.9	 708	OK
1111	4000	73.1	73.1	 789	high noise
1112	   0	73.4	73.4	 717	OK
1113	   0	74.1	74.1	 731	OK
1114	   0	79.4	79.4	 636	OK
1115	   0	78.5	78.5	 545	OK
1116	   0	80.3	80.3	 711	OK
1117	   0	74.1	74.1	 741	OK
1118	1000	82.4	82.4	 532	unbonded
1119	   0	78.5	78.5	 688	OK
1120	   0	77.4	77.4	 660	OK
1121	   0	76.0	76.0	 682	OK
1122	   0	76.0	76.0	 711	OK
1123	4000	74.5	74.5	 789	high noise
1124	   0	79.6	79.6	 754	OK
1125	   0	80.8	80.8	 720	OK
1126	   0	77.2	77.2	 631	OK
1127	   0	80.8	80.8	 630	OK
1128	   0	71.8	71.8	 568	OK
1129	   0	73.7	73.7	 713	OK
1130	   0	74.9	74.9	 677	OK
1131	4000	71.6	71.6	 783	high noise
1132	4000	82.2	82.2	 775	high noise
1133	   0	77.0	77.0	 581	OK
1134	   0	74.1	74.1	 636	OK
1135	   0	74.0	74.0	 721	OK
1136	   0	72.2	72.2	 679	OK
1137	1000	78.3	78.3	 521	unbonded
1138	   0	80.8	80.8	 677	OK
1139	   0	76.8	76.8	 593	OK
1140	4000	75.8	75.8	 775	high noise
1141	   0	78.8	78.8	 682	OK
1142	   0	74.9	74.9	 607	OK
1143	   0	74.7	74.7	 740	OK
1144	   0	77.4	77.4	 619	OK
1145	4000	76.9	76.9	 810	high noise
1146	   0	76.9	76.9	 725	OK
1147	4000	76.0	76.0	 787	high noise
1148	   0	81.1	81.1	 610	OK
1149	   0	78.4	78.4	 640	OK
1150	4000	75.4	75.4	 796	high noise
1151	   0	77.4	77.4	 657	OK
1152	   0	81.4	81.4	 625	OK
1153	   0	89.8	89.8	 551	OK
1154	   0	85.5	85.5	 609	OK
1155	1000	85.0	85.0	 522	unbonded
1156	   0	81.6	81.6	 639	OK
1157	4000	80.7	80.7	 796	high noise
1158	   0	76.7	76.7	 651	OK
1159	   0	87.3	87.3	 658	OK
1160	   0	86.3	86.3	 623	OK
1161	1000	86.6	86.6	 500	unbonded
1162	   0	80.1	80.1	 611	OK
1163	   0	88.6	88.6	 667	OK
1164	   0	83.3	83.3	 635	OK
1165	   0	90.5	90.5	 612	OK
1166	   0	87.8	87.8	 586	OK
1167	   0	89.8	89.8	 619	OK
1168	   0	84.4	84.4	 669	OK
1169	1000	85.3	85.3	 505	unbonded
1170	   0	88.5	88.5	 670	OK
1171	1000	87.6	87.6	 503	unbonded
1172	   0	87.5	87.5	 599	OK
1173	   0	83.9	83.9	 599	OK
1174	   0	76.9	76.9	 678	OK
1175	   0	91.6	91.6	 637	OK
1176	4000	85.1	85.1	 751	high noise
1177	1000	90.5	90.5	 464	unbonded
1178	   0	86.0	86.0	 559	OK
1179	1000	83.1	83.1	 523	unbonded
1180	   0	86.2	86.2	 562	OK
1181	4000	84.4	84.4	 734	high noise
1182	1000	86.1	86.1	 528	unbonded
1183	   0	84.0	84.0	 561	OK
1184	   0	85.9	85.9	 621	OK
1185	4000	80.0	80.0	 708	high noise
1186	   0	85.8	85.8	 544	OK
1187	   0	81.6	81.6	 691	OK
1188	4000	73.9	73.9	 714	high noise
1189	   0	84.1	84.1	 661	OK
1190	   0	87.6	87.6	 544	OK
1191	   0	82.0	82.0	 565	OK
1192	   0	90.9	90.9	 665	OK
1193	   0	82.3	82.3	 658	OK
1194	1000	86.0	86.0	 513	unbonded
1195	   0	80.8	80.8	 676	OK
1196	   0	83.5	83.5	 595	OK
1197	   0	76.6	76.6	 667	OK
1198	   0	81.7	81.7	 567	OK
1199	   0	88.1	88.1	 596	OK
1200	   0	81.1	81.1	 668	OK
1201	   0	87.4	87.4	 601	OK
1202	1000	88.7	88.7	 534	unbonded
1203	   0	81.9	81.9	 632	OK
1204	   0	85.6	85.6	 607	OK
1205	   0	85.0	85.0	 695	OK
1206	4000	80.7	80.7	 761	high noise
1207	   0	87.2	87.2	 604	OK
1208	   0	89.7	89.7	 576	OK
1209	1000	87.7	87.7	 497	unbonded
1210	4000	86.5	86.5	 725	high noise
1211	   0	84.8	84.8	 623	OK
1212	1000	90.9	90.9	 524	unbonded
1213	   0	93.3	93.3	 576	OK
1214	   0	94.2	94.2	 680	OK
1215	   0	87.1	87.1	 554	OK
1216	   0	86.2	86.2	 695	OK
1217	   0	89.7	89.7	 635	OK
1218	   0	85.8	85.8	 642	OK
1219	   0	86.7	86.7	 543	OK
1220	4000	88.5	88.5	 752	high noise
1221	   0	90.3	90.3	 608	OK
1222	   0	88.8	88.8	 639	OK
1223	1000	82.1	82.1	 495	unbonded
1224	   0	84.1	84.1	 625	OK
1225	   0	88.6	88.6	 566	OK
1226	1000	81.8	81.8	 533	unbonded
1227	   0	84.2	84.2	 614	OK
1228	1000	90.3	90.3	 507	unbonded
1229	   0	85.4	85.4	 549	OK
1230	   0	78.0	78.0	 668	OK
1231	   0	83.5	83.5	 572	OK
1232	   0	84.8	84.8	 639	OK
1233	   0	77.6	77.6	 640	OK
1234	4000	87.9	87.9	 716	high noise
1235	   0	83.0	83.0	 628	OK
1236	4000	86.3	86.3	 712	high noise
1237	   0	79.1	79.1	 599	OK
1238	   0	89.7	89.7	 592	OK
1239	   0	93.0	93.0	 677	OK
1240	   0	88.3	88.3	 665	OK
1241	   0	86.5	86.5	 559	OK
1242	   0	82.8	82.8	 639	OK
1243	   0	84.8	84.8	 562	OK
1244	1000	85.5	85.5	 520	unbonded
1245	1000	85.2	85.2	 493	unbonded
1246	   0	83.5	83.5	 587	OK
1247	1000	84.6	84.6	 540	unbonded
1248	   0	87.3	87.3	 631	OK
1249	   0	85.4	85.4	 587	OK
1250	   0	87.9	87.9	 601	OK
1251	   0	83.9	83.9	 633	OK
1252	1000	80.4	80.4	 539	unbonded
1253	   0	84.3	84.3	 552	OK
1254	   0	82.9	82.9	 589	OK
1255	1000	85.4	85.4	 490	unbonded
1256	   0	79.8	79.8	 647	OK
1257	   0	80.8	80.8	 683	OK
1258	   0	85.1	85.1	 584	OK
1259	4000	80.1	80.1	 742	high noise
1260	   0	85.0	85.0	 621	OK
1261	1000	81.2	81.2	 444	unbonded
1262	   0	89.5	89.5	 636	OK
1263	   0	85.1	85.1	 642	OK
1264	1000	90.1	90.1	 539	unbonded
1265	   0	79.1	79.1	 621	OK
1266	   0	83.5	83.5	 577	OK
1267	   0	85.2	85.2	 562	OK
1268	   0	78.8	78.8	 654	OK
1269	   0	78.9	78.9	 590	OK
1270	   0	94.1	94.1	 631	OK
1271	1000	82.1	82.1	 496	unbonded
1272	   0	83.1	83.1	 660	OK
1273	   0	88.1	88.1	 593	OK
1274	1000	85.6	85.6	 443	unbonded
1275	   0	79.8	79.8	 552	OK
1276	   0	81.1	81.1	 661	OK
1277	   0	81.9	81.9	 667	OK
1278	   0	84.5	84.5	 598	OK
1279	   0	76.1	76.1	 636	OK
1280	4000	82.7	82.7	 779	high noise
1281	4000	82.5	82.5	 800	high noise
1282	4000	86.6	86.6	 863	high noise
1283	   0	86.3	86.3	 623	OK
1284	4000	83.3	83.3	 791	high noise
1285	   0	85.3	85.3	 614	OK
1286	   0	83.4	83.4	 727	OK
1287	   0	81.3	81.3	 755	OK
1288	   0	82.5	82.5	 742	OK
1289	   0	85.3	85.3	 691	OK
1290	4000	82.1	82.1	 910	high noise
1291	   0	78.6	78.6	 740	OK
1292	   0	81.9	81.9	 663	OK
1293	   0	80.5	80.5	 777	OK
1294	   0	79.4	79.4	 600	OK
1295	   0	84.6	84.6	 585	OK
1296	   0	87.2	87.2	 645	OK
1297	   0	88.0	88.0	 658	OK
1298	   0	83.4	83.4	 592	OK
1299	   0	73.4	73.4	 658	OK
1300	   0	83.1	83.1	 736	OK
1301	4000	82.1	82.1	 804	high noise
1302	   0	87.4	87.4	 663	OK
1303	4000	86.1	86.1	 786	high noise
1304	   0	83.6	83.6	 705	OK
1305	   0	82.6	82.6	 590	OK
1306	   0	79.6	79.6	 724	OK
1307	   0	83.5	83.5	 627	OK
1308	   0	78.0	78.0	 687	OK
1309	4000	81.8	81.8	 805	high noise
1310	   0	80.3	80.3	 728	OK
1311	   0	83.6	83.6	 663	OK
1312	   0	77.9	77.9	 683	OK
1313	   0	83.6	83.6	 674	OK
1314	1000	84.9	84.9	 433	unbonded
1315	   0	82.6	82.6	 661	OK
1316	   0	76.7	76.7	 728	OK
1317	   0	76.0	76.0	 711	OK
1318	   0	84.6	84.6	 633	OK
1319	   0	83.4	83.4	 592	OK
1320	   0	89.7	89.7	 633	OK
1321	   0	84.8	84.8	 578	OK
1322	4000	76.9	76.9	 795	high noise
1323	   0	85.8	85.8	 579	OK
1324	   0	80.0	80.0	 553	OK
1325	   0	93.9	93.9	 602	OK
1326	   0	81.0	81.0	 599	OK
1327	   0	85.2	85.2	 684	OK
1328	4000	84.8	84.8	 794	high noise
1329	   0	79.0	79.0	 694	OK
1330	   0	86.2	86.2	 684	OK
1331	   0	84.7	84.7	 629	OK
1332	   0	83.6	83.6	 603	OK
1333	   0	85.2	85.2	 549	OK
1334	   0	80.1	80.1	 640	OK
1335	4000	78.8	78.8	 778	high noise
1336	   0	78.6	78.6	 678	OK
1337	   0	84.1	84.1	 640	OK
1338	   0	88.6	88.6	 763	OK
1339	   0	80.9	80.9	 752	OK
1340	   0	86.5	86.5	 565	OK
1341	   0	87.0	87.0	 769	OK
1342	   0	89.9	89.9	 731	OK
1343	   0	90.6	90.6	 587	OK
1344	   0	85.4	85.4	 703	OK
1345	   0	79.2	79.2	 630	OK
1346	   0	86.1	86.1	 652	OK
1347	   0	80.6	80.6	 664	OK
1348	   0	93.2	93.2	 742	OK
1349	   0	84.7	84.7	 703	OK
1350	4000	83.6	83.6	 790	high noise
1351	   0	77.9	77.9	 653	OK
1352	   0	83.9	83.9	 634	OK
1353	4000	72.2	72.2	 878	high noise
1354	   0	79.7	79.7	 560	OK
1355	   0	80.8	80.8	 688	OK
1356	1000	77.9	77.9	 478	unbonded
1357	4000	76.5	76.5	 778	high noise
1358	   0	78.0	78.0	 650	OK
1359	   0	81.6	81.6	 551	OK
1360	   0	84.4	84.4	 645	OK
1361	   0	83.2	83.2	 769	OK
1362	   0	86.3	86.3	 776	OK
1363	   0	87.7	87.7	 622	OK
1364	   0	81.5	81.5	 655	OK
1365	   0	85.0	85.0	 735	OK
1366	   0	84.1	84.1	 766	OK
1367	   0	87.9	87.9	 597	OK
1368	   0	80.2	80.2	 710	OK
1369	   0	82.9	82.9	 730	OK
1370	   0	84.7	84.7	 679	OK
1371	   0	88.1	88.1	 626	OK
1372	   0	76.8	76.8	 708	OK
1373	   0	83.0	83.0	 695	OK
1374	   0	78.3	78.3	 674	OK
1375	   0	90.9	90.9	 636	OK
1376	   0	81.0	81.0	 642	OK
1377	   0	77.0	77.0	 644	OK
1378	   0	82.2	82.2	 616	OK
1379	   0	82.4	82.4	 705	OK
1380	   0	82.3	82.3	 651	OK
1381	   0	81.0	81.0	 693	OK
1382	   0	80.3	80.3	 722	OK
1383	1000	78.0	78.0	 530	unbonded
1384	   0	75.8	75.8	 590	OK
1385	   0	77.2	77.2	 599	OK
1386	   0	79.0	79.0	 666	OK
1387	   0	81.9	81.9	 694	OK
1388	   0	83.8	83.8	 678	OK
1389	   0	77.1	77.1	 634	OK
1390	   0	86.0	86.0	 614	OK
1391	   0	81.5	81.5	 747	OK
1392	   0	76.7	76.7	 637	OK
1393	4000	77.7	77.7	 823	high noise
1394	   0	85.2	85.2	 667	OK
1395	   0	77.0	77.0	 724	OK
1396	   0	83.6	83.6	 616	OK
1397	   0	79.9	79.9	 722	OK
1398	1000	89.0	89.0	 435	unbonded
1399	   0	74.9	74.9	 668	OK
1400	   0	77.8	77.8	 543	OK
1401	   0	83.8	83.8	 715	OK
1402	   0	84.5	84.5	 607	OK
1403	   0	80.7	80.7	 645	OK
1404	   0	82.4	82.4	 716	OK
1405	   0	81.2	81.2	 659	OK
1406	   0	79.8	79.8	 636	OK
1407	   0	83.0	83.0	 776	OK
1408	   0	76.6	76.6	 576	OK
1409	   0	75.4	75.4	 783	OK
1410	   0	74.1	74.1	 693	OK
1411	   0	72.8	72.8	 709	OK
1412	   0	77.4	77.4	 764	OK
1413	   0	69.6	69.6	 613	OK
1414	   0	72.9	72.9	 680	OK
1415	4000	72.4	72.4	 863	high noise
1416	   0	74.5	74.5	 677	OK
1417	4000	73.2	73.2	 815	high noise
1418	   0	82.0	82.0	 755	OK
1419	   0	74.0	74.0	 664	OK
1420	   0	74.4	74.4	 637	OK
1421	   0	73.1	73.1	 676	OK
1422	   0	67.7	67.7	 736	OK
1423	   0	69.2	69.2	 667	OK
1424	   0	80.2	80.2	 590	OK
1425	   0	74.0	74.0	 771	OK
1426	   0	71.8	71.8	 704	OK
1427	4000	73.8	73.8	 876	high noise
1428	   0	75.6	75.6	 701	OK
1429	   0	71.8	71.8	 743	OK
1430	   0	78.1	78.1	 773	OK
1431	   0	71.8	71.8	 559	OK
1432	   0	77.1	77.1	 727	OK
1433	   0	79.4	79.4	 775	OK
1434	   0	73.3	73.3	 758	OK
1435	   0	72.8	72.8	 663	OK
1436	   0	76.0	76.0	 545	OK
1437	   0	75.2	75.2	 733	OK
1438	1000	68.8	68.8	 514	unbonded
1439	4000	75.0	75.0	 886	high noise
1440	   0	74.1	74.1	 613	OK
1441	   0	73.5	73.5	 718	OK
1442	   0	82.9	82.9	 609	OK
1443	   0	77.1	77.1	 642	OK
1444	4000	75.2	75.2	 798	high noise
1445	1000	79.1	79.1	 529	unbonded
1446	   0	73.0	73.0	 669	OK
1447	   0	78.5	78.5	 607	OK
1448	   0	75.8	75.8	 638	OK
1449	4000	77.4	77.4	 837	high noise
1450	   0	73.8	73.8	 672	OK
1451	   0	73.4	73.4	 721	OK
1452	   0	77.4	77.4	 655	OK
1453	   0	83.5	83.5	 734	OK
1454	   0	78.7	78.7	 669	OK
1455	   0	79.1	79.1	 557	OK
1456	   0	71.8	71.8	 722	OK
1457	   0	75.2	75.2	 678	OK
1458	   0	80.3	80.3	 767	OK
1459	   0	75.4	75.4	 634	OK
1460	   0	82.1	82.1	 560	OK
1461	   0	75.3	75.3	 755	OK
1462	   0	77.0	77.0	 682	OK
1463	   0	77.2	77.2	 771	OK
1464	   0	73.4	73.4	 739	OK
1465	   0	75.7	75.7	 704	OK
1466	   0	73.6	73.6	 647	OK
1467	   0	76.3	76.3	 594	OK
1468	   0	76.5	76.5	 767	OK
1469	   0	79.8	79.8	 544	OK
1470	   0	74.7	74.7	 766	OK
1471	   0	74.7	74.7	 720	OK
1472	   0	85.6	85.6	 641	OK
1473	   0	77.3	77.3	 747	OK
1474	   0	71.8	71.8	 666	OK
1475	   0	73.6	73.6	 744	OK
1476	   0	76.2	76.2	 627	OK
1477	   0	77.9	77.9	 726	OK
1478	   0	72.4	72.4	 741	OK
1479	   0	80.0	80.0	 664	OK
1480	   0	81.1	81.1	 714	OK
1481	4000	77.3	77.3	 816	high noise
1482	4000	79.5	79.5	 801	high noise
1483	   0	75.1	75.1	 778	OK
1484	   0	77.0	77.0	 581	OK
1485	   0	81.5	81.5	 738	OK
1486	   0	76.1	76.1	 711	OK
1487	   0	73.6	73.6	 609	OK
1488	4000	71.0	71.0	 827	high noise
1489	   0	80.1	80.1	 716	OK
1490	   0	77.4	77.4	 774	OK
1491	4000	76.5	76.5	 821	high noise
1492	   0	77.3	77.3	 739	OK
1493	1000	72.3	72.3	 442	unbonded
1494	   0	70.4	70.4	 651	OK
1495	   0	76.8	76.8	 669	OK
1496	   0	67.0	67.0	 554	OK
1497	4000	69.1	69.1	 871	high noise
1498	   0	72.4	72.4	 757	OK
1499	   0	76.9	76.9	 761	OK
1500	   0	73.6	73.6	 609	OK
1501	   0	71.7	71.7	 544	OK
1502	   0	76.4	76.4	 788	OK
1503	1000	76.4	76.4	 535	unbonded
1504	   0	79.6	79.6	 792	OK
1505	   0	69.4	69.4	 743	OK
1506	   0	80.4	80.4	 605	OK
1507	   0	74.5	74.5	 550	OK
1508	   0	76.1	76.1	 751	OK
1509	   0	79.1	79.1	 679	OK
1510	   0	79.0	79.0	 723	OK
1511	   0	72.3	72.3	 626	OK
1512	   0	75.6	75.6	 745	OK
1513	   0	75.6	75.6	 699	OK
1514	   0	78.9	78.9	 650	OK
1515	   0	77.4	77.4	 736	OK
1516	   0	77.2	77.2	 583	OK
1517	   0	69.0	69.0	 666	OK
1518	   0	73.5	73.5	 787	OK
1519	   0	75.1	75.1	 652	OK
1520	   0	73.5	73.5	 630	OK
1521	   0	78.5	78.5	 780	OK
1522	   0	75.6	75.6	 699	OK
1523	   0	77.1	77.1	 657	OK
1524	   0	74.4	74.4	 758	OK
1525	   0	71.6	71.6	 670	OK
1526	   0	77.6	77.6	 727	OK
1527	   0	79.1	79.1	 589	OK
1528	   0	73.6	73.6	 631	OK
1529	   0	73.9	73.9	 602	OK
1530	   0	75.2	75.2	 768	OK
1531	   0	75.9	75.9	 748	OK
1532	   0	77.9	77.9	 567	OK
1533	1000	82.1	82.1	 529	unbonded
1534	   0	75.6	75.6	 777	OK
1535	   0	73.1	73.1	 667	OK
1536	4000	80.8	80.8	 774	high noise
1537	1000	84.6	84.6	 449	unbonded
1538	1000	78.0	78.0	 490	unbonded
1539	   0	80.6	80.6	 677	OK
1540	   0	89.7	89.7	 758	OK
1541	   0	82.4	82.4	 741	OK
1542	   0	80.3	80.3	 662	OK
1543	   0	78.0	78.0	 746	OK
1544	   0	82.1	82.1	 704	OK
1545	   0	82.2	82.2	 621	OK
1546	   0	82.7	82.7	 588	OK
1547	   0	81.6	81.6	 748	OK
1548	   0	83.2	83.2	 560	OK
1549	   0	82.0	82.0	 581	OK
1550	   0	79.9	79.9	 711	OK
1551	   0	77.7	77.7	 679	OK
1552	   0	83.9	83.9	 661	OK
1553	   0	86.7	86.7	 582	OK
1554	4000	78.0	78.0	 773	high noise
1555	   0	82.0	82.0	 722	OK
1556	   0	85.5	85.5	 668	OK
1557	   0	82.0	82.0	 696	OK
1558	   0	82.4	82.4	 669	OK
1559	   0	84.3	84.3	 696	OK
1560	   0	84.2	84.2	 701	OK
1561	   0	81.5	81.5	 665	OK
1562	   0	85.7	85.7	 667	OK
1563	   0	80.1	80.1	 701	OK
1564	   0	87.2	87.2	 620	OK
1565	1000	83.0	83.0	 511	unbonded
1566	   0	83.9	83.9	 696	OK
1567	1000	79.2	79.2	 471	unbonded
1568	   0	79.0	79.0	 673	OK
1569	   0	79.1	79.1	 722	OK
1570	   0	83.8	83.8	 662	OK
1571	   0	87.0	87.0	 560	OK
1572	   0	86.6	86.6	 737	OK
1573	1000	84.0	84.0	 533	unbonded
1574	   0	83.7	83.7	 624	OK
1575	   0	84.3	84.3	 735	OK
1576	1000	77.0	77.0	 533	unbonded
1577	4000	81.9	81.9	 797	high noise
1578	4000	84.7	84.7	 776	high noise
1579	   0	83.7	83.7	 574	OK
1580	   0	82.5	82.5	 656	OK
1581	   0	83.1	83.1	 732	OK
1582	   0	82.9	82.9	 687	OK
1583	   0	80.9	80.9	 608	OK
1584	   0	84.4	84.4	 627	OK
1585	   0	83.6	83.6	 581	OK
1586	   0	83.2	83.2	 572	OK
1587	1000	84.2	84.2	 454	unbonded
1588	   0	86.3	86.3	 740	OK
1589	   0	79.8	79.8	 701	OK
1590	1000	91.9	91.9	 533	unbonded
1591	   0	90.4	90.4	 634	OK
1592	   0	86.3	86.3	 623	OK
1593	   0	81.3	81.3	 552	OK
1594	   0	81.9	81.9	 621	OK
1595	   0	87.8	87.8	 709	OK
1596	4000	83.4	83.4	 879	high noise
1597	   0	88.3	88.3	 554	OK
1598	   0	84.1	84.1	 683	OK
1599	   0	80.8	80.8	 585	OK
1600	   0	80.9	80.9	 684	OK
1601	   0	82.1	82.1	 591	OK
1602	   0	89.3	89.3	 708	OK
1603	   0	80.9	80.9	 611	OK
1604	   0	84.8	84.8	 652	OK
1605	   0	85.3	85.3	 700	OK
1606	4000	86.1	86.1	 796	high noise
1607	   0	82.2	82.2	 631	OK
1608	   0	82.9	82.9	 613	OK
1609	   0	83.3	83.3	 635	OK
1610	   0	78.2	78.2	 741	OK
1611	   0	85.7	85.7	 663	OK
1612	   0	84.1	84.1	 591	OK
1613	4000	85.8	85.8	 767	high noise
1614	   0	85.5	85.5	 634	OK
1615	4000	81.6	81.6	 836	high noise
1616	4000	79.7	79.7	 810	high noise
1617	   0	87.7	87.7	 621	OK
1618	   0	86.3	86.3	 616	OK
1619	   0	85.8	85.8	 690	OK
1620	4000	81.3	81.3	 778	high noise
1621	1000	85.3	85.3	 538	unbonded
1622	   0	84.6	84.6	 723	OK
1623	   0	82.4	82.4	 541	OK
1624	   0	80.1	80.1	 627	OK
1625	   0	87.9	87.9	 740	OK
1626	   0	82.8	82.8	 616	OK
1627	4000	78.8	78.8	 823	high noise
1628	   0	76.0	76.0	 665	OK
1629	   0	83.9	83.9	 629	OK
1630	   0	88.0	88.0	 722	OK
1631	   0	86.7	86.7	 624	OK
1632	   0	75.7	75.7	 601	OK
1633	   0	79.5	79.5	 690	OK
1634	4000	81.2	81.2	 773	high noise
1635	4000	75.9	75.9	 768	high noise
1636	   0	88.4	88.4	 731	OK
1637	   0	79.1	79.1	 627	OK
1638	   0	83.9	83.9	 570	OK
1639	4000	82.6	82.6	 797	high noise
1640	   0	81.2	81.2	 618	OK
1641	   0	87.4	87.4	 594	OK
1642	   0	82.1	82.1	 731	OK
1643	   0	80.3	80.3	 653	OK
1644	   0	82.6	82.6	 743	OK
1645	   0	87.0	87.0	 674	OK
1646	1000	86.8	86.8	 513	unbonded
1647	   0	86.5	86.5	 634	OK
1648	   0	85.6	85.6	 695	OK
1649	   0	81.7	81.7	 656	OK
1650	   0	89.3	89.3	 741	OK
1651	   0	78.8	78.8	 742	OK
1652	4000	81.1	81.1	 766	high noise
1653	   0	83.7	83.7	 596	OK
1654	   0	81.5	81.5	 685	OK
1655	   0	84.2	84.2	 689	OK
1656	   0	86.0	86.0	 713	OK
1657	   0	81.1	81.1	 576	OK
1658	   0	77.4	77.4	 727	OK
1659	   0	82.1	82.1	 639	OK
1660	   0	84.4	84.4	 632	OK
1661	   0	85.5	85.5	 570	OK
1662	   0	83.6	83.6	 641	OK
1663	   0	75.2	75.2	 651	OK
1664	   0	87.5	87.5	 587	OK
1665	   0	87.5	87.5	 622	OK
1666	4000	88.0	88.0	 806	high noise
1667	   0	82.0	82.0	 665	OK
1668	   0	88.3	88.3	 620	OK
1669	4000	84.7	84.7	 743	high noise
1670	   0	85.6	85.6	 553	OK
1671	   0	90.3	90.3	 657	OK
1672	   0	94.4	94.4	 547	OK
1673	   0	90.4	90.4	 576	OK
1674	   0	86.7	86.7	 612	OK
1675	1000	90.2	90.2	 483	unbonded
1676	   0	85.6	85.6	 692	OK
1677	1000	87.6	87.6	 518	unbonded
1678	   0	87.1	87.1	 629	OK
1679	   0	87.2	87.2	 646	OK
1680	   0	82.9	82.9	 624	OK
1681	   0	85.6	85.6	 681	OK
1682	   0	84.9	84.9	 592	OK
1683	   0	87.8	87.8	 576	OK
1684	   0	88.2	88.2	 578	OK
1685	   0	93.6	93.6	 544	OK
1686	4000	89.2	89.2	 752	high noise
1687	   0	88.3	88.3	 655	OK
1688	   0	91.4	91.4	 646	OK
1689	   0	84.0	84.0	 600	OK
1690	   0	92.9	92.9	 632	OK
1691	1000	84.6	84.6	 500	unbonded
1692	1000	83.8	83.8	 419	unbonded
1693	   0	87.9	87.9	 604	OK
1694	   0	90.1	90.1	 630	OK
1695	   0	90.9	90.9	 641	OK
1696	   0	91.2	91.2	 547	OK
1697	   0	91.1	91.1	 571	OK
1698	   0	87.5	87.5	 608	OK
1699	   0	89.6	89.6	 598	OK
1700	4000	89.9	89.9	 708	high noise
1701	   0	90.0	90.0	 697	OK
1702	   0	94.3	94.3	 655	OK
1703	   0	86.9	86.9	 672	OK
1704	   0	94.4	94.4	 541	OK
1705	   0	91.3	91.3	 580	OK
1706	1000	86.9	86.9	 528	unbonded
1707	   0	91.5	91.5	 595	OK
1708	   0	93.0	93.0	 542	OK
1709	   0	89.8	89.8	 664	OK
1710	   0	91.9	91.9	 597	OK
1711	   0	89.5	89.5	 599	OK
1712	1000	87.0	87.0	 519	unbonded
1713	4000	86.0	86.0	 744	high noise
1714	   0	92.4	92.4	 578	OK
1715	   0	93.7	93.7	 682	OK
1716	1000	88.4	88.4	 523	unbonded
1717	   0	84.3	84.3	 636	OK
1718	   0	84.2	84.2	 562	OK
1719	   0	90.2	90.2	 551	OK
1720	   0	91.8	91.8	 596	OK
1721	   0	90.4	90.4	 679	OK
1722	1000	92.2	92.2	 525	unbonded
1723	   0	94.2	94.2	 683	OK
1724	1000	90.4	90.4	 537	unbonded
1725	   0	88.9	88.9	 687	OK
1726	   0	88.7	88.7	 644	OK
1727	   0	89.6	89.6	 599	OK
1728	1000	96.7	96.7	 510	unbonded
1729	   0	89.6	89.6	 626	OK
1730	   0	86.7	86.7	 644	OK
1731	   0	87.5	87.5	 564	OK
1732	   0	87.9	87.9	 630	OK
1733	   0	90.2	90.2	 567	OK
1734	   0	87.7	87.7	 543	OK
1735	4000	88.7	88.7	 733	high noise
1736	   0	85.0	85.0	 680	OK
1737	   0	94.2	94.2	 660	OK
1738	   0	82.9	82.9	 595	OK
1739	   0	89.6	89.6	 603	OK
1740	   0	85.8	85.8	 563	OK
1741	   0	87.8	87.8	 614	OK
1742	   0	98.2	98.2	 577	OK
1743	   0	91.9	91.9	 607	OK
1744	   0	92.3	92.3	 606	OK
1745	4000	82.2	82.2	 772	high noise
1746	   0	86.5	86.5	 685	OK
1747	1000	91.4	91.4	 533	unbonded
1748	   0	91.4	91.4	 601	OK
1749	   0	82.0	82.0	 634	OK
1750	   0	84.9	84.9	 579	OK
1751	   0	91.3	91.3	 626	OK
1752	   0	80.6	80.6	 633	OK
1753	   0	87.4	87.4	 569	OK
1754	   0	88.8	88.8	 570	OK
1755	   0	91.5	91.5	 705	OK
1756	   0	89.6	89.6	 562	OK
1757	1000	90.9	90.9	 499	unbonded
1758	   0	88.0	88.0	 591	OK
1759	   0	80.7	80.7	 621	OK
1760	   0	91.2	91.2	 610	OK
1761	   0	98.3	98.3	 606	OK
1762	1000	78.9	78.9	 517	unbonded
1763	   0	93.8	93.8	 636	OK
1764	   0	83.0	83.0	 683	OK
1765	   0	85.7	85.7	 648	OK
1766	   0	82.5	82.5	 681	OK
1767	   0	81.7	81.7	 554	OK
1768	4000	89.2	89.2	 709	high noise
1769	   0	92.3	92.3	 695	OK
1770	   0	83.2	83.2	 557	OK
1771	1000	80.6	80.6	 517	unbonded
1772	1000	91.1	91.1	 507	unbonded
1773	1000	87.0	87.0	 531	unbonded
1774	   0	87.5	87.5	 694	OK
1775	4000	82.7	82.7	 716	high noise
1776	1000	83.6	83.6	 516	unbonded
1777	1000	84.2	84.2	 514	unbonded
1778	   0	95.2	95.2	 607	OK
1779	   0	86.4	86.4	 569	OK
1780	   0	82.6	82.6	 667	OK
1781	   0	84.3	84.3	 658	OK
1782	4000	82.2	82.2	 717	high noise
1783	1000	88.3	88.3	 509	unbonded
1784	   0	91.4	91.4	 646	OK
1785	   0	89.1	89.1	 705	OK
1786	   0	81.9	81.9	 700	OK
1787	   0	87.1	87.1	 620	OK
1788	4000	87.0	87.0	 713	high noise
1789	   0	89.8	89.8	 618	OK
1790	   0	81.8	81.8	 672	OK
1791	   0	81.1	81.1	 688	OK
1792	   0	85.2	85.2	 551	OK
1793	   0	79.8	79.8	 656	OK
1794	1000	84.5	84.5	 539	unbonded
1795	   0	85.8	85.8	 604	OK
1796	   0	82.9	82.9	 634	OK
1797	   0	80.2	80.2	 633	OK
1798	   0	76.0	76.0	 599	OK
1799	   0	84.0	84.0	 606	OK
1800	   0	87.5	87.5	 606	OK
1801	   0	84.3	84.3	 566	OK
1802	1000	81.6	81.6	 510	unbonded
1803	   0	88.6	88.6	 637	OK
1804	1000	84.0	84.0	 393	unbonded
1805	   0	84.6	84.6	 694	OK
1806	   0	83.8	83.8	 636	OK
1807	   0	88.1	88.1	 544	OK
1808	   0	87.6	87.6	 604	OK
1809	   0	84.3	84.3	 585	OK
1810	   0	84.6	84.6	 562	OK
1811	   0	84.0	84.0	 655	OK
1812	   0	87.9	87.9	 697	OK
1813	4000	87.1	87.1	 702	high noise
1814	   0	79.2	79.2	 697	OK
1815	   0	91.9	91.9	 602	OK
1816	   0	83.9	83.9	 565	OK
1817	1000	93.7	93.7	 504	unbonded
1818	   0	79.6	79.6	 618	OK
1819	1000	82.4	82.4	 524	unbonded
1820	   0	84.2	84.2	 548	OK
1821	1000	82.6	82.6	 511	unbonded
1822	   0	84.8	84.8	 571	OK
1823	   0	84.7	84.7	 651	OK
1824	   0	89.7	89.7	 582	OK
1825	   0	82.2	82.2	 561	OK
1826	   0	83.5	83.5	 620	OK
1827	4000	81.2	81.2	 717	high noise
1828	   0	84.5	84.5	 684	OK
1829	1000	86.6	86.6	 460	unbonded
1830	   0	85.7	85.7	 582	OK
1831	   0	97.5	97.5	 578	OK
1832	1000	84.3	84.3	 526	unbonded
1833	   0	85.4	85.4	 566	OK
1834	   0	88.4	88.4	 637	OK
1835	   0	83.7	83.7	 581	OK
1836	   0	76.0	76.0	 650	OK
1837	   0	86.3	86.3	 584	OK
1838	4000	83.3	83.3	 748	high noise
1839	   0	88.9	88.9	 595	OK
1840	   0	81.1	81.1	 696	OK
1841	4000	82.3	82.3	 725	high noise
1842	   0	80.9	80.9	 591	OK
1843	1000	88.2	88.2	 518	unbonded
1844	1000	85.7	85.7	 535	unbonded
1845	   0	86.9	86.9	 678	OK
1846	   0	84.0	84.0	 690	OK
1847	   0	76.7	76.7	 572	OK
1848	   0	82.1	82.1	 569	OK
1849	   0	89.9	89.9	 592	OK
1850	   0	87.3	87.3	 606	OK
1851	   0	87.2	87.2	 640	OK
1852	   0	87.5	87.5	 607	OK
1853	   0	90.5	90.5	 600	OK
1854	   0	91.6	91.6	 546	OK
1855	   0	81.4	81.4	 693	OK
1856	4000	85.9	85.9	 779	high noise
1857	   0	91.9	91.9	 620	OK
1858	   0	86.6	86.6	 580	OK
1859	1000	89.1	89.1	 409	unbonded
1860	8000	97.0	97.0	 541	partbonded
1861	   0	84.3	84.3	 623	OK
1862	   0	87.6	87.6	 613	OK
1863	   0	77.1	77.1	 620	OK
1864	4000	83.5	83.5	 726	high noise
1865	4000	82.1	82.1	 778	high noise
1866	   0	87.3	87.3	 590	OK
1867	   0	84.4	84.4	 683	OK
1868	1000	85.7	85.7	 469	unbonded
1869	   0	84.2	84.2	 558	OK
1870	   0	82.9	82.9	 590	OK
1871	   0	90.2	90.2	 597	OK
1872	1000	83.4	83.4	 537	unbonded
1873	4000	89.8	89.8	 728	high noise
1874	   0	81.6	81.6	 663	OK
1875	1000	79.6	79.6	 532	unbonded
1876	   0	92.8	92.8	 550	OK
1877	   0	89.0	89.0	 585	OK
1878	   0	81.2	81.2	 616	OK
1879	   0	91.6	91.6	 676	OK
1880	   0	101.1	101.1	 588	OK
1881	1000	90.7	90.7	 517	unbonded
1882	1000	85.2	85.2	 472	unbonded
1883	1000	84.7	84.7	 532	unbonded
1884	   0	81.2	81.2	 661	OK
1885	4000	83.4	83.4	 708	high noise
1886	1000	81.5	81.5	 538	unbonded
1887	   0	80.4	80.4	 645	OK
1888	4000	89.9	89.9	 793	high noise
1889	1000	84.3	84.3	 533	unbonded
1890	   0	90.6	90.6	 643	OK
1891	   0	83.6	83.6	 668	OK
1892	   0	81.8	81.8	 656	OK
1893	4000	82.9	82.9	 705	high noise
1894	4000	87.9	87.9	 701	high noise
1895	1000	88.3	88.3	 460	unbonded
1896	   0	84.6	84.6	 606	OK
1897	   0	80.1	80.1	 620	OK
1898	1000	88.6	88.6	 535	unbonded
1899	4000	80.3	80.3	 722	high noise
1900	   0	83.8	83.8	 639	OK
1901	   0	84.0	84.0	 615	OK
1902	   0	79.6	79.6	 580	OK
1903	1000	88.8	88.8	 491	unbonded
1904	   0	82.3	82.3	 692	OK
1905	   0	88.9	88.9	 578	OK
1906	   0	82.6	82.6	 576	OK
1907	   0	80.5	80.5	 619	OK
1908	   0	87.6	87.6	 622	OK
1909	   0	78.6	78.6	 627	OK
1910	1000	82.6	82.6	 522	unbonded
1911	   0	79.7	79.7	 694	OK
1912	4000	86.2	86.2	 801	high noise
1913	   0	75.9	75.9	 556	OK
1914	   0	86.3	86.3	 589	OK
1915	   0	88.6	88.6	 642	OK
1916	   0	80.3	80.3	 663	OK
1917	1000	90.4	90.4	 477	unbonded
1918	   0	85.3	85.3	 663	OK
1919	   0	94.0	94.0	 670	OK
1920	   0	98.9	98.9	 546	OK
1921	   0	91.3	91.3	 565	OK
1922	   0	98.5	98.5	 605	OK
1923	1000	92.3	92.3	 521	unbonded
1924	1000	96.7	96.7	 506	unbonded
1925	1000	98.1	98.1	 520	unbonded
1926	   0	92.4	92.4	 608	OK
1927	1000	92.7	92.7	 462	unbonded
1928	   0	90.0	90.0	 551	OK
1929	1000	93.2	93.2	 507	unbonded
1930	4000	91.0	91.0	 699	high noise
1931	1000	90.7	90.7	 528	unbonded
1932	   0	92.1	92.1	 627	OK
1933	4000	92.3	92.3	 692	high noise
1934	   0	95.7	95.7	 543	OK
1935	   0	87.4	87.4	 545	OK
1936	   0	89.7	89.7	 625	OK
1937	1000	95.5	95.5	 444	unbonded
1938	   0	86.3	86.3	 609	OK
1939	   0	96.5	96.5	 547	OK
1940	   0	94.0	94.0	 547	OK
1941	   0	92.0	92.0	 622	OK
1942	   0	99.6	99.6	 573	OK
1943	   0	103.5	103.5	 547	OK
1944	   0	93.9	93.9	 638	OK
1945	1000	98.8	98.8	 526	unbonded
1946	   0	96.8	96.8	 588	OK
1947	1000	87.4	87.4	 473	unbonded
1948	4000	88.7	88.7	 691	high noise
1949	   0	98.0	98.0	 574	OK
1950	1000	99.1	99.1	 507	unbonded
1951	   0	99.5	99.5	 569	OK
1952	   0	100.5	100.5	 557	OK
1953	1000	81.1	81.1	 484	unbonded
1954	4000	96.6	96.6	 700	high noise
1955	   0	97.3	97.3	 632	OK
1956	   0	95.9	95.9	 546	OK
1957	1000	94.7	94.7	 508	unbonded
1958	1000	89.9	89.9	 376	unbonded
1959	   0	89.2	89.2	 645	OK
1960	   0	90.9	90.9	 560	OK
1961	   0	95.1	95.1	 591	OK
1962	1000	95.3	95.3	 526	unbonded
1963	1000	97.5	97.5	 510	unbonded
1964	   0	95.1	95.1	 618	OK
1965	1000	88.7	88.7	 505	unbonded
1966	1000	94.6	94.6	 493	unbonded
1967	   0	87.3	87.3	 625	OK
1968	4000	94.1	94.1	 657	high noise
1969	   0	90.7	90.7	 566	OK
1970	1000	88.1	88.1	 537	unbonded
1971	1000	93.6	93.6	 442	unbonded
1972	   0	92.8	92.8	 546	OK
1973	4000	92.3	92.3	 735	high noise
1974	1000	98.2	98.2	 527	unbonded
1975	   0	99.2	99.2	 549	OK
1976	   0	93.2	93.2	 546	OK
1977	   0	83.0	83.0	 604	OK
1978	   0	95.1	95.1	 550	OK
1979	1000	90.8	90.8	 441	unbonded
1980	   0	101.9	101.9	 560	OK
1981	1000	91.6	91.6	 467	unbonded
1982	1000	99.3	99.3	 492	unbonded
1983	   0	105.2	105.2	 568	OK
1984	   0	91.7	91.7	 569	OK
1985	1000	94.5	94.5	 539	unbonded
1986	1000	102.0	102.0	 496	unbonded
1987	   0	93.0	93.0	 564	OK
1988	8000	95.2	95.2	 541	partbonded
1989	   0	92.7	92.7	 609	OK
1990	   0	88.8	88.8	 566	OK
1991	   0	100.4	100.4	 582	OK
1992	1000	88.0	88.0	 495	unbonded
1993	   0	96.5	96.5	 628	OK
1994	1000	97.5	97.5	 504	unbonded
1995	   0	90.1	90.1	 594	OK
1996	   0	93.8	93.8	 571	OK
1997	   0	89.1	89.1	 567	OK
1998	   0	80.8	80.8	 569	OK
1999	   0	89.7	89.7	 643	OK
2000	   0	91.2	91.2	 564	OK
2001	4000	94.4	94.4	 661	high noise
2002	   0	90.4	90.4	 573	OK
2003	   0	93.3	93.3	 595	OK
2004	   0	91.9	91.9	 640	OK
2005	   0	89.1	89.1	 579	OK
2006	   0	88.3	88.3	 622	OK
2007	   0	93.2	93.2	 587	OK
2008	4000	93.5	93.5	 666	high noise
2009	   0	91.6	91.6	 550	OK
2010	1000	95.5	95.5	 527	unbonded
2011	   0	95.1	95.1	 621	OK
2012	1000	88.2	88.2	 532	unbonded
2013	   0	89.7	89.7	 549	OK
2014	   0	89.8	89.8	 636	OK
2015	1000	93.6	93.6	 499	unbonded
2016	   0	96.4	96.4	 555	OK
2017	1000	100.5	100.5	 436	unbonded
2018	1000	91.5	91.5	 435	unbonded
2019	4000	88.5	88.5	 755	high noise
2020	   0	87.4	87.4	 593	OK
2021	   0	83.1	83.1	 563	OK
2022	4000	89.8	89.8	 671	high noise
2023	   0	91.8	91.8	 586	OK
2024	   0	93.4	93.4	 635	OK
2025	1000	90.1	90.1	 519	unbonded
2026	1000	91.8	91.8	 520	unbonded
2027	   0	89.0	89.0	 601	OK
2028	   0	96.6	96.6	 583	OK
2029	4000	90.3	90.3	 717	high noise
2030	4000	94.9	94.9	 658	high noise
2031	   0	94.0	94.0	 542	OK
2032	   0	95.6	95.6	 589	OK
2033	4000	82.9	82.9	 661	high noise
2034	   0	90.1	90.1	 644	OK
2035	1000	94.2	94.2	 523	unbonded
2036	1000	91.0	91.0	 499	unbonded
2037	   0	91.4	91.4	 556	OK
2038	   0	94.7	94.7	 655	OK
2039	   0	95.4	95.4	 616	OK
2040	   0	89.1	89.1	 575	OK
2041	   0	92.7	92.7	 578	OK
2042	   0	97.3	97.3	 619	OK
2043	   0	91.0	91.0	 619	OK
2044	1000	88.5	88.5	 517	unbonded
2045	   0	92.4	92.4	 548	OK
2046	   0	92.4	92.4	 632	OK
2047	1000	97.2	97.2	 518	unbonded
2048	1000	86.0	86.0	 479	unbonded
2049	   0	84.6	84.6	 620	OK
2050	1000	88.7	88.7	 520	unbonded
2051	   0	87.6	87.6	 632	OK
2052	   0	94.4	94.4	 559	OK
2053	   0	92.9	92.9	 586	OK
2054	   0	85.2	85.2	 608	OK
2055	   0	96.6	96.6	 637	OK
2056	   0	84.3	84.3	 579	OK
2057	   0	92.6	92.6	 547	OK
2058	4000	88.1	88.1	 721	high noise
2059	1000	96.3	96.3	 410	unbonded
2060	   0	87.1	87.1	 599	OK
2061	   0	90.8	90.8	 560	OK
2062	1000	92.9	92.9	 497	unbonded
2063	   0	91.3	91.3	 593	OK
2064	   0	86.9	86.9	 624	OK
2065	4000	81.3	81.3	 731	high noise
2066	   0	92.2	92.2	 669	OK
2067	   0	88.3	88.3	 578	OK
2068	   0	92.9	92.9	 645	OK
2069	   0	93.6	93.6	 635	OK
2070	   0	90.7	90.7	 656	OK
2071	   0	90.9	90.9	 652	OK
2072	   0	95.9	95.9	 555	OK
2073	   0	83.2	83.2	 658	OK
2074	1000	97.9	97.9	 518	unbonded
2075	   0	97.6	97.6	 627	OK
2076	   0	88.7	88.7	 613	OK
2077	   0	87.4	87.4	 589	OK
2078	4000	91.6	91.6	 737	high noise
2079	   0	91.8	91.8	 545	OK
2080	   0	88.5	88.5	 580	OK
2081	   0	90.9	90.9	 613	OK
2082	1000	93.1	93.1	 531	unbonded
2083	   0	92.5	92.5	 571	OK
2084	   0	91.3	91.3	 622	OK
2085	1000	82.6	82.6	 513	unbonded
2086	1000	89.4	89.4	 500	unbonded
2087	4000	96.5	96.5	 688	high noise
2088	1000	95.4	95.4	 496	unbonded
2089	   0	87.2	87.2	 580	OK
2090	4000	90.0	90.0	 719	high noise
2091	4000	84.4	84.4	 699	high noise
2092	   0	91.5	91.5	 615	OK
2093	   0	89.0	89.0	 599	OK
2094	   0	94.1	94.1	 631	OK
2095	   0	95.5	95.5	 619	OK
2096	   0	96.9	96.9	 603	OK
2097	4000	89.8	89.8	 702	high noise
2098	   0	87.0	87.0	 587	OK
2099	1000	94.7	94.7	 450	unbonded
2100	1000	91.9	91.9	 516	unbonded
2101	   0	91.0	91.0	 554	OK
2102	   0	93.1	93.1	 601	OK
2103	   0	90.7	90.7	 555	OK
2104	1000	96.3	96.3	 530	unbonded
2105	4000	91.4	91.4	 695	high noise
2106	   0	92.4	92.4	 672	OK
2107	1000	94.5	94.5	 517	unbonded
2108	   0	90.1	90.1	 586	OK
2109	   0	94.5	94.5	 654	OK
2110	4000	92.4	92.4	 699	high noise
2111	   0	92.3	92.3	 571	OK
2112	   0	95.1	95.1	 600	OK
2113	   0	89.7	89.7	 649	OK
2114	   0	97.7	97.7	 542	OK
2115	   0	89.9	89.9	 652	OK
2116	   0	97.9	97.9	 669	OK
2117	1000	94.1	94.1	 531	unbonded
2118	   0	89.8	89.8	 641	OK
2119	   0	84.7	84.7	 642	OK
2120	1000	92.7	92.7	 514	unbonded
2121	   0	94.9	94.9	 552	OK
2122	   0	92.4	92.4	 603	OK
2123	   0	84.6	84.6	 677	OK
2124	1000	86.1	86.1	 537	unbonded
2125	1000	88.6	88.6	 497	unbonded
2126	4000	92.2	92.2	 696	high noise
2127	   0	85.2	85.2	 624	OK
2128	4000	83.3	83.3	 718	high noise
2129	   0	94.7	94.7	 552	OK
2130	   0	85.8	85.8	 545	OK
2131	   0	88.0	88.0	 598	OK
2132	   0	87.0	87.0	 569	OK
2133	1000	92.5	92.5	 469	unbonded
2134	   0	92.5	92.5	 668	OK
2135	1000	85.1	85.1	 507	unbonded
2136	   0	89.4	89.4	 599	OK
2137	   0	78.1	78.1	 634	OK
2138	   0	91.6	91.6	 541	OK
2139	   0	86.8	86.8	 637	OK
2140	   0	85.0	85.0	 563	OK
2141	   0	89.4	89.4	 644	OK
2142	4000	85.3	85.3	 717	high noise
2143	1000	86.6	86.6	 486	unbonded
2144	   0	90.6	90.6	 584	OK
2145	4000	95.0	95.0	 715	high noise
2146	1000	91.9	91.9	 455	unbonded
2147	   0	90.6	90.6	 605	OK
2148	   0	89.1	89.1	 574	OK
2149	   0	90.2	90.2	 595	OK
2150	1000	99.6	99.6	 539	unbonded
2151	1000	90.7	90.7	 526	unbonded
2152	   0	89.1	89.1	 651	OK
2153	   0	94.4	94.4	 639	OK
2154	1000	92.8	92.8	 529	unbonded
2155	   0	84.8	84.8	 611	OK
2156	   0	81.7	81.7	 560	OK
2157	1000	85.7	85.7	 497	unbonded
2158	   0	91.7	91.7	 657	OK
2159	   0	81.7	81.7	 564	OK
2160	   0	83.5	83.5	 544	OK
2161	   0	89.0	89.0	 546	OK
2162	   0	94.5	94.5	 589	OK
2163	1000	91.4	91.4	 406	unbonded
2164	   0	88.4	88.4	 541	OK
2165	1000	89.5	89.5	 514	unbonded
2166	   0	88.3	88.3	 543	OK
2167	   0	88.6	88.6	 593	OK
2168	1000	87.2	87.2	 540	unbonded
2169	   0	93.8	93.8	 581	OK
2170	   0	89.3	89.3	 580	OK
2171	   0	91.8	91.8	 652	OK
2172	   0	86.6	86.6	 641	OK
2173	1000	88.7	88.7	 477	unbonded
2174	   0	88.8	88.8	 610	OK
2175	   0	94.5	94.5	 581	OK
2176	   0	83.4	83.4	 602	OK
2177	1000	86.1	86.1	 527	unbonded
2178	   0	83.8	83.8	 594	OK
2179	   0	85.4	85.4	 643	OK
2180	   0	89.9	89.9	 555	OK
2181	   0	93.0	93.0	 636	OK
2182	1000	90.7	90.7	 479	unbonded
2183	   0	86.2	86.2	 573	OK
2184	   0	91.2	91.2	 634	OK
2185	   0	93.9	93.9	 551	OK
2186	   0	83.1	83.1	 546	OK
2187	   0	86.8	86.8	 586	OK
2188	   0	90.0	90.0	 584	OK
2189	   0	97.1	97.1	 595	OK
2190	1000	93.2	93.2	 505	unbonded
2191	1000	93.1	93.1	 481	unbonded
2192	   0	91.0	91.0	 546	OK
2193	   0	96.3	96.3	 649	OK
2194	   0	82.8	82.8	 617	OK
2195	   0	89.1	89.1	 552	OK
2196	1000	92.5	92.5	 524	unbonded
2197	4000	84.1	84.1	 686	high noise
2198	1000	90.4	90.4	 519	unbonded
2199	1000	82.4	82.4	 445	unbonded
2200	   0	81.3	81.3	 606	OK
2201	4000	80.5	80.5	 735	high noise
2202	   0	89.6	89.6	 614	OK
2203	1000	89.4	89.4	 533	unbonded
2204	   0	83.0	83.0	 574	OK
2205	   0	78.0	78.0	 575	OK
2206	   0	82.0	82.0	 606	OK
2207	   0	89.1	89.1	 656	OK
2208	   0	89.3	89.3	 594	OK
2209	   0	89.3	89.3	 575	OK
2210	   0	88.6	88.6	 561	OK
2211	   0	84.4	84.4	 613	OK
2212	   0	90.9	90.9	 580	OK
2213	   0	88.7	88.7	 635	OK
2214	4000	87.5	87.5	 679	high noise
2215	   0	95.5	95.5	 620	OK
2216	1000	90.1	90.1	 441	unbonded
2217	   0	93.9	93.9	 656	OK
2218	4000	88.8	88.8	 759	high noise
2219	   0	88.3	88.3	 587	OK
2220	   0	83.6	83.6	 562	OK
2221	   0	98.1	98.1	 570	OK
2222	1000	83.5	83.5	 444	unbonded
2223	   0	85.0	85.0	 650	OK
2224	   0	89.2	89.2	 600	OK
2225	   0	87.0	87.0	 546	OK
2226	   0	96.9	96.9	 612	OK
2227	   0	91.6	91.6	 571	OK
2228	4000	92.3	92.3	 690	high noise
2229	1000	91.0	91.0	 503	unbonded
2230	1000	92.2	92.2	 516	unbonded
2231	   0	92.0	92.0	 557	OK
2232	1000	92.9	92.9	 500	unbonded
2233	   0	90.2	90.2	 570	OK
2234	1000	97.0	97.0	 487	unbonded
2235	4000	88.9	88.9	 715	high noise
2236	   0	93.8	93.8	 632	OK
2237	1000	85.9	85.9	 510	unbonded
2238	   0	97.0	97.0	 595	OK
2239	1000	98.9	98.9	 533	unbonded
2240	   0	90.7	90.7	 640	OK
2241	   0	94.8	94.8	 578	OK
2242	1000	85.2	85.2	 510	unbonded
2243	   0	89.9	89.9	 563	OK
2244	   0	86.9	86.9	 617	OK
2245	   0	84.8	84.8	 564	OK
2246	   0	87.4	87.4	 596	OK
2247	   0	85.2	85.2	 657	OK
2248	4000	90.7	90.7	 702	high noise
2249	   0	83.9	83.9	 575	OK
2250	4000	77.4	77.4	 706	high noise
2251	4000	79.4	79.4	 736	high noise
2252	   0	90.0	90.0	 582	OK
2253	   0	89.1	89.1	 649	OK
2254	   0	84.8	84.8	 625	OK
2255	1000	83.9	83.9	 538	unbonded
2256	4000	77.5	77.5	 754	high noise
2257	   0	94.7	94.7	 613	OK
2258	   0	87.8	87.8	 561	OK
2259	1000	83.7	83.7	 522	unbonded
2260	   0	86.9	86.9	 573	OK
2261	1000	88.6	88.6	 511	unbonded
2262	1000	83.5	83.5	 533	unbonded
2263	   0	85.2	85.2	 602	OK
2264	   0	85.0	85.0	 567	OK
2265	4000	81.0	81.0	 686	high noise
2266	   0	83.2	83.2	 548	OK
2267	1000	80.3	80.3	 537	unbonded
2268	   0	82.7	82.7	 663	OK
2269	   0	97.0	97.0	 559	OK
2270	   0	87.0	87.0	 645	OK
2271	4000	84.3	84.3	 703	high noise
2272	   0	84.6	84.6	 582	OK
2273	   0	88.3	88.3	 605	OK
2274	1000	90.9	90.9	 539	unbonded
2275	   0	87.6	87.6	 592	OK
2276	   0	85.2	85.2	 573	OK
2277	   0	79.2	79.2	 558	OK
2278	   0	84.1	84.1	 661	OK
2279	   0	82.0	82.0	 542	OK
2280	1000	87.4	87.4	 517	unbonded
2281	   0	82.7	82.7	 674	OK
2282	   0	88.9	88.9	 572	OK
2283	1000	88.0	88.0	 507	unbonded
2284	   0	87.9	87.9	 586	OK
2285	   0	83.6	83.6	 587	OK
2286	1000	78.7	78.7	 440	unbonded
2287	   0	88.1	88.1	 612	OK
2288	1000	77.9	77.9	 410	unbonded
2289	1000	86.5	86.5	 484	unbonded
2290	4000	84.5	84.5	 690	high noise
2291	   0	82.5	82.5	 554	OK
2292	4000	80.5	80.5	 738	high noise
2293	   0	79.3	79.3	 649	OK
2294	   0	86.5	86.5	 571	OK
2295	   0	80.1	80.1	 613	OK
2296	1000	83.4	83.4	 479	unbonded
2297	   0	84.0	84.0	 633	OK
2298	   0	80.3	80.3	 661	OK
2299	4000	85.9	85.9	 678	high noise
2300	   0	83.8	83.8	 634	OK
2301	1000	85.6	85.6	 494	unbonded
2302	   0	83.6	83.6	 554	OK
2303	1000	77.8	77.8	 451	unbonded
2304	   0	76.0	76.0	 619	OK
2305	1000	76.1	76.1	 499	unbonded
2306	   0	78.5	78.5	 581	OK
2307	   0	72.9	72.9	 684	OK
2308	4000	76.3	76.3	 794	high noise
2309	4000	76.1	76.1	 798	high noise
2310	   0	74.9	74.9	 571	OK
2311	4000	81.3	81.3	 752	high noise
2312	   0	79.1	79.1	 609	OK
2313	   0	84.1	84.1	 698	OK
2314	   0	75.7	75.7	 674	OK
2315	4000	76.4	76.4	 785	high noise
2316	   0	77.2	77.2	 712	OK
2317	   0	80.1	80.1	 677	OK
2318	   0	73.8	73.8	 586	OK
2319	   0	80.0	80.0	 713	OK
2320	4000	75.8	75.8	 753	high noise
2321	   0	79.4	79.4	 571	OK
2322	   0	77.7	77.7	 640	OK
2323	   0	78.4	78.4	 641	OK
2324	   0	72.7	72.7	 733	OK
2325	   0	78.5	78.5	 652	OK
2326	   0	82.6	82.6	 580	OK
2327	   0	76.1	76.1	 606	OK
2328	4000	77.3	77.3	 783	high noise
2329	   0	77.1	77.1	 697	OK
2330	   0	82.4	82.4	 683	OK
2331	   0	78.8	78.8	 585	OK
2332	   0	78.8	78.8	 702	OK
2333	4000	79.0	79.0	 754	high noise
2334	   0	73.9	73.9	 702	OK
2335	   0	74.9	74.9	 576	OK
2336	   0	78.3	78.3	 675	OK
2337	1000	78.1	78.1	 402	unbonded
2338	   0	71.8	71.8	 693	OK
2339	   0	73.9	73.9	 687	OK
2340	   0	76.8	76.8	 636	OK
2341	   0	76.9	76.9	 682	OK
2342	   0	79.9	79.9	 620	OK
2343	   0	77.9	77.9	 682	OK
2344	   0	79.8	79.8	 590	OK
2345	4000	76.2	76.2	 810	high noise
2346	   0	80.1	80.1	 586	OK
2347	   0	78.0	78.0	 685	OK
2348	   0	77.8	77.8	 742	OK
2349	   0	71.0	71.0	 620	OK
2350	1000	76.7	76.7	 536	unbonded
2351	   0	78.6	78.6	 690	OK
2352	   0	75.3	75.3	 707	OK
2353	   0	77.0	77.0	 719	OK
2354	1000	76.8	76.8	 510	unbonded
2355	   0	74.8	74.8	 692	OK
2356	1000	80.9	80.9	 523	unbonded
2357	4000	83.9	83.9	 815	high noise
2358	   0	75.0	75.0	 664	OK
2359	4000	76.2	76.2	 829	high noise
2360	   0	79.9	79.9	 696	OK
2361	   0	78.6	78.6	 729	OK
2362	1000	80.9	80.9	 491	unbonded
2363	   0	76.2	76.2	 561	OK
2364	   0	79.1	79.1	 548	OK
2365	   0	75.2	75.2	 734	OK
2366	1000	86.0	86.0	 524	unbonded
2367	   0	80.0	80.0	 640	OK
2368	   0	76.4	76.4	 687	OK
2369	   0	78.8	78.8	 578	OK
2370	   0	72.6	72.6	 678	OK
2371	   0	77.3	77.3	 593	OK
2372	   0	78.6	78.6	 624	OK
2373	1000	76.2	76.2	 503	unbonded
2374	   0	77.7	77.7	 626	OK
2375	4000	75.2	75.2	 768	high noise
2376	   0	78.8	78.8	 542	OK
2377	   0	79.3	79.3	 691	OK
2378	   0	74.2	74.2	 577	OK
2379	   0	74.8	74.8	 656	OK
2380	   0	76.0	76.0	 623	OK
2381	   0	78.9	78.9	 689	OK
2382	   0	77.2	77.2	 663	OK
2383	   0	81.3	81.3	 606	OK
2384	4000	74.5	74.5	 770	high noise
2385	1000	76.3	76.3	 525	unbonded
2386	   0	76.8	76.8	 623	OK
2387	4000	74.1	74.1	 771	high noise
2388	   0	69.9	69.9	 742	OK
2389	   0	76.6	76.6	 661	OK
2390	   0	79.4	79.4	 684	OK
2391	   0	78.7	78.7	 552	OK
2392	   0	76.3	76.3	 625	OK
2393	   0	76.9	76.9	 573	OK
2394	4000	76.2	76.2	 771	high noise
2395	   0	80.1	80.1	 556	OK
2396	1000	79.8	79.8	 528	unbonded
2397	   0	77.9	77.9	 581	OK
2398	   0	80.9	80.9	 568	OK
2399	   0	74.8	74.8	 568	OK
2400	1000	71.9	71.9	 522	unbonded
2401	   0	72.8	72.8	 705	OK
2402	   0	75.9	75.9	 606	OK
2403	   0	79.4	79.4	 577	OK
2404	1000	79.4	79.4	 475	unbonded
2405	4000	77.6	77.6	 847	high noise
2406	1000	75.7	75.7	 533	unbonded
2407	   0	74.8	74.8	 743	OK
2408	   0	78.2	78.2	 580	OK
2409	4000	73.5	73.5	 784	high noise
2410	   0	81.6	81.6	 606	OK
2411	   0	75.2	75.2	 744	OK
2412	4000	73.0	73.0	 767	high noise
2413	4000	74.9	74.9	 754	high noise
2414	   0	83.0	83.0	 564	OK
2415	   0	80.3	80.3	 659	OK
2416	   0	72.1	72.1	 689	OK
2417	   0	80.4	80.4	 604	OK
2418	1000	77.8	77.8	 508	unbonded
2419	   0	79.5	79.5	 726	OK
2420	   0	76.3	76.3	 670	OK
2421	   0	72.6	72.6	 698	OK
2422	   0	78.6	78.6	 546	OK
2423	   0	78.3	78.3	 676	OK
2424	   0	81.0	81.0	 695	OK
2425	   0	72.6	72.6	 585	OK
2426	   0	77.7	77.7	 661	OK
2427	   0	80.5	80.5	 583	OK
2428	4000	73.3	73.3	 774	high noise
2429	   0	82.0	82.0	 599	OK
2430	4000	72.1	72.1	 760	high noise
2431	   0	74.7	74.7	 692	OK
2432	   0	79.4	79.4	 598	OK
2433	   0	90.1	90.1	 547	OK
2434	   0	83.4	83.4	 595	OK
2435	   0	90.9	90.9	 570	OK
2436	   0	90.0	90.0	 659	OK
2437	4000	80.9	80.9	 691	high noise
2438	   0	81.6	81.6	 560	OK
2439	   0	83.5	83.5	 662	OK
2440	   0	85.1	85.1	 545	OK
2441	   0	86.2	86.2	 616	OK
2442	   0	85.4	85.4	 625	OK
2443	   0	80.7	80.7	 609	OK
2444	   0	91.0	91.0	 650	OK
2445	1000	77.2	77.2	 537	unbonded
2446	   0	86.0	86.0	 548	OK
2447	   0	86.5	86.5	 674	OK
2448	8000	79.9	79.9	 541	partbonded
2449	   0	75.5	75.5	 635	OK
2450	   0	86.6	86.6	 542	OK
2451	1000	82.8	82.8	 494	unbonded
2452	4000	85.5	85.5	 750	high noise
2453	4000	85.9	85.9	 716	high noise
2454	   0	81.4	81.4	 651	OK
2455	   0	86.3	86.3	 578	OK
2456	   0	83.5	83.5	 666	OK
2457	   0	86.0	86.0	 562	OK
2458	1000	76.3	76.3	 524	unbonded
2459	   0	88.6	88.6	 581	OK
2460	   0	78.4	78.4	 580	OK
2461	   0	89.2	89.2	 680	OK
2462	   0	79.7	79.7	 599	OK
2463	   0	85.7	85.7	 616	OK
2464	   0	82.9	82.9	 591	OK
2465	   0	81.4	81.4	 646	OK
2466	   0	88.9	88.9	 610	OK
2467	   0	83.8	83.8	 600	OK
2468	1000	79.1	79.1	 486	unbonded
2469	   0	86.3	86.3	 666	OK
2470	1000	87.8	87.8	 473	unbonded
2471	   0	90.7	90.7	 551	OK
2472	   0	83.2	83.2	 653	OK
2473	   0	85.6	85.6	 541	OK
2474	   0	91.9	91.9	 611	OK
2475	   0	81.2	81.2	 637	OK
2476	   0	78.1	78.1	 566	OK
2477	   0	92.5	92.5	 542	OK
2478	1000	81.6	81.6	 535	unbonded
2479	   0	82.9	82.9	 667	OK
2480	   0	90.0	90.0	 685	OK
2481	1000	85.9	85.9	 522	unbonded
2482	   0	89.5	89.5	 631	OK
2483	   0	78.7	78.7	 613	OK
2484	1000	82.9	82.9	 510	unbonded
2485	4000	83.1	83.1	 745	high noise
2486	1000	86.0	86.0	 523	unbonded
2487	   0	93.6	93.6	 597	OK
2488	1000	82.9	82.9	 505	unbonded
2489	   0	94.0	94.0	 603	OK
2490	1000	91.0	91.0	 510	unbonded
2491	   0	85.9	85.9	 595	OK
2492	   0	86.5	86.5	 565	OK
2493	   0	90.3	90.3	 690	OK
2494	   0	86.9	86.9	 587	OK
2495	   0	90.8	90.8	 544	OK
2496	   0	79.8	79.8	 664	OK
2497	   0	81.6	81.6	 619	OK
2498	   0	80.4	80.4	 545	OK
2499	   0	80.2	80.2	 584	OK
2500	   0	75.3	75.3	 591	OK
2501	   0	92.9	92.9	 681	OK
2502	   0	85.1	85.1	 620	OK
2503	   0	87.0	87.0	 557	OK
2504	1000	81.3	81.3	 449	unbonded
2505	4000	82.4	82.4	 714	high noise
2506	   0	83.4	83.4	 594	OK
2507	   0	84.1	84.1	 588	OK
2508	   0	76.0	76.0	 633	OK
2509	   0	84.1	84.1	 553	OK
2510	   0	88.8	88.8	 678	OK
2511	1000	93.5	93.5	 521	unbonded
2512	   0	80.5	80.5	 615	OK
2513	4000	83.0	83.0	 715	high noise
2514	   0	80.5	80.5	 594	OK
2515	   0	80.4	80.4	 598	OK
2516	   0	85.1	85.1	 615	OK
2517	   0	86.0	86.0	 595	OK
2518	   0	81.1	81.1	 668	OK
2519	   0	83.7	83.7	 660	OK
2520	1000	90.2	90.2	 530	unbonded
2521	   0	77.8	77.8	 666	OK
2522	1000	79.1	79.1	 518	unbonded
2523	   0	77.9	77.9	 611	OK
2524	   0	82.1	82.1	 568	OK
2525	4000	76.0	76.0	 700	high noise
2526	1000	77.0	77.0	 524	unbonded
2527	   0	84.9	84.9	 626	OK
2528	   0	85.8	85.8	 550	OK
2529	   0	79.1	79.1	 596	OK
2530	   0	81.1	81.1	 635	OK
2531	4000	77.0	77.0	 735	high noise
2532	1000	89.2	89.2	 475	unbonded
2533	   0	86.4	86.4	 597	OK
2534	   0	81.0	81.0	 687	OK
2535	   0	89.1	89.1	 616	OK
2536	   0	85.3	85.3	 647	OK
2537	1000	87.2	87.2	 484	unbonded
2538	   0	84.5	84.5	 648	OK
2539	1000	76.5	76.5	 490	unbonded
2540	   0	83.0	83.0	 546	OK
2541	   0	83.8	83.8	 572	OK
2542	   0	83.1	83.1	 590	OK
2543	   0	83.9	83.9	 629	OK
2544	1000	87.8	87.8	 504	unbonded
2545	   0	78.3	78.3	 574	OK
2546	   0	82.6	82.6	 621	OK
2547	   0	85.5	85.5	 567	OK
2548	8000	86.4	86.4	 541	partbonded
2549	   0	81.1	81.1	 584	OK
2550	   0	83.2	83.2	 670	OK
2551	4000	85.1	85.1	 776	high noise
2552	1000	79.7	79.7	 453	unbonded
2553	   0	84.5	84.5	 579	OK
2554	   0	87.7	87.7	 690	OK
2555	1000	86.6	86.6	 510	unbonded
2556	4000	84.6	84.6	 734	high noise
2557	4000	83.4	83.4	 724	high noise
2558	4000	79.3	79.3	 783	high noise
2559	1000	77.1	77.1	 457	unbonded
