#chan	code	gain	offset	innse	comment
   0	   0	81.9	81.9	 596	OK
   1	   0	87.7	87.7	 547	OK
   2	   0	82.0	82.0	 633	OK
   3	4000	82.1	82.1	 778	high noise
   4	1000	79.3	79.3	 530	unbonded
   5	1000	79.5	79.5	 527	unbonded
   6	   0	87.5	87.5	 602	OK
   7	   0	84.0	84.0	 569	OK
   8	   0	83.9	83.9	 619	OK
   9	1000	86.7	86.7	 538	unbonded
  10	   0	88.2	88.2	 645	OK
  11	   0	81.2	81.2	 661	OK
  12	   0	92.9	92.9	 580	OK
  13	1000	90.9	90.9	 496	unbonded
  14	   0	79.7	79.7	 638	OK
  15	   0	93.4	93.4	 626	OK
  16	   0	82.8	82.8	 623	OK
  17	   0	87.3	87.3	 585	OK
  18	1000	86.9	86.9	 520	unbonded
  19	4000	92.5	92.5	 700	high noise
  20	   0	77.8	77.8	 648	OK
  21	   0	85.1	85.1	 565	OK
  22	4000	81.3	81.3	 710	high noise
  23	1000	89.1	89.1	 483	unbonded
  24	   0	84.2	84.2	 652	OK
  25	   0	94.1	94.1	 631	OK
  26	   0	88.8	88.8	 591	OK
  27	1000	85.4	85.4	 518	unbonded
  28	   0	88.7	88.7	 637	OK
  29	   0	84.2	84.2	 545	OK
  30	   0	83.1	83.1	 639	OK
  31	1000	90.8	90.8	 517	unbonded
  32	1000	85.4	85.4	 539	unbonded
  33	4000	84.5	84.5	 708	high noise
  34	1000	87.0	87.0	 530	unbonded
  35	4000	78.9	78.9	 692	high noise
  36	   0	93.1	93.1	 613	OK
  37	   0	87.4	87.4	 580	OK
  38	   0	84.2	84.2	 554	OK
  39	1000	87.8	87.8	 539	unbonded
  40	4000	86.8	86.8	 716	high noise
  41	1000	93.2	93.2	 401	unbonded
  42	   0	85.1	85.1	 576	OK
  43	1000	83.6	83.6	 437	unbonded
  44	   0	83.7	83.7	 662	OK
  45	   0	88.5	88.5	 582	OK
  46	1000	82.6	82.6	 515	unbonded
  47	4000	83.4	83.4	 778	high noise
  48	   0	91.1	91.1	 556	OK
  49	   0	85.0	85.0	 601	OK
  50	   0	83.3	83.3	 655	OK
  51	   0	88.5	88.5	 656	OK
  52	   0	90.2	90.2	 567	OK
  53	   0	88.8	88.8	 574	OK
  54	1000	84.6	84.6	 418	unbonded
  55	   0	84.5	84.5	 610	OK
  56	1000	91.8	91.8	 402	unbonded
  57	4000	89.4	89.4	 730	high noise
  58	4000	89.2	89.2	 761	high noise
  59	1000	85.0	85.0	 373	unbonded
  60	   0	90.8	90.8	 587	OK
  61	   0	89.5	89.5	 582	OK
  62	   0	85.4	85.4	 551	OK
  63	   0	92.7	92.7	 616	OK
  64	1000	88.3	88.3	 495	unbonded
  65	1000	83.3	83.3	 457	unbonded
  66	   0	86.7	86.7	 605	OK
  67	   0	88.2	88.2	 683	OK
  68	1000	101.3	101.3	 525	unbonded
  69	   0	93.5	93.5	 673	OK
  70	   0	86.8	86.8	 603	OK
  71	1000	88.3	88.3	 486	unbonded
  72	   0	88.2	88.2	 643	OK
  73	1000	88.7	88.7	 437	unbonded
  74	   0	93.2	93.2	 601	OK
  75	1000	89.9	89.9	 535	unbonded
  76	   0	86.8	86.8	 645	OK
  77	   0	80.7	80.7	 657	OK
  78	   0	82.5	82.5	 595	OK
  79	1000	85.7	85.7	 507	unbonded
  80	1000	84.4	84.4	 510	unbonded
  81	4000	88.6	88.6	 685	high noise
  82	   0	88.6	88.6	 582	OK
  83	   0	89.0	89.0	 653	OK
  84	   0	92.6	92.6	 645	OK
  85	4000	87.0	87.0	 698	high noise
  86	   0	85.8	85.8	 610	OK
  87	   0	80.2	80.2	 577	OK
  88	   0	86.3	86.3	 572	OK
  89	1000	87.3	87.3	 505	unbonded
  90	   0	76.7	76.7	 630	OK
  91	   0	89.9	89.9	 651	OK
  92	4000	80.6	80.6	 688	high noise
  93	   0	87.8	87.8	 558	OK
  94	4000	83.1	83.1	 746	high noise
  95	   0	84.5	84.5	 569	OK
  96	   0	82.3	82.3	 561	OK
  97	4000	82.3	82.3	 733	high noise
  98	   0	84.7	84.7	 677	OK
  99	   0	89.7	89.7	 620	OK
 100	1000	84.5	84.5	 504	unbonded
 101	   0	82.1	82.1	 625	OK
 102	   0	83.9	83.9	 665	OK
 103	   0	85.5	85.5	 609	OK
 104	   0	87.7	87.7	 569	OK
 105	4000	82.6	82.6	 692	high noise
 106	   0	79.8	79.8	 598	OK
 107	   0	90.7	90.7	 667	OK
 108	1000	84.4	84.4	 507	unbonded
 109	1000	88.8	88.8	 471	unbonded
 110	   0	88.0	88.0	 601	OK
 111	   0	90.5	90.5	 641	OK
 112	1000	87.2	87.2	 503	unbonded
 113	   0	86.4	86.4	 595	OK
 114	   0	80.8	80.8	 579	OK
 115	   0	92.2	92.2	 597	OK
 116	1000	81.6	81.6	 523	unbonded
 117	   0	83.8	83.8	 585	OK
 118	   0	83.7	83.7	 650	OK
 119	   0	81.8	81.8	 586	OK
 120	   0	85.4	85.4	 588	OK
 121	   0	86.4	86.4	 597	OK
 122	   0	77.0	77.0	 567	OK
 123	   0	81.9	81.9	 649	OK
 124	   0	83.7	83.7	 623	OK
 125	   0	79.8	79.8	 593	OK
 126	   0	84.2	84.2	 596	OK
 127	   0	83.4	83.4	 573	OK
 128	   0	78.5	78.5	 668	OK
 129	   0	74.7	74.7	 683	OK
 130	   0	76.3	76.3	 722	OK
 131	   0	82.7	82.7	 672	OK
 132	   0	79.7	79.7	 682	OK
 133	   0	80.8	80.8	 649	OK
 134	1000	84.1	84.1	 440	unbonded
 135	   0	82.5	82.5	 737	OK
 136	   0	73.0	73.0	 619	OK
 137	   0	80.7	80.7	 664	OK
 138	1000	82.3	82.3	 503	unbonded
 139	   0	75.7	75.7	 690	OK
 140	   0	79.0	79.0	 669	OK
 141	   0	82.4	82.4	 581	OK
 142	   0	74.8	74.8	 668	OK
 143	   0	77.2	77.2	 647	OK
 144	   0	83.2	83.2	 676	OK
 145	4000	78.4	78.4	 773	high noise
 146	   0	79.8	79.8	 639	OK
 147	   0	79.3	79.3	 616	OK
 148	   0	87.9	87.9	 721	OK
 149	   0	83.2	83.2	 671	OK
 150	   0	72.0	72.0	 610	OK
 151	   0	80.4	80.4	 601	OK
 152	   0	78.0	78.0	 715	OK
 153	   0	81.1	81.1	 657	OK
 154	   0	83.0	83.0	 572	OK
 155	   0	77.0	77.0	 660	OK
 156	   0	75.1	75.1	 744	OK
 157	   0	78.5	78.5	 660	OK
 158	   0	74.9	74.9	 588	OK
 159	4000	73.9	73.9	 786	high noise
 160	4000	81.5	81.5	 780	high noise
 161	   0	80.6	80.6	 621	OK
 162	4000	72.3	72.3	 768	high noise
 163	   0	80.3	80.3	 577	OK
 164	   0	76.4	76.4	 655	OK
 165	   0	85.9	85.9	 618	OK
 166	   0	80.2	80.2	 680	OK
 167	   0	83.1	83.1	 639	OK
 168	   0	79.2	79.2	 645	OK
 169	   0	77.4	77.4	 716	OK
 170	   0	84.2	84.2	 545	OK
 171	4000	75.8	75.8	 772	high noise
 172	1000	78.0	78.0	 535	unbonded
 173	   0	81.9	81.9	 723	OK
 174	   0	83.1	83.1	 646	OK
 175	   0	75.3	75.3	 624	OK
 176	1000	71.6	71.6	 493	unbonded
 177	4000	83.1	83.1	 773	high noise
 178	   0	80.9	80.9	 607	OK
 179	   0	83.6	83.6	 573	OK
 180	   0	80.4	80.4	 712	OK
 181	   0	81.6	81.6	 565	OK
 182	   0	79.7	79.7	 694	OK
 183	   0	76.1	76.1	 743	OK
 184	4000	81.9	81.9	 772	high noise
 185	   0	81.1	81.1	 738	OK
 186	   0	79.8	79.8	 581	OK
 187	   0	83.8	83.8	 568	OK
 188	   0	87.9	87.9	 588	OK
 189	   0	83.5	83.5	 662	OK
 190	   0	78.8	78.8	 576	OK
 191	1000	78.9	78.9	 507	unbonded
 192	   0	79.1	79.1	 714	OK
 193	   0	82.5	82.5	 682	OK
 194	   0	80.4	80.4	 563	OK
 195	   0	83.7	83.7	 700	OK
 196	   0	81.4	81.4	 630	OK
 197	1000	75.0	75.0	 527	unbonded
 198	   0	79.0	79.0	 703	OK
 199	   0	87.8	87.8	 731	OK
 200	   0	83.8	83.8	 683	OK
 201	   0	80.6	80.6	 623	OK
 202	   0	81.6	81.6	 631	OK
 203	   0	82.3	82.3	 738	OK
 204	   0	81.2	81.2	 591	OK
 205	   0	83.8	83.8	 700	OK
 206	   0	74.9	74.9	 754	OK
 207	   0	75.6	75.6	 653	OK
 208	   0	83.8	83.8	 574	OK
 209	1000	76.1	76.1	 499	unbonded
 210	   0	90.8	90.8	 648	OK
 211	   0	74.3	74.3	 675	OK
 212	   0	79.4	79.4	 596	OK
 213	4000	82.1	82.1	 774	high noise
 214	   0	80.4	80.4	 563	OK
 215	   0	74.9	74.9	 729	OK
 216	   0	81.6	81.6	 732	OK
 217	   0	68.9	68.9	 735	OK
 218	   0	83.6	83.6	 650	OK
 219	   0	77.4	77.4	 620	OK
 220	   0	78.3	78.3	 674	OK
 221	   0	77.7	77.7	 691	OK
 222	   0	81.8	81.8	 639	OK
 223	   0	80.1	80.1	 640	OK
 224	   0	80.6	80.6	 580	OK
 225	   0	80.8	80.8	 638	OK
 226	   0	72.4	72.4	 568	OK
 227	4000	77.1	77.1	 762	high noise
 228	   0	78.9	78.9	 699	OK
 229	   0	84.4	84.4	 666	OK
 230	   0	75.1	75.1	 673	OK
 231	4000	84.3	84.3	 764	high noise
 232	   0	77.8	77.8	 679	OK
 233	   0	82.5	82.5	 691	OK
 234	   0	76.1	76.1	 611	OK
 235	   0	74.1	74.1	 583	OK
 236	   0	83.9	83.9	 714	OK
 237	   0	82.4	82.4	 736	OK
 238	   0	73.1	73.1	 573	OK
 239	4000	70.1	70.1	 762	high noise
 240	   0	83.4	83.4	 732	OK
 241	   0	77.5	77.5	 603	OK
 242	   0	83.4	83.4	 735	OK
 243	   0	75.2	75.2	 712	OK
 244	   0	79.5	79.5	 661	OK
 245	   0	74.1	74.1	 605	OK
 246	4000	77.7	77.7	 838	high noise
 247	4000	77.1	77.1	 810	high noise
 248	1000	80.0	80.0	 526	unbonded
 249	   0	81.9	81.9	 657	OK
 250	   0	78.2	78.2	 648	OK
 251	   0	73.3	73.3	 631	OK
 252	   0	73.4	73.4	 735	OK
 253	   0	77.6	77.6	 631	OK
 254	   0	78.0	78.0	 642	OK
 255	   0	84.6	84.6	 596	OK
 256	   0	71.8	71.8	 754	OK
 257	   0	73.2	73.2	 754	OK
 258	   0	75.2	75.2	 738	OK
 259	   0	74.0	74.0	 762	OK
 260	   0	77.2	77.2	 706	OK
 261	4000	76.1	76.1	 847	high noise
 262	   0	71.9	71.9	 710	OK
 263	4000	71.5	71.5	 869	high noise
 264	   0	72.9	72.9	 745	OK
 265	   0	71.7	71.7	 617	OK
 266	   0	72.7	72.7	 782	OK
 267	4000	73.2	73.2	 860	high noise
 268	   0	73.0	73.0	 735	OK
 269	   0	70.5	70.5	 723	OK
 270	   0	78.2	78.2	 746	OK
 271	   0	73.0	73.0	 737	OK
 272	   0	79.4	79.4	 722	OK
 273	   0	69.4	69.4	 785	OK
 274	   0	76.0	76.0	 705	OK
 275	   0	71.7	71.7	 638	OK
 276	   0	71.4	71.4	 692	OK
 277	4000	73.2	73.2	 863	high noise
 278	   0	72.1	72.1	 629	OK
 279	   0	72.3	72.3	 715	OK
 280	   0	73.5	73.5	 764	OK
 281	   0	75.0	75.0	 620	OK
 282	   0	71.8	71.8	 692	OK
 283	4000	73.8	73.8	 854	high noise
 284	   0	77.9	77.9	 653	OK
 285	   0	72.0	72.0	 681	OK
 286	   0	71.6	71.6	 724	OK
 287	   0	74.9	74.9	 650	OK
 288	   0	76.9	76.9	 685	OK
 289	   0	69.7	69.7	 733	OK
 290	   0	77.9	77.9	 739	OK
 291	   0	73.7	73.7	 754	OK
 292	   0	74.9	74.9	 693	OK
 293	   0	77.1	77.1	 715	OK
 294	   0	75.1	75.1	 803	OK
 295	   0	74.9	74.9	 730	OK
 296	   0	75.8	75.8	 765	OK
 297	   0	73.5	73.5	 678	OK
 298	   0	76.8	76.8	 704	OK
 299	   0	74.2	74.2	 766	OK
 300	   0	74.1	74.1	 725	OK
 301	1000	74.7	74.7	 539	unbonded
 302	   0	76.5	76.5	 789	OK
 303	   0	72.1	72.1	 733	OK
 304	   0	74.9	74.9	 648	OK
 305	   0	75.4	75.4	 818	OK
 306	   0	72.4	72.4	 658	OK
 307	   0	78.2	78.2	 602	OK
 308	   0	71.1	71.1	 837	OK
 309	   0	76.1	76.1	 816	OK
 310	   0	77.8	77.8	 669	OK
 311	   0	75.3	75.3	 714	OK
 312	   0	72.1	72.1	 543	OK
 313	   0	79.9	79.9	 629	OK
 314	   0	74.6	74.6	 685	OK
 315	1000	74.9	74.9	 451	unbonded
 316	   0	76.8	76.8	 751	OK
 317	   0	77.1	77.1	 763	OK
 318	   0	76.4	76.4	 801	OK
 319	   0	81.4	81.4	 763	OK
 320	   0	80.0	80.0	 686	OK
 321	   0	77.1	77.1	 822	OK
 322	   0	76.4	76.4	 733	OK
 323	   0	78.4	78.4	 772	OK
 324	   0	80.0	80.0	 564	OK
 325	   0	76.3	76.3	 782	OK
 326	4000	74.9	74.9	 860	high noise
 327	   0	71.3	71.3	 673	OK
 328	4000	68.9	68.9	 875	high noise
 329	   0	78.0	78.0	 705	OK
 330	   0	69.1	69.1	 684	OK
 331	4000	73.9	73.9	1038	high noise
 332	   0	74.1	74.1	 695	OK
 333	   0	75.9	75.9	 736	OK
 334	   0	70.1	70.1	 780	OK
 335	   0	69.7	69.7	 840	OK
 336	   0	73.2	73.2	 820	OK
 337	   0	73.0	73.0	 792	OK
 338	   0	79.5	79.5	 798	OK
 339	   0	72.7	72.7	 548	OK
 340	   0	76.5	76.5	 668	OK
 341	   0	75.2	75.2	 732	OK
 342	   0	72.6	72.6	 648	OK
 343	   0	72.8	72.8	 812	OK
 344	   0	75.0	75.0	 796	OK
 345	   0	73.9	73.9	 658	OK
 346	   0	73.4	73.4	 729	OK
 347	4000	71.6	71.6	 961	high noise
 348	   0	74.1	74.1	 730	OK
 349	   0	73.6	73.6	 812	OK
 350	   0	70.9	70.9	 676	OK
 351	   0	74.3	74.3	 550	OK
 352	   0	69.7	69.7	 709	OK
 353	   0	77.8	77.8	 701	OK
 354	   0	73.8	73.8	 646	OK
 355	   0	74.6	74.6	 806	OK
 356	4000	74.3	74.3	 986	high noise
 357	   0	73.3	73.3	 578	OK
 358	   0	73.4	73.4	 746	OK
 359	   0	72.4	72.4	 742	OK
 360	   0	72.3	72.3	 675	OK
 361	   0	71.7	71.7	 772	OK
 362	   0	68.9	68.9	 723	OK
 363	   0	78.0	78.0	 598	OK
 364	   0	67.6	67.6	 754	OK
 365	   0	72.6	72.6	 740	OK
 366	   0	73.9	73.9	 741	OK
 367	   0	70.5	70.5	 596	OK
 368	   0	69.1	69.1	 774	OK
 369	   0	75.0	75.0	 636	OK
 370	   0	74.4	74.4	 585	OK
 371	   0	70.5	70.5	 662	OK
 372	4000	72.5	72.5	 904	high noise
 373	   0	76.7	76.7	 703	OK
 374	1000	74.7	74.7	 512	unbonded
 375	   0	74.3	74.3	 735	OK
 376	4000	78.6	78.6	 988	high noise
 377	   0	72.3	72.3	 758	OK
 378	   0	73.2	73.2	 781	OK
 379	   0	71.1	71.1	 722	OK
 380	   0	74.4	74.4	 746	OK
 381	   0	72.2	72.2	 748	OK
 382	   0	71.0	71.0	 780	OK
 383	4000	69.8	69.8	 916	high noise
 384	   0	76.8	76.8	 664	OK
 385	   0	80.5	80.5	 673	OK
 386	   0	73.8	73.8	 690	OK
 387	   0	74.9	74.9	 633	OK
 388	   0	74.8	74.8	 635	OK
 389	4000	74.6	74.6	 801	high noise
 390	   0	76.9	76.9	 566	OK
 391	   0	77.5	77.5	 707	OK
 392	   0	80.4	80.4	 684	OK
 393	   0	77.0	77.0	 643	OK
 394	1000	79.4	79.4	 516	unbonded
 395	   0	73.1	73.1	 672	OK
 396	   0	79.5	79.5	 570	OK
 397	   0	76.1	76.1	 724	OK
 398	1000	76.5	76.5	 467	unbonded
 399	1000	76.3	76.3	 532	unbonded
 400	   0	78.8	78.8	 720	OK
 401	   0	76.0	76.0	 623	OK
 402	1000	77.0	77.0	 457	unbonded
 403	   0	79.9	79.9	 624	OK
 404	   0	80.2	80.2	 614	OK
 405	   0	76.7	76.7	 648	OK
 406	   0	76.3	76.3	 589	OK
 407	   0	72.7	72.7	 673	OK
 408	   0	78.4	78.4	 631	OK
 409	1000	83.8	83.8	 386	unbonded
 410	   0	83.6	83.6	 608	OK
 411	   0	77.2	77.2	 734	OK
 412	   0	77.2	77.2	 634	OK
 413	1000	83.8	83.8	 528	unbonded
 414	   0	84.3	84.3	 582	OK
 415	   0	74.6	74.6	 700	OK
 416	1000	74.0	74.0	 441	unbonded
 417	   0	76.2	76.2	 712	OK
 418	   0	82.6	82.6	 693	OK
 419	4000	71.4	71.4	 751	high noise
 420	   0	77.9	77.9	 696	OK
 421	   0	74.2	74.2	 679	OK
 422	   0	79.1	79.1	 727	OK
 423	   0	76.8	76.8	 545	OK
 424	   0	78.5	78.5	 667	OK
 425	   0	79.0	79.0	 625	OK
 426	   0	77.7	77.7	 627	OK
 427	   0	80.1	80.1	 623	OK
 428	   0	74.7	74.7	 544	OK
 429	   0	78.2	78.2	 703	OK
 430	   0	85.7	85.7	 645	OK
 431	   0	79.3	79.3	 594	OK
 432	   0	75.3	75.3	 601	OK
 433	   0	86.2	86.2	 593	OK
 434	   0	79.8	79.8	 549	OK
 435	   0	79.6	79.6	 667	OK
 436	   0	78.7	78.7	 671	OK
 437	   0	82.1	82.1	 662	OK
 438	   0	77.6	77.6	 674	OK
 439	   0	71.2	71.2	 650	OK
 440	   0	74.7	74.7	 635	OK
 441	   0	84.8	84.8	 552	OK
 442	1000	76.2	76.2	 516	unbonded
 443	4000	86.1	86.1	 756	high noise
 444	   0	75.9	75.9	 670	OK
 445	   0	74.8	74.8	 663	OK
 446	   0	81.6	81.6	 622	OK
 447	   0	83.2	83.2	 729	OK
 448	   0	83.6	83.6	 643	OK
 449	   0	79.9	79.9	 727	OK
 450	   0	82.2	82.2	 596	OK
 451	   0	83.1	83.1	 631	OK
 452	   0	78.2	78.2	 673	OK
 453	   0	77.0	77.0	 705	OK
 454	1000	81.9	81.9	 450	unbonded
 455	   0	77.3	77.3	 738	OK
 456	   0	83.5	83.5	 690	OK
 457	   0	79.4	79.4	 640	OK
 458	   0	78.6	78.6	 630	OK
 459	4000	76.1	76.1	 833	high noise
 460	   0	74.6	74.6	 718	OK
 461	   0	75.2	75.2	 581	OK
 462	   0	72.3	72.3	 733	OK
 463	4000	79.4	79.4	 785	high noise
 464	   0	82.6	82.6	 612	OK
 465	   0	72.7	72.7	 677	OK
 466	   0	80.9	80.9	 711	OK
 467	   0	80.2	80.2	 592	OK
 468	   0	86.3	86.3	 675	OK
 469	   0	79.1	79.1	 701	OK
 470	   0	78.1	78.1	 734	OK
 471	1000	75.9	75.9	 342	unbonded
 472	1000	75.0	75.0	 507	unbonded
 473	   0	75.6	75.6	 588	OK
 474	   0	77.2	77.2	 722	OK
 475	1000	79.4	79.4	 536	unbonded
 476	   0	77.9	77.9	 642	OK
 477	   0	77.3	77.3	 728	OK
 478	   0	76.9	76.9	 560	OK
 479	4000	70.3	70.3	 883	high noise
 480	1000	79.2	79.2	 515	unbonded
 481	   0	82.3	82.3	 623	OK
 482	   0	78.1	78.1	 609	OK
 483	4000	80.4	80.4	 773	high noise
 484	   0	77.7	77.7	 703	OK
 485	   0	79.9	79.9	 638	OK
 486	   0	75.2	75.2	 615	OK
 487	   0	75.3	75.3	 587	OK
 488	   0	73.5	73.5	 719	OK
 489	   0	68.2	68.2	 610	OK
 490	   0	83.7	83.7	 572	OK
 491	1000	72.3	72.3	 524	unbonded
 492	   0	78.5	78.5	 565	OK
 493	   0	73.1	73.1	 590	OK
 494	4000	70.8	70.8	 827	high noise
 495	4000	83.0	83.0	 752	high noise
 496	   0	76.0	76.0	 737	OK
 497	   0	80.1	80.1	 572	OK
 498	   0	75.4	75.4	 648	OK
 499	4000	77.7	77.7	 794	high noise
 500	   0	74.6	74.6	 666	OK
 501	   0	76.4	76.4	 597	OK
 502	4000	75.2	75.2	 805	high noise
 503	   0	80.0	80.0	 656	OK
 504	   0	83.6	83.6	 624	OK
 505	   0	76.3	76.3	 639	OK
 506	   0	83.3	83.3	 695	OK
 507	   0	76.4	76.4	 679	OK
 508	4000	71.6	71.6	 754	high noise
 509	   0	77.3	77.3	 578	OK
 510	4000	71.3	71.3	 743	high noise
 511	   0	75.9	75.9	 654	OK
 512	   0	59.8	59.8	 790	OK
 513	4000	61.2	61.2	 935	high noise
 514	   0	62.0	62.0	 812	OK
 515	   0	66.4	66.4	 761	OK
 516	   0	64.5	64.5	 787	OK
 517	   0	63.5	63.5	 848	OK
 518	   0	67.2	67.2	 806	OK
 519	   0	65.4	65.4	 692	OK
 520	   0	65.8	65.8	 622	OK
 521	4000	61.1	61.1	 928	high noise
 522	   0	61.8	61.8	 825	OK
 523	   0	63.9	63.9	 697	OK
 524	   0	62.7	62.7	 699	OK
 525	1101	0.0	0.0	   0	dead
 526	   0	65.8	65.8	 807	OK
 527	   0	66.8	66.8	 638	OK
 528	   0	68.7	68.7	 680	OK
 529	   0	70.1	70.1	 771	OK
 530	   0	61.7	61.7	 739	OK
 531	4000	64.1	64.1	 943	high noise
 532	   0	67.5	67.5	 661	OK
 533	   0	64.2	64.2	 734	OK
 534	   0	62.4	62.4	 697	OK
 535	   0	63.4	63.4	 740	OK
 536	   0	69.2	69.2	 660	OK
 537	   0	64.4	64.4	 801	OK
 538	   0	71.4	71.4	 648	OK
 539	   0	67.2	67.2	 679	OK
 540	   0	61.5	61.5	 807	OK
 541	   0	65.1	65.1	 670	OK
 542	   0	71.0	71.0	 854	OK
 543	   0	62.8	62.8	 805	OK
 544	4000	60.5	60.5	 907	high noise
 545	   0	65.6	65.6	 710	OK
 546	   0	63.1	63.1	 834	OK
 547	4000	66.1	66.1	 878	high noise
 548	   0	66.2	66.2	 714	OK
 549	   0	67.7	67.7	 783	OK
 550	   0	65.5	65.5	 868	OK
 551	   0	70.5	70.5	 754	OK
 552	   0	71.1	71.1	 749	OK
 553	   0	67.5	67.5	 726	OK
 554	   0	71.0	71.0	 815	OK
 555	   0	70.7	70.7	 589	OK
 556	   0	63.7	63.7	 834	OK
 557	   0	65.2	65.2	 609	OK
 558	   0	63.8	63.8	 808	OK
 559	   0	65.6	65.6	 706	OK
 560	   0	64.3	64.3	 736	OK
 561	   0	67.0	67.0	 862	OK
 562	   0	73.6	73.6	 628	OK
 563	   0	68.2	68.2	 806	OK
 564	   0	64.4	64.4	 793	OK
 565	1101	0.0	0.0	   0	dead
 566	   0	70.2	70.2	 719	OK
 567	   0	67.1	67.1	 743	OK
 568	4000	66.8	66.8	 920	high noise
 569	   0	68.2	68.2	 760	OK
 570	   0	68.2	68.2	 715	OK
 571	   0	70.2	70.2	 615	OK
 572	   0	69.2	69.2	 794	OK
 573	   0	68.1	68.1	 639	OK
 574	   0	67.4	67.4	 681	OK
 575	   0	66.6	66.6	 724	OK
 576	   0	65.7	65.7	 738	OK
 577	   0	70.3	70.3	 755	OK
 578	   0	76.8	76.8	 667	OK
 579	4000	68.6	68.6	 889	high noise
 580	   0	66.4	66.4	 760	OK
 581	   0	64.9	64.9	 858	OK
 582	   0	71.4	71.4	 801	OK
 583	   0	67.5	67.5	 641	OK
 584	   0	65.2	65.2	 854	OK
 585	   0	64.7	64.7	 818	OK
 586	   0	66.1	66.1	 867	OK
 587	   0	66.8	66.8	 662	OK
 588	4000	70.1	70.1	 870	high noise
 589	   0	63.5	63.5	 686	OK
 590	   0	66.7	66.7	 703	OK
 591	   0	64.7	64.7	 807	OK
 592	   0	62.7	62.7	 739	OK
 593	   0	69.9	69.9	 708	OK
 594	   0	64.6	64.6	 841	OK
 595	   0	63.6	63.6	 727	OK
 596	1000	73.5	73.5	 527	unbonded
 597	   0	68.1	68.1	 794	OK
 598	   0	66.1	66.1	 746	OK
 599	   0	65.8	65.8	 616	OK
 600	   0	67.8	67.8	 844	OK
 601	   0	66.6	66.6	 705	OK
 602	4000	65.5	65.5	 944	high noise
 603	   0	64.4	64.4	 757	OK
 604	   0	64.6	64.6	 862	OK
 605	   0	66.3	66.3	 592	OK
 606	   0	67.9	67.9	 814	OK
 607	4000	68.4	68.4	 873	high noise
 608	4000	68.8	68.8	 893	high noise
 609	   0	67.1	67.1	 791	OK
 610	4000	67.8	67.8	 918	high noise
 611	   0	69.3	69.3	 830	OK
 612	4000	63.7	63.7	 883	high noise
 613	   0	68.0	68.0	 701	OK
 614	   0	66.2	66.2	 860	OK
 615	   0	61.8	61.8	 798	OK
 616	   0	69.5	69.5	 683	OK
 617	4000	64.3	64.3	1004	high noise
 618	   0	71.6	71.6	 760	OK
 619	   0	65.8	65.8	 720	OK
 620	4000	63.7	63.7	1009	high noise
 621	   0	66.4	66.4	 692	OK
 622	   0	66.8	66.8	 753	OK
 623	   0	73.2	73.2	 786	OK
 624	   0	64.8	64.8	 744	OK
 625	   0	63.0	63.0	 713	OK
 626	   0	69.4	69.4	 856	OK
 627	   0	68.8	68.8	 719	OK
 628	4000	67.8	67.8	 894	high noise
 629	   0	67.1	67.1	 602	OK
 630	   0	70.7	70.7	 809	OK
 631	   0	68.6	68.6	 808	OK
 632	   0	65.5	65.5	 645	OK
 633	   0	61.7	61.7	 862	OK
 634	   0	63.1	63.1	 749	OK
 635	   0	66.3	66.3	 855	OK
 636	   0	69.0	69.0	 829	OK
 637	   0	64.9	64.9	 809	OK
 638	   0	65.0	65.0	 641	OK
 639	   0	69.8	69.8	 734	OK
 640	4000	76.0	76.0	 826	high noise
 641	   0	75.9	75.9	 719	OK
 642	   0	81.8	81.8	 709	OK
 643	4000	75.1	75.1	 797	high noise
 644	4000	76.9	76.9	 827	high noise
 645	4000	81.4	81.4	 817	high noise
 646	   0	76.3	76.3	 719	OK
 647	   0	78.3	78.3	 601	OK
 648	   0	77.0	77.0	 645	OK
 649	1000	81.7	81.7	 534	unbonded
 650	4000	71.1	71.1	 914	high noise
 651	   0	78.0	78.0	 748	OK
 652	   0	78.2	78.2	 587	OK
 653	   0	77.4	77.4	 667	OK
 654	   0	79.0	79.0	 650	OK
 655	   0	87.6	87.6	 610	OK
 656	   0	75.6	75.6	 752	OK
 657	   0	76.1	76.1	 585	OK
 658	   0	80.3	80.3	 691	OK
 659	   0	82.9	82.9	 689	OK
 660	   0	79.7	79.7	 624	OK
 661	   0	80.7	80.7	 707	OK
 662	   0	74.4	74.4	 614	OK
 663	   0	80.6	80.6	 648	OK
 664	   0	76.3	76.3	 765	OK
 665	4000	80.4	80.4	 803	high noise
 666	   0	78.6	78.6	 639	OK
 667	   0	81.1	81.1	 669	OK
 668	1000	77.6	77.6	 509	unbonded
 669	1000	77.9	77.9	 491	unbonded
 670	   0	76.2	76.2	 592	OK
 671	   0	80.4	80.4	 632	OK
 672	1000	75.1	75.1	 482	unbonded
 673	   0	77.9	77.9	 755	OK
 674	   0	83.0	83.0	 778	OK
 675	4000	83.3	83.3	 784	high noise
 676	1000	79.3	79.3	 511	unbonded
 677	1000	81.8	81.8	 481	unbonded
 678	   0	75.5	75.5	 748	OK
 679	   0	77.2	77.2	 766	OK
 680	   0	78.0	78.0	 724	OK
 681	   0	83.5	83.5	 621	OK
 682	   0	77.4	77.4	 554	OK
 683	1000	80.7	80.7	 486	unbonded
 684	   0	73.0	73.0	 720	OK
 685	   0	77.8	77.8	 689	OK
 686	   0	77.8	77.8	 773	OK
 687	   0	81.1	81.1	 682	OK
 688	   0	82.6	82.6	 728	OK
 689	   0	85.6	85.6	 711	OK
 690	   0	79.5	79.5	 559	OK
 691	   0	80.3	80.3	 554	OK
 692	   0	78.0	78.0	 669	OK
 693	   0	80.2	80.2	 730	OK
 694	4000	80.0	80.0	 829	high noise
 695	   0	80.7	80.7	 753	OK
 696	4000	77.4	77.4	 884	high noise
 697	   0	78.1	78.1	 697	OK
 698	   0	82.8	82.8	 549	OK
 699	   0	79.7	79.7	 597	OK
 700	   0	80.3	80.3	 663	OK
 701	   0	85.6	85.6	 562	OK
 702	   0	77.4	77.4	 719	OK
 703	   0	79.7	79.7	 644	OK
 704	   0	81.2	81.2	 738	OK
 705	   0	84.2	84.2	 710	OK
 706	   0	79.7	79.7	 738	OK
 707	   0	80.5	80.5	 654	OK
 708	   0	81.7	81.7	 724	OK
 709	1101	0.0	0.0	   0	dead
 710	   0	83.6	83.6	 723	OK
 711	   0	81.1	81.1	 562	OK
 712	4000	79.2	79.2	 791	high noise
 713	   0	75.8	75.8	 702	OK
 714	   0	81.6	81.6	 647	OK
 715	   0	77.6	77.6	 768	OK
 716	   0	79.9	79.9	 660	OK
 717	   0	77.4	77.4	 665	OK
 718	   0	76.1	76.1	 714	OK
 719	   0	77.7	77.7	 610	OK
 720	   0	76.8	76.8	 695	OK
 721	   0	78.5	78.5	 702	OK
 722	   0	77.5	77.5	 588	OK
 723	   0	82.2	82.2	 655	OK
 724	   0	75.0	75.0	 730	OK
 725	   0	84.5	84.5	 711	OK
 726	   0	77.8	77.8	 697	OK
 727	   0	82.4	82.4	 642	OK
 728	1000	79.5	79.5	 519	unbonded
 729	   0	77.1	77.1	 710	OK
 730	   0	78.7	78.7	 674	OK
 731	   0	79.1	79.1	 699	OK
 732	   0	74.8	74.8	 670	OK
 733	   0	74.3	74.3	 716	OK
 734	   0	80.2	80.2	 662	OK
 735	   0	76.6	76.6	 693	OK
 736	   0	82.9	82.9	 699	OK
 737	   0	78.6	78.6	 670	OK
 738	   0	79.7	79.7	 645	OK
 739	   0	80.5	80.5	 768	OK
 740	4000	81.5	81.5	 784	high noise
 741	   0	79.4	79.4	 561	OK
 742	   0	77.5	77.5	 720	OK
 743	   0	76.4	76.4	 639	OK
 744	1000	76.8	76.8	 537	unbonded
 745	   0	78.0	78.0	 698	OK
 746	4000	71.6	71.6	 805	high noise
 747	   0	79.3	79.3	 751	OK
 748	   0	79.9	79.9	 685	OK
 749	   0	73.3	73.3	 641	OK
 750	   0	76.6	76.6	 667	OK
 751	   0	80.3	80.3	 696	OK
 752	   0	72.4	72.4	 753	OK
 753	   0	78.3	78.3	 595	OK
 754	   0	78.7	78.7	 718	OK
 755	4000	81.6	81.6	 902	high noise
 756	   0	78.7	78.7	 714	OK
 757	   0	79.9	79.9	 775	OK
 758	   0	72.7	72.7	 702	OK
 759	   0	75.7	75.7	 655	OK
 760	   0	80.5	80.5	 613	OK
 761	   0	79.9	79.9	 752	OK
 762	   0	79.4	79.4	 740	OK
 763	   0	76.0	76.0	 602	OK
 764	   0	72.4	72.4	 664	OK
 765	4000	81.5	81.5	 786	high noise
 766	   0	78.7	78.7	 766	OK
 767	   0	74.3	74.3	 710	OK
 768	   0	78.4	78.4	 637	OK
 769	   0	89.3	89.3	 543	OK
 770	   0	93.7	93.7	 621	OK
 771	   0	97.9	97.9	 623	OK
 772	1000	96.5	96.5	 512	unbonded
 773	   0	83.6	83.6	 557	OK
 774	   0	92.6	92.6	 600	OK
 775	   0	86.2	86.2	 608	OK
 776	   0	91.5	91.5	 616	OK
 777	1000	88.4	88.4	 524	unbonded
 778	   0	87.8	87.8	 566	OK
 779	1000	88.0	88.0	 526	unbonded
 780	   0	95.8	95.8	 663	OK
 781	4000	94.2	94.2	 753	high noise
 782	   0	95.4	95.4	 651	OK
 783	   0	89.1	89.1	 639	OK
 784	4000	82.3	82.3	 727	high noise
 785	   0	89.5	89.5	 607	OK
 786	4000	90.4	90.4	 741	high noise
 787	4000	87.5	87.5	 712	high noise
 788	   0	93.3	93.3	 546	OK
 789	1000	95.2	95.2	 498	unbonded
 790	1501	0.0	0.0	   0	dead
 791	   0	86.3	86.3	 545	OK
 792	1501	0.0	0.0	   0	dead
 793	   0	83.9	83.9	 586	OK
 794	4000	93.5	93.5	 674	high noise
 795	   0	81.3	81.3	 577	OK
 796	   0	90.9	90.9	 613	OK
 797	4000	84.3	84.3	 723	high noise
 798	   0	88.4	88.4	 660	OK
 799	1000	93.3	93.3	 527	unbonded
 800	4000	87.1	87.1	 715	high noise
 801	   0	81.0	81.0	 610	OK
 802	4000	98.8	98.8	 683	high noise
 803	1000	92.9	92.9	 493	unbonded
 804	1000	94.8	94.8	 481	unbonded
 805	   0	90.4	90.4	 621	OK
 806	1501	0.0	0.0	   0	dead
 807	   0	90.0	90.0	 554	OK
 808	   0	92.0	92.0	 585	OK
 809	4000	85.0	85.0	 720	high noise
 810	   0	81.2	81.2	 643	OK
 811	   0	92.4	92.4	 594	OK
 812	4000	87.1	87.1	 689	high noise
 813	   0	96.6	96.6	 644	OK
 814	   0	90.0	90.0	 575	OK
 815	1000	92.9	92.9	 486	unbonded
 816	   0	90.6	90.6	 584	OK
 817	   0	88.2	88.2	 550	OK
 818	1000	86.2	86.2	 520	unbonded
 819	1000	96.7	96.7	 467	unbonded
 820	4000	87.2	87.2	 717	high noise
 821	   0	95.9	95.9	 623	OK
 822	   0	90.4	90.4	 627	OK
 823	4000	81.5	81.5	 674	high noise
 824	1000	98.5	98.5	 488	unbonded
 825	   0	91.8	91.8	 664	OK
 826	   0	89.7	89.7	 623	OK
 827	   0	86.8	86.8	 658	OK
 828	1000	96.8	96.8	 509	unbonded
 829	4000	92.1	92.1	 691	high noise
 830	4000	93.4	93.4	 746	high noise
 831	4000	91.3	91.3	 778	high noise
 832	1000	91.0	91.0	 491	unbonded
 833	1000	97.4	97.4	 530	unbonded
 834	1000	91.1	91.1	 474	unbonded
 835	4000	91.2	91.2	 695	high noise
 836	   0	90.4	90.4	 574	OK
 837	1000	86.6	86.6	 522	unbonded
 838	4000	87.6	87.6	 723	high noise
 839	   0	91.4	91.4	 612	OK
 840	   0	88.3	88.3	 589	OK
 841	   0	89.8	89.8	 627	OK
 842	   0	87.8	87.8	 662	OK
 843	1000	89.3	89.3	 443	unbonded
 844	   0	89.4	89.4	 584	OK
 845	1000	86.2	86.2	 497	unbonded
 846	   0	82.0	82.0	 594	OK
 847	1000	91.9	91.9	 400	unbonded
 848	1000	87.1	87.1	 503	unbonded
 849	   0	88.4	88.4	 615	OK
 850	   0	87.7	87.7	 647	OK
 851	   0	94.5	94.5	 569	OK
 852	1000	94.6	94.6	 505	unbonded
 853	4000	90.4	90.4	 716	high noise
 854	1000	92.7	92.7	 477	unbonded
 855	   0	86.3	86.3	 626	OK
 856	4000	81.7	81.7	 738	high noise
 857	1000	94.1	94.1	 487	unbonded
 858	1000	85.5	85.5	 507	unbonded
 859	   0	88.9	88.9	 601	OK
 860	   0	85.1	85.1	 641	OK
 861	   0	83.3	83.3	 608	OK
 862	1000	88.5	88.5	 486	unbonded
 863	4000	83.6	83.6	 684	high noise
 864	   0	88.4	88.4	 591	OK
 865	4000	87.9	87.9	 744	high noise
 866	   0	87.0	87.0	 656	OK
 867	   0	91.4	91.4	 591	OK
 868	   0	94.8	94.8	 602	OK
 869	1000	92.3	92.3	 523	unbonded
 870	   0	89.5	89.5	 545	OK
 871	   0	91.7	91.7	 572	OK
 872	   0	83.6	83.6	 570	OK
 873	1000	85.3	85.3	 483	unbonded
 874	1000	88.1	88.1	 540	unbonded
 875	   0	84.7	84.7	 627	OK
 876	1000	89.8	89.8	 529	unbonded
 877	   0	91.7	91.7	 598	OK
 878	1000	89.1	89.1	 460	unbonded
 879	   0	86.3	86.3	 628	OK
 880	   0	89.5	89.5	 587	OK
 881	1000	84.7	84.7	 528	unbonded
 882	1501	0.0	0.0	   0	dead
 883	   0	87.3	87.3	 638	OK
 884	4000	91.9	91.9	 719	high noise
 885	   0	91.1	91.1	 596	OK
 886	4000	88.2	88.2	 767	high noise
 887	   0	91.1	91.1	 567	OK
 888	   0	88.5	88.5	 561	OK
 889	   0	91.4	91.4	 605	OK
 890	   0	90.6	90.6	 608	OK
 891	   0	86.0	86.0	 642	OK
 892	1000	91.7	91.7	 471	unbonded
 893	   0	85.1	85.1	 651	OK
 894	4000	92.4	92.4	 713	high noise
 895	   0	94.1	94.1	 662	OK
 896	4000	74.4	74.4	 861	high noise
 897	   0	80.2	80.2	 574	OK
 898	4000	75.6	75.6	 848	high noise
 899	   0	76.2	76.2	 773	OK
 900	   0	72.7	72.7	 727	OK
 901	   0	75.3	75.3	 748	OK
 902	   0	73.1	73.1	 649	OK
 903	   0	75.7	75.7	 655	OK
 904	4000	76.2	76.2	 833	high noise
 905	1000	74.9	74.9	 505	unbonded
 906	   0	78.6	78.6	 597	OK
 907	4000	72.3	72.3	 857	high noise
 908	   0	78.9	78.9	 738	OK
 909	   0	78.1	78.1	 607	OK
 910	   0	78.5	78.5	 714	OK
 911	   0	75.0	75.0	 812	OK
 912	   0	83.3	83.3	 739	OK
 913	   0	75.1	75.1	 747	OK
 914	   0	78.7	78.7	 671	OK
 915	   0	71.6	71.6	 695	OK
 916	   0	80.5	80.5	 733	OK
 917	   0	77.9	77.9	 770	OK
 918	4000	83.3	83.3	 869	high noise
 919	   0	77.9	77.9	 597	OK
 920	4000	82.5	82.5	 851	high noise
 921	   0	78.1	78.1	 665	OK
 922	   0	80.9	80.9	 729	OK
 923	4000	75.6	75.6	 904	high noise
 924	   0	77.5	77.5	 731	OK
 925	   0	68.7	68.7	 746	OK
 926	   0	77.6	77.6	 789	OK
 927	   0	75.0	75.0	 774	OK
 928	   0	78.5	78.5	 681	OK
 929	   0	80.4	80.4	 708	OK
 930	   0	81.5	81.5	 579	OK
 931	   0	78.6	78.6	 769	OK
 932	   0	81.1	81.1	 754	OK
 933	   0	79.7	79.7	 788	OK
 934	   0	78.8	78.8	 731	OK
 935	   0	80.0	80.0	 756	OK
 936	   0	75.1	75.1	 708	OK
 937	   0	76.8	76.8	 628	OK
 938	4000	77.4	77.4	 933	high noise
 939	   0	76.6	76.6	 644	OK
 940	   0	78.5	78.5	 755	OK
 941	   0	80.7	80.7	 764	OK
 942	   0	81.1	81.1	 642	OK
 943	   0	80.2	80.2	 808	OK
 944	   0	80.8	80.8	 711	OK
 945	   0	77.0	77.0	 661	OK
 946	   0	81.4	81.4	 692	OK
 947	   0	81.9	81.9	 655	OK
 948	   0	83.0	83.0	 722	OK
 949	   0	77.3	77.3	 736	OK
 950	   0	81.4	81.4	 634	OK
 951	   0	73.1	73.1	 706	OK
 952	4000	77.4	77.4	 879	high noise
 953	   0	78.1	78.1	 547	OK
 954	   0	78.3	78.3	 738	OK
 955	   0	81.9	81.9	 759	OK
 956	   0	83.9	83.9	 708	OK
 957	   0	82.0	82.0	 698	OK
 958	   0	80.8	80.8	 706	OK
 959	   0	82.3	82.3	 709	OK
 960	4000	76.7	76.7	 891	high noise
 961	   0	72.6	72.6	 690	OK
 962	   0	80.0	80.0	 664	OK
 963	1000	82.5	82.5	 521	unbonded
 964	   0	78.1	78.1	 791	OK
 965	1101	0.0	0.0	   0	dead
 966	   0	84.9	84.9	 632	OK
 967	   0	80.6	80.6	 608	OK
 968	   0	78.8	78.8	 736	OK
 969	   0	81.4	81.4	 750	OK
 970	   0	85.5	85.5	 613	OK
 971	   0	79.7	79.7	 778	OK
 972	   0	78.4	78.4	 688	OK
 973	   0	80.2	80.2	 747	OK
 974	   0	77.7	77.7	 739	OK
 975	   0	78.3	78.3	 752	OK
 976	   0	77.1	77.1	 720	OK
 977	   0	84.3	84.3	 638	OK
 978	   0	78.1	78.1	 692	OK
 979	1101	0.0	0.0	   0	dead
 980	   0	77.4	77.4	 755	OK
 981	4000	79.2	79.2	 859	high noise
 982	   0	84.8	84.8	 779	OK
 983	   0	82.6	82.6	 604	OK
 984	   0	78.5	78.5	 798	OK
 985	   0	79.4	79.4	 699	OK
 986	4000	76.2	76.2	 843	high noise
 987	   0	85.6	85.6	 760	OK
 988	   0	75.2	75.2	 726	OK
 989	   0	80.9	80.9	 809	OK
 990	   0	80.9	80.9	 758	OK
 991	   0	79.5	79.5	 692	OK
 992	4000	76.4	76.4	 907	high noise
 993	   0	77.3	77.3	 616	OK
 994	4000	77.3	77.3	 882	high noise
 995	4000	77.7	77.7	 824	high noise
 996	   0	75.6	75.6	 753	OK
 997	   0	83.4	83.4	 742	OK
 998	1000	77.4	77.4	 533	unbonded
 999	   0	75.8	75.8	 750	OK
1000	   0	79.7	79.7	 806	OK
1001	   0	79.8	79.8	 717	OK
1002	   0	82.2	82.2	 578	OK
1003	   0	74.1	74.1	 669	OK
1004	   0	78.1	78.1	 745	OK
1005	   0	77.8	77.8	 763	OK
1006	   0	81.6	81.6	 727	OK
1007	   0	67.6	67.6	 677	OK
1008	   0	72.9	72.9	 663	OK
1009	   0	79.0	79.0	 731	OK
1010	   0	76.9	76.9	 769	OK
1011	   0	77.7	77.7	 784	OK
1012	   0	79.7	79.7	 676	OK
1013	   0	77.5	77.5	 735	OK
1014	   0	83.0	83.0	 577	OK
1015	   0	77.4	77.4	 689	OK
1016	   0	81.8	81.8	 818	OK
1017	   0	81.5	81.5	 555	OK
1018	4000	79.4	79.4	 861	high noise
1019	   0	84.6	84.6	 640	OK
1020	   0	78.5	78.5	 668	OK
1021	   0	71.3	71.3	 671	OK
1022	4000	77.9	77.9	 846	high noise
1023	   0	77.2	77.2	 742	OK
1024	   0	83.4	83.4	 581	OK
1025	4000	88.1	88.1	 643	high noise
1026	   0	92.0	92.0	 602	OK
1027	8000	93.2	93.2	 541	partbonded
1028	1000	88.8	88.8	 512	unbonded
1029	4000	85.7	85.7	 774	high noise
1030	   0	90.0	90.0	 587	OK
1031	4000	88.2	88.2	 676	high noise
1032	   0	89.4	89.4	 630	OK
1033	   0	91.4	91.4	 561	OK
1034	1000	85.3	85.3	 401	unbonded
1035	   0	95.9	95.9	 601	OK
1036	4000	85.6	85.6	 694	high noise
1037	4000	82.4	82.4	 640	high noise
1038	4000	87.2	87.2	 678	high noise
1039	1000	86.7	86.7	 446	unbonded
1040	1000	91.8	91.8	 469	unbonded
1041	   0	83.7	83.7	 631	OK
1042	1000	91.5	91.5	 507	unbonded
1043	   0	89.7	89.7	 583	OK
1044	4000	87.7	87.7	 664	high noise
1045	   0	85.4	85.4	 581	OK
1046	1000	90.5	90.5	 471	unbonded
1047	1000	84.3	84.3	 477	unbonded
1048	1000	90.1	90.1	 472	unbonded
1049	   0	91.2	91.2	 551	OK
1050	1000	87.8	87.8	 530	unbonded
1051	1000	86.3	86.3	 510	unbonded
1052	   0	91.8	91.8	 574	OK
1053	   0	94.0	94.0	 589	OK
1054	4000	83.2	83.2	 649	high noise
1055	1000	87.6	87.6	 474	unbonded
1056	1000	85.9	85.9	 497	unbonded
1057	1000	91.2	91.2	 512	unbonded
1058	1000	89.9	89.9	 490	unbonded
1059	   0	93.9	93.9	 555	OK
1060	1000	88.4	88.4	 451	unbonded
1061	   0	94.0	94.0	 618	OK
1062	1000	87.2	87.2	 517	unbonded
1063	   0	91.4	91.4	 588	OK
1064	   0	92.0	92.0	 621	OK
1065	   0	95.5	95.5	 558	OK
1066	   0	92.6	92.6	 576	OK
1067	1000	85.8	85.8	 508	unbonded
1068	   0	86.9	86.9	 586	OK
1069	1000	86.1	86.1	 485	unbonded
1070	1000	87.5	87.5	 497	unbonded
1071	1000	89.9	89.9	 498	unbonded
1072	1000	83.3	83.3	 489	unbonded
1073	4000	89.5	89.5	 673	high noise
1074	4000	78.9	78.9	 684	high noise
1075	   0	86.3	86.3	 585	OK
1076	   0	86.0	86.0	 603	OK
1077	1000	85.8	85.8	 458	unbonded
1078	   0	94.7	94.7	 576	OK
1079	1000	85.0	85.0	 514	unbonded
1080	   0	92.1	92.1	 627	OK
1081	4000	89.3	89.3	 638	high noise
1082	   0	90.6	90.6	 566	OK
1083	4000	89.4	89.4	 636	high noise
1084	4000	87.8	87.8	 660	high noise
1085	   0	97.7	97.7	 599	OK
1086	1000	84.8	84.8	 538	unbonded
1087	   0	96.4	96.4	 578	OK
1088	1000	91.0	91.0	 473	unbonded
1089	1000	95.7	95.7	 480	unbonded
1090	   0	91.6	91.6	 632	OK
1091	1000	88.3	88.3	 534	unbonded
1092	1000	90.5	90.5	 537	unbonded
1093	   0	95.2	95.2	 630	OK
1094	1000	90.4	90.4	 506	unbonded
1095	   0	85.2	85.2	 602	OK
1096	1000	86.9	86.9	 476	unbonded
1097	1000	80.1	80.1	 510	unbonded
1098	   0	93.3	93.3	 578	OK
1099	1000	90.2	90.2	 520	unbonded
1100	   0	87.1	87.1	 555	OK
1101	1000	91.8	91.8	 495	unbonded
1102	1000	86.2	86.2	 492	unbonded
1103	1000	94.7	94.7	 490	unbonded
1104	4000	82.0	82.0	 651	high noise
1105	1000	84.4	84.4	 526	unbonded
1106	1000	88.0	88.0	 530	unbonded
1107	4000	89.8	89.8	 637	high noise
1108	1000	91.0	91.0	 499	unbonded
1109	1000	88.0	88.0	 466	unbonded
1110	   0	88.5	88.5	 571	OK
1111	1000	87.6	87.6	 374	unbonded
1112	   0	91.5	91.5	 604	OK
1113	   0	93.3	93.3	 576	OK
1114	4000	89.0	89.0	 639	high noise
1115	1000	87.2	87.2	 511	unbonded
1116	1000	86.7	86.7	 345	unbonded
1117	1000	93.3	93.3	 531	unbonded
1118	   0	89.3	89.3	 615	OK
1119	   0	78.3	78.3	 572	OK
1120	1000	88.7	88.7	 414	unbonded
1121	4000	86.2	86.2	 664	high noise
1122	1000	89.6	89.6	 536	unbonded
1123	   0	92.1	92.1	 585	OK
1124	   0	90.9	90.9	 607	OK
1125	1000	77.5	77.5	 406	unbonded
1126	1000	90.2	90.2	 494	unbonded
1127	   0	94.0	94.0	 558	OK
1128	   0	83.9	83.9	 560	OK
1129	   0	84.1	84.1	 551	OK
1130	4000	94.9	94.9	 659	high noise
1131	1000	90.5	90.5	 483	unbonded
1132	1000	92.4	92.4	 496	unbonded
1133	1000	84.3	84.3	 526	unbonded
1134	1000	90.8	90.8	 485	unbonded
1135	1000	88.0	88.0	 516	unbonded
1136	   0	93.8	93.8	 560	OK
1137	4000	95.7	95.7	 664	high noise
1138	1000	89.1	89.1	 492	unbonded
1139	   0	86.3	86.3	 544	OK
1140	   0	87.9	87.9	 620	OK
1141	1000	86.4	86.4	 428	unbonded
1142	1000	85.1	85.1	 481	unbonded
1143	1000	82.7	82.7	 424	unbonded
1144	4000	88.7	88.7	 656	high noise
1145	1000	87.7	87.7	 530	unbonded
1146	1000	91.6	91.6	 401	unbonded
1147	1000	92.6	92.6	 528	unbonded
1148	1000	87.4	87.4	 505	unbonded
1149	   0	90.6	90.6	 624	OK
1150	   0	83.4	83.4	 562	OK
1151	1000	92.2	92.2	 528	unbonded
1152	   0	73.9	73.9	 616	OK
1153	1000	79.8	79.8	 526	unbonded
1154	1000	81.5	81.5	 516	unbonded
1155	4000	76.8	76.8	 704	high noise
1156	   0	83.5	83.5	 561	OK
1157	   0	85.0	85.0	 669	OK
1158	4000	76.1	76.1	 779	high noise
1159	   0	76.2	76.2	 674	OK
1160	4000	81.7	81.7	 719	high noise
1161	   0	80.0	80.0	 589	OK
1162	   0	74.5	74.5	 660	OK
1163	   0	80.1	80.1	 596	OK
1164	   0	77.6	77.6	 576	OK
1165	1000	91.1	91.1	 502	unbonded
1166	   0	71.2	71.2	 600	OK
1167	4000	72.9	72.9	 696	high noise
1168	   0	76.1	76.1	 689	OK
1169	   0	75.6	75.6	 545	OK
1170	   0	75.5	75.5	 606	OK
1171	   0	81.1	81.1	 587	OK
1172	   0	83.0	83.0	 625	OK
1173	4000	82.2	82.2	 720	high noise
1174	1000	71.4	71.4	 417	unbonded
1175	   0	80.8	80.8	 570	OK
1176	   0	77.8	77.8	 688	OK
1177	   0	74.0	74.0	 557	OK
1178	   0	75.6	75.6	 625	OK
1179	1000	83.5	83.5	 521	unbonded
1180	   0	77.2	77.2	 637	OK
1181	4000	72.8	72.8	 698	high noise
1182	   0	82.3	82.3	 628	OK
1183	1000	85.2	85.2	 472	unbonded
1184	4000	81.6	81.6	 696	high noise
1185	   0	79.1	79.1	 654	OK
1186	1000	74.5	74.5	 492	unbonded
1187	   0	83.5	83.5	 581	OK
1188	   0	75.8	75.8	 564	OK
1189	   0	76.4	76.4	 623	OK
1190	   0	73.3	73.3	 635	OK
1191	   0	78.3	78.3	 553	OK
1192	   0	76.5	76.5	 678	OK
1193	   0	78.9	78.9	 679	OK
1194	4000	76.7	76.7	 697	high noise
1195	   0	80.1	80.1	 658	OK
1196	   0	84.9	84.9	 628	OK
1197	   0	87.5	87.5	 570	OK
1198	   0	73.4	73.4	 544	OK
1199	   0	81.0	81.0	 663	OK
1200	4000	86.2	86.2	 729	high noise
1201	1000	80.0	80.0	 507	unbonded
1202	   0	81.9	81.9	 622	OK
1203	1000	79.8	79.8	 509	unbonded
1204	1000	85.4	85.4	 529	unbonded
1205	1000	84.8	84.8	 474	unbonded
1206	4000	72.6	72.6	 728	high noise
1207	1000	82.1	82.1	 529	unbonded
1208	4000	71.4	71.4	 713	high noise
1209	   0	79.5	79.5	 597	OK
1210	   0	77.8	77.8	 555	OK
1211	1000	86.5	86.5	 521	unbonded
1212	   0	73.2	73.2	 590	OK
1213	   0	76.7	76.7	 683	OK
1214	   0	78.7	78.7	 547	OK
1215	   0	75.6	75.6	 612	OK
1216	   0	90.6	90.6	 579	OK
1217	   0	82.2	82.2	 557	OK
1218	   0	75.9	75.9	 581	OK
1219	   0	78.6	78.6	 679	OK
1220	1000	76.2	76.2	 418	unbonded
1221	   0	74.0	74.0	 674	OK
1222	1000	78.0	78.0	 502	unbonded
1223	   0	84.0	84.0	 665	OK
1224	4000	76.2	76.2	 793	high noise
1225	1000	83.2	83.2	 513	unbonded
1226	   0	77.0	77.0	 577	OK
1227	   0	77.2	77.2	 580	OK
1228	1000	75.9	75.9	 388	unbonded
1229	   0	76.0	76.0	 647	OK
1230	4000	75.8	75.8	 694	high noise
1231	   0	79.7	79.7	 589	OK
1232	4000	77.7	77.7	 701	high noise
1233	   0	72.9	72.9	 658	OK
1234	1000	82.4	82.4	 430	unbonded
1235	   0	67.6	67.6	 672	OK
1236	   0	77.6	77.6	 636	OK
1237	   0	79.7	79.7	 571	OK
1238	1000	75.5	75.5	 502	unbonded
1239	4000	76.8	76.8	 702	high noise
1240	   0	77.1	77.1	 624	OK
1241	   0	83.9	83.9	 660	OK
1242	   0	83.1	83.1	 569	OK
1243	   0	71.3	71.3	 604	OK
1244	   0	81.8	81.8	 573	OK
1245	1000	82.4	82.4	 476	unbonded
1246	   0	76.6	76.6	 620	OK
1247	   0	76.4	76.4	 619	OK
1248	4000	74.4	74.4	 722	high noise
1249	   0	75.2	75.2	 561	OK
1250	1000	86.5	86.5	 536	unbonded
1251	   0	78.0	78.0	 629	OK
1252	   0	80.3	80.3	 595	OK
1253	   0	81.7	81.7	 618	OK
1254	   0	76.1	76.1	 610	OK
1255	4000	75.5	75.5	 734	high noise
1256	   0	77.2	77.2	 572	OK
1257	   0	72.0	72.0	 647	OK
1258	   0	82.1	82.1	 681	OK
1259	   0	76.1	76.1	 622	OK
1260	1000	81.5	81.5	 460	unbonded
1261	   0	75.7	75.7	 541	OK
1262	1000	78.7	78.7	 532	unbonded
1263	1000	74.1	74.1	 512	unbonded
1264	   0	80.1	80.1	 542	OK
1265	1000	82.2	82.2	 476	unbonded
1266	   0	81.2	81.2	 616	OK
1267	1000	76.1	76.1	 516	unbonded
1268	   0	77.9	77.9	 554	OK
1269	1000	70.4	70.4	 522	unbonded
1270	   0	74.4	74.4	 570	OK
1271	1000	76.9	76.9	 445	unbonded
1272	   0	76.9	76.9	 624	OK
1273	4000	71.5	71.5	 704	high noise
1274	   0	76.2	76.2	 637	OK
1275	1000	85.0	85.0	 437	unbonded
1276	   0	80.6	80.6	 683	OK
1277	   0	76.5	76.5	 583	OK
1278	   0	77.2	77.2	 604	OK
1279	   0	80.1	80.1	 637	OK
1280	4000	85.3	85.3	 704	high noise
1281	4000	84.5	84.5	 753	high noise
1282	4000	85.4	85.4	 700	high noise
1283	   0	90.7	90.7	 690	OK
1284	1000	87.8	87.8	 503	unbonded
1285	   0	88.6	88.6	 659	OK
1286	1000	86.9	86.9	 415	unbonded
1287	4000	84.4	84.4	 739	high noise
1288	   0	87.2	87.2	 620	OK
1289	   0	82.1	82.1	 672	OK
1290	   0	86.9	86.9	 670	OK
1291	   0	84.0	84.0	 670	OK
1292	   0	83.2	83.2	 609	OK
1293	1000	84.4	84.4	 428	unbonded
1294	   0	87.2	87.2	 559	OK
1295	4000	82.4	82.4	 727	high noise
1296	   0	88.4	88.4	 589	OK
1297	   0	89.0	89.0	 585	OK
1298	   0	88.7	88.7	 617	OK
1299	   0	86.5	86.5	 683	OK
1300	1000	83.6	83.6	 439	unbonded
1301	4000	88.8	88.8	 727	high noise
1302	   0	83.3	83.3	 664	OK
1303	   0	79.7	79.7	 605	OK
1304	   0	91.3	91.3	 600	OK
1305	   0	86.1	86.1	 608	OK
1306	1000	88.8	88.8	 501	unbonded
1307	1000	84.5	84.5	 529	unbonded
1308	   0	79.5	79.5	 614	OK
1309	   0	90.4	90.4	 559	OK
1310	   0	87.9	87.9	 623	OK
1311	   0	86.1	86.1	 606	OK
1312	   0	88.1	88.1	 611	OK
1313	   0	81.9	81.9	 606	OK
1314	1000	86.8	86.8	 534	unbonded
1315	   0	85.9	85.9	 656	OK
1316	   0	85.0	85.0	 655	OK
1317	   0	81.4	81.4	 557	OK
1318	   0	82.6	82.6	 573	OK
1319	   0	88.9	88.9	 635	OK
1320	1000	91.2	91.2	 475	unbonded
1321	   0	81.5	81.5	 671	OK
1322	   0	85.9	85.9	 667	OK
1323	   0	95.0	95.0	 572	OK
1324	1000	87.8	87.8	 533	unbonded
1325	4000	83.0	83.0	 708	high noise
1326	   0	87.0	87.0	 644	OK
1327	   0	82.9	82.9	 650	OK
1328	   0	89.3	89.3	 580	OK
1329	   0	89.5	89.5	 629	OK
1330	   0	91.6	91.6	 582	OK
1331	   0	93.8	93.8	 574	OK
1332	1000	84.3	84.3	 526	unbonded
1333	   0	82.6	82.6	 625	OK
1334	   0	89.3	89.3	 639	OK
1335	1000	91.1	91.1	 540	unbonded
1336	   0	85.0	85.0	 599	OK
1337	   0	90.3	90.3	 611	OK
1338	   0	93.8	93.8	 670	OK
1339	   0	90.0	90.0	 619	OK
1340	1000	88.5	88.5	 537	unbonded
1341	1000	89.4	89.4	 507	unbonded
1342	   0	92.2	92.2	 627	OK
1343	   0	86.6	86.6	 594	OK
1344	1000	90.5	90.5	 510	unbonded
1345	   0	84.7	84.7	 635	OK
1346	   0	87.3	87.3	 589	OK
1347	   0	87.4	87.4	 632	OK
1348	4000	85.4	85.4	 728	high noise
1349	   0	87.2	87.2	 575	OK
1350	1000	88.1	88.1	 443	unbonded
1351	   0	88.1	88.1	 627	OK
1352	   0	90.9	90.9	 655	OK
1353	   0	87.5	87.5	 612	OK
1354	   0	86.5	86.5	 544	OK
1355	4000	82.5	82.5	 730	high noise
1356	   0	86.0	86.0	 560	OK
1357	   0	88.3	88.3	 593	OK
1358	   0	87.7	87.7	 549	OK
1359	   0	84.7	84.7	 544	OK
1360	   0	87.9	87.9	 639	OK
1361	   0	84.2	84.2	 669	OK
1362	   0	83.1	83.1	 607	OK
1363	1000	88.7	88.7	 536	unbonded
1364	   0	95.7	95.7	 636	OK
1365	1000	90.9	90.9	 510	unbonded
1366	   0	87.3	87.3	 678	OK
1367	   0	84.2	84.2	 642	OK
1368	   0	85.2	85.2	 684	OK
1369	1000	85.8	85.8	 464	unbonded
1370	1000	83.9	83.9	 460	unbonded
1371	   0	81.1	81.1	 605	OK
1372	   0	86.9	86.9	 577	OK
1373	   0	90.9	90.9	 609	OK
1374	   0	78.2	78.2	 628	OK
1375	   0	87.1	87.1	 555	OK
1376	   0	85.8	85.8	 649	OK
1377	   0	87.6	87.6	 695	OK
1378	   0	83.5	83.5	 621	OK
1379	   0	85.6	85.6	 547	OK
1380	   0	86.9	86.9	 547	OK
1381	4000	80.2	80.2	 702	high noise
1382	1000	94.2	94.2	 508	unbonded
1383	1000	84.2	84.2	 512	unbonded
1384	8000	85.1	85.1	 541	partbonded
1385	   0	83.1	83.1	 675	OK
1386	   0	87.6	87.6	 574	OK
1387	   0	85.5	85.5	 646	OK
1388	   0	87.3	87.3	 604	OK
1389	   0	84.4	84.4	 689	OK
1390	1000	85.5	85.5	 538	unbonded
1391	   0	84.6	84.6	 593	OK
1392	1000	88.0	88.0	 538	unbonded
1393	4000	85.4	85.4	 726	high noise
1394	   0	85.2	85.2	 599	OK
1395	   0	87.6	87.6	 623	OK
1396	1000	81.2	81.2	 497	unbonded
1397	   0	84.8	84.8	 687	OK
1398	   0	83.0	83.0	 628	OK
1399	   0	83.2	83.2	 584	OK
1400	   0	80.7	80.7	 602	OK
1401	   0	87.1	87.1	 598	OK
1402	   0	85.6	85.6	 663	OK
1403	   0	80.5	80.5	 643	OK
1404	4000	90.3	90.3	 772	high noise
1405	   0	88.5	88.5	 677	OK
1406	   0	82.5	82.5	 587	OK
1407	4000	90.1	90.1	 721	high noise
1408	   0	81.1	81.1	 611	OK
1409	   0	74.4	74.4	 663	OK
1410	   0	76.9	76.9	 576	OK
1411	   0	84.5	84.5	 650	OK
1412	4000	77.2	77.2	 818	high noise
1413	1000	80.4	80.4	 519	unbonded
1414	   0	76.2	76.2	 621	OK
1415	   0	76.0	76.0	 737	OK
1416	   0	81.7	81.7	 658	OK
1417	4000	74.2	74.2	 816	high noise
1418	   0	78.1	78.1	 556	OK
1419	   0	81.7	81.7	 621	OK
1420	   0	80.1	80.1	 578	OK
1421	   0	77.5	77.5	 707	OK
1422	   0	82.1	82.1	 570	OK
1423	1000	83.4	83.4	 512	unbonded
1424	   0	81.0	81.0	 643	OK
1425	   0	79.1	79.1	 547	OK
1426	   0	74.3	74.3	 678	OK
1427	   0	83.8	83.8	 581	OK
1428	   0	78.1	78.1	 546	OK
1429	4000	83.4	83.4	 810	high noise
1430	   0	78.0	78.0	 620	OK
1431	   0	77.9	77.9	 713	OK
1432	   0	80.3	80.3	 584	OK
1433	   0	75.1	75.1	 680	OK
1434	   0	79.9	79.9	 651	OK
1435	   0	76.9	76.9	 753	OK
1436	   0	79.5	79.5	 628	OK
1437	4000	80.1	80.1	 764	high noise
1438	1000	75.3	75.3	 497	unbonded
1439	   0	78.3	78.3	 695	OK
1440	   0	73.7	73.7	 601	OK
1441	   0	77.6	77.6	 688	OK
1442	   0	76.1	76.1	 675	OK
1443	   0	79.9	79.9	 596	OK
1444	   0	74.7	74.7	 668	OK
1445	4000	77.8	77.8	 809	high noise
1446	   0	80.7	80.7	 541	OK
1447	   0	83.3	83.3	 702	OK
1448	   0	82.6	82.6	 728	OK
1449	   0	74.7	74.7	 740	OK
1450	   0	84.0	84.0	 625	OK
1451	   0	77.3	77.3	 752	OK
1452	   0	78.7	78.7	 689	OK
1453	   0	84.9	84.9	 571	OK
1454	4000	73.6	73.6	 803	high noise
1455	   0	82.9	82.9	 718	OK
1456	   0	77.9	77.9	 692	OK
1457	   0	81.4	81.4	 706	OK
1458	   0	81.0	81.0	 638	OK
1459	   0	77.9	77.9	 552	OK
1460	   0	81.8	81.8	 671	OK
1461	   0	80.2	80.2	 629	OK
1462	   0	81.5	81.5	 711	OK
1463	4000	83.1	83.1	 770	high noise
1464	   0	86.5	86.5	 697	OK
1465	   0	82.6	82.6	 750	OK
1466	   0	80.7	80.7	 663	OK
1467	   0	78.2	78.2	 693	OK
1468	   0	81.1	81.1	 688	OK
1469	   0	76.9	76.9	 699	OK
1470	   0	81.6	81.6	 600	OK
1471	   0	82.6	82.6	 718	OK
1472	   0	87.1	87.1	 739	OK
1473	   0	83.2	83.2	 737	OK
1474	   0	79.8	79.8	 546	OK
1475	   0	82.1	82.1	 626	OK
1476	1000	80.7	80.7	 496	unbonded
1477	   0	77.9	77.9	 583	OK
1478	   0	73.8	73.8	 563	OK
1479	   0	79.2	79.2	 659	OK
1480	   0	77.0	77.0	 682	OK
1481	1000	80.7	80.7	 527	unbonded
1482	   0	77.3	77.3	 666	OK
1483	   0	78.6	78.6	 597	OK
1484	   0	79.9	79.9	 671	OK
1485	   0	78.0	78.0	 653	OK
1486	   0	76.4	76.4	 671	OK
1487	   0	82.4	82.4	 679	OK
1488	   0	75.8	75.8	 700	OK
1489	1000	80.0	80.0	 496	unbonded
1490	   0	82.2	82.2	 665	OK
1491	   0	85.0	85.0	 736	OK
1492	1000	76.8	76.8	 511	unbonded
1493	   0	78.6	78.6	 710	OK
1494	   0	84.6	84.6	 576	OK
1495	   0	77.8	77.8	 591	OK
1496	   0	76.5	76.5	 678	OK
1497	   0	76.0	76.0	 579	OK
1498	1000	84.3	84.3	 522	unbonded
1499	   0	77.7	77.7	 626	OK
1500	   0	80.5	80.5	 610	OK
1501	   0	76.8	76.8	 684	OK
1502	   0	72.7	72.7	 665	OK
1503	   0	82.4	82.4	 634	OK
1504	   0	81.4	81.4	 656	OK
1505	   0	75.7	75.7	 720	OK
1506	   0	84.7	84.7	 574	OK
1507	   0	78.8	78.8	 715	OK
1508	   0	79.0	79.0	 626	OK
1509	   0	79.3	79.3	 689	OK
1510	   0	81.8	81.8	 673	OK
1511	   0	82.5	82.5	 711	OK
1512	   0	71.8	71.8	 685	OK
1513	   0	76.5	76.5	 751	OK
1514	4000	74.1	74.1	 805	high noise
1515	   0	77.2	77.2	 756	OK
1516	   0	79.4	79.4	 684	OK
1517	   0	78.4	78.4	 727	OK
1518	   0	75.9	75.9	 709	OK
1519	   0	73.6	73.6	 735	OK
1520	   0	79.0	79.0	 602	OK
1521	   0	83.2	83.2	 569	OK
1522	4000	75.9	75.9	 777	high noise
1523	   0	81.3	81.3	 618	OK
1524	   0	80.4	80.4	 616	OK
1525	4000	74.6	74.6	 776	high noise
1526	   0	79.2	79.2	 704	OK
1527	   0	78.4	78.4	 576	OK
1528	   0	73.3	73.3	 706	OK
1529	   0	76.4	76.4	 749	OK
1530	   0	71.5	71.5	 734	OK
1531	   0	79.9	79.9	 598	OK
1532	   0	75.1	75.1	 550	OK
1533	   0	80.6	80.6	 660	OK
1534	4000	76.5	76.5	 758	high noise
1535	   0	77.0	77.0	 581	OK
1536	   0	73.3	73.3	 674	OK
1537	   0	73.5	73.5	 790	OK
1538	   0	74.0	74.0	 776	OK
1539	1000	71.2	71.2	 502	unbonded
1540	4000	72.3	72.3	 908	high noise
1541	   0	73.1	73.1	 728	OK
1542	   0	69.0	69.0	 798	OK
1543	   0	73.7	73.7	 675	OK
1544	   0	72.7	72.7	 814	OK
1545	   0	67.7	67.7	 687	OK
1546	   0	70.2	70.2	 741	OK
1547	   0	73.7	73.7	 667	OK
1548	1000	73.5	73.5	 387	unbonded
1549	   0	81.6	81.6	 707	OK
1550	   0	72.9	72.9	 804	OK
1551	   0	75.2	75.2	 844	OK
1552	   0	74.2	74.2	 648	OK
1553	4000	77.6	77.6	 860	high noise
1554	   0	75.0	75.0	 719	OK
1555	   0	70.7	70.7	 608	OK
1556	   0	71.1	71.1	 722	OK
1557	   0	75.8	75.8	 775	OK
1558	1000	70.4	70.4	 507	unbonded
1559	   0	77.4	77.4	 665	OK
1560	   0	74.5	74.5	 645	OK
1561	   0	80.2	80.2	 628	OK
1562	4000	76.4	76.4	 860	high noise
1563	   0	80.6	80.6	 741	OK
1564	   0	73.9	73.9	 791	OK
1565	   0	73.2	73.2	 819	OK
1566	   0	75.6	75.6	 766	OK
1567	   0	72.4	72.4	 802	OK
1568	   0	73.0	73.0	 813	OK
1569	   0	74.2	74.2	 609	OK
1570	   0	75.4	75.4	 768	OK
1571	   0	76.8	76.8	 725	OK
1572	   0	71.8	71.8	 812	OK
1573	   0	75.4	75.4	 753	OK
1574	   0	74.7	74.7	 674	OK
1575	   0	73.9	73.9	 820	OK
1576	   0	75.9	75.9	 806	OK
1577	   0	73.9	73.9	 716	OK
1578	   0	81.2	81.2	 596	OK
1579	   0	76.7	76.7	 664	OK
1580	   0	74.4	74.4	 745	OK
1581	   0	82.4	82.4	 631	OK
1582	   0	74.8	74.8	 773	OK
1583	   0	74.0	74.0	 646	OK
1584	   0	73.1	73.1	 557	OK
1585	   0	77.7	77.7	 741	OK
1586	   0	73.4	73.4	 742	OK
1587	   0	68.9	68.9	 815	OK
1588	   0	77.8	77.8	 832	OK
1589	   0	77.8	77.8	 651	OK
1590	   0	74.1	74.1	 738	OK
1591	   0	76.7	76.7	 768	OK
1592	   0	77.0	77.0	 764	OK
1593	4000	71.6	71.6	 873	high noise
1594	1000	79.4	79.4	 536	unbonded
1595	   0	78.8	78.8	 760	OK
1596	   0	76.9	76.9	 779	OK
1597	   0	76.1	76.1	 831	OK
1598	   0	75.7	75.7	 720	OK
1599	   0	75.2	75.2	 709	OK
1600	   0	67.7	67.7	 722	OK
1601	   0	77.2	77.2	 813	OK
1602	   0	78.4	78.4	 717	OK
1603	   0	74.6	74.6	 760	OK
1604	   0	77.1	77.1	 632	OK
1605	   0	75.4	75.4	 774	OK
1606	   0	72.0	72.0	 700	OK
1607	   0	74.0	74.0	 833	OK
1608	   0	70.6	70.6	 742	OK
1609	   0	74.0	74.0	 775	OK
1610	   0	77.0	77.0	 720	OK
1611	4000	77.8	77.8	 858	high noise
1612	   0	73.9	73.9	 718	OK
1613	   0	75.6	75.6	 647	OK
1614	4000	76.7	76.7	 939	high noise
1615	4000	75.5	75.5	 900	high noise
1616	   0	75.0	75.0	 670	OK
1617	   0	77.7	77.7	 736	OK
1618	4000	71.3	71.3	 879	high noise
1619	   0	76.6	76.6	 567	OK
1620	   0	77.7	77.7	 734	OK
1621	   0	76.4	76.4	 776	OK
1622	4000	72.6	72.6	 873	high noise
1623	   0	79.4	79.4	 832	OK
1624	   0	72.2	72.2	 769	OK
1625	   0	77.5	77.5	 566	OK
1626	   0	73.4	73.4	 782	OK
1627	   0	74.5	74.5	 775	OK
1628	   0	76.3	76.3	 683	OK
1629	   0	73.8	73.8	 777	OK
1630	   0	72.3	72.3	 747	OK
1631	   0	71.5	71.5	 787	OK
1632	   0	70.9	70.9	 766	OK
1633	   0	72.1	72.1	 827	OK
1634	   0	72.2	72.2	 792	OK
1635	   0	76.7	76.7	 689	OK
1636	   0	77.3	77.3	 786	OK
1637	   0	77.6	77.6	 707	OK
1638	4000	72.7	72.7	 855	high noise
1639	   0	75.3	75.3	 694	OK
1640	   0	71.1	71.1	 824	OK
1641	   0	76.1	76.1	 839	OK
1642	   0	73.7	73.7	 577	OK
1643	   0	76.0	76.0	 768	OK
1644	   0	78.7	78.7	 743	OK
1645	   0	73.1	73.1	 727	OK
1646	   0	70.7	70.7	 783	OK
1647	   0	72.6	72.6	 693	OK
1648	   0	75.3	75.3	 686	OK
1649	   0	72.8	72.8	 825	OK
1650	   0	74.9	74.9	 772	OK
1651	   0	72.7	72.7	 586	OK
1652	4000	76.3	76.3	 853	high noise
1653	   0	74.1	74.1	 669	OK
1654	   0	77.3	77.3	 652	OK
1655	   0	74.4	74.4	 638	OK
1656	   0	69.8	69.8	 691	OK
1657	   0	74.7	74.7	 791	OK
1658	4000	72.7	72.7	 884	high noise
1659	   0	77.4	77.4	 789	OK
1660	   0	70.4	70.4	 679	OK
1661	   0	72.5	72.5	 758	OK
1662	   0	77.8	77.8	 706	OK
1663	   0	69.0	69.0	 747	OK
1664	   0	83.3	83.3	 663	OK
1665	   0	73.6	73.6	 679	OK
1666	   0	76.8	76.8	 579	OK
1667	   0	69.4	69.4	 575	OK
1668	   0	78.9	78.9	 651	OK
1669	   0	75.9	75.9	 680	OK
1670	   0	74.6	74.6	 641	OK
1671	   0	77.4	77.4	 663	OK
1672	   0	77.3	77.3	 676	OK
1673	   0	80.5	80.5	 647	OK
1674	   0	77.3	77.3	 695	OK
1675	   0	74.3	74.3	 666	OK
1676	   0	83.0	83.0	 589	OK
1677	   0	83.1	83.1	 693	OK
1678	   0	75.7	75.7	 601	OK
1679	   0	87.1	87.1	 584	OK
1680	4000	71.6	71.6	 724	high noise
1681	   0	77.6	77.6	 654	OK
1682	   0	78.1	78.1	 624	OK
1683	1000	82.5	82.5	 502	unbonded
1684	   0	75.6	75.6	 627	OK
1685	   0	73.6	73.6	 630	OK
1686	   0	79.9	79.9	 591	OK
1687	   0	77.9	77.9	 628	OK
1688	1000	74.9	74.9	 513	unbonded
1689	   0	82.1	82.1	 619	OK
1690	   0	78.0	78.0	 636	OK
1691	   0	76.2	76.2	 694	OK
1692	   0	76.5	76.5	 551	OK
1693	   0	74.6	74.6	 722	OK
1694	   0	73.3	73.3	 591	OK
1695	   0	73.7	73.7	 618	OK
1696	   0	85.0	85.0	 569	OK
1697	   0	69.4	69.4	 696	OK
1698	   0	79.5	79.5	 558	OK
1699	   0	80.2	80.2	 597	OK
1700	   0	79.9	79.9	 571	OK
1701	   0	83.4	83.4	 679	OK
1702	   0	77.5	77.5	 596	OK
1703	   0	86.7	86.7	 711	OK
1704	   0	80.2	80.2	 649	OK
1705	4000	78.4	78.4	 724	high noise
1706	   0	77.8	77.8	 575	OK
1707	4000	76.4	76.4	 776	high noise
1708	   0	72.6	72.6	 542	OK
1709	   0	69.9	69.9	 672	OK
1710	1000	81.3	81.3	 519	unbonded
1711	1000	72.2	72.2	 474	unbonded
1712	4000	83.2	83.2	 727	high noise
1713	1000	82.8	82.8	 477	unbonded
1714	4000	70.9	70.9	 726	high noise
1715	   0	79.8	79.8	 551	OK
1716	   0	74.5	74.5	 678	OK
1717	4000	83.2	83.2	 751	high noise
1718	1000	79.9	79.9	 515	unbonded
1719	   0	71.7	71.7	 550	OK
1720	4000	78.8	78.8	 753	high noise
1721	1000	79.2	79.2	 535	unbonded
1722	   0	77.5	77.5	 544	OK
1723	4000	77.5	77.5	 729	high noise
1724	   0	78.8	78.8	 699	OK
1725	   0	81.0	81.0	 670	OK
1726	   0	85.2	85.2	 577	OK
1727	4000	83.7	83.7	 776	high noise
1728	   0	80.1	80.1	 566	OK
1729	   0	73.4	73.4	 648	OK
1730	   0	83.0	83.0	 687	OK
1731	1000	79.9	79.9	 435	unbonded
1732	   0	76.3	76.3	 648	OK
1733	   0	77.9	77.9	 704	OK
1734	   0	75.2	75.2	 639	OK
1735	   0	84.5	84.5	 622	OK
1736	   0	81.9	81.9	 607	OK
1737	   0	76.9	76.9	 624	OK
1738	1000	81.7	81.7	 442	unbonded
1739	   0	79.6	79.6	 700	OK
1740	1000	76.2	76.2	 520	unbonded
1741	4000	80.2	80.2	 745	high noise
1742	   0	78.4	78.4	 686	OK
1743	   0	72.6	72.6	 656	OK
1744	   0	80.1	80.1	 712	OK
1745	   0	76.2	76.2	 589	OK
1746	1000	70.5	70.5	 535	unbonded
1747	   0	79.0	79.0	 594	OK
1748	   0	74.6	74.6	 648	OK
1749	   0	72.8	72.8	 657	OK
1750	   0	77.9	77.9	 669	OK
1751	   0	73.0	73.0	 611	OK
1752	   0	75.8	75.8	 646	OK
1753	   0	77.7	77.7	 677	OK
1754	   0	78.5	78.5	 624	OK
1755	   0	78.7	78.7	 636	OK
1756	   0	77.2	77.2	 723	OK
1757	   0	78.2	78.2	 552	OK
1758	4000	80.1	80.1	 765	high noise
1759	   0	80.1	80.1	 675	OK
1760	   0	70.7	70.7	 694	OK
1761	   0	80.0	80.0	 561	OK
1762	   0	73.6	73.6	 663	OK
1763	   0	71.1	71.1	 633	OK
1764	   0	70.3	70.3	 672	OK
1765	   0	73.6	73.6	 625	OK
1766	   0	80.9	80.9	 631	OK
1767	   0	70.0	70.0	 662	OK
1768	   0	77.6	77.6	 569	OK
1769	1000	78.0	78.0	 521	unbonded
1770	4000	70.8	70.8	 800	high noise
1771	   0	75.7	75.7	 637	OK
1772	   0	80.0	80.0	 604	OK
1773	   0	67.4	67.4	 663	OK
1774	   0	79.9	79.9	 695	OK
1775	   0	81.5	81.5	 554	OK
1776	4000	76.5	76.5	 743	high noise
1777	1000	79.8	79.8	 531	unbonded
1778	   0	74.3	74.3	 560	OK
1779	   0	75.7	75.7	 669	OK
1780	   0	81.1	81.1	 586	OK
1781	   0	78.8	78.8	 632	OK
1782	   0	75.5	75.5	 677	OK
1783	   0	71.5	71.5	 625	OK
1784	1000	82.2	82.2	 524	unbonded
1785	   0	71.5	71.5	 603	OK
1786	1000	82.8	82.8	 446	unbonded
1787	4000	73.1	73.1	 781	high noise
1788	1000	71.9	71.9	 519	unbonded
1789	   0	76.2	76.2	 618	OK
1790	   0	70.1	70.1	 629	OK
1791	   0	80.9	80.9	 609	OK
1792	   0	66.9	66.9	 628	OK
1793	   0	61.2	61.2	 773	OK
1794	   0	65.3	65.3	 690	OK
1795	   0	65.7	65.7	 676	OK
1796	   0	64.5	64.5	 674	OK
1797	   0	64.8	64.8	 674	OK
1798	   0	64.5	64.5	 820	OK
1799	   0	65.8	65.8	 707	OK
1800	4000	62.0	62.0	 895	high noise
1801	   0	63.5	63.5	 763	OK
1802	   0	67.1	67.1	 561	OK
1803	   0	65.7	65.7	 791	OK
1804	   0	65.6	65.6	 721	OK
1805	   0	69.6	69.6	 662	OK
1806	   0	66.1	66.1	 716	OK
1807	   0	68.9	68.9	 570	OK
1808	4000	67.1	67.1	 832	high noise
1809	   0	68.7	68.7	 801	OK
1810	   0	67.5	67.5	 651	OK
1811	4000	71.8	71.8	 840	high noise
1812	   0	66.2	66.2	 694	OK
1813	   0	63.8	63.8	 548	OK
1814	   0	68.7	68.7	 727	OK
1815	   0	63.5	63.5	 628	OK
1816	4000	66.8	66.8	 881	high noise
1817	   0	65.3	65.3	 644	OK
1818	   0	65.4	65.4	 814	OK
1819	   0	66.5	66.5	 683	OK
1820	   0	65.6	65.6	 693	OK
1821	   0	68.0	68.0	 694	OK
1822	   0	68.3	68.3	 731	OK
1823	   0	68.4	68.4	 741	OK
1824	   0	66.8	66.8	 649	OK
1825	   0	66.8	66.8	 797	OK
1826	   0	64.0	64.0	 717	OK
1827	   0	61.9	61.9	 803	OK
1828	   0	64.2	64.2	 792	OK
1829	1000	74.0	74.0	 489	unbonded
1830	4000	64.7	64.7	 878	high noise
1831	   0	68.4	68.4	 626	OK
1832	   0	69.6	69.6	 639	OK
1833	4000	66.3	66.3	 844	high noise
1834	   0	70.6	70.6	 692	OK
1835	   0	64.6	64.6	 705	OK
1836	   0	64.9	64.9	 680	OK
1837	4000	67.2	67.2	 955	high noise
1838	   0	67.4	67.4	 690	OK
1839	   0	69.8	69.8	 732	OK
1840	   0	64.2	64.2	 695	OK
1841	   0	71.1	71.1	 779	OK
1842	   0	66.0	66.0	 633	OK
1843	   0	70.2	70.2	 717	OK
1844	   0	67.8	67.8	 740	OK
1845	   0	68.5	68.5	 765	OK
1846	   0	71.3	71.3	 594	OK
1847	   0	70.1	70.1	 584	OK
1848	   0	70.6	70.6	 617	OK
1849	   0	67.4	67.4	 756	OK
1850	   0	68.1	68.1	 797	OK
1851	   0	66.4	66.4	 741	OK
1852	   0	70.4	70.4	 697	OK
1853	   0	69.7	69.7	 729	OK
1854	   0	71.1	71.1	 712	OK
1855	   0	68.0	68.0	 810	OK
1856	   0	72.9	72.9	 751	OK
1857	   0	68.3	68.3	 695	OK
1858	   0	66.7	66.7	 817	OK
1859	   0	70.0	70.0	 769	OK
1860	   0	70.4	70.4	 558	OK
1861	   0	73.8	73.8	 726	OK
1862	   0	68.2	68.2	 661	OK
1863	4000	68.0	68.0	 846	high noise
1864	   0	69.2	69.2	 693	OK
1865	   0	61.2	61.2	 689	OK
1866	   0	66.9	66.9	 699	OK
1867	   0	66.1	66.1	 663	OK
1868	   0	70.9	70.9	 752	OK
1869	   0	67.3	67.3	 605	OK
1870	   0	71.0	71.0	 548	OK
1871	   0	68.1	68.1	 754	OK
1872	   0	68.1	68.1	 626	OK
1873	   0	66.8	66.8	 744	OK
1874	   0	63.9	63.9	 766	OK
1875	   0	65.4	65.4	 763	OK
1876	   0	69.2	69.2	 734	OK
1877	4000	67.7	67.7	 857	high noise
1878	   0	69.3	69.3	 586	OK
1879	   0	72.5	72.5	 733	OK
1880	   0	68.6	68.6	 718	OK
1881	   0	68.8	68.8	 547	OK
1882	   0	64.8	64.8	 799	OK
1883	   0	70.5	70.5	 642	OK
1884	   0	67.9	67.9	 680	OK
1885	4000	69.0	69.0	 833	high noise
1886	4000	61.5	61.5	 826	high noise
1887	   0	66.1	66.1	 625	OK
1888	   0	66.6	66.6	 674	OK
1889	4000	65.7	65.7	 865	high noise
1890	   0	68.4	68.4	 728	OK
1891	   0	69.1	69.1	 762	OK
1892	   0	65.1	65.1	 713	OK
1893	   0	70.2	70.2	 805	OK
1894	   0	70.2	70.2	 636	OK
1895	   0	68.6	68.6	 682	OK
1896	   0	69.4	69.4	 635	OK
1897	   0	65.6	65.6	 701	OK
1898	   0	68.4	68.4	 727	OK
1899	   0	66.2	66.2	 739	OK
1900	1000	66.1	66.1	 504	unbonded
1901	   0	71.2	71.2	 620	OK
1902	   0	66.5	66.5	 735	OK
1903	   0	67.4	67.4	 768	OK
1904	   0	64.9	64.9	 719	OK
1905	   0	67.6	67.6	 759	OK
1906	   0	67.0	67.0	 646	OK
1907	   0	70.2	70.2	 752	OK
1908	   0	67.1	67.1	 695	OK
1909	   0	66.0	66.0	 555	OK
1910	   0	66.0	66.0	 611	OK
1911	   0	62.8	62.8	 700	OK
1912	   0	72.1	72.1	 791	OK
1913	   0	65.1	65.1	 718	OK
1914	   0	62.9	62.9	 587	OK
1915	   0	69.1	69.1	 819	OK
1916	   0	64.3	64.3	 798	OK
1917	   0	69.5	69.5	 636	OK
1918	   0	68.9	68.9	 794	OK
1919	   0	68.3	68.3	 752	OK
1920	4000	74.2	74.2	 767	high noise
1921	   0	73.2	73.2	 646	OK
1922	4000	73.9	73.9	 780	high noise
1923	4000	77.2	77.2	 787	high noise
1924	   0	80.2	80.2	 625	OK
1925	   0	80.0	80.0	 580	OK
1926	4000	79.4	79.4	 760	high noise
1927	   0	74.3	74.3	 593	OK
1928	   0	78.1	78.1	 640	OK
1929	   0	78.9	78.9	 573	OK
1930	   0	80.1	80.1	 649	OK
1931	   0	77.9	77.9	 718	OK
1932	   0	81.3	81.3	 695	OK
1933	4000	75.1	75.1	 817	high noise
1934	   0	78.7	78.7	 563	OK
1935	   0	81.0	81.0	 755	OK
1936	   0	77.0	77.0	 708	OK
1937	1000	78.3	78.3	 486	unbonded
1938	   0	78.8	78.8	 660	OK
1939	   0	79.0	79.0	 715	OK
1940	   0	77.2	77.2	 661	OK
1941	   0	79.6	79.6	 658	OK
1942	   0	82.7	82.7	 694	OK
1943	   0	78.4	78.4	 620	OK
1944	   0	81.2	81.2	 707	OK
1945	   0	73.3	73.3	 739	OK
1946	   0	78.6	78.6	 720	OK
1947	1000	75.9	75.9	 511	unbonded
1948	   0	78.6	78.6	 741	OK
1949	   0	76.6	76.6	 679	OK
1950	   0	77.9	77.9	 732	OK
1951	   0	82.1	82.1	 709	OK
1952	   0	78.4	78.4	 687	OK
1953	   0	80.1	80.1	 599	OK
1954	4000	82.5	82.5	 785	high noise
1955	   0	84.1	84.1	 574	OK
1956	   0	77.8	77.8	 677	OK
1957	   0	81.4	81.4	 664	OK
1958	   0	73.3	73.3	 632	OK
1959	   0	82.1	82.1	 605	OK
1960	   0	80.3	80.3	 595	OK
1961	   0	78.3	78.3	 747	OK
1962	1000	77.9	77.9	 523	unbonded
1963	   0	81.3	81.3	 684	OK
1964	   0	78.4	78.4	 615	OK
1965	   0	81.6	81.6	 744	OK
1966	   0	82.9	82.9	 743	OK
1967	   0	77.2	77.2	 590	OK
1968	   0	78.9	78.9	 655	OK
1969	   0	77.5	77.5	 678	OK
1970	   0	75.0	75.0	 694	OK
1971	   0	79.4	79.4	 627	OK
1972	   0	78.9	78.9	 643	OK
1973	1000	80.9	80.9	 531	unbonded
1974	   0	79.6	79.6	 702	OK
1975	   0	76.2	76.2	 680	OK
1976	   0	81.3	81.3	 704	OK
1977	   0	78.1	78.1	 596	OK
1978	   0	77.2	77.2	 708	OK
1979	1000	86.3	86.3	 486	unbonded
1980	4000	77.6	77.6	 760	high noise
1981	   0	80.0	80.0	 696	OK
1982	   0	84.7	84.7	 678	OK
1983	   0	79.6	79.6	 577	OK
1984	   0	80.7	80.7	 578	OK
1985	   0	82.2	82.2	 736	OK
1986	1000	81.9	81.9	 509	unbonded
1987	   0	76.4	76.4	 634	OK
1988	4000	80.0	80.0	 847	high noise
1989	   0	77.8	77.8	 661	OK
1990	4000	86.2	86.2	 805	high noise
1991	   0	79.1	79.1	 585	OK
1992	4000	82.0	82.0	 857	high noise
1993	   0	76.8	76.8	 546	OK
1994	   0	77.8	77.8	 577	OK
1995	1000	75.8	75.8	 520	unbonded
1996	   0	74.8	74.8	 735	OK
1997	   0	72.4	72.4	 605	OK
1998	   0	75.5	75.5	 637	OK
1999	   0	82.8	82.8	 692	OK
2000	   0	80.2	80.2	 643	OK
2001	   0	78.4	78.4	 640	OK
2002	   0	79.5	79.5	 647	OK
2003	   0	78.3	78.3	 564	OK
2004	   0	75.7	75.7	 563	OK
2005	4000	75.6	75.6	 771	high noise
2006	   0	82.5	82.5	 695	OK
2007	1000	77.5	77.5	 535	unbonded
2008	   0	78.2	78.2	 688	OK
2009	4000	81.5	81.5	 793	high noise
2010	   0	82.0	82.0	 731	OK
2011	   0	79.0	79.0	 706	OK
2012	   0	73.3	73.3	 584	OK
2013	1000	80.0	80.0	 512	unbonded
2014	1000	78.6	78.6	 497	unbonded
2015	   0	72.6	72.6	 621	OK
2016	1000	75.8	75.8	 505	unbonded
2017	   0	75.4	75.4	 587	OK
2018	1000	83.6	83.6	 533	unbonded
2019	   0	77.2	77.2	 639	OK
2020	   0	79.3	79.3	 664	OK
2021	   0	75.2	75.2	 570	OK
2022	1000	79.8	79.8	 450	unbonded
2023	   0	72.2	72.2	 703	OK
2024	4000	73.4	73.4	 799	high noise
2025	   0	76.4	76.4	 672	OK
2026	4000	78.6	78.6	 808	high noise
2027	   0	79.6	79.6	 625	OK
2028	   0	73.6	73.6	 593	OK
2029	   0	73.8	73.8	 705	OK
2030	4000	75.8	75.8	 798	high noise
2031	   0	75.1	75.1	 706	OK
2032	   0	74.5	74.5	 642	OK
2033	   0	80.3	80.3	 604	OK
2034	1000	78.1	78.1	 478	unbonded
2035	   0	76.2	76.2	 555	OK
2036	4000	78.1	78.1	 817	high noise
2037	   0	76.3	76.3	 640	OK
2038	   0	78.8	78.8	 620	OK
2039	   0	79.1	79.1	 754	OK
2040	   0	85.9	85.9	 683	OK
2041	1000	72.7	72.7	 515	unbonded
2042	   0	78.2	78.2	 644	OK
2043	   0	77.7	77.7	 696	OK
2044	   0	78.3	78.3	 641	OK
2045	   0	81.8	81.8	 650	OK
2046	   0	72.7	72.7	 744	OK
2047	   0	73.5	73.5	 689	OK
2048	1000	91.0	91.0	 454	unbonded
2049	   0	90.8	90.8	 641	OK
2050	   0	96.9	96.9	 604	OK
2051	   0	84.1	84.1	 669	OK
2052	   0	91.1	91.1	 644	OK
2053	   0	95.7	95.7	 652	OK
2054	   0	88.0	88.0	 581	OK
2055	1000	90.7	90.7	 519	unbonded
2056	1000	88.7	88.7	 403	unbonded
2057	1000	94.4	94.4	 533	unbonded
2058	   0	96.7	96.7	 543	OK
2059	1000	83.2	83.2	 508	unbonded
2060	4000	89.0	89.0	 674	high noise
2061	4000	87.6	87.6	 740	high noise
2062	   0	87.8	87.8	 555	OK
2063	   0	88.2	88.2	 562	OK
2064	   0	91.4	91.4	 651	OK
2065	   0	87.3	87.3	 611	OK
2066	1000	93.5	93.5	 460	unbonded
2067	   0	86.0	86.0	 594	OK
2068	   0	90.9	90.9	 673	OK
2069	   0	90.4	90.4	 553	OK
2070	   0	92.1	92.1	 565	OK
2071	   0	98.4	98.4	 637	OK
2072	   0	98.8	98.8	 632	OK
2073	   0	88.2	88.2	 653	OK
2074	1000	89.1	89.1	 513	unbonded
2075	   0	84.3	84.3	 673	OK
2076	   0	93.3	93.3	 574	OK
2077	   0	92.1	92.1	 618	OK
2078	1000	90.3	90.3	 488	unbonded
2079	   0	89.0	89.0	 627	OK
2080	   0	93.2	93.2	 561	OK
2081	1000	96.9	96.9	 474	unbonded
2082	1000	94.8	94.8	 445	unbonded
2083	   0	77.5	77.5	 648	OK
2084	   0	87.1	87.1	 671	OK
2085	   0	92.4	92.4	 621	OK
2086	4000	87.7	87.7	 675	high noise
2087	   0	80.0	80.0	 560	OK
2088	   0	97.7	97.7	 618	OK
2089	1000	83.6	83.6	 488	unbonded
2090	4000	89.5	89.5	 697	high noise
2091	1000	93.7	93.7	 525	unbonded
2092	1000	85.3	85.3	 490	unbonded
2093	   0	90.2	90.2	 656	OK
2094	   0	90.7	90.7	 638	OK
2095	   0	85.6	85.6	 619	OK
2096	   0	94.0	94.0	 612	OK
2097	1000	93.4	93.4	 511	unbonded
2098	1000	95.8	95.8	 500	unbonded
2099	   0	89.5	89.5	 600	OK
2100	1000	87.2	87.2	 442	unbonded
2101	   0	92.1	92.1	 598	OK
2102	4000	94.0	94.0	 724	high noise
2103	   0	89.8	89.8	 564	OK
2104	1000	90.6	90.6	 400	unbonded
2105	   0	91.5	91.5	 639	OK
2106	   0	86.9	86.9	 665	OK
2107	   0	87.8	87.8	 578	OK
2108	   0	85.5	85.5	 615	OK
2109	   0	91.2	91.2	 643	OK
2110	   0	96.4	96.4	 574	OK
2111	4000	100.9	100.9	 695	high noise
2112	1000	91.5	91.5	 436	unbonded
2113	1000	84.6	84.6	 507	unbonded
2114	   0	93.5	93.5	 554	OK
2115	   0	89.9	89.9	 669	OK
2116	4000	84.4	84.4	 677	high noise
2117	   0	91.1	91.1	 552	OK
2118	   0	93.1	93.1	 600	OK
2119	4000	86.3	86.3	 680	high noise
2120	1000	90.1	90.1	 508	unbonded
2121	   0	100.1	100.1	 610	OK
2122	1000	89.6	89.6	 489	unbonded
2123	1000	91.5	91.5	 537	unbonded
2124	4000	81.1	81.1	 771	high noise
2125	   0	87.2	87.2	 548	OK
2126	1000	89.6	89.6	 514	unbonded
2127	   0	91.1	91.1	 640	OK
2128	1000	97.9	97.9	 513	unbonded
2129	   0	85.7	85.7	 662	OK
2130	4000	87.1	87.1	 714	high noise
2131	   0	90.7	90.7	 561	OK
2132	1000	95.8	95.8	 491	unbonded
2133	1000	88.0	88.0	 526	unbonded
2134	   0	93.1	93.1	 565	OK
2135	   0	85.2	85.2	 571	OK
2136	1000	89.9	89.9	 441	unbonded
2137	   0	98.3	98.3	 627	OK
2138	1000	89.6	89.6	 514	unbonded
2139	   0	87.7	87.7	 577	OK
2140	4000	88.9	88.9	 682	high noise
2141	1000	90.9	90.9	 487	unbonded
2142	   0	93.8	93.8	 579	OK
2143	   0	87.1	87.1	 558	OK
2144	1000	91.6	91.6	 539	unbonded
2145	   0	89.4	89.4	 576	OK
2146	   0	86.1	86.1	 597	OK
2147	   0	89.7	89.7	 650	OK
2148	   0	91.3	91.3	 618	OK
2149	   0	85.7	85.7	 627	OK
2150	1000	92.0	92.0	 536	unbonded
2151	1000	84.1	84.1	 523	unbonded
2152	4000	89.2	89.2	 735	high noise
2153	   0	91.3	91.3	 630	OK
2154	   0	92.0	92.0	 573	OK
2155	   0	92.2	92.2	 609	OK
2156	   0	86.9	86.9	 552	OK
2157	4000	92.2	92.2	 704	high noise
2158	1000	94.8	94.8	 459	unbonded
2159	   0	94.6	94.6	 596	OK
2160	   0	90.3	90.3	 599	OK
2161	4000	87.1	87.1	 708	high noise
2162	   0	92.0	92.0	 557	OK
2163	   0	89.9	89.9	 541	OK
2164	1000	89.8	89.8	 512	unbonded
2165	1000	83.4	83.4	 529	unbonded
2166	   0	87.6	87.6	 659	OK
2167	1000	92.9	92.9	 531	unbonded
2168	   0	87.4	87.4	 663	OK
2169	4000	82.5	82.5	 723	high noise
2170	   0	85.9	85.9	 644	OK
2171	   0	91.0	91.0	 560	OK
2172	1000	81.9	81.9	 536	unbonded
2173	1000	88.0	88.0	 509	unbonded
2174	4000	84.3	84.3	 735	high noise
2175	   0	91.9	91.9	 556	OK
2176	   0	76.2	76.2	 801	OK
2177	   0	75.4	75.4	 654	OK
2178	   0	73.4	73.4	 731	OK
2179	   0	76.6	76.6	 596	OK
2180	   0	75.6	75.6	 763	OK
2181	4000	72.1	72.1	 819	high noise
2182	   0	79.9	79.9	 681	OK
2183	   0	76.1	76.1	 757	OK
2184	   0	72.3	72.3	 686	OK
2185	   0	77.0	77.0	 757	OK
2186	   0	76.8	76.8	 775	OK
2187	   0	76.4	76.4	 735	OK
2188	   0	75.0	75.0	 731	OK
2189	   0	80.3	80.3	 679	OK
2190	   0	81.1	81.1	 694	OK
2191	   0	77.9	77.9	 716	OK
2192	   0	76.0	76.0	 670	OK
2193	   0	77.5	77.5	 719	OK
2194	   0	75.6	75.6	 564	OK
2195	   0	75.2	75.2	 628	OK
2196	   0	76.3	76.3	 642	OK
2197	   0	74.9	74.9	 757	OK
2198	   0	76.2	76.2	 786	OK
2199	   0	77.8	77.8	 749	OK
2200	   0	80.6	80.6	 677	OK
2201	4000	77.1	77.1	 862	high noise
2202	   0	75.7	75.7	 682	OK
2203	   0	76.7	76.7	 612	OK
2204	   0	75.8	75.8	 748	OK
2205	   0	74.5	74.5	 630	OK
2206	4000	74.3	74.3	 825	high noise
2207	   0	77.0	77.0	 724	OK
2208	   0	83.0	83.0	 678	OK
2209	   0	82.5	82.5	 711	OK
2210	   0	77.5	77.5	 714	OK
2211	4000	84.8	84.8	 823	high noise
2212	   0	72.5	72.5	 652	OK
2213	   0	80.0	80.0	 753	OK
2214	   0	82.8	82.8	 753	OK
2215	   0	76.0	76.0	 693	OK
2216	   0	82.5	82.5	 691	OK
2217	   0	85.6	85.6	 708	OK
2218	   0	74.6	74.6	 776	OK
2219	   0	80.4	80.4	 666	OK
2220	   0	81.7	81.7	 650	OK
2221	   0	78.4	78.4	 693	OK
2222	   0	77.9	77.9	 744	OK
2223	   0	75.4	75.4	 763	OK
2224	   0	74.0	74.0	 706	OK
2225	   0	79.5	79.5	 619	OK
2226	   0	84.9	84.9	 663	OK
2227	   0	79.1	79.1	 678	OK
2228	   0	78.9	78.9	 693	OK
2229	   0	81.0	81.0	 685	OK
2230	1000	79.0	79.0	 524	unbonded
2231	   0	79.6	79.6	 680	OK
2232	4000	76.0	76.0	 858	high noise
2233	   0	78.7	78.7	 700	OK
2234	   0	77.9	77.9	 645	OK
2235	   0	79.7	79.7	 737	OK
2236	1000	80.6	80.6	 390	unbonded
2237	4000	77.8	77.8	 860	high noise
2238	   0	84.4	84.4	 753	OK
2239	   0	83.5	83.5	 576	OK
2240	   0	76.2	76.2	 747	OK
2241	   0	79.3	79.3	 766	OK
2242	   0	83.5	83.5	 557	OK
2243	   0	75.7	75.7	 752	OK
2244	   0	79.5	79.5	 698	OK
2245	4000	77.0	77.0	 872	high noise
2246	   0	88.2	88.2	 765	OK
2247	   0	79.7	79.7	 568	OK
2248	   0	84.2	84.2	 612	OK
2249	   0	80.7	80.7	 543	OK
2250	   0	82.0	82.0	 676	OK
2251	   0	84.1	84.1	 655	OK
2252	   0	82.8	82.8	 628	OK
2253	   0	79.7	79.7	 699	OK
2254	4000	80.1	80.1	 840	high noise
2255	   0	81.8	81.8	 758	OK
2256	   0	77.1	77.1	 673	OK
2257	   0	82.5	82.5	 667	OK
2258	4000	76.8	76.8	 836	high noise
2259	   0	77.1	77.1	 619	OK
2260	   0	81.4	81.4	 607	OK
2261	   0	80.3	80.3	 562	OK
2262	   0	81.7	81.7	 666	OK
2263	   0	78.7	78.7	 734	OK
2264	   0	77.5	77.5	 706	OK
2265	   0	78.7	78.7	 618	OK
2266	   0	76.8	76.8	 718	OK
2267	   0	74.4	74.4	 623	OK
2268	   0	81.0	81.0	 718	OK
2269	   0	81.3	81.3	 571	OK
2270	   0	78.0	78.0	 712	OK
2271	   0	81.5	81.5	 640	OK
2272	   0	77.7	77.7	 640	OK
2273	   0	82.9	82.9	 718	OK
2274	   0	85.9	85.9	 542	OK
2275	   0	81.0	81.0	 720	OK
2276	4000	80.1	80.1	 838	high noise
2277	   0	77.6	77.6	 585	OK
2278	   0	79.9	79.9	 751	OK
2279	   0	77.8	77.8	 666	OK
2280	   0	80.7	80.7	 795	OK
2281	   0	78.5	78.5	 620	OK
2282	   0	76.7	76.7	 687	OK
2283	   0	81.8	81.8	 708	OK
2284	   0	74.6	74.6	 666	OK
2285	   0	79.2	79.2	 744	OK
2286	4000	79.6	79.6	 858	high noise
2287	   0	80.1	80.1	 713	OK
2288	   0	78.2	78.2	 637	OK
2289	4000	75.0	75.0	 815	high noise
2290	4000	80.0	80.0	 816	high noise
2291	   0	78.2	78.2	 769	OK
2292	   0	77.3	77.3	 763	OK
2293	   0	82.4	82.4	 694	OK
2294	   0	73.7	73.7	 710	OK
2295	   0	83.9	83.9	 779	OK
2296	4000	78.1	78.1	 812	high noise
2297	   0	81.3	81.3	 789	OK
2298	   0	79.6	79.6	 700	OK
2299	   0	75.4	75.4	 625	OK
2300	   0	81.0	81.0	 785	OK
2301	   0	78.7	78.7	 726	OK
2302	   0	81.5	81.5	 659	OK
2303	   0	77.8	77.8	 655	OK
2304	   0	94.9	94.9	 561	OK
2305	1000	92.3	92.3	 483	unbonded
2306	1000	87.6	87.6	 529	unbonded
2307	1000	86.1	86.1	 533	unbonded
2308	1000	81.8	81.8	 479	unbonded
2309	1000	81.8	81.8	 530	unbonded
2310	8000	93.2	93.2	 541	partbonded
2311	   0	88.1	88.1	 570	OK
2312	4000	88.0	88.0	 650	high noise
2313	   0	89.3	89.3	 545	OK
2314	1000	89.5	89.5	 529	unbonded
2315	1000	86.7	86.7	 520	unbonded
2316	   0	86.8	86.8	 619	OK
2317	   0	94.3	94.3	 556	OK
2318	1000	92.5	92.5	 493	unbonded
2319	4000	94.5	94.5	 655	high noise
2320	1000	88.8	88.8	 490	unbonded
2321	1000	96.8	96.8	 502	unbonded
2322	   0	85.8	85.8	 589	OK
2323	   0	94.2	94.2	 602	OK
2324	1000	98.7	98.7	 513	unbonded
2325	   0	89.7	89.7	 566	OK
2326	   0	90.5	90.5	 601	OK
2327	1000	91.2	91.2	 536	unbonded
2328	1000	94.6	94.6	 475	unbonded
2329	1000	87.2	87.2	 515	unbonded
2330	1000	93.6	93.6	 467	unbonded
2331	4000	86.3	86.3	 663	high noise
2332	4000	88.6	88.6	 652	high noise
2333	1000	92.8	92.8	 519	unbonded
2334	1000	92.5	92.5	 517	unbonded
2335	1000	91.5	91.5	 497	unbonded
2336	4000	89.8	89.8	 695	high noise
2337	   0	88.4	88.4	 631	OK
2338	   0	92.0	92.0	 595	OK
2339	8000	94.8	94.8	 541	partbonded
2340	1000	83.5	83.5	 501	unbonded
2341	   0	87.4	87.4	 629	OK
2342	   0	79.6	79.6	 632	OK
2343	   0	91.8	91.8	 616	OK
2344	   0	84.1	84.1	 630	OK
2345	4000	85.3	85.3	 656	high noise
2346	1000	89.0	89.0	 424	unbonded
2347	1000	82.4	82.4	 493	unbonded
2348	   0	86.5	86.5	 583	OK
2349	   0	90.3	90.3	 592	OK
2350	   0	80.5	80.5	 590	OK
2351	4000	87.7	87.7	 683	high noise
2352	   0	88.9	88.9	 553	OK
2353	1000	91.2	91.2	 399	unbonded
2354	4000	87.3	87.3	 648	high noise
2355	1000	97.0	97.0	 437	unbonded
2356	1000	85.2	85.2	 483	unbonded
2357	   0	87.2	87.2	 594	OK
2358	1000	91.2	91.2	 443	unbonded
2359	4000	92.9	92.9	 676	high noise
2360	1000	97.0	97.0	 525	unbonded
2361	1000	91.6	91.6	 281	unbonded
2362	1000	87.6	87.6	 446	unbonded
2363	   0	89.2	89.2	 579	OK
2364	1000	99.0	99.0	 523	unbonded
2365	1000	92.7	92.7	 526	unbonded
2366	   0	88.9	88.9	 580	OK
2367	   0	93.6	93.6	 542	OK
2368	   0	89.1	89.1	 562	OK
2369	4000	89.0	89.0	 675	high noise
2370	   0	88.0	88.0	 542	OK
2371	   0	89.4	89.4	 550	OK
2372	1000	92.6	92.6	 521	unbonded
2373	1000	91.1	91.1	 524	unbonded
2374	   0	96.7	96.7	 568	OK
2375	4000	89.0	89.0	 641	high noise
2376	   0	97.1	97.1	 596	OK
2377	1000	89.7	89.7	 505	unbonded
2378	1000	84.9	84.9	 490	unbonded
2379	   0	86.2	86.2	 597	OK
2380	   0	87.1	87.1	 548	OK
2381	   0	93.1	93.1	 579	OK
2382	   0	92.8	92.8	 629	OK
2383	1000	87.2	87.2	 503	unbonded
2384	1000	84.4	84.4	 439	unbonded
2385	   0	91.8	91.8	 578	OK
2386	   0	89.5	89.5	 567	OK
2387	1000	78.9	78.9	 538	unbonded
2388	   0	93.9	93.9	 628	OK
2389	1000	88.6	88.6	 520	unbonded
2390	4000	90.6	90.6	 752	high noise
2391	   0	90.1	90.1	 552	OK
2392	1000	92.3	92.3	 447	unbonded
2393	1000	99.1	99.1	 442	unbonded
2394	   0	91.6	91.6	 573	OK
2395	   0	90.8	90.8	 553	OK
2396	4000	85.5	85.5	 673	high noise
2397	   0	87.8	87.8	 552	OK
2398	   0	87.0	87.0	 552	OK
2399	   0	90.8	90.8	 599	OK
2400	1000	91.4	91.4	 458	unbonded
2401	1000	86.9	86.9	 492	unbonded
2402	   0	85.8	85.8	 553	OK
2403	1000	88.2	88.2	 535	unbonded
2404	1000	89.2	89.2	 500	unbonded
2405	1000	89.2	89.2	 418	unbonded
2406	4000	85.4	85.4	 642	high noise
2407	4000	91.2	91.2	 658	high noise
2408	   0	82.6	82.6	 555	OK
2409	1000	86.1	86.1	 539	unbonded
2410	4000	85.4	85.4	 679	high noise
2411	4000	92.4	92.4	 728	high noise
2412	1000	90.2	90.2	 436	unbonded
2413	1000	87.7	87.7	 498	unbonded
2414	   0	87.7	87.7	 619	OK
2415	   0	91.9	91.9	 618	OK
2416	1000	84.4	84.4	 525	unbonded
2417	4000	84.8	84.8	 652	high noise
2418	1000	96.2	96.2	 499	unbonded
2419	1000	86.4	86.4	 500	unbonded
2420	1000	88.6	88.6	 517	unbonded
2421	   0	87.3	87.3	 591	OK
2422	1000	97.8	97.8	 480	unbonded
2423	   0	89.3	89.3	 557	OK
2424	   0	85.8	85.8	 588	OK
2425	   0	88.8	88.8	 620	OK
2426	1000	98.7	98.7	 485	unbonded
2427	   0	92.5	92.5	 589	OK
2428	   0	90.9	90.9	 606	OK
2429	   0	85.4	85.4	 563	OK
2430	4000	90.0	90.0	 658	high noise
2431	   0	77.8	77.8	 544	OK
2432	4000	77.8	77.8	 717	high noise
2433	1000	78.2	78.2	 503	unbonded
2434	   0	78.7	78.7	 672	OK
2435	   0	78.2	78.2	 569	OK
2436	4000	70.1	70.1	 724	high noise
2437	   0	83.6	83.6	 696	OK
2438	   0	79.2	79.2	 583	OK
2439	1000	79.6	79.6	 506	unbonded
2440	   0	78.4	78.4	 650	OK
2441	1000	77.8	77.8	 518	unbonded
2442	   0	74.5	74.5	 615	OK
2443	   0	76.6	76.6	 706	OK
2444	   0	69.4	69.4	 543	OK
2445	   0	72.6	72.6	 701	OK
2446	4000	77.0	77.0	 758	high noise
2447	   0	76.8	76.8	 556	OK
2448	   0	76.9	76.9	 657	OK
2449	1000	74.7	74.7	 532	unbonded
2450	1000	80.9	80.9	 522	unbonded
2451	4000	82.8	82.8	 786	high noise
2452	1000	76.9	76.9	 522	unbonded
2453	   0	69.9	69.9	 683	OK
2454	   0	84.0	84.0	 566	OK
2455	   0	77.4	77.4	 703	OK
2456	   0	83.0	83.0	 580	OK
2457	4000	74.3	74.3	 796	high noise
2458	   0	83.1	83.1	 661	OK
2459	   0	81.7	81.7	 580	OK
2460	4000	74.3	74.3	 743	high noise
2461	   0	86.3	86.3	 589	OK
2462	1000	81.1	81.1	 499	unbonded
2463	   0	81.2	81.2	 614	OK
2464	1000	81.9	81.9	 504	unbonded
2465	   0	76.7	76.7	 642	OK
2466	   0	76.8	76.8	 605	OK
2467	   0	77.1	77.1	 681	OK
2468	   0	83.6	83.6	 544	OK
2469	   0	81.2	81.2	 577	OK
2470	4000	78.1	78.1	 760	high noise
2471	   0	82.3	82.3	 637	OK
2472	   0	83.0	83.0	 606	OK
2473	   0	77.3	77.3	 594	OK
2474	   0	81.5	81.5	 654	OK
2475	1000	74.8	74.8	 490	unbonded
2476	   0	83.2	83.2	 598	OK
2477	   0	76.4	76.4	 558	OK
2478	   0	83.8	83.8	 617	OK
2479	   0	77.6	77.6	 547	OK
2480	   0	75.7	75.7	 609	OK
2481	1000	74.5	74.5	 515	unbonded
2482	   0	81.5	81.5	 610	OK
2483	   0	70.4	70.4	 634	OK
2484	   0	87.6	87.6	 547	OK
2485	4000	80.8	80.8	 719	high noise
2486	4000	76.2	76.2	 746	high noise
2487	   0	75.9	75.9	 693	OK
2488	   0	81.3	81.3	 549	OK
2489	   0	82.5	82.5	 666	OK
2490	   0	80.8	80.8	 619	OK
2491	1000	76.7	76.7	 539	unbonded
2492	   0	82.3	82.3	 693	OK
2493	   0	71.5	71.5	 572	OK
2494	   0	85.2	85.2	 553	OK
2495	4000	83.5	83.5	 816	high noise
2496	   0	82.0	82.0	 572	OK
2497	   0	80.6	80.6	 677	OK
2498	   0	79.8	79.8	 664	OK
2499	   0	78.4	78.4	 585	OK
2500	4000	79.1	79.1	 734	high noise
2501	   0	82.8	82.8	 700	OK
2502	   0	77.3	77.3	 608	OK
2503	   0	71.9	71.9	 697	OK
2504	1000	69.4	69.4	 499	unbonded
2505	   0	77.4	77.4	 582	OK
2506	1000	82.9	82.9	 467	unbonded
2507	   0	77.8	77.8	 619	OK
2508	1000	84.2	84.2	 458	unbonded
2509	   0	75.3	75.3	 671	OK
2510	   0	74.5	74.5	 664	OK
2511	   0	78.5	78.5	 638	OK
2512	   0	78.2	78.2	 603	OK
2513	   0	72.7	72.7	 618	OK
2514	1000	79.3	79.3	 502	unbonded
2515	   0	78.8	78.8	 666	OK
2516	   0	71.8	71.8	 658	OK
2517	   0	73.9	73.9	 597	OK
2518	   0	80.3	80.3	 681	OK
2519	   0	74.1	74.1	 549	OK
2520	   0	73.4	73.4	 691	OK
2521	   0	77.1	77.1	 641	OK
2522	1000	78.3	78.3	 449	unbonded
2523	   0	78.7	78.7	 653	OK
2524	   0	77.0	77.0	 630	OK
2525	   0	79.5	79.5	 568	OK
2526	1000	74.8	74.8	 411	unbonded
2527	   0	76.1	76.1	 613	OK
2528	   0	75.2	75.2	 624	OK
2529	   0	73.5	73.5	 635	OK
2530	1000	80.9	80.9	 436	unbonded
2531	1000	80.8	80.8	 478	unbonded
2532	   0	80.0	80.0	 631	OK
2533	1000	84.5	84.5	 492	unbonded
2534	   0	81.5	81.5	 597	OK
2535	   0	78.9	78.9	 688	OK
2536	   0	72.5	72.5	 584	OK
2537	1000	73.5	73.5	 479	unbonded
2538	   0	82.6	82.6	 594	OK
2539	   0	74.6	74.6	 583	OK
2540	4000	79.3	79.3	 763	high noise
2541	   0	80.5	80.5	 605	OK
2542	4000	76.2	76.2	 749	high noise
2543	   0	78.0	78.0	 661	OK
2544	   0	75.6	75.6	 651	OK
2545	   0	75.9	75.9	 570	OK
2546	   0	78.6	78.6	 619	OK
2547	   0	72.6	72.6	 647	OK
2548	1000	78.0	78.0	 516	unbonded
2549	4000	72.1	72.1	 732	high noise
2550	   0	70.5	70.5	 688	OK
2551	   0	81.8	81.8	 670	OK
2552	   0	79.0	79.0	 576	OK
2553	   0	75.9	75.9	 590	OK
2554	4000	79.0	79.0	 718	high noise
2555	   0	78.6	78.6	 580	OK
2556	4000	77.0	77.0	 804	high noise
2557	   0	80.9	80.9	 675	OK
2558	   0	82.1	82.1	 704	OK
2559	   0	85.8	85.8	 616	OK
