#chan	code	gain	offset	innse	comment
   0	   0	90.1	90.1	 700	OK
   1	   0	91.8	91.8	 667	OK
   2	   0	93.6	93.6	 592	OK
   3	   0	90.0	90.0	 675	OK
   4	   0	93.4	93.4	 571	OK
   5	   0	85.4	85.4	 619	OK
   6	   0	88.7	88.7	 568	OK
   7	   0	85.8	85.8	 599	OK
   8	   0	85.9	85.9	 632	OK
   9	   0	90.5	90.5	 598	OK
  10	1000	87.7	87.7	 417	unbonded
  11	   0	94.8	94.8	 695	OK
  12	   0	94.6	94.6	 703	OK
  13	   0	89.4	89.4	 617	OK
  14	1000	89.4	89.4	 464	unbonded
  15	   0	88.0	88.0	 647	OK
  16	   0	88.3	88.3	 636	OK
  17	   0	94.4	94.4	 616	OK
  18	   0	93.8	93.8	 648	OK
  19	   0	93.8	93.8	 660	OK
  20	   0	94.4	94.4	 573	OK
  21	   0	91.0	91.0	 607	OK
  22	   0	85.0	85.0	 562	OK
  23	   0	90.5	90.5	 670	OK
  24	   0	90.4	90.4	 691	OK
  25	   0	87.8	87.8	 683	OK
  26	   0	86.6	86.6	 629	OK
  27	   0	93.4	93.4	 655	OK
  28	   0	88.7	88.7	 699	OK
  29	   0	90.4	90.4	 638	OK
  30	   0	93.4	93.4	 666	OK
  31	4000	89.7	89.7	 760	high noise
  32	   0	91.2	91.2	 632	OK
  33	1000	97.3	97.3	 539	unbonded
  34	   0	83.5	83.5	 710	OK
  35	   0	87.6	87.6	 645	OK
  36	   0	96.4	96.4	 678	OK
  37	   0	93.7	93.7	 660	OK
  38	   0	92.2	92.2	 561	OK
  39	   0	92.0	92.0	 584	OK
  40	   0	92.4	92.4	 559	OK
  41	   0	90.5	90.5	 637	OK
  42	1000	86.6	86.6	 523	unbonded
  43	4000	93.7	93.7	 772	high noise
  44	   0	91.7	91.7	 682	OK
  45	   0	85.1	85.1	 720	OK
  46	   0	94.6	94.6	 588	OK
  47	   0	91.7	91.7	 714	OK
  48	   0	90.9	90.9	 715	OK
  49	1000	91.4	91.4	 486	unbonded
  50	   0	96.9	96.9	 661	OK
  51	   0	92.7	92.7	 690	OK
  52	   0	87.8	87.8	 650	OK
  53	1000	92.0	92.0	 534	unbonded
  54	   0	99.2	99.2	 679	OK
  55	   0	93.7	93.7	 585	OK
  56	   0	97.1	97.1	 722	OK
  57	   0	86.2	86.2	 606	OK
  58	4000	94.4	94.4	 815	high noise
  59	   0	93.3	93.3	 628	OK
  60	   0	93.1	93.1	 725	OK
  61	4000	91.0	91.0	 765	high noise
  62	   0	91.6	91.6	 636	OK
  63	   0	89.5	89.5	 619	OK
  64	   0	96.1	96.1	 657	OK
  65	   0	97.5	97.5	 618	OK
  66	   0	92.6	92.6	 719	OK
  67	   0	92.2	92.2	 660	OK
  68	   0	88.5	88.5	 592	OK
  69	   0	78.9	78.9	 652	OK
  70	   0	87.3	87.3	 562	OK
  71	   0	90.4	90.4	 684	OK
  72	   0	88.5	88.5	 599	OK
  73	   0	97.8	97.8	 605	OK
  74	   0	85.4	85.4	 740	OK
  75	   0	92.4	92.4	 608	OK
  76	   0	86.0	86.0	 684	OK
  77	4000	85.4	85.4	 748	high noise
  78	   0	97.6	97.6	 679	OK
  79	   0	91.7	91.7	 679	OK
  80	   0	83.8	83.8	 621	OK
  81	   0	89.8	89.8	 682	OK
  82	   0	92.0	92.0	 600	OK
  83	   0	96.0	96.0	 731	OK
  84	1000	90.5	90.5	 510	unbonded
  85	   0	83.7	83.7	 637	OK
  86	   0	87.5	87.5	 734	OK
  87	   0	97.0	97.0	 616	OK
  88	   0	85.9	85.9	 712	OK
  89	   0	89.7	89.7	 586	OK
  90	   0	92.3	92.3	 596	OK
  91	   0	90.0	90.0	 613	OK
  92	4000	95.3	95.3	 878	high noise
  93	1000	88.0	88.0	 449	unbonded
  94	   0	87.8	87.8	 711	OK
  95	   0	91.2	91.2	 615	OK
  96	4000	89.8	89.8	 819	high noise
  97	   0	84.4	84.4	 695	OK
  98	   0	93.6	93.6	 551	OK
  99	   0	91.1	91.1	 661	OK
 100	   0	96.0	96.0	 556	OK
 101	   0	91.9	91.9	 662	OK
 102	   0	87.9	87.9	 647	OK
 103	   0	89.4	89.4	 558	OK
 104	4000	88.4	88.4	 776	high noise
 105	   0	85.4	85.4	 634	OK
 106	   0	94.2	94.2	 662	OK
 107	   0	87.3	87.3	 676	OK
 108	   0	89.1	89.1	 589	OK
 109	   0	86.4	86.4	 575	OK
 110	   0	93.0	93.0	 640	OK
 111	   0	87.0	87.0	 740	OK
 112	   0	97.6	97.6	 707	OK
 113	   0	94.2	94.2	 602	OK
 114	   0	93.3	93.3	 711	OK
 115	   0	88.3	88.3	 582	OK
 116	4000	90.0	90.0	 785	high noise
 117	1000	85.2	85.2	 461	unbonded
 118	   0	83.9	83.9	 703	OK
 119	1000	91.3	91.3	 531	unbonded
 120	   0	89.4	89.4	 692	OK
 121	4000	91.9	91.9	 852	high noise
 122	   0	82.7	82.7	 713	OK
 123	   0	93.4	93.4	 622	OK
 124	   0	81.8	81.8	 687	OK
 125	   0	94.2	94.2	 677	OK
 126	   0	86.8	86.8	 714	OK
 127	   0	92.9	92.9	 691	OK
 128	   0	84.3	84.3	 739	OK
 129	   0	80.7	80.7	 736	OK
 130	   0	78.5	78.5	 547	OK
 131	   0	80.3	80.3	 718	OK
 132	4000	80.0	80.0	 872	high noise
 133	4000	78.8	78.8	 852	high noise
 134	4000	83.1	83.1	 830	high noise
 135	   0	81.5	81.5	 697	OK
 136	   0	84.5	84.5	 714	OK
 137	4000	82.7	82.7	 916	high noise
 138	   0	79.3	79.3	 818	OK
 139	   0	73.2	73.2	 582	OK
 140	4000	81.3	81.3	 862	high noise
 141	   0	84.2	84.2	 641	OK
 142	   0	89.6	89.6	 795	OK
 143	1000	79.1	79.1	 504	unbonded
 144	   0	84.4	84.4	 736	OK
 145	   0	81.5	81.5	 738	OK
 146	1000	85.7	85.7	 515	unbonded
 147	   0	86.3	86.3	 775	OK
 148	   0	78.3	78.3	 699	OK
 149	   0	75.3	75.3	 717	OK
 150	   0	85.2	85.2	 716	OK
 151	   0	82.8	82.8	 817	OK
 152	   0	80.6	80.6	 676	OK
 153	   0	83.3	83.3	 651	OK
 154	   0	80.5	80.5	 793	OK
 155	   0	87.0	87.0	 650	OK
 156	   0	80.6	80.6	 562	OK
 157	   0	79.1	79.1	 776	OK
 158	   0	86.3	86.3	 741	OK
 159	   0	83.8	83.8	 613	OK
 160	   0	74.4	74.4	 705	OK
 161	   0	86.9	86.9	 719	OK
 162	   0	80.4	80.4	 723	OK
 163	   0	77.9	77.9	 556	OK
 164	   0	79.6	79.6	 650	OK
 165	   0	83.9	83.9	 787	OK
 166	   0	85.1	85.1	 717	OK
 167	   0	80.9	80.9	 664	OK
 168	   0	83.1	83.1	 648	OK
 169	   0	81.1	81.1	 581	OK
 170	   0	88.0	88.0	 817	OK
 171	   0	86.4	86.4	 736	OK
 172	   0	83.2	83.2	 776	OK
 173	4000	81.9	81.9	 864	high noise
 174	4000	76.3	76.3	 862	high noise
 175	   0	87.6	87.6	 725	OK
 176	   0	78.3	78.3	 690	OK
 177	   0	87.6	87.6	 769	OK
 178	   0	90.2	90.2	 791	OK
 179	   0	82.1	82.1	 690	OK
 180	   0	86.0	86.0	 740	OK
 181	   0	82.0	82.0	 651	OK
 182	   0	87.6	87.6	 808	OK
 183	   0	85.8	85.8	 776	OK
 184	   0	83.5	83.5	 756	OK
 185	   0	84.0	84.0	 679	OK
 186	4000	87.9	87.9	 826	high noise
 187	4000	88.9	88.9	 826	high noise
 188	   0	85.9	85.9	 725	OK
 189	4000	83.6	83.6	 845	high noise
 190	   0	82.9	82.9	 715	OK
 191	4000	86.2	86.2	 831	high noise
 192	   0	93.2	93.2	 746	OK
 193	   0	80.8	80.8	 675	OK
 194	   0	88.1	88.1	 665	OK
 195	   0	80.8	80.8	 614	OK
 196	   0	86.4	86.4	 658	OK
 197	   0	85.1	85.1	 677	OK
 198	   0	85.5	85.5	 805	OK
 199	   0	82.5	82.5	 694	OK
 200	4000	77.7	77.7	 869	high noise
 201	   0	84.7	84.7	 721	OK
 202	   0	80.3	80.3	 743	OK
 203	   0	82.0	82.0	 737	OK
 204	   0	84.9	84.9	 815	OK
 205	   0	81.4	81.4	 720	OK
 206	   0	77.8	77.8	 676	OK
 207	   0	86.2	86.2	 780	OK
 208	   0	82.7	82.7	 629	OK
 209	   0	86.8	86.8	 779	OK
 210	   0	79.7	79.7	 808	OK
 211	   0	77.1	77.1	 717	OK
 212	   0	77.8	77.8	 740	OK
 213	   0	78.2	78.2	 708	OK
 214	1000	85.2	85.2	 480	unbonded
 215	   0	84.3	84.3	 767	OK
 216	   0	79.3	79.3	 713	OK
 217	   0	79.5	79.5	 765	OK
 218	   0	81.7	81.7	 772	OK
 219	4000	81.1	81.1	 848	high noise
 220	   0	86.0	86.0	 660	OK
 221	   0	78.9	78.9	 774	OK
 222	   0	82.4	82.4	 550	OK
 223	   0	85.6	85.6	 756	OK
 224	   0	84.4	84.4	 649	OK
 225	4000	80.9	80.9	 833	high noise
 226	   0	83.0	83.0	 680	OK
 227	   0	92.6	92.6	 688	OK
 228	   0	82.9	82.9	 685	OK
 229	   0	74.0	74.0	 606	OK
 230	   0	77.8	77.8	 561	OK
 231	   0	86.4	86.4	 779	OK
 232	   0	81.5	81.5	 679	OK
 233	   0	80.3	80.3	 717	OK
 234	   0	85.6	85.6	 612	OK
 235	   0	84.7	84.7	 675	OK
 236	   0	86.4	86.4	 591	OK
 237	   0	80.9	80.9	 717	OK
 238	   0	85.6	85.6	 608	OK
 239	   0	83.8	83.8	 659	OK
 240	   0	86.4	86.4	 745	OK
 241	   0	79.1	79.1	 727	OK
 242	   0	83.7	83.7	 812	OK
 243	   0	82.0	82.0	 640	OK
 244	   0	85.9	85.9	 624	OK
 245	   0	80.1	80.1	 790	OK
 246	   0	84.8	84.8	 744	OK
 247	   0	83.3	83.3	 797	OK
 248	   0	79.2	79.2	 676	OK
 249	   0	83.6	83.6	 667	OK
 250	   0	82.3	82.3	 640	OK
 251	   0	83.0	83.0	 638	OK
 252	4000	79.4	79.4	 889	high noise
 253	   0	74.6	74.6	 794	OK
 254	   0	85.5	85.5	 559	OK
 255	   0	83.5	83.5	 741	OK
 256	   0	80.6	80.6	 606	OK
 257	   0	82.4	82.4	 644	OK
 258	   0	78.7	78.7	 733	OK
 259	   0	80.4	80.4	 655	OK
 260	   0	80.5	80.5	 633	OK
 261	   0	76.6	76.6	 685	OK
 262	   0	79.1	79.1	 728	OK
 263	   0	80.6	80.6	 584	OK
 264	4000	85.7	85.7	 857	high noise
 265	   0	76.7	76.7	 712	OK
 266	   0	85.2	85.2	 631	OK
 267	   0	80.8	80.8	 782	OK
 268	   0	74.0	74.0	 761	OK
 269	   0	75.3	75.3	 646	OK
 270	   0	76.6	76.6	 669	OK
 271	   0	77.1	77.1	 721	OK
 272	4000	80.3	80.3	 855	high noise
 273	   0	85.7	85.7	 629	OK
 274	   0	84.0	84.0	 686	OK
 275	   0	84.6	84.6	 608	OK
 276	4000	78.6	78.6	 802	high noise
 277	   0	72.9	72.9	 776	OK
 278	   0	79.1	79.1	 727	OK
 279	   0	81.6	81.6	 694	OK
 280	   0	86.8	86.8	 689	OK
 281	   0	80.7	80.7	 731	OK
 282	   0	81.5	81.5	 689	OK
 283	   0	81.5	81.5	 734	OK
 284	   0	80.7	80.7	 665	OK
 285	   0	81.7	81.7	 654	OK
 286	   0	79.0	79.0	 764	OK
 287	   0	81.0	81.0	 650	OK
 288	4000	79.0	79.0	 805	high noise
 289	   0	83.4	83.4	 694	OK
 290	   0	80.9	80.9	 774	OK
 291	   0	80.2	80.2	 657	OK
 292	   0	78.9	78.9	 730	OK
 293	   0	78.4	78.4	 783	OK
 294	4000	73.9	73.9	 799	high noise
 295	   0	82.1	82.1	 631	OK
 296	   0	78.7	78.7	 644	OK
 297	1000	75.7	75.7	 521	unbonded
 298	   0	77.5	77.5	 696	OK
 299	   0	85.5	85.5	 626	OK
 300	4000	81.6	81.6	 854	high noise
 301	   0	77.3	77.3	 664	OK
 302	   0	76.4	76.4	 701	OK
 303	1000	77.2	77.2	 400	unbonded
 304	   0	79.0	79.0	 719	OK
 305	   0	76.0	76.0	 617	OK
 306	   0	72.0	72.0	 645	OK
 307	   0	78.1	78.1	 744	OK
 308	   0	75.5	75.5	 554	OK
 309	   0	83.8	83.8	 735	OK
 310	   0	83.5	83.5	 585	OK
 311	   0	80.5	80.5	 632	OK
 312	   0	77.1	77.1	 770	OK
 313	   0	85.3	85.3	 716	OK
 314	   0	85.4	85.4	 726	OK
 315	   0	77.5	77.5	 701	OK
 316	   0	79.5	79.5	 596	OK
 317	   0	74.9	74.9	 679	OK
 318	   0	78.1	78.1	 736	OK
 319	   0	87.1	87.1	 689	OK
 320	   0	85.3	85.3	 666	OK
 321	   0	84.0	84.0	 753	OK
 322	   0	79.1	79.1	 761	OK
 323	   0	81.9	81.9	 655	OK
 324	   0	79.3	79.3	 700	OK
 325	   0	85.7	85.7	 756	OK
 326	   0	78.8	78.8	 723	OK
 327	4000	83.2	83.2	 828	high noise
 328	   0	83.2	83.2	 649	OK
 329	   0	78.9	78.9	 637	OK
 330	   0	82.6	82.6	 671	OK
 331	   0	84.9	84.9	 666	OK
 332	1000	82.1	82.1	 532	unbonded
 333	   0	85.1	85.1	 680	OK
 334	   0	82.3	82.3	 701	OK
 335	   0	80.0	80.0	 739	OK
 336	   0	79.8	79.8	 687	OK
 337	   0	85.0	85.0	 747	OK
 338	   0	83.6	83.6	 664	OK
 339	   0	86.9	86.9	 616	OK
 340	   0	78.6	78.6	 659	OK
 341	4000	87.4	87.4	 828	high noise
 342	   0	79.1	79.1	 708	OK
 343	   0	84.9	84.9	 626	OK
 344	   0	74.3	74.3	 566	OK
 345	   0	74.1	74.1	 678	OK
 346	4000	77.1	77.1	 827	high noise
 347	   0	80.6	80.6	 689	OK
 348	   0	85.9	85.9	 628	OK
 349	   0	81.2	81.2	 661	OK
 350	   0	76.6	76.6	 546	OK
 351	   0	74.8	74.8	 711	OK
 352	   0	77.7	77.7	 676	OK
 353	   0	79.7	79.7	 779	OK
 354	   0	76.8	76.8	 671	OK
 355	   0	91.0	91.0	 661	OK
 356	   0	84.5	84.5	 721	OK
 357	   0	82.8	82.8	 668	OK
 358	   0	79.3	79.3	 653	OK
 359	   0	81.1	81.1	 709	OK
 360	   0	72.5	72.5	 744	OK
 361	   0	82.7	82.7	 678	OK
 362	   0	79.8	79.8	 611	OK
 363	   0	77.8	77.8	 709	OK
 364	   0	78.8	78.8	 734	OK
 365	   0	82.8	82.8	 592	OK
 366	   0	72.3	72.3	 746	OK
 367	   0	73.0	73.0	 615	OK
 368	   0	82.4	82.4	 765	OK
 369	1000	81.1	81.1	 527	unbonded
 370	   0	77.8	77.8	 688	OK
 371	1000	80.2	80.2	 524	unbonded
 372	   0	82.5	82.5	 666	OK
 373	   0	75.9	75.9	 731	OK
 374	   0	84.6	84.6	 645	OK
 375	   0	78.3	78.3	 732	OK
 376	   0	79.6	79.6	 619	OK
 377	   0	81.8	81.8	 621	OK
 378	4000	78.2	78.2	 826	high noise
 379	   0	78.2	78.2	 763	OK
 380	   0	85.5	85.5	 785	OK
 381	   0	72.7	72.7	 780	OK
 382	   0	75.8	75.8	 747	OK
 383	   0	78.2	78.2	 644	OK
 384	   0	82.7	82.7	 558	OK
 385	   0	91.8	91.8	 590	OK
 386	   0	90.2	90.2	 711	OK
 387	   0	87.8	87.8	 567	OK
 388	   0	87.5	87.5	 556	OK
 389	   0	87.2	87.2	 585	OK
 390	   0	83.1	83.1	 664	OK
 391	1000	84.7	84.7	 482	unbonded
 392	   0	85.6	85.6	 681	OK
 393	   0	83.3	83.3	 714	OK
 394	   0	83.8	83.8	 552	OK
 395	   0	89.4	89.4	 670	OK
 396	   0	85.4	85.4	 610	OK
 397	4000	85.2	85.2	 735	high noise
 398	1000	89.1	89.1	 504	unbonded
 399	   0	82.9	82.9	 630	OK
 400	   0	84.5	84.5	 646	OK
 401	   0	88.1	88.1	 706	OK
 402	   0	88.1	88.1	 549	OK
 403	   0	90.1	90.1	 612	OK
 404	   0	86.8	86.8	 550	OK
 405	   0	89.5	89.5	 675	OK
 406	   0	83.0	83.0	 651	OK
 407	   0	87.8	87.8	 663	OK
 408	   0	96.8	96.8	 622	OK
 409	   0	86.0	86.0	 654	OK
 410	   0	83.6	83.6	 607	OK
 411	   0	88.9	88.9	 576	OK
 412	   0	87.5	87.5	 683	OK
 413	   0	86.6	86.6	 599	OK
 414	   0	86.6	86.6	 624	OK
 415	1000	84.3	84.3	 339	unbonded
 416	   0	89.5	89.5	 621	OK
 417	   0	90.0	90.0	 605	OK
 418	4000	86.6	86.6	 827	high noise
 419	   0	84.3	84.3	 655	OK
 420	   0	89.1	89.1	 613	OK
 421	   0	83.0	83.0	 574	OK
 422	   0	82.6	82.6	 725	OK
 423	   0	80.9	80.9	 581	OK
 424	   0	87.8	87.8	 699	OK
 425	1000	86.3	86.3	 464	unbonded
 426	   0	87.4	87.4	 648	OK
 427	   0	91.1	91.1	 571	OK
 428	   0	89.7	89.7	 613	OK
 429	   0	92.3	92.3	 722	OK
 430	   0	82.2	82.2	 715	OK
 431	   0	93.8	93.8	 650	OK
 432	   0	95.3	95.3	 678	OK
 433	   0	91.3	91.3	 649	OK
 434	   0	88.3	88.3	 590	OK
 435	   0	95.4	95.4	 705	OK
 436	   0	87.4	87.4	 630	OK
 437	4000	90.9	90.9	 730	high noise
 438	   0	77.8	77.8	 640	OK
 439	   0	83.7	83.7	 648	OK
 440	   0	88.1	88.1	 597	OK
 441	1000	96.6	96.6	 533	unbonded
 442	4000	75.6	75.6	 783	high noise
 443	   0	86.5	86.5	 666	OK
 444	1000	93.3	93.3	 510	unbonded
 445	   0	82.1	82.1	 683	OK
 446	   0	90.6	90.6	 692	OK
 447	   0	89.5	89.5	 627	OK
 448	   0	98.0	98.0	 709	OK
 449	   0	82.3	82.3	 601	OK
 450	   0	89.5	89.5	 639	OK
 451	   0	89.0	89.0	 622	OK
 452	   0	88.4	88.4	 588	OK
 453	4000	87.8	87.8	 738	high noise
 454	   0	88.5	88.5	 614	OK
 455	1000	85.1	85.1	 528	unbonded
 456	   0	83.8	83.8	 723	OK
 457	   0	86.6	86.6	 629	OK
 458	   0	87.7	87.7	 702	OK
 459	   0	89.1	89.1	 612	OK
 460	4000	85.4	85.4	 770	high noise
 461	   0	89.6	89.6	 628	OK
 462	   0	85.8	85.8	 648	OK
 463	   0	88.4	88.4	 701	OK
 464	   0	95.6	95.6	 560	OK
 465	   0	93.6	93.6	 683	OK
 466	1000	92.4	92.4	 468	unbonded
 467	   0	89.8	89.8	 666	OK
 468	   0	86.6	86.6	 548	OK
 469	1000	98.1	98.1	 520	unbonded
 470	   0	88.1	88.1	 600	OK
 471	   0	88.1	88.1	 695	OK
 472	4000	84.5	84.5	 775	high noise
 473	   0	89.7	89.7	 635	OK
 474	1000	89.5	89.5	 485	unbonded
 475	   0	89.7	89.7	 715	OK
 476	   0	82.4	82.4	 602	OK
 477	   0	84.4	84.4	 644	OK
 478	   0	86.5	86.5	 663	OK
 479	   0	89.3	89.3	 581	OK
 480	1000	88.3	88.3	 457	unbonded
 481	   0	87.2	87.2	 579	OK
 482	   0	82.3	82.3	 631	OK
 483	   0	79.7	79.7	 602	OK
 484	   0	87.9	87.9	 589	OK
 485	   0	88.8	88.8	 614	OK
 486	   0	80.8	80.8	 665	OK
 487	   0	82.8	82.8	 619	OK
 488	   0	81.5	81.5	 589	OK
 489	   0	85.3	85.3	 649	OK
 490	   0	85.8	85.8	 703	OK
 491	   0	88.9	88.9	 691	OK
 492	   0	88.0	88.0	 681	OK
 493	   0	84.3	84.3	 603	OK
 494	   0	86.5	86.5	 596	OK
 495	   0	82.0	82.0	 700	OK
 496	   0	91.4	91.4	 624	OK
 497	   0	82.4	82.4	 662	OK
 498	   0	86.6	86.6	 620	OK
 499	   0	88.4	88.4	 579	OK
 500	   0	91.4	91.4	 640	OK
 501	   0	87.2	87.2	 617	OK
 502	   0	79.6	79.6	 579	OK
 503	   0	83.6	83.6	 671	OK
 504	   0	91.0	91.0	 715	OK
 505	   0	89.4	89.4	 692	OK
 506	   0	89.2	89.2	 631	OK
 507	   0	89.3	89.3	 658	OK
 508	   0	87.5	87.5	 693	OK
 509	   0	83.5	83.5	 664	OK
 510	   0	89.4	89.4	 553	OK
 511	   0	86.9	86.9	 610	OK
 512	4000	76.8	76.8	 844	high noise
 513	   0	80.2	80.2	 761	OK
 514	   0	78.8	78.8	 819	OK
 515	   0	83.0	83.0	 578	OK
 516	   0	79.8	79.8	 751	OK
 517	   0	72.6	72.6	 837	OK
 518	   0	73.9	73.9	 653	OK
 519	   0	79.9	79.9	 595	OK
 520	   0	82.6	82.6	 817	OK
 521	   0	76.7	76.7	 801	OK
 522	   0	78.1	78.1	 645	OK
 523	   0	79.4	79.4	 697	OK
 524	   0	80.9	80.9	 556	OK
 525	   0	78.0	78.0	 719	OK
 526	   0	83.1	83.1	 758	OK
 527	   0	78.4	78.4	 775	OK
 528	   0	78.6	78.6	 691	OK
 529	   0	84.2	84.2	 702	OK
 530	4000	77.7	77.7	 893	high noise
 531	   0	76.8	76.8	 690	OK
 532	   0	78.9	78.9	 725	OK
 533	   0	76.8	76.8	 817	OK
 534	   0	75.3	75.3	 803	OK
 535	   0	79.8	79.8	 572	OK
 536	   0	80.9	80.9	 779	OK
 537	   0	80.8	80.8	 789	OK
 538	   0	74.1	74.1	 832	OK
 539	   0	78.1	78.1	 764	OK
 540	   0	74.7	74.7	 776	OK
 541	   0	80.9	80.9	 761	OK
 542	   0	74.9	74.9	 814	OK
 543	   0	85.0	85.0	 792	OK
 544	   0	79.4	79.4	 756	OK
 545	   0	78.2	78.2	 691	OK
 546	4000	79.3	79.3	 856	high noise
 547	   0	77.1	77.1	 675	OK
 548	   0	78.1	78.1	 707	OK
 549	   0	76.9	76.9	 788	OK
 550	   0	72.3	72.3	 661	OK
 551	   0	84.9	84.9	 708	OK
 552	   0	69.0	69.0	 719	OK
 553	   0	77.4	77.4	 660	OK
 554	4000	77.3	77.3	 851	high noise
 555	   0	74.9	74.9	 617	OK
 556	4000	75.0	75.0	 855	high noise
 557	   0	87.6	87.6	 804	OK
 558	   0	75.0	75.0	 821	OK
 559	   0	78.9	78.9	 707	OK
 560	   0	78.9	78.9	 657	OK
 561	   0	79.2	79.2	 735	OK
 562	   0	73.1	73.1	 754	OK
 563	   0	81.1	81.1	 768	OK
 564	   0	83.8	83.8	 734	OK
 565	   0	77.7	77.7	 768	OK
 566	   0	80.6	80.6	 663	OK
 567	   0	74.9	74.9	 815	OK
 568	   0	79.9	79.9	 712	OK
 569	   0	79.5	79.5	 820	OK
 570	   0	80.0	80.0	 745	OK
 571	   0	79.7	79.7	 744	OK
 572	   0	79.9	79.9	 824	OK
 573	   0	79.0	79.0	 808	OK
 574	   0	80.9	80.9	 701	OK
 575	   0	76.8	76.8	 734	OK
 576	4000	84.9	84.9	 864	high noise
 577	   0	82.2	82.2	 682	OK
 578	   0	79.0	79.0	 776	OK
 579	   0	85.5	85.5	 554	OK
 580	   0	76.6	76.6	 796	OK
 581	   0	83.3	83.3	 661	OK
 582	   0	74.9	74.9	 612	OK
 583	   0	77.2	77.2	 841	OK
 584	4000	72.4	72.4	 886	high noise
 585	   0	79.8	79.8	 571	OK
 586	   0	73.5	73.5	 664	OK
 587	   0	76.5	76.5	 777	OK
 588	   0	80.3	80.3	 801	OK
 589	   0	83.7	83.7	 686	OK
 590	   0	82.3	82.3	 676	OK
 591	   0	73.7	73.7	 577	OK
 592	   0	79.1	79.1	 649	OK
 593	4000	74.7	74.7	 860	high noise
 594	   0	78.3	78.3	 717	OK
 595	   0	73.0	73.0	 667	OK
 596	   0	78.3	78.3	 640	OK
 597	   0	84.9	84.9	 705	OK
 598	   0	78.9	78.9	 782	OK
 599	   0	75.7	75.7	 688	OK
 600	   0	73.6	73.6	 722	OK
 601	   0	75.7	75.7	 765	OK
 602	   0	78.1	78.1	 639	OK
 603	4000	77.9	77.9	 866	high noise
 604	4000	81.6	81.6	 851	high noise
 605	   0	75.0	75.0	 568	OK
 606	   0	77.6	77.6	 785	OK
 607	   0	80.4	80.4	 699	OK
 608	   0	75.7	75.7	 667	OK
 609	   0	81.7	81.7	 756	OK
 610	   0	79.2	79.2	 671	OK
 611	   0	81.4	81.4	 588	OK
 612	   0	77.4	77.4	 698	OK
 613	   0	76.4	76.4	 812	OK
 614	   0	74.7	74.7	 759	OK
 615	   0	82.5	82.5	 799	OK
 616	   0	76.9	76.9	 833	OK
 617	   0	77.2	77.2	 668	OK
 618	   0	76.3	76.3	 624	OK
 619	   0	71.9	71.9	 671	OK
 620	   0	84.3	84.3	 657	OK
 621	   0	77.2	77.2	 754	OK
 622	   0	82.6	82.6	 832	OK
 623	4000	76.1	76.1	 854	high noise
 624	   0	79.3	79.3	 680	OK
 625	   0	77.8	77.8	 649	OK
 626	   0	77.5	77.5	 761	OK
 627	   0	79.8	79.8	 758	OK
 628	   0	78.0	78.0	 730	OK
 629	   0	79.7	79.7	 746	OK
 630	   0	78.6	78.6	 790	OK
 631	   0	74.5	74.5	 750	OK
 632	   0	74.5	74.5	 758	OK
 633	   0	76.6	76.6	 800	OK
 634	   0	79.5	79.5	 600	OK
 635	   0	78.6	78.6	 606	OK
 636	   0	75.1	75.1	 786	OK
 637	   0	73.6	73.6	 741	OK
 638	   0	74.0	74.0	 661	OK
 639	   0	81.7	81.7	 721	OK
 640	1000	83.0	83.0	 535	unbonded
 641	   0	81.5	81.5	 660	OK
 642	   0	84.4	84.4	 726	OK
 643	   0	87.7	87.7	 614	OK
 644	   0	82.8	82.8	 632	OK
 645	   0	86.7	86.7	 552	OK
 646	   0	82.1	82.1	 713	OK
 647	   0	88.6	88.6	 662	OK
 648	4000	83.1	83.1	 782	high noise
 649	   0	86.0	86.0	 592	OK
 650	   0	85.9	85.9	 621	OK
 651	   0	90.6	90.6	 697	OK
 652	   0	92.9	92.9	 687	OK
 653	   0	86.3	86.3	 646	OK
 654	   0	90.7	90.7	 670	OK
 655	   0	88.6	88.6	 648	OK
 656	   0	89.2	89.2	 664	OK
 657	   0	91.6	91.6	 616	OK
 658	   0	82.1	82.1	 587	OK
 659	   0	86.6	86.6	 655	OK
 660	   0	88.4	88.4	 701	OK
 661	1000	82.3	82.3	 510	unbonded
 662	   0	91.3	91.3	 616	OK
 663	   0	84.2	84.2	 618	OK
 664	1000	83.3	83.3	 529	unbonded
 665	   0	84.9	84.9	 685	OK
 666	   0	82.7	82.7	 640	OK
 667	4000	86.3	86.3	 776	high noise
 668	   0	93.5	93.5	 729	OK
 669	   0	88.1	88.1	 541	OK
 670	   0	84.4	84.4	 575	OK
 671	1000	79.8	79.8	 516	unbonded
 672	   0	87.5	87.5	 659	OK
 673	   0	85.4	85.4	 601	OK
 674	   0	85.2	85.2	 617	OK
 675	   0	90.0	90.0	 677	OK
 676	   0	87.9	87.9	 579	OK
 677	   0	85.2	85.2	 681	OK
 678	   0	90.4	90.4	 642	OK
 679	   0	86.0	86.0	 655	OK
 680	   0	89.3	89.3	 747	OK
 681	   0	91.0	91.0	 724	OK
 682	   0	86.5	86.5	 668	OK
 683	   0	89.4	89.4	 662	OK
 684	   0	95.9	95.9	 668	OK
 685	   0	87.0	87.0	 757	OK
 686	   0	92.1	92.1	 618	OK
 687	   0	91.8	91.8	 549	OK
 688	   0	90.6	90.6	 755	OK
 689	   0	88.7	88.7	 758	OK
 690	   0	86.3	86.3	 588	OK
 691	4000	90.7	90.7	 769	high noise
 692	   0	93.0	93.0	 664	OK
 693	4000	93.6	93.6	 787	high noise
 694	   0	88.7	88.7	 619	OK
 695	   0	95.5	95.5	 678	OK
 696	   0	90.4	90.4	 662	OK
 697	   0	90.5	90.5	 673	OK
 698	   0	98.2	98.2	 603	OK
 699	   0	93.4	93.4	 656	OK
 700	1000	86.4	86.4	 537	unbonded
 701	   0	91.9	91.9	 632	OK
 702	   0	97.8	97.8	 734	OK
 703	4000	84.5	84.5	 769	high noise
 704	1000	93.6	93.6	 524	unbonded
 705	   0	87.1	87.1	 550	OK
 706	   0	85.1	85.1	 730	OK
 707	   0	87.6	87.6	 636	OK
 708	   0	86.8	86.8	 647	OK
 709	4000	90.0	90.0	 777	high noise
 710	   0	95.3	95.3	 675	OK
 711	   0	90.0	90.0	 658	OK
 712	   0	87.4	87.4	 722	OK
 713	   0	85.2	85.2	 653	OK
 714	   0	85.9	85.9	 631	OK
 715	   0	90.8	90.8	 599	OK
 716	   0	92.6	92.6	 654	OK
 717	   0	93.0	93.0	 755	OK
 718	   0	84.3	84.3	 706	OK
 719	   0	88.1	88.1	 637	OK
 720	   0	91.6	91.6	 597	OK
 721	   0	85.2	85.2	 643	OK
 722	   0	87.4	87.4	 650	OK
 723	   0	85.9	85.9	 711	OK
 724	4000	83.3	83.3	 768	high noise
 725	   0	86.8	86.8	 614	OK
 726	   0	84.6	84.6	 612	OK
 727	   0	95.9	95.9	 712	OK
 728	   0	82.4	82.4	 694	OK
 729	   0	91.5	91.5	 564	OK
 730	   0	90.8	90.8	 685	OK
 731	   0	86.3	86.3	 711	OK
 732	   0	87.2	87.2	 702	OK
 733	   0	85.3	85.3	 563	OK
 734	   0	91.8	91.8	 628	OK
 735	   0	89.5	89.5	 654	OK
 736	   0	82.5	82.5	 713	OK
 737	   0	85.7	85.7	 655	OK
 738	   0	96.5	96.5	 656	OK
 739	   0	92.5	92.5	 609	OK
 740	   0	95.4	95.4	 636	OK
 741	4000	90.5	90.5	 769	high noise
 742	4000	86.8	86.8	 785	high noise
 743	   0	83.2	83.2	 765	OK
 744	   0	88.2	88.2	 672	OK
 745	   0	90.1	90.1	 588	OK
 746	   0	83.4	83.4	 697	OK
 747	   0	96.0	96.0	 763	OK
 748	   0	86.8	86.8	 675	OK
 749	   0	90.8	90.8	 579	OK
 750	   0	94.3	94.3	 685	OK
 751	   0	87.4	87.4	 695	OK
 752	4000	82.8	82.8	 808	high noise
 753	   0	85.9	85.9	 647	OK
 754	   0	84.6	84.6	 686	OK
 755	4000	87.5	87.5	 843	high noise
 756	   0	86.8	86.8	 632	OK
 757	   0	92.7	92.7	 668	OK
 758	   0	84.7	84.7	 675	OK
 759	   0	88.5	88.5	 725	OK
 760	4000	80.8	80.8	 808	high noise
 761	   0	88.3	88.3	 685	OK
 762	   0	85.8	85.8	 706	OK
 763	4000	82.7	82.7	 815	high noise
 764	   0	85.8	85.8	 711	OK
 765	   0	86.1	86.1	 663	OK
 766	   0	88.0	88.0	 753	OK
 767	   0	92.4	92.4	 687	OK
 768	   0	81.0	81.0	 716	OK
 769	   0	89.6	89.6	 774	OK
 770	   0	78.1	78.1	 697	OK
 771	   0	75.6	75.6	 615	OK
 772	   0	78.6	78.6	 648	OK
 773	   0	79.5	79.5	 633	OK
 774	   0	84.2	84.2	 741	OK
 775	   0	80.3	80.3	 689	OK
 776	   0	78.1	78.1	 602	OK
 777	   0	83.0	83.0	 701	OK
 778	4000	86.2	86.2	 884	high noise
 779	   0	76.9	76.9	 774	OK
 780	   0	81.2	81.2	 707	OK
 781	4000	75.6	75.6	 849	high noise
 782	   0	74.0	74.0	 747	OK
 783	   0	80.0	80.0	 634	OK
 784	   0	80.6	80.6	 726	OK
 785	   0	81.7	81.7	 583	OK
 786	   0	80.9	80.9	 701	OK
 787	   0	83.6	83.6	 732	OK
 788	   0	84.0	84.0	 618	OK
 789	1000	82.9	82.9	 500	unbonded
 790	   0	85.0	85.0	 601	OK
 791	   0	88.9	88.9	 669	OK
 792	   0	88.2	88.2	 717	OK
 793	   0	86.7	86.7	 571	OK
 794	   0	80.3	80.3	 676	OK
 795	   0	85.7	85.7	 696	OK
 796	   0	82.1	82.1	 719	OK
 797	   0	80.7	80.7	 793	OK
 798	   0	84.4	84.4	 665	OK
 799	   0	77.9	77.9	 624	OK
 800	4000	86.6	86.6	 857	high noise
 801	   0	85.1	85.1	 813	OK
 802	   0	79.4	79.4	 780	OK
 803	   0	76.6	76.6	 748	OK
 804	   0	79.8	79.8	 718	OK
 805	   0	84.7	84.7	 632	OK
 806	   0	77.9	77.9	 610	OK
 807	   0	76.8	76.8	 745	OK
 808	   0	79.2	79.2	 762	OK
 809	   0	81.5	81.5	 722	OK
 810	4000	79.9	79.9	 919	high noise
 811	   0	73.8	73.8	 744	OK
 812	   0	85.3	85.3	 747	OK
 813	   0	83.9	83.9	 648	OK
 814	   0	82.2	82.2	 597	OK
 815	   0	79.8	79.8	 607	OK
 816	   0	86.9	86.9	 681	OK
 817	   0	85.9	85.9	 810	OK
 818	   0	77.8	77.8	 776	OK
 819	   0	84.8	84.8	 807	OK
 820	   0	85.2	85.2	 703	OK
 821	   0	82.3	82.3	 734	OK
 822	   0	81.7	81.7	 679	OK
 823	   0	88.4	88.4	 716	OK
 824	   0	78.1	78.1	 742	OK
 825	   0	78.9	78.9	 740	OK
 826	   0	85.2	85.2	 731	OK
 827	   0	83.6	83.6	 666	OK
 828	   0	80.1	80.1	 724	OK
 829	   0	86.6	86.6	 739	OK
 830	   0	76.2	76.2	 783	OK
 831	   0	81.4	81.4	 813	OK
 832	   0	84.8	84.8	 546	OK
 833	   0	81.8	81.8	 722	OK
 834	   0	76.2	76.2	 697	OK
 835	   0	89.2	89.2	 751	OK
 836	   0	92.2	92.2	 743	OK
 837	   0	81.6	81.6	 691	OK
 838	   0	91.0	91.0	 725	OK
 839	   0	87.8	87.8	 717	OK
 840	   0	87.9	87.9	 746	OK
 841	4000	73.8	73.8	 851	high noise
 842	4000	73.9	73.9	 888	high noise
 843	   0	80.5	80.5	 778	OK
 844	   0	87.3	87.3	 777	OK
 845	   0	75.9	75.9	 734	OK
 846	   0	84.0	84.0	 795	OK
 847	   0	85.2	85.2	 687	OK
 848	   0	81.3	81.3	 707	OK
 849	   0	82.1	82.1	 623	OK
 850	   0	82.2	82.2	 688	OK
 851	   0	73.4	73.4	 774	OK
 852	   0	84.0	84.0	 685	OK
 853	4000	81.4	81.4	 887	high noise
 854	   0	82.9	82.9	 692	OK
 855	   0	83.3	83.3	 742	OK
 856	   0	76.3	76.3	 751	OK
 857	   0	81.9	81.9	 797	OK
 858	   0	84.1	84.1	 767	OK
 859	   0	80.3	80.3	 720	OK
 860	   0	76.2	76.2	 752	OK
 861	   0	82.9	82.9	 669	OK
 862	   0	81.6	81.6	 822	OK
 863	   0	80.9	80.9	 683	OK
 864	   0	84.0	84.0	 654	OK
 865	4000	79.0	79.0	 878	high noise
 866	   0	81.7	81.7	 729	OK
 867	   0	80.1	80.1	 720	OK
 868	   0	80.3	80.3	 767	OK
 869	   0	79.3	79.3	 773	OK
 870	   0	81.8	81.8	 743	OK
 871	   0	82.3	82.3	 816	OK
 872	   0	76.6	76.6	 757	OK
 873	   0	76.9	76.9	 769	OK
 874	   0	80.9	80.9	 727	OK
 875	   0	75.5	75.5	 769	OK
 876	   0	79.1	79.1	 784	OK
 877	   0	80.1	80.1	 822	OK
 878	   0	83.7	83.7	 717	OK
 879	   0	83.3	83.3	 626	OK
 880	   0	86.0	86.0	 637	OK
 881	   0	75.3	75.3	 652	OK
 882	   0	82.9	82.9	 802	OK
 883	4000	82.3	82.3	 850	high noise
 884	   0	82.0	82.0	 796	OK
 885	1000	78.2	78.2	 438	unbonded
 886	   0	82.7	82.7	 669	OK
 887	   0	80.6	80.6	 764	OK
 888	   0	78.3	78.3	 831	OK
 889	   0	82.5	82.5	 731	OK
 890	   0	83.1	83.1	 798	OK
 891	   0	79.9	79.9	 753	OK
 892	   0	80.5	80.5	 789	OK
 893	4000	85.4	85.4	 844	high noise
 894	   0	79.0	79.0	 673	OK
 895	   0	84.2	84.2	 721	OK
 896	   0	77.1	77.1	 849	OK
 897	   0	78.6	78.6	 751	OK
 898	   0	75.3	75.3	 787	OK
 899	   0	79.5	79.5	 771	OK
 900	4000	76.8	76.8	 854	high noise
 901	   0	77.7	77.7	 801	OK
 902	   0	78.5	78.5	 548	OK
 903	   0	80.1	80.1	 852	OK
 904	4000	83.9	83.9	 870	high noise
 905	   0	74.6	74.6	 744	OK
 906	   0	74.6	74.6	 824	OK
 907	   0	79.2	79.2	 573	OK
 908	   0	75.8	75.8	 779	OK
 909	   0	74.9	74.9	 843	OK
 910	   0	84.5	84.5	 739	OK
 911	   0	83.1	83.1	 753	OK
 912	4000	73.9	73.9	 913	high noise
 913	   0	82.1	82.1	 557	OK
 914	4000	72.7	72.7	 866	high noise
 915	4000	71.4	71.4	 961	high noise
 916	   0	75.7	75.7	 695	OK
 917	   0	75.2	75.2	 845	OK
 918	   0	78.5	78.5	 697	OK
 919	   0	72.8	72.8	 698	OK
 920	   0	75.6	75.6	 638	OK
 921	   0	74.4	74.4	 782	OK
 922	   0	81.9	81.9	 836	OK
 923	   0	74.1	74.1	 776	OK
 924	   0	76.1	76.1	 669	OK
 925	4000	72.1	72.1	 931	high noise
 926	   0	72.1	72.1	 601	OK
 927	   0	79.4	79.4	 704	OK
 928	   0	81.2	81.2	 751	OK
 929	   0	78.4	78.4	 716	OK
 930	1000	80.4	80.4	 540	unbonded
 931	   0	78.3	78.3	 771	OK
 932	   0	81.0	81.0	 660	OK
 933	   0	76.7	76.7	 816	OK
 934	   0	79.5	79.5	 697	OK
 935	   0	78.6	78.6	 750	OK
 936	   0	74.2	74.2	 664	OK
 937	   0	76.2	76.2	 773	OK
 938	4000	79.1	79.1	 862	high noise
 939	   0	78.5	78.5	 706	OK
 940	   0	81.5	81.5	 717	OK
 941	   0	82.2	82.2	 709	OK
 942	   0	76.8	76.8	 663	OK
 943	4000	77.5	77.5	 879	high noise
 944	   0	76.9	76.9	 801	OK
 945	   0	79.3	79.3	 723	OK
 946	   0	78.2	78.2	 745	OK
 947	   0	71.2	71.2	 692	OK
 948	   0	83.9	83.9	 702	OK
 949	   0	76.0	76.0	 751	OK
 950	   0	78.9	78.9	 820	OK
 951	4000	72.3	72.3	 863	high noise
 952	   0	80.4	80.4	 833	OK
 953	   0	81.7	81.7	 785	OK
 954	   0	75.9	75.9	 601	OK
 955	   0	78.4	78.4	 847	OK
 956	   0	81.5	81.5	 704	OK
 957	   0	79.4	79.4	 851	OK
 958	   0	82.3	82.3	 583	OK
 959	   0	76.7	76.7	 803	OK
 960	   0	72.5	72.5	 584	OK
 961	   0	77.0	77.0	 841	OK
 962	   0	79.0	79.0	 762	OK
 963	   0	74.7	74.7	 742	OK
 964	4000	80.1	80.1	 865	high noise
 965	   0	88.3	88.3	 806	OK
 966	   0	76.9	76.9	 809	OK
 967	4000	78.4	78.4	 873	high noise
 968	   0	75.5	75.5	 800	OK
 969	   0	72.3	72.3	 731	OK
 970	   0	72.8	72.8	 790	OK
 971	   0	77.3	77.3	 686	OK
 972	   0	81.4	81.4	 770	OK
 973	   0	77.9	77.9	 691	OK
 974	   0	73.5	73.5	 757	OK
 975	   0	77.1	77.1	 805	OK
 976	   0	75.9	75.9	 729	OK
 977	   0	76.1	76.1	 614	OK
 978	4000	71.5	71.5	 875	high noise
 979	   0	75.1	75.1	 547	OK
 980	   0	74.6	74.6	 703	OK
 981	   0	72.6	72.6	 808	OK
 982	   0	69.1	69.1	 641	OK
 983	   0	73.8	73.8	 787	OK
 984	   0	78.7	78.7	 757	OK
 985	   0	78.1	78.1	 791	OK
 986	   0	77.4	77.4	 704	OK
 987	   0	73.8	73.8	 679	OK
 988	   0	78.1	78.1	 701	OK
 989	   0	81.8	81.8	 707	OK
 990	   0	78.8	78.8	 760	OK
 991	   0	76.9	76.9	 691	OK
 992	   0	70.5	70.5	 721	OK
 993	   0	76.9	76.9	 712	OK
 994	   0	74.4	74.4	 629	OK
 995	   0	79.0	79.0	 739	OK
 996	   0	70.1	70.1	 783	OK
 997	   0	74.2	74.2	 811	OK
 998	   0	76.9	76.9	 811	OK
 999	   0	72.5	72.5	 603	OK
1000	   0	80.2	80.2	 783	OK
1001	   0	75.0	75.0	 630	OK
1002	   0	72.2	72.2	 750	OK
1003	4000	73.3	73.3	 873	high noise
1004	   0	73.9	73.9	 672	OK
1005	   0	71.2	71.2	 815	OK
1006	   0	77.8	77.8	 690	OK
1007	   0	78.3	78.3	 699	OK
1008	   0	70.9	70.9	 805	OK
1009	   0	73.4	73.4	 644	OK
1010	   0	73.8	73.8	 542	OK
1011	   0	76.3	76.3	 634	OK
1012	   0	76.1	76.1	 740	OK
1013	   0	74.2	74.2	 699	OK
1014	   0	72.7	72.7	 609	OK
1015	   0	78.6	78.6	 804	OK
1016	   0	74.3	74.3	 596	OK
1017	   0	78.5	78.5	 651	OK
1018	   0	71.0	71.0	 708	OK
1019	4000	69.7	69.7	 858	high noise
1020	   0	73.8	73.8	 646	OK
1021	   0	74.7	74.7	 658	OK
1022	4000	79.9	79.9	 865	high noise
1023	   0	81.1	81.1	 600	OK
1024	   0	88.5	88.5	 656	OK
1025	   0	92.8	92.8	 718	OK
1026	   0	95.4	95.4	 690	OK
1027	   0	97.8	97.8	 616	OK
1028	   0	84.6	84.6	 675	OK
1029	   0	100.9	100.9	 588	OK
1030	   0	95.6	95.6	 648	OK
1031	4000	86.6	86.6	 770	high noise
1032	1000	94.4	94.4	 518	unbonded
1033	   0	92.2	92.2	 737	OK
1034	   0	92.9	92.9	 625	OK
1035	4000	93.2	93.2	 772	high noise
1036	   0	88.6	88.6	 720	OK
1037	   0	99.0	99.0	 631	OK
1038	   0	93.4	93.4	 633	OK
1039	   0	90.9	90.9	 656	OK
1040	1000	89.6	89.6	 519	unbonded
1041	   0	88.0	88.0	 644	OK
1042	   0	90.6	90.6	 675	OK
1043	   0	90.9	90.9	 619	OK
1044	   0	95.6	95.6	 726	OK
1045	   0	94.2	94.2	 694	OK
1046	   0	91.4	91.4	 693	OK
1047	   0	91.3	91.3	 718	OK
1048	   0	86.8	86.8	 577	OK
1049	   0	93.6	93.6	 588	OK
1050	   0	90.0	90.0	 645	OK
1051	1000	86.2	86.2	 526	unbonded
1052	   0	96.1	96.1	 679	OK
1053	   0	84.1	84.1	 610	OK
1054	   0	94.8	94.8	 613	OK
1055	   0	91.5	91.5	 680	OK
1056	   0	89.7	89.7	 648	OK
1057	   0	100.3	100.3	 556	OK
1058	4000	92.9	92.9	 789	high noise
1059	   0	99.9	99.9	 583	OK
1060	   0	93.8	93.8	 734	OK
1061	   0	89.4	89.4	 615	OK
1062	   0	93.1	93.1	 584	OK
1063	4000	80.1	80.1	 904	high noise
1064	   0	91.9	91.9	 681	OK
1065	   0	93.1	93.1	 644	OK
1066	   0	92.3	92.3	 616	OK
1067	   0	93.0	93.0	 572	OK
1068	   0	95.3	95.3	 684	OK
1069	   0	93.4	93.4	 627	OK
1070	   0	96.8	96.8	 687	OK
1071	   0	92.8	92.8	 671	OK
1072	   0	86.5	86.5	 736	OK
1073	   0	89.1	89.1	 724	OK
1074	   0	90.8	90.8	 612	OK
1075	   0	87.6	87.6	 748	OK
1076	4000	89.8	89.8	 763	high noise
1077	   0	93.4	93.4	 739	OK
1078	1000	92.1	92.1	 489	unbonded
1079	   0	87.4	87.4	 714	OK
1080	   0	86.4	86.4	 675	OK
1081	   0	93.1	93.1	 597	OK
1082	   0	91.9	91.9	 635	OK
1083	   0	90.7	90.7	 651	OK
1084	4000	104.6	104.6	 772	high noise
1085	   0	92.2	92.2	 685	OK
1086	   0	92.9	92.9	 681	OK
1087	   0	98.0	98.0	 568	OK
1088	   0	91.9	91.9	 597	OK
1089	   0	98.5	98.5	 623	OK
1090	   0	90.5	90.5	 588	OK
1091	   0	89.8	89.8	 629	OK
1092	   0	90.5	90.5	 620	OK
1093	   0	92.3	92.3	 652	OK
1094	4000	97.1	97.1	 878	high noise
1095	   0	92.2	92.2	 706	OK
1096	   0	88.3	88.3	 567	OK
1097	   0	96.3	96.3	 730	OK
1098	4000	92.4	92.4	 821	high noise
1099	   0	87.5	87.5	 695	OK
1100	   0	94.3	94.3	 709	OK
1101	   0	97.4	97.4	 673	OK
1102	   0	96.8	96.8	 741	OK
1103	   0	95.6	95.6	 676	OK
1104	   0	100.0	100.0	 707	OK
1105	   0	85.9	85.9	 579	OK
1106	   0	91.1	91.1	 649	OK
1107	   0	96.6	96.6	 610	OK
1108	   0	95.9	95.9	 688	OK
1109	   0	83.0	83.0	 640	OK
1110	   0	91.5	91.5	 749	OK
1111	   0	88.2	88.2	 546	OK
1112	   0	92.4	92.4	 686	OK
1113	   0	89.5	89.5	 637	OK
1114	   0	83.3	83.3	 630	OK
1115	   0	93.3	93.3	 684	OK
1116	   0	87.1	87.1	 668	OK
1117	1000	94.7	94.7	 519	unbonded
1118	   0	97.1	97.1	 682	OK
1119	1000	94.4	94.4	 524	unbonded
1120	   0	86.7	86.7	 615	OK
1121	   0	89.7	89.7	 746	OK
1122	4000	90.2	90.2	 758	high noise
1123	   0	87.4	87.4	 644	OK
1124	   0	87.2	87.2	 685	OK
1125	   0	101.5	101.5	 561	OK
1126	   0	88.7	88.7	 673	OK
1127	1000	94.3	94.3	 508	unbonded
1128	   0	92.7	92.7	 586	OK
1129	   0	94.4	94.4	 726	OK
1130	4000	96.5	96.5	 820	high noise
1131	   0	89.5	89.5	 556	OK
1132	   0	88.3	88.3	 616	OK
1133	   0	91.3	91.3	 584	OK
1134	1000	96.2	96.2	 528	unbonded
1135	   0	97.1	97.1	 713	OK
1136	4000	89.7	89.7	 805	high noise
1137	   0	92.5	92.5	 655	OK
1138	   0	86.4	86.4	 713	OK
1139	1000	87.8	87.8	 454	unbonded
1140	   0	92.8	92.8	 695	OK
1141	   0	93.4	93.4	 669	OK
1142	   0	87.9	87.9	 645	OK
1143	   0	93.3	93.3	 628	OK
1144	   0	95.1	95.1	 723	OK
1145	   0	94.9	94.9	 615	OK
1146	1000	86.8	86.8	 537	unbonded
1147	   0	88.8	88.8	 685	OK
1148	   0	101.4	101.4	 751	OK
1149	   0	87.9	87.9	 636	OK
1150	   0	91.2	91.2	 670	OK
1151	4000	88.1	88.1	 795	high noise
1152	   0	78.2	78.2	 721	OK
1153	   0	81.3	81.3	 784	OK
1154	   0	79.8	79.8	 658	OK
1155	   0	80.1	80.1	 810	OK
1156	   0	74.0	74.0	 725	OK
1157	   0	79.6	79.6	 649	OK
1158	   0	71.7	71.7	 696	OK
1159	   0	77.4	77.4	 773	OK
1160	   0	81.3	81.3	 769	OK
1161	   0	79.3	79.3	 751	OK
1162	   0	78.4	78.4	 743	OK
1163	   0	74.7	74.7	 711	OK
1164	4000	73.5	73.5	 846	high noise
1165	   0	75.1	75.1	 743	OK
1166	   0	79.9	79.9	 605	OK
1167	   0	75.3	75.3	 792	OK
1168	   0	80.0	80.0	 787	OK
1169	1000	78.0	78.0	 523	unbonded
1170	   0	70.7	70.7	 805	OK
1171	   0	77.9	77.9	 746	OK
1172	   0	78.2	78.2	 797	OK
1173	   0	83.1	83.1	 652	OK
1174	   0	75.5	75.5	 675	OK
1175	   0	72.4	72.4	 785	OK
1176	   0	80.9	80.9	 677	OK
1177	4000	70.5	70.5	 826	high noise
1178	   0	77.2	77.2	 663	OK
1179	   0	77.3	77.3	 781	OK
1180	   0	73.4	73.4	 759	OK
1181	   0	77.4	77.4	 756	OK
1182	   0	81.9	81.9	 671	OK
1183	   0	70.2	70.2	 772	OK
1184	   0	74.2	74.2	 680	OK
1185	   0	76.6	76.6	 760	OK
1186	   0	79.9	79.9	 753	OK
1187	   0	74.2	74.2	 657	OK
1188	   0	75.6	75.6	 620	OK
1189	   0	74.3	74.3	 747	OK
1190	   0	75.9	75.9	 701	OK
1191	   0	84.8	84.8	 726	OK
1192	   0	77.8	77.8	 772	OK
1193	4000	77.1	77.1	 833	high noise
1194	   0	77.7	77.7	 720	OK
1195	4000	84.3	84.3	 830	high noise
1196	   0	74.0	74.0	 801	OK
1197	   0	78.0	78.0	 659	OK
1198	   0	79.4	79.4	 573	OK
1199	   0	79.6	79.6	 614	OK
1200	   0	75.3	75.3	 611	OK
1201	   0	77.4	77.4	 808	OK
1202	   0	72.3	72.3	 785	OK
1203	   0	78.1	78.1	 785	OK
1204	   0	77.4	77.4	 603	OK
1205	   0	82.1	82.1	 779	OK
1206	   0	74.2	74.2	 789	OK
1207	   0	78.3	78.3	 689	OK
1208	   0	80.5	80.5	 660	OK
1209	   0	73.2	73.2	 822	OK
1210	   0	72.3	72.3	 555	OK
1211	   0	76.2	76.2	 793	OK
1212	   0	79.5	79.5	 617	OK
1213	   0	80.1	80.1	 619	OK
1214	   0	80.3	80.3	 796	OK
1215	   0	78.0	78.0	 676	OK
1216	   0	79.4	79.4	 793	OK
1217	   0	78.8	78.8	 665	OK
1218	4000	71.6	71.6	 876	high noise
1219	   0	77.9	77.9	 670	OK
1220	   0	67.3	67.3	 777	OK
1221	   0	71.4	71.4	 772	OK
1222	   0	73.8	73.8	 696	OK
1223	   0	75.1	75.1	 642	OK
1224	   0	71.4	71.4	 784	OK
1225	   0	78.8	78.8	 777	OK
1226	   0	79.2	79.2	 728	OK
1227	   0	70.6	70.6	 782	OK
1228	   0	74.0	74.0	 574	OK
1229	   0	82.3	82.3	 637	OK
1230	   0	75.3	75.3	 724	OK
1231	4000	77.8	77.8	 851	high noise
1232	   0	72.8	72.8	 777	OK
1233	   0	74.2	74.2	 664	OK
1234	   0	78.9	78.9	 715	OK
1235	   0	73.5	73.5	 730	OK
1236	   0	78.1	78.1	 715	OK
1237	   0	81.7	81.7	 669	OK
1238	   0	71.2	71.2	 783	OK
1239	   0	84.1	84.1	 822	OK
1240	   0	78.0	78.0	 610	OK
1241	   0	66.4	66.4	 740	OK
1242	   0	74.0	74.0	 770	OK
1243	   0	75.1	75.1	 543	OK
1244	   0	78.3	78.3	 653	OK
1245	   0	77.4	77.4	 715	OK
1246	   0	75.5	75.5	 660	OK
1247	   0	72.9	72.9	 735	OK
1248	   0	77.7	77.7	 714	OK
1249	   0	73.9	73.9	 651	OK
1250	   0	77.9	77.9	 759	OK
1251	   0	69.3	69.3	 691	OK
1252	   0	77.6	77.6	 787	OK
1253	   0	81.6	81.6	 635	OK
1254	   0	74.5	74.5	 786	OK
1255	   0	75.5	75.5	 775	OK
1256	   0	71.8	71.8	 736	OK
1257	   0	78.9	78.9	 602	OK
1258	   0	71.5	71.5	 721	OK
1259	   0	74.9	74.9	 697	OK
1260	   0	78.2	78.2	 758	OK
1261	4000	73.1	73.1	 848	high noise
1262	   0	76.7	76.7	 746	OK
1263	   0	79.0	79.0	 687	OK
1264	   0	72.0	72.0	 704	OK
1265	   0	75.7	75.7	 556	OK
1266	   0	72.1	72.1	 798	OK
1267	   0	74.5	74.5	 675	OK
1268	   0	77.7	77.7	 687	OK
1269	   0	77.9	77.9	 637	OK
1270	   0	72.8	72.8	 748	OK
1271	   0	81.0	81.0	 662	OK
1272	   0	77.8	77.8	 713	OK
1273	   0	82.8	82.8	 611	OK
1274	   0	76.4	76.4	 710	OK
1275	   0	78.0	78.0	 614	OK
1276	   0	76.4	76.4	 628	OK
1277	   0	74.9	74.9	 765	OK
1278	   0	75.2	75.2	 756	OK
1279	   0	73.6	73.6	 701	OK
1280	4000	97.9	97.9	 769	high noise
1281	4000	95.8	95.8	 761	high noise
1282	   0	97.2	97.2	 637	OK
1283	   0	89.1	89.1	 669	OK
1284	   0	94.6	94.6	 689	OK
1285	   0	94.4	94.4	 715	OK
1286	   0	88.7	88.7	 641	OK
1287	4000	89.1	89.1	 802	high noise
1288	4000	91.0	91.0	 785	high noise
1289	   0	86.0	86.0	 573	OK
1290	1000	85.9	85.9	 491	unbonded
1291	   0	86.8	86.8	 586	OK
1292	   0	92.9	92.9	 632	OK
1293	4000	94.1	94.1	 779	high noise
1294	1000	88.5	88.5	 493	unbonded
1295	   0	90.1	90.1	 618	OK
1296	   0	87.2	87.2	 545	OK
1297	   0	81.7	81.7	 667	OK
1298	   0	95.5	95.5	 661	OK
1299	   0	90.5	90.5	 743	OK
1300	1000	88.5	88.5	 418	unbonded
1301	1000	94.1	94.1	 508	unbonded
1302	   0	92.9	92.9	 678	OK
1303	   0	96.2	96.2	 718	OK
1304	   0	86.6	86.6	 674	OK
1305	   0	92.3	92.3	 697	OK
1306	   0	89.5	89.5	 662	OK
1307	   0	88.8	88.8	 619	OK
1308	4000	86.0	86.0	 771	high noise
1309	1000	94.3	94.3	 512	unbonded
1310	   0	86.9	86.9	 722	OK
1311	   0	93.6	93.6	 639	OK
1312	   0	91.7	91.7	 623	OK
1313	   0	93.5	93.5	 719	OK
1314	   0	89.6	89.6	 576	OK
1315	   0	87.1	87.1	 556	OK
1316	   0	86.8	86.8	 753	OK
1317	1000	89.8	89.8	 479	unbonded
1318	   0	91.5	91.5	 648	OK
1319	   0	87.5	87.5	 641	OK
1320	4000	89.0	89.0	 855	high noise
1321	4000	96.8	96.8	 805	high noise
1322	   0	88.2	88.2	 555	OK
1323	   0	93.5	93.5	 654	OK
1324	   0	90.0	90.0	 657	OK
1325	   0	85.1	85.1	 611	OK
1326	   0	92.0	92.0	 741	OK
1327	4000	94.9	94.9	 805	high noise
1328	   0	89.4	89.4	 615	OK
1329	   0	93.4	93.4	 712	OK
1330	4000	92.0	92.0	 791	high noise
1331	   0	92.2	92.2	 618	OK
1332	   0	90.7	90.7	 608	OK
1333	   0	97.0	97.0	 701	OK
1334	   0	92.5	92.5	 636	OK
1335	   0	100.5	100.5	 602	OK
1336	4000	90.5	90.5	 759	high noise
1337	   0	82.5	82.5	 571	OK
1338	   0	88.3	88.3	 639	OK
1339	   0	98.7	98.7	 683	OK
1340	   0	95.0	95.0	 714	OK
1341	4000	99.5	99.5	 786	high noise
1342	   0	89.8	89.8	 611	OK
1343	   0	93.0	93.0	 640	OK
1344	   0	90.2	90.2	 612	OK
1345	   0	94.9	94.9	 627	OK
1346	   0	98.8	98.8	 681	OK
1347	   0	95.3	95.3	 714	OK
1348	   0	86.5	86.5	 600	OK
1349	   0	90.9	90.9	 624	OK
1350	   0	91.3	91.3	 747	OK
1351	   0	88.1	88.1	 685	OK
1352	   0	94.8	94.8	 672	OK
1353	   0	94.2	94.2	 646	OK
1354	   0	97.4	97.4	 703	OK
1355	   0	88.7	88.7	 725	OK
1356	   0	83.6	83.6	 710	OK
1357	   0	89.7	89.7	 557	OK
1358	   0	91.3	91.3	 716	OK
1359	   0	89.7	89.7	 651	OK
1360	   0	88.7	88.7	 648	OK
1361	   0	80.5	80.5	 673	OK
1362	   0	95.2	95.2	 568	OK
1363	   0	85.9	85.9	 703	OK
1364	   0	94.0	94.0	 646	OK
1365	4000	94.1	94.1	 782	high noise
1366	   0	93.0	93.0	 742	OK
1367	   0	85.3	85.3	 616	OK
1368	   0	91.2	91.2	 610	OK
1369	   0	86.7	86.7	 652	OK
1370	   0	89.6	89.6	 680	OK
1371	4000	91.9	91.9	 757	high noise
1372	   0	95.8	95.8	 664	OK
1373	   0	87.3	87.3	 686	OK
1374	   0	88.0	88.0	 614	OK
1375	   0	88.3	88.3	 623	OK
1376	   0	93.9	93.9	 734	OK
1377	   0	89.2	89.2	 598	OK
1378	   0	91.3	91.3	 743	OK
1379	   0	90.5	90.5	 674	OK
1380	   0	90.7	90.7	 623	OK
1381	   0	85.7	85.7	 638	OK
1382	   0	84.8	84.8	 646	OK
1383	   0	89.3	89.3	 556	OK
1384	   0	85.7	85.7	 585	OK
1385	   0	88.3	88.3	 671	OK
1386	   0	86.9	86.9	 725	OK
1387	   0	94.7	94.7	 551	OK
1388	   0	90.7	90.7	 600	OK
1389	   0	85.1	85.1	 718	OK
1390	   0	83.6	83.6	 578	OK
1391	   0	90.5	90.5	 643	OK
1392	1000	95.0	95.0	 507	unbonded
1393	4000	95.9	95.9	 774	high noise
1394	   0	88.2	88.2	 651	OK
1395	   0	86.8	86.8	 589	OK
1396	   0	87.4	87.4	 667	OK
1397	   0	93.9	93.9	 687	OK
1398	4000	95.6	95.6	 755	high noise
1399	   0	93.7	93.7	 555	OK
1400	   0	90.6	90.6	 705	OK
1401	   0	90.0	90.0	 594	OK
1402	4000	84.5	84.5	 822	high noise
1403	   0	85.9	85.9	 557	OK
1404	1000	82.6	82.6	 512	unbonded
1405	1000	93.0	93.0	 477	unbonded
1406	1000	86.2	86.2	 499	unbonded
1407	   0	93.1	93.1	 752	OK
1408	   0	75.3	75.3	 768	OK
1409	   0	81.5	81.5	 800	OK
1410	   0	79.2	79.2	 594	OK
1411	   0	85.0	85.0	 725	OK
1412	   0	87.1	87.1	 737	OK
1413	   0	85.8	85.8	 771	OK
1414	   0	85.2	85.2	 686	OK
1415	   0	79.7	79.7	 731	OK
1416	   0	80.2	80.2	 743	OK
1417	   0	82.8	82.8	 759	OK
1418	   0	80.3	80.3	 725	OK
1419	   0	82.3	82.3	 769	OK
1420	   0	84.5	84.5	 687	OK
1421	   0	80.7	80.7	 723	OK
1422	   0	91.0	91.0	 763	OK
1423	   0	74.1	74.1	 802	OK
1424	   0	73.4	73.4	 649	OK
1425	   0	82.6	82.6	 722	OK
1426	   0	87.6	87.6	 728	OK
1427	   0	80.1	80.1	 687	OK
1428	   0	87.3	87.3	 710	OK
1429	4000	79.7	79.7	 849	high noise
1430	   0	84.1	84.1	 785	OK
1431	   0	75.3	75.3	 756	OK
1432	   0	79.6	79.6	 746	OK
1433	   0	85.6	85.6	 649	OK
1434	   0	81.1	81.1	 667	OK
1435	   0	81.3	81.3	 748	OK
1436	   0	83.9	83.9	 696	OK
1437	   0	82.6	82.6	 724	OK
1438	   0	77.6	77.6	 745	OK
1439	   0	81.5	81.5	 694	OK
1440	   0	89.3	89.3	 638	OK
1441	   0	84.1	84.1	 756	OK
1442	   0	81.1	81.1	 731	OK
1443	   0	81.5	81.5	 846	OK
1444	   0	90.8	90.8	 752	OK
1445	   0	85.5	85.5	 599	OK
1446	   0	83.7	83.7	 750	OK
1447	4000	77.4	77.4	 944	high noise
1448	   0	85.4	85.4	 715	OK
1449	   0	85.8	85.8	 680	OK
1450	   0	86.5	86.5	 778	OK
1451	   0	82.6	82.6	 836	OK
1452	   0	84.8	84.8	 744	OK
1453	   0	80.8	80.8	 677	OK
1454	   0	82.5	82.5	 702	OK
1455	   0	80.4	80.4	 769	OK
1456	   0	83.9	83.9	 608	OK
1457	   0	86.2	86.2	 702	OK
1458	   0	77.7	77.7	 777	OK
1459	   0	82.0	82.0	 661	OK
1460	   0	85.1	85.1	 673	OK
1461	   0	80.2	80.2	 827	OK
1462	   0	80.6	80.6	 710	OK
1463	   0	85.8	85.8	 676	OK
1464	   0	86.6	86.6	 737	OK
1465	   0	89.1	89.1	 802	OK
1466	   0	84.8	84.8	 774	OK
1467	   0	89.5	89.5	 828	OK
1468	   0	85.7	85.7	 567	OK
1469	   0	88.4	88.4	 797	OK
1470	   0	77.5	77.5	 636	OK
1471	   0	78.1	78.1	 751	OK
1472	   0	85.7	85.7	 686	OK
1473	4000	78.8	78.8	 957	high noise
1474	4000	83.9	83.9	 850	high noise
1475	   0	81.1	81.1	 752	OK
1476	   0	81.6	81.6	 635	OK
1477	   0	86.6	86.6	 758	OK
1478	   0	82.0	82.0	 745	OK
1479	   0	79.3	79.3	 669	OK
1480	4000	79.9	79.9	 891	high noise
1481	   0	82.9	82.9	 846	OK
1482	   0	79.1	79.1	 720	OK
1483	   0	85.4	85.4	 725	OK
1484	   0	82.3	82.3	 651	OK
1485	   0	83.3	83.3	 819	OK
1486	4000	74.6	74.6	 899	high noise
1487	   0	79.4	79.4	 694	OK
1488	   0	76.8	76.8	 711	OK
1489	   0	82.1	82.1	 690	OK
1490	   0	80.1	80.1	 790	OK
1491	4000	81.3	81.3	 893	high noise
1492	   0	80.5	80.5	 764	OK
1493	4000	78.4	78.4	 859	high noise
1494	   0	85.8	85.8	 824	OK
1495	4000	81.4	81.4	 849	high noise
1496	4000	80.4	80.4	 870	high noise
1497	   0	86.2	86.2	 745	OK
1498	   0	79.6	79.6	 688	OK
1499	   0	87.7	87.7	 724	OK
1500	   0	85.1	85.1	 711	OK
1501	   0	79.3	79.3	 674	OK
1502	   0	74.5	74.5	 715	OK
1503	   0	83.2	83.2	 752	OK
1504	4000	78.3	78.3	 854	high noise
1505	   0	79.8	79.8	 704	OK
1506	   0	83.4	83.4	 736	OK
1507	   0	77.7	77.7	 674	OK
1508	   0	79.3	79.3	 794	OK
1509	   0	84.8	84.8	 623	OK
1510	   0	79.5	79.5	 666	OK
1511	   0	75.1	75.1	 656	OK
1512	   0	76.1	76.1	 703	OK
1513	   0	83.1	83.1	 668	OK
1514	   0	82.3	82.3	 765	OK
1515	   0	77.1	77.1	 763	OK
1516	   0	81.2	81.2	 766	OK
1517	4000	83.8	83.8	 922	high noise
1518	   0	85.2	85.2	 630	OK
1519	   0	74.7	74.7	 846	OK
1520	   0	84.6	84.6	 626	OK
1521	   0	88.2	88.2	 772	OK
1522	   0	83.5	83.5	 724	OK
1523	   0	78.7	78.7	 672	OK
1524	   0	85.7	85.7	 739	OK
1525	   0	81.7	81.7	 742	OK
1526	   0	76.6	76.6	 724	OK
1527	   0	77.3	77.3	 821	OK
1528	1000	75.9	75.9	 527	unbonded
1529	   0	77.5	77.5	 819	OK
1530	   0	79.2	79.2	 703	OK
1531	   0	74.0	74.0	 841	OK
1532	   0	76.8	76.8	 685	OK
1533	   0	83.0	83.0	 727	OK
1534	   0	79.1	79.1	 673	OK
1535	   0	78.2	78.2	 569	OK
1536	   0	86.6	86.6	 729	OK
1537	   0	75.2	75.2	 715	OK
1538	   0	78.5	78.5	 585	OK
1539	1000	85.9	85.9	 507	unbonded
1540	4000	79.2	79.2	 810	high noise
1541	   0	87.4	87.4	 595	OK
1542	   0	79.8	79.8	 652	OK
1543	   0	76.7	76.7	 745	OK
1544	   0	77.0	77.0	 638	OK
1545	   0	73.2	73.2	 639	OK
1546	   0	77.4	77.4	 730	OK
1547	   0	78.8	78.8	 630	OK
1548	4000	72.8	72.8	 813	high noise
1549	   0	83.1	83.1	 638	OK
1550	   0	82.9	82.9	 726	OK
1551	   0	76.5	76.5	 581	OK
1552	   0	72.7	72.7	 631	OK
1553	   0	83.4	83.4	 720	OK
1554	   0	79.0	79.0	 715	OK
1555	   0	84.4	84.4	 588	OK
1556	   0	75.9	75.9	 696	OK
1557	   0	81.5	81.5	 693	OK
1558	   0	82.6	82.6	 572	OK
1559	   0	75.0	75.0	 739	OK
1560	   0	82.9	82.9	 541	OK
1561	   0	80.9	80.9	 651	OK
1562	   0	78.1	78.1	 616	OK
1563	1000	74.7	74.7	 481	unbonded
1564	   0	81.4	81.4	 691	OK
1565	   0	76.8	76.8	 753	OK
1566	   0	87.3	87.3	 727	OK
1567	   0	75.0	75.0	 761	OK
1568	   0	80.0	80.0	 723	OK
1569	   0	81.6	81.6	 686	OK
1570	   0	81.7	81.7	 648	OK
1571	   0	80.5	80.5	 668	OK
1572	   0	77.4	77.4	 673	OK
1573	   0	82.3	82.3	 595	OK
1574	1000	75.6	75.6	 512	unbonded
1575	   0	76.6	76.6	 739	OK
1576	   0	72.5	72.5	 689	OK
1577	   0	78.1	78.1	 600	OK
1578	   0	80.4	80.4	 569	OK
1579	   0	77.8	77.8	 681	OK
1580	   0	82.0	82.0	 665	OK
1581	   0	76.8	76.8	 688	OK
1582	   0	79.9	79.9	 754	OK
1583	4000	75.6	75.6	 790	high noise
1584	   0	77.6	77.6	 618	OK
1585	   0	84.0	84.0	 717	OK
1586	   0	75.6	75.6	 606	OK
1587	   0	75.8	75.8	 730	OK
1588	   0	83.4	83.4	 629	OK
1589	   0	84.2	84.2	 685	OK
1590	4000	74.9	74.9	 791	high noise
1591	4000	78.6	78.6	 817	high noise
1592	   0	79.4	79.4	 688	OK
1593	   0	79.2	79.2	 751	OK
1594	   0	78.1	78.1	 694	OK
1595	   0	86.2	86.2	 745	OK
1596	4000	81.7	81.7	 808	high noise
1597	   0	81.2	81.2	 565	OK
1598	   0	80.6	80.6	 678	OK
1599	   0	85.4	85.4	 710	OK
1600	   0	78.5	78.5	 670	OK
1601	   0	85.4	85.4	 692	OK
1602	   0	83.3	83.3	 641	OK
1603	   0	81.3	81.3	 712	OK
1604	   0	77.3	77.3	 683	OK
1605	   0	77.4	77.4	 771	OK
1606	   0	77.2	77.2	 696	OK
1607	   0	78.9	78.9	 762	OK
1608	   0	79.8	79.8	 599	OK
1609	   0	77.2	77.2	 598	OK
1610	   0	83.7	83.7	 714	OK
1611	   0	80.6	80.6	 684	OK
1612	   0	85.5	85.5	 710	OK
1613	   0	79.3	79.3	 587	OK
1614	   0	79.9	79.9	 626	OK
1615	   0	75.5	75.5	 704	OK
1616	   0	85.5	85.5	 649	OK
1617	   0	81.0	81.0	 726	OK
1618	   0	87.8	87.8	 574	OK
1619	   0	80.6	80.6	 752	OK
1620	   0	81.5	81.5	 674	OK
1621	   0	82.5	82.5	 548	OK
1622	   0	83.5	83.5	 740	OK
1623	   0	80.8	80.8	 700	OK
1624	   0	82.5	82.5	 591	OK
1625	   0	79.2	79.2	 730	OK
1626	   0	78.2	78.2	 690	OK
1627	   0	86.5	86.5	 675	OK
1628	   0	76.8	76.8	 543	OK
1629	4000	79.3	79.3	 796	high noise
1630	4000	79.3	79.3	 806	high noise
1631	   0	82.2	82.2	 575	OK
1632	   0	72.6	72.6	 688	OK
1633	   0	76.8	76.8	 656	OK
1634	   0	84.0	84.0	 619	OK
1635	1000	85.5	85.5	 537	unbonded
1636	   0	79.2	79.2	 721	OK
1637	   0	80.7	80.7	 630	OK
1638	4000	81.2	81.2	 811	high noise
1639	   0	78.8	78.8	 655	OK
1640	4000	89.8	89.8	 899	high noise
1641	   0	82.7	82.7	 653	OK
1642	   0	76.5	76.5	 710	OK
1643	1000	84.5	84.5	 532	unbonded
1644	   0	81.0	81.0	 720	OK
1645	   0	88.8	88.8	 748	OK
1646	   0	84.5	84.5	 642	OK
1647	   0	77.6	77.6	 703	OK
1648	   0	81.4	81.4	 604	OK
1649	   0	85.4	85.4	 669	OK
1650	   0	74.8	74.8	 669	OK
1651	   0	72.6	72.6	 733	OK
1652	4000	77.6	77.6	 809	high noise
1653	   0	78.0	78.0	 746	OK
1654	   0	77.1	77.1	 602	OK
1655	   0	82.5	82.5	 691	OK
1656	   0	83.7	83.7	 686	OK
1657	   0	75.3	75.3	 703	OK
1658	   0	81.8	81.8	 621	OK
1659	   0	75.0	75.0	 632	OK
1660	   0	74.9	74.9	 714	OK
1661	   0	83.5	83.5	 653	OK
1662	   0	82.8	82.8	 651	OK
1663	4000	78.9	78.9	 794	high noise
1664	4000	88.4	88.4	 827	high noise
1665	   0	88.5	88.5	 680	OK
1666	   0	93.0	93.0	 706	OK
1667	   0	89.8	89.8	 582	OK
1668	   0	85.3	85.3	 705	OK
1669	   0	87.3	87.3	 648	OK
1670	   0	79.2	79.2	 690	OK
1671	1000	82.1	82.1	 524	unbonded
1672	   0	78.1	78.1	 596	OK
1673	   0	91.9	91.9	 733	OK
1674	   0	87.9	87.9	 617	OK
1675	   0	86.2	86.2	 688	OK
1676	1000	87.7	87.7	 511	unbonded
1677	   0	85.3	85.3	 682	OK
1678	   0	72.1	72.1	 598	OK
1679	   0	87.1	87.1	 644	OK
1680	   0	87.5	87.5	 606	OK
1681	4000	84.5	84.5	 821	high noise
1682	   0	82.4	82.4	 599	OK
1683	   0	84.4	84.4	 572	OK
1684	   0	87.9	87.9	 610	OK
1685	   0	86.5	86.5	 631	OK
1686	   0	94.2	94.2	 572	OK
1687	   0	80.0	80.0	 639	OK
1688	   0	83.5	83.5	 604	OK
1689	4000	86.9	86.9	 812	high noise
1690	   0	85.6	85.6	 546	OK
1691	   0	84.5	84.5	 604	OK
1692	   0	80.6	80.6	 736	OK
1693	   0	83.7	83.7	 650	OK
1694	   0	84.7	84.7	 605	OK
1695	   0	90.7	90.7	 656	OK
1696	   0	94.2	94.2	 722	OK
1697	   0	91.8	91.8	 678	OK
1698	4000	86.9	86.9	 774	high noise
1699	4000	87.0	87.0	 750	high noise
1700	   0	86.4	86.4	 548	OK
1701	   0	79.9	79.9	 619	OK
1702	   0	83.9	83.9	 696	OK
1703	   0	89.0	89.0	 682	OK
1704	   0	92.0	92.0	 616	OK
1705	   0	90.7	90.7	 679	OK
1706	   0	80.9	80.9	 697	OK
1707	   0	85.4	85.4	 589	OK
1708	   0	94.4	94.4	 677	OK
1709	   0	84.3	84.3	 627	OK
1710	   0	92.4	92.4	 675	OK
1711	   0	86.8	86.8	 682	OK
1712	1000	85.5	85.5	 527	unbonded
1713	   0	89.7	89.7	 707	OK
1714	   0	80.6	80.6	 566	OK
1715	   0	86.0	86.0	 688	OK
1716	   0	86.1	86.1	 642	OK
1717	   0	88.9	88.9	 717	OK
1718	   0	94.2	94.2	 626	OK
1719	   0	83.1	83.1	 564	OK
1720	   0	84.5	84.5	 742	OK
1721	   0	89.8	89.8	 595	OK
1722	   0	95.8	95.8	 612	OK
1723	1000	86.6	86.6	 488	unbonded
1724	   0	96.7	96.7	 673	OK
1725	   0	93.9	93.9	 600	OK
1726	   0	86.4	86.4	 676	OK
1727	   0	87.2	87.2	 612	OK
1728	   0	85.2	85.2	 645	OK
1729	   0	78.9	78.9	 599	OK
1730	   0	85.0	85.0	 663	OK
1731	   0	86.5	86.5	 613	OK
1732	4000	84.5	84.5	 793	high noise
1733	   0	89.7	89.7	 660	OK
1734	   0	87.6	87.6	 638	OK
1735	   0	86.1	86.1	 683	OK
1736	   0	85.3	85.3	 597	OK
1737	   0	80.9	80.9	 602	OK
1738	   0	91.4	91.4	 682	OK
1739	   0	88.0	88.0	 586	OK
1740	   0	85.4	85.4	 663	OK
1741	   0	90.6	90.6	 722	OK
1742	1000	85.7	85.7	 500	unbonded
1743	   0	92.7	92.7	 643	OK
1744	   0	90.9	90.9	 606	OK
1745	   0	87.6	87.6	 628	OK
1746	   0	84.7	84.7	 597	OK
1747	   0	90.7	90.7	 723	OK
1748	4000	89.3	89.3	 788	high noise
1749	   0	86.8	86.8	 607	OK
1750	   0	84.7	84.7	 692	OK
1751	   0	80.8	80.8	 640	OK
1752	   0	90.7	90.7	 699	OK
1753	   0	88.2	88.2	 593	OK
1754	   0	91.5	91.5	 665	OK
1755	   0	86.6	86.6	 668	OK
1756	   0	93.8	93.8	 667	OK
1757	   0	87.8	87.8	 574	OK
1758	4000	86.6	86.6	 772	high noise
1759	   0	82.3	82.3	 645	OK
1760	   0	87.5	87.5	 626	OK
1761	   0	86.0	86.0	 578	OK
1762	   0	85.2	85.2	 618	OK
1763	   0	96.6	96.6	 615	OK
1764	   0	90.6	90.6	 665	OK
1765	   0	84.5	84.5	 563	OK
1766	   0	85.8	85.8	 581	OK
1767	   0	86.3	86.3	 665	OK
1768	   0	85.3	85.3	 640	OK
1769	   0	89.8	89.8	 734	OK
1770	   0	92.1	92.1	 672	OK
1771	1000	83.3	83.3	 538	unbonded
1772	4000	88.1	88.1	 873	high noise
1773	   0	83.4	83.4	 609	OK
1774	   0	86.4	86.4	 640	OK
1775	   0	89.8	89.8	 723	OK
1776	   0	89.3	89.3	 738	OK
1777	   0	86.1	86.1	 663	OK
1778	   0	84.7	84.7	 658	OK
1779	   0	88.6	88.6	 636	OK
1780	   0	88.9	88.9	 607	OK
1781	   0	81.7	81.7	 667	OK
1782	   0	82.6	82.6	 573	OK
1783	   0	83.3	83.3	 724	OK
1784	   0	86.4	86.4	 699	OK
1785	   0	85.1	85.1	 564	OK
1786	1000	86.4	86.4	 438	unbonded
1787	   0	84.4	84.4	 553	OK
1788	   0	85.4	85.4	 650	OK
1789	   0	83.5	83.5	 644	OK
1790	   0	78.5	78.5	 684	OK
1791	   0	90.7	90.7	 700	OK
1792	   0	76.0	76.0	 780	OK
1793	   0	79.3	79.3	 761	OK
1794	   0	76.6	76.6	 770	OK
1795	   0	75.2	75.2	 650	OK
1796	   0	77.7	77.7	 746	OK
1797	   0	76.0	76.0	 822	OK
1798	4000	77.2	77.2	 848	high noise
1799	   0	79.0	79.0	 649	OK
1800	   0	71.9	71.9	 752	OK
1801	4000	77.0	77.0	 853	high noise
1802	   0	77.2	77.2	 601	OK
1803	   0	78.9	78.9	 788	OK
1804	   0	76.3	76.3	 735	OK
1805	   0	74.4	74.4	 723	OK
1806	   0	80.9	80.9	 759	OK
1807	   0	82.1	82.1	 672	OK
1808	   0	78.5	78.5	 749	OK
1809	   0	81.2	81.2	 654	OK
1810	   0	77.5	77.5	 650	OK
1811	   0	73.1	73.1	 668	OK
1812	   0	84.1	84.1	 813	OK
1813	   0	70.2	70.2	 818	OK
1814	   0	80.1	80.1	 651	OK
1815	   0	78.4	78.4	 724	OK
1816	   0	74.5	74.5	 736	OK
1817	   0	73.4	73.4	 837	OK
1818	   0	71.3	71.3	 705	OK
1819	   0	80.3	80.3	 604	OK
1820	   0	78.9	78.9	 683	OK
1821	   0	73.2	73.2	 758	OK
1822	   0	85.1	85.1	 817	OK
1823	   0	78.4	78.4	 690	OK
1824	   0	72.7	72.7	 651	OK
1825	   0	77.5	77.5	 752	OK
1826	   0	81.2	81.2	 677	OK
1827	   0	81.1	81.1	 770	OK
1828	   0	81.7	81.7	 714	OK
1829	   0	77.5	77.5	 792	OK
1830	   0	82.2	82.2	 654	OK
1831	   0	80.1	80.1	 611	OK
1832	4000	78.1	78.1	 904	high noise
1833	1000	78.1	78.1	 513	unbonded
1834	   0	76.1	76.1	 729	OK
1835	   0	79.4	79.4	 620	OK
1836	   0	78.8	78.8	 742	OK
1837	   0	80.4	80.4	 666	OK
1838	   0	76.1	76.1	 645	OK
1839	4000	81.4	81.4	 881	high noise
1840	   0	77.0	77.0	 746	OK
1841	   0	79.0	79.0	 588	OK
1842	4000	75.2	75.2	 854	high noise
1843	   0	75.7	75.7	 718	OK
1844	   0	79.0	79.0	 693	OK
1845	   0	84.9	84.9	 798	OK
1846	   0	77.8	77.8	 586	OK
1847	   0	78.0	78.0	 657	OK
1848	   0	82.6	82.6	 574	OK
1849	   0	82.7	82.7	 747	OK
1850	   0	75.0	75.0	 678	OK
1851	   0	80.9	80.9	 807	OK
1852	   0	84.0	84.0	 661	OK
1853	   0	76.8	76.8	 814	OK
1854	   0	76.0	76.0	 698	OK
1855	   0	76.6	76.6	 702	OK
1856	   0	80.7	80.7	 763	OK
1857	   0	74.2	74.2	 794	OK
1858	   0	76.5	76.5	 821	OK
1859	   0	84.4	84.4	 730	OK
1860	   0	77.5	77.5	 638	OK
1861	   0	80.1	80.1	 807	OK
1862	   0	82.5	82.5	 787	OK
1863	   0	81.5	81.5	 715	OK
1864	   0	79.3	79.3	 804	OK
1865	   0	74.0	74.0	 801	OK
1866	   0	74.5	74.5	 660	OK
1867	   0	78.4	78.4	 789	OK
1868	4000	77.5	77.5	 867	high noise
1869	   0	80.8	80.8	 705	OK
1870	4000	72.4	72.4	 843	high noise
1871	   0	74.4	74.4	 620	OK
1872	   0	71.6	71.6	 611	OK
1873	   0	76.5	76.5	 730	OK
1874	   0	82.2	82.2	 701	OK
1875	   0	76.2	76.2	 776	OK
1876	   0	72.9	72.9	 729	OK
1877	   0	79.8	79.8	 706	OK
1878	   0	78.1	78.1	 713	OK
1879	   0	78.5	78.5	 763	OK
1880	   0	68.9	68.9	 633	OK
1881	   0	80.4	80.4	 548	OK
1882	   0	71.6	71.6	 621	OK
1883	   0	76.7	76.7	 786	OK
1884	   0	77.8	77.8	 739	OK
1885	   0	73.7	73.7	 824	OK
1886	   0	82.0	82.0	 721	OK
1887	   0	72.5	72.5	 650	OK
1888	   0	75.5	75.5	 740	OK
1889	   0	78.2	78.2	 740	OK
1890	   0	70.9	70.9	 636	OK
1891	   0	73.1	73.1	 714	OK
1892	4000	72.3	72.3	 872	high noise
1893	   0	75.0	75.0	 723	OK
1894	   0	75.2	75.2	 766	OK
1895	4000	77.8	77.8	 856	high noise
1896	   0	80.9	80.9	 682	OK
1897	   0	72.4	72.4	 745	OK
1898	   0	77.9	77.9	 709	OK
1899	   0	72.3	72.3	 798	OK
1900	   0	74.5	74.5	 570	OK
1901	   0	77.0	77.0	 670	OK
1902	   0	76.0	76.0	 674	OK
1903	   0	77.9	77.9	 677	OK
1904	   0	79.4	79.4	 723	OK
1905	   0	76.5	76.5	 769	OK
1906	   0	75.8	75.8	 743	OK
1907	   0	79.6	79.6	 808	OK
1908	   0	75.7	75.7	 775	OK
1909	   0	72.4	72.4	 717	OK
1910	4000	74.9	74.9	 857	high noise
1911	   0	76.0	76.0	 635	OK
1912	   0	75.1	75.1	 782	OK
1913	   0	77.8	77.8	 794	OK
1914	   0	73.1	73.1	 736	OK
1915	   0	78.8	78.8	 823	OK
1916	   0	72.6	72.6	 805	OK
1917	   0	74.9	74.9	 828	OK
1918	4000	72.5	72.5	 858	high noise
1919	   0	79.7	79.7	 835	OK
1920	   0	82.6	82.6	 571	OK
1921	   0	84.7	84.7	 649	OK
1922	   0	86.7	86.7	 663	OK
1923	   0	86.3	86.3	 667	OK
1924	   0	80.4	80.4	 667	OK
1925	   0	87.7	87.7	 657	OK
1926	   0	90.7	90.7	 659	OK
1927	   0	79.3	79.3	 672	OK
1928	4000	82.8	82.8	 764	high noise
1929	   0	95.3	95.3	 580	OK
1930	   0	85.0	85.0	 738	OK
1931	   0	88.5	88.5	 694	OK
1932	   0	84.9	84.9	 600	OK
1933	   0	90.8	90.8	 641	OK
1934	   0	88.1	88.1	 716	OK
1935	   0	89.0	89.0	 628	OK
1936	   0	86.3	86.3	 735	OK
1937	   0	86.8	86.8	 661	OK
1938	   0	87.3	87.3	 569	OK
1939	   0	87.8	87.8	 663	OK
1940	   0	87.1	87.1	 716	OK
1941	4000	82.1	82.1	 780	high noise
1942	   0	87.3	87.3	 635	OK
1943	   0	82.5	82.5	 689	OK
1944	   0	85.2	85.2	 553	OK
1945	4000	89.1	89.1	 775	high noise
1946	   0	96.0	96.0	 551	OK
1947	   0	82.9	82.9	 605	OK
1948	1000	86.8	86.8	 538	unbonded
1949	   0	87.4	87.4	 627	OK
1950	   0	94.3	94.3	 672	OK
1951	   0	90.3	90.3	 665	OK
1952	   0	91.9	91.9	 639	OK
1953	   0	85.0	85.0	 596	OK
1954	   0	97.5	97.5	 548	OK
1955	   0	86.3	86.3	 666	OK
1956	   0	86.5	86.5	 632	OK
1957	   0	82.9	82.9	 677	OK
1958	   0	92.7	92.7	 740	OK
1959	   0	89.9	89.9	 617	OK
1960	4000	92.9	92.9	 768	high noise
1961	   0	84.7	84.7	 662	OK
1962	1000	83.4	83.4	 528	unbonded
1963	1000	89.8	89.8	 539	unbonded
1964	   0	86.5	86.5	 587	OK
1965	   0	89.8	89.8	 664	OK
1966	   0	87.7	87.7	 685	OK
1967	   0	87.2	87.2	 625	OK
1968	   0	85.4	85.4	 634	OK
1969	   0	87.4	87.4	 660	OK
1970	4000	89.9	89.9	 760	high noise
1971	   0	91.4	91.4	 604	OK
1972	   0	94.1	94.1	 574	OK
1973	   0	90.3	90.3	 614	OK
1974	   0	88.5	88.5	 734	OK
1975	   0	89.7	89.7	 618	OK
1976	4000	88.5	88.5	 744	high noise
1977	   0	87.0	87.0	 574	OK
1978	   0	92.4	92.4	 593	OK
1979	   0	99.4	99.4	 586	OK
1980	   0	87.7	87.7	 674	OK
1981	   0	90.6	90.6	 717	OK
1982	   0	92.2	92.2	 601	OK
1983	1000	88.3	88.3	 525	unbonded
1984	   0	82.3	82.3	 604	OK
1985	   0	86.0	86.0	 740	OK
1986	4000	88.0	88.0	 801	high noise
1987	   0	89.4	89.4	 576	OK
1988	   0	87.1	87.1	 726	OK
1989	   0	85.5	85.5	 569	OK
1990	   0	100.0	100.0	 683	OK
1991	1000	88.4	88.4	 492	unbonded
1992	   0	89.8	89.8	 595	OK
1993	   0	85.6	85.6	 653	OK
1994	   0	85.7	85.7	 564	OK
1995	   0	94.5	94.5	 656	OK
1996	   0	86.5	86.5	 645	OK
1997	   0	84.0	84.0	 706	OK
1998	4000	93.6	93.6	 751	high noise
1999	   0	90.5	90.5	 548	OK
2000	   0	89.6	89.6	 600	OK
2001	1000	84.4	84.4	 537	unbonded
2002	   0	84.3	84.3	 714	OK
2003	   0	86.5	86.5	 641	OK
2004	   0	85.3	85.3	 727	OK
2005	   0	89.2	89.2	 606	OK
2006	   0	85.5	85.5	 550	OK
2007	4000	91.0	91.0	 759	high noise
2008	   0	93.5	93.5	 674	OK
2009	   0	89.9	89.9	 634	OK
2010	   0	86.4	86.4	 614	OK
2011	1000	85.9	85.9	 464	unbonded
2012	4000	82.9	82.9	 800	high noise
2013	4000	84.8	84.8	 814	high noise
2014	1000	89.9	89.9	 493	unbonded
2015	   0	82.3	82.3	 652	OK
2016	   0	85.7	85.7	 659	OK
2017	   0	88.3	88.3	 616	OK
2018	   0	87.6	87.6	 673	OK
2019	   0	91.8	91.8	 542	OK
2020	   0	83.7	83.7	 618	OK
2021	   0	90.3	90.3	 702	OK
2022	   0	87.7	87.7	 653	OK
2023	   0	87.4	87.4	 547	OK
2024	   0	88.1	88.1	 575	OK
2025	   0	89.5	89.5	 662	OK
2026	   0	85.8	85.8	 620	OK
2027	   0	84.5	84.5	 680	OK
2028	   0	90.0	90.0	 603	OK
2029	   0	82.8	82.8	 588	OK
2030	   0	90.9	90.9	 589	OK
2031	   0	85.5	85.5	 648	OK
2032	   0	85.3	85.3	 664	OK
2033	   0	90.7	90.7	 702	OK
2034	   0	81.9	81.9	 668	OK
2035	   0	85.7	85.7	 650	OK
2036	4000	87.3	87.3	 760	high noise
2037	4000	91.1	91.1	 768	high noise
2038	   0	91.5	91.5	 686	OK
2039	   0	86.6	86.6	 665	OK
2040	   0	89.8	89.8	 720	OK
2041	   0	80.7	80.7	 606	OK
2042	   0	87.4	87.4	 689	OK
2043	   0	85.9	85.9	 558	OK
2044	   0	89.1	89.1	 645	OK
2045	   0	85.5	85.5	 630	OK
2046	8000	83.0	83.0	 541	partbonded
2047	   0	86.1	86.1	 729	OK
2048	   0	89.6	89.6	 684	OK
2049	   0	82.2	82.2	 720	OK
2050	   0	82.0	82.0	 678	OK
2051	4000	86.8	86.8	 838	high noise
2052	1000	83.0	83.0	 454	unbonded
2053	   0	81.6	81.6	 630	OK
2054	   0	85.2	85.2	 583	OK
2055	   0	76.4	76.4	 747	OK
2056	   0	82.9	82.9	 653	OK
2057	   0	83.6	83.6	 585	OK
2058	   0	82.9	82.9	 610	OK
2059	1000	86.1	86.1	 532	unbonded
2060	   0	79.9	79.9	 597	OK
2061	   0	82.3	82.3	 710	OK
2062	   0	81.7	81.7	 552	OK
2063	   0	70.9	70.9	 604	OK
2064	4000	85.3	85.3	 869	high noise
2065	   0	82.3	82.3	 736	OK
2066	   0	80.8	80.8	 707	OK
2067	   0	79.8	79.8	 733	OK
2068	   0	87.3	87.3	 761	OK
2069	   0	83.5	83.5	 753	OK
2070	   0	79.5	79.5	 745	OK
2071	   0	76.7	76.7	 592	OK
2072	   0	82.1	82.1	 638	OK
2073	   0	83.5	83.5	 664	OK
2074	   0	86.8	86.8	 671	OK
2075	   0	75.0	75.0	 683	OK
2076	   0	79.2	79.2	 741	OK
2077	   0	79.1	79.1	 598	OK
2078	   0	82.8	82.8	 717	OK
2079	   0	76.0	76.0	 692	OK
2080	   0	80.5	80.5	 737	OK
2081	   0	82.7	82.7	 617	OK
2082	4000	88.5	88.5	 938	high noise
2083	   0	79.7	79.7	 677	OK
2084	   0	85.3	85.3	 690	OK
2085	   0	84.8	84.8	 683	OK
2086	   0	84.3	84.3	 627	OK
2087	   0	81.0	81.0	 596	OK
2088	   0	79.2	79.2	 567	OK
2089	   0	84.4	84.4	 674	OK
2090	1000	82.1	82.1	 501	unbonded
2091	   0	84.6	84.6	 698	OK
2092	   0	81.2	81.2	 605	OK
2093	   0	83.3	83.3	 758	OK
2094	   0	93.6	93.6	 633	OK
2095	4000	80.9	80.9	 770	high noise
2096	   0	81.6	81.6	 694	OK
2097	   0	82.1	82.1	 662	OK
2098	   0	80.1	80.1	 690	OK
2099	   0	82.8	82.8	 721	OK
2100	   0	80.9	80.9	 683	OK
2101	   0	81.2	81.2	 631	OK
2102	   0	79.7	79.7	 733	OK
2103	   0	80.2	80.2	 678	OK
2104	   0	84.8	84.8	 640	OK
2105	   0	87.9	87.9	 758	OK
2106	   0	83.0	83.0	 692	OK
2107	   0	82.4	82.4	 661	OK
2108	   0	82.2	82.2	 738	OK
2109	1000	83.2	83.2	 535	unbonded
2110	   0	88.3	88.3	 650	OK
2111	   0	85.9	85.9	 575	OK
2112	   0	82.0	82.0	 727	OK
2113	   0	82.1	82.1	 625	OK
2114	1000	88.9	88.9	 429	unbonded
2115	   0	77.7	77.7	 639	OK
2116	   0	91.9	91.9	 741	OK
2117	   0	75.3	75.3	 720	OK
2118	4000	82.8	82.8	 783	high noise
2119	1000	87.6	87.6	 478	unbonded
2120	   0	84.3	84.3	 662	OK
2121	   0	74.8	74.8	 645	OK
2122	   0	87.3	87.3	 637	OK
2123	   0	84.3	84.3	 712	OK
2124	   0	82.8	82.8	 635	OK
2125	   0	80.2	80.2	 762	OK
2126	1000	94.4	94.4	 425	unbonded
2127	4000	78.2	78.2	 825	high noise
2128	   0	89.4	89.4	 674	OK
2129	   0	78.0	78.0	 618	OK
2130	   0	81.3	81.3	 750	OK
2131	   0	84.4	84.4	 636	OK
2132	1000	79.5	79.5	 514	unbonded
2133	   0	80.7	80.7	 544	OK
2134	   0	86.5	86.5	 697	OK
2135	   0	83.4	83.4	 707	OK
2136	   0	84.1	84.1	 723	OK
2137	   0	77.5	77.5	 651	OK
2138	   0	83.3	83.3	 675	OK
2139	   0	78.7	78.7	 706	OK
2140	   0	78.1	78.1	 743	OK
2141	   0	86.3	86.3	 643	OK
2142	   0	87.6	87.6	 707	OK
2143	   0	85.3	85.3	 626	OK
2144	   0	80.7	80.7	 604	OK
2145	   0	83.7	83.7	 719	OK
2146	   0	77.7	77.7	 680	OK
2147	   0	78.9	78.9	 641	OK
2148	   0	86.8	86.8	 688	OK
2149	4000	81.4	81.4	 864	high noise
2150	   0	71.2	71.2	 769	OK
2151	4000	83.2	83.2	 789	high noise
2152	   0	80.9	80.9	 581	OK
2153	   0	80.1	80.1	 763	OK
2154	   0	77.1	77.1	 643	OK
2155	   0	73.7	73.7	 682	OK
2156	   0	76.9	76.9	 700	OK
2157	   0	72.5	72.5	 644	OK
2158	   0	80.4	80.4	 658	OK
2159	   0	80.6	80.6	 597	OK
2160	   0	78.9	78.9	 543	OK
2161	   0	82.9	82.9	 745	OK
2162	   0	75.1	75.1	 758	OK
2163	   0	76.2	76.2	 601	OK
2164	   0	84.0	84.0	 708	OK
2165	1000	85.4	85.4	 538	unbonded
2166	   0	73.5	73.5	 647	OK
2167	   0	83.3	83.3	 647	OK
2168	   0	86.1	86.1	 736	OK
2169	   0	80.2	80.2	 756	OK
2170	   0	85.2	85.2	 675	OK
2171	   0	76.3	76.3	 671	OK
2172	   0	74.0	74.0	 590	OK
2173	   0	82.2	82.2	 598	OK
2174	   0	78.2	78.2	 682	OK
2175	   0	79.7	79.7	 665	OK
2176	   0	82.7	82.7	 725	OK
2177	   0	72.6	72.6	 781	OK
2178	   0	76.7	76.7	 753	OK
2179	   0	78.4	78.4	 731	OK
2180	   0	81.1	81.1	 566	OK
2181	4000	70.8	70.8	 872	high noise
2182	   0	70.1	70.1	 723	OK
2183	   0	80.7	80.7	 618	OK
2184	   0	79.7	79.7	 695	OK
2185	   0	74.6	74.6	 640	OK
2186	   0	77.3	77.3	 680	OK
2187	   0	76.0	76.0	 700	OK
2188	   0	79.8	79.8	 760	OK
2189	   0	72.9	72.9	 677	OK
2190	   0	76.2	76.2	 779	OK
2191	   0	77.2	77.2	 659	OK
2192	   0	81.3	81.3	 661	OK
2193	4000	73.5	73.5	 833	high noise
2194	   0	77.4	77.4	 705	OK
2195	   0	77.4	77.4	 624	OK
2196	   0	72.7	72.7	 804	OK
2197	   0	75.7	75.7	 733	OK
2198	   0	76.9	76.9	 745	OK
2199	   0	78.6	78.6	 804	OK
2200	   0	77.6	77.6	 776	OK
2201	   0	76.2	76.2	 754	OK
2202	   0	72.3	72.3	 769	OK
2203	4000	78.7	78.7	 824	high noise
2204	   0	82.6	82.6	 658	OK
2205	   0	76.7	76.7	 617	OK
2206	   0	74.2	74.2	 759	OK
2207	   0	78.7	78.7	 684	OK
2208	   0	82.5	82.5	 693	OK
2209	   0	78.6	78.6	 756	OK
2210	   0	79.3	79.3	 615	OK
2211	   0	81.5	81.5	 787	OK
2212	4000	68.1	68.1	 815	high noise
2213	   0	73.8	73.8	 561	OK
2214	4000	82.1	82.1	 843	high noise
2215	   0	74.2	74.2	 705	OK
2216	   0	78.9	78.9	 645	OK
2217	   0	66.6	66.6	 547	OK
2218	   0	74.8	74.8	 740	OK
2219	   0	77.7	77.7	 619	OK
2220	   0	73.5	73.5	 558	OK
2221	   0	78.6	78.6	 676	OK
2222	   0	75.1	75.1	 700	OK
2223	   0	82.4	82.4	 672	OK
2224	   0	74.9	74.9	 641	OK
2225	   0	79.3	79.3	 772	OK
2226	   0	76.1	76.1	 695	OK
2227	4000	76.4	76.4	 831	high noise
2228	   0	74.6	74.6	 688	OK
2229	   0	74.6	74.6	 786	OK
2230	   0	73.1	73.1	 670	OK
2231	   0	78.3	78.3	 752	OK
2232	   0	73.4	73.4	 710	OK
2233	   0	81.1	81.1	 628	OK
2234	   0	72.3	72.3	 559	OK
2235	   0	79.5	79.5	 775	OK
2236	   0	72.5	72.5	 615	OK
2237	   0	74.0	74.0	 772	OK
2238	4000	78.1	78.1	 821	high noise
2239	   0	79.7	79.7	 616	OK
2240	   0	79.0	79.0	 616	OK
2241	4000	78.7	78.7	 857	high noise
2242	   0	73.7	73.7	 654	OK
2243	   0	76.5	76.5	 655	OK
2244	   0	77.6	77.6	 713	OK
2245	   0	71.5	71.5	 699	OK
2246	   0	72.5	72.5	 752	OK
2247	1000	77.8	77.8	 525	unbonded
2248	   0	74.7	74.7	 768	OK
2249	4000	79.2	79.2	 857	high noise
2250	   0	74.7	74.7	 732	OK
2251	   0	71.3	71.3	 728	OK
2252	   0	76.8	76.8	 752	OK
2253	   0	69.9	69.9	 582	OK
2254	   0	72.3	72.3	 689	OK
2255	   0	76.6	76.6	 700	OK
2256	   0	77.9	77.9	 697	OK
2257	   0	78.7	78.7	 723	OK
2258	   0	70.5	70.5	 790	OK
2259	   0	75.9	75.9	 720	OK
2260	   0	75.6	75.6	 610	OK
2261	   0	74.8	74.8	 794	OK
2262	   0	76.1	76.1	 681	OK
2263	   0	80.8	80.8	 615	OK
2264	   0	78.8	78.8	 727	OK
2265	   0	74.3	74.3	 794	OK
2266	   0	75.4	75.4	 741	OK
2267	   0	72.7	72.7	 788	OK
2268	   0	70.5	70.5	 792	OK
2269	   0	74.2	74.2	 782	OK
2270	   0	74.2	74.2	 710	OK
2271	   0	74.4	74.4	 624	OK
2272	   0	81.3	81.3	 767	OK
2273	   0	71.7	71.7	 606	OK
2274	   0	72.1	72.1	 736	OK
2275	   0	73.4	73.4	 666	OK
2276	   0	73.6	73.6	 652	OK
2277	   0	76.9	76.9	 722	OK
2278	   0	74.2	74.2	 646	OK
2279	   0	76.1	76.1	 740	OK
2280	   0	68.8	68.8	 589	OK
2281	   0	79.9	79.9	 553	OK
2282	   0	69.9	69.9	 768	OK
2283	   0	70.0	70.0	 722	OK
2284	   0	70.7	70.7	 758	OK
2285	   0	68.8	68.8	 666	OK
2286	   0	71.6	71.6	 814	OK
2287	   0	73.0	73.0	 609	OK
2288	   0	80.0	80.0	 669	OK
2289	   0	76.8	76.8	 552	OK
2290	   0	72.0	72.0	 746	OK
2291	   0	72.5	72.5	 689	OK
2292	   0	75.1	75.1	 729	OK
2293	   0	70.5	70.5	 749	OK
2294	4000	69.2	69.2	 832	high noise
2295	   0	74.1	74.1	 769	OK
2296	   0	81.0	81.0	 582	OK
2297	   0	68.5	68.5	 563	OK
2298	   0	71.2	71.2	 763	OK
2299	   0	67.5	67.5	 609	OK
2300	   0	77.7	77.7	 648	OK
2301	4000	78.3	78.3	 858	high noise
2302	4000	73.8	73.8	 827	high noise
2303	   0	71.8	71.8	 733	OK
2304	   0	96.5	96.5	 571	OK
2305	   0	96.8	96.8	 627	OK
2306	   0	86.2	86.2	 614	OK
2307	   0	89.8	89.8	 737	OK
2308	   0	94.8	94.8	 621	OK
2309	   0	86.6	86.6	 678	OK
2310	   0	85.7	85.7	 574	OK
2311	   0	88.2	88.2	 690	OK
2312	   0	97.2	97.2	 718	OK
2313	4000	91.0	91.0	 782	high noise
2314	   0	85.5	85.5	 614	OK
2315	   0	87.3	87.3	 608	OK
2316	   0	87.5	87.5	 736	OK
2317	   0	90.1	90.1	 649	OK
2318	   0	88.4	88.4	 714	OK
2319	   0	87.2	87.2	 623	OK
2320	   0	93.5	93.5	 644	OK
2321	   0	97.7	97.7	 563	OK
2322	   0	86.3	86.3	 641	OK
2323	   0	87.6	87.6	 613	OK
2324	   0	89.4	89.4	 617	OK
2325	1000	92.6	92.6	 518	unbonded
2326	8000	96.9	96.9	 541	partbonded
2327	   0	94.7	94.7	 587	OK
2328	   0	88.1	88.1	 624	OK
2329	   0	88.6	88.6	 720	OK
2330	   0	90.1	90.1	 629	OK
2331	   0	85.1	85.1	 646	OK
2332	   0	88.9	88.9	 606	OK
2333	   0	92.8	92.8	 660	OK
2334	4000	93.2	93.2	 806	high noise
2335	   0	88.2	88.2	 697	OK
2336	1000	94.5	94.5	 503	unbonded
2337	   0	96.9	96.9	 737	OK
2338	   0	95.4	95.4	 655	OK
2339	   0	93.2	93.2	 727	OK
2340	   0	92.1	92.1	 737	OK
2341	   0	96.5	96.5	 636	OK
2342	   0	85.6	85.6	 634	OK
2343	   0	91.5	91.5	 702	OK
2344	   0	98.0	98.0	 625	OK
2345	   0	85.5	85.5	 650	OK
2346	   0	91.0	91.0	 624	OK
2347	   0	84.7	84.7	 673	OK
2348	   0	90.5	90.5	 748	OK
2349	   0	93.9	93.9	 620	OK
2350	   0	93.0	93.0	 655	OK
2351	   0	83.7	83.7	 689	OK
2352	   0	88.7	88.7	 705	OK
2353	   0	97.7	97.7	 633	OK
2354	   0	94.3	94.3	 608	OK
2355	   0	92.3	92.3	 597	OK
2356	   0	100.8	100.8	 604	OK
2357	4000	100.3	100.3	 757	high noise
2358	   0	95.4	95.4	 584	OK
2359	   0	90.3	90.3	 698	OK
2360	   0	95.2	95.2	 660	OK
2361	   0	85.7	85.7	 621	OK
2362	1000	94.7	94.7	 475	unbonded
2363	   0	102.6	102.6	 600	OK
2364	   0	92.4	92.4	 678	OK
2365	   0	88.0	88.0	 699	OK
2366	4000	82.6	82.6	 790	high noise
2367	   0	88.3	88.3	 636	OK
2368	   0	94.2	94.2	 667	OK
2369	   0	98.4	98.4	 665	OK
2370	   0	88.9	88.9	 627	OK
2371	   0	102.3	102.3	 560	OK
2372	   0	98.0	98.0	 698	OK
2373	   0	91.0	91.0	 638	OK
2374	   0	98.0	98.0	 658	OK
2375	   0	98.5	98.5	 754	OK
2376	   0	85.8	85.8	 709	OK
2377	   0	85.7	85.7	 576	OK
2378	1000	88.8	88.8	 492	unbonded
2379	   0	85.4	85.4	 756	OK
2380	   0	93.4	93.4	 719	OK
2381	1000	90.9	90.9	 499	unbonded
2382	   0	93.1	93.1	 692	OK
2383	   0	94.9	94.9	 713	OK
2384	   0	93.3	93.3	 710	OK
2385	   0	93.6	93.6	 634	OK
2386	   0	94.2	94.2	 612	OK
2387	   0	95.0	95.0	 661	OK
2388	   0	90.1	90.1	 702	OK
2389	   0	93.3	93.3	 744	OK
2390	   0	89.8	89.8	 563	OK
2391	   0	81.9	81.9	 645	OK
2392	   0	85.6	85.6	 628	OK
2393	   0	92.7	92.7	 748	OK
2394	   0	91.1	91.1	 621	OK
2395	   0	87.0	87.0	 709	OK
2396	   0	89.1	89.1	 703	OK
2397	   0	83.5	83.5	 753	OK
2398	   0	94.5	94.5	 557	OK
2399	4000	93.8	93.8	 761	high noise
2400	   0	88.3	88.3	 704	OK
2401	   0	88.1	88.1	 731	OK
2402	   0	91.4	91.4	 628	OK
2403	   0	87.8	87.8	 733	OK
2404	   0	92.4	92.4	 648	OK
2405	   0	90.3	90.3	 657	OK
2406	   0	98.8	98.8	 618	OK
2407	   0	90.7	90.7	 721	OK
2408	   0	92.3	92.3	 580	OK
2409	   0	91.0	91.0	 618	OK
2410	   0	92.7	92.7	 724	OK
2411	   0	91.4	91.4	 731	OK
2412	   0	93.1	93.1	 726	OK
2413	   0	89.3	89.3	 683	OK
2414	   0	86.2	86.2	 631	OK
2415	   0	92.4	92.4	 543	OK
2416	   0	83.5	83.5	 661	OK
2417	   0	87.9	87.9	 690	OK
2418	   0	90.5	90.5	 601	OK
2419	   0	86.9	86.9	 663	OK
2420	   0	92.7	92.7	 614	OK
2421	   0	97.8	97.8	 622	OK
2422	   0	97.3	97.3	 677	OK
2423	   0	89.0	89.0	 629	OK
2424	4000	90.6	90.6	 834	high noise
2425	   0	88.2	88.2	 751	OK
2426	   0	87.2	87.2	 693	OK
2427	   0	85.9	85.9	 701	OK
2428	   0	92.8	92.8	 703	OK
2429	   0	86.0	86.0	 584	OK
2430	   0	87.9	87.9	 597	OK
2431	   0	86.3	86.3	 700	OK
2432	1000	76.8	76.8	 519	unbonded
2433	   0	70.3	70.3	 642	OK
2434	   0	73.7	73.7	 633	OK
2435	   0	77.5	77.5	 656	OK
2436	   0	74.9	74.9	 765	OK
2437	   0	76.4	76.4	 580	OK
2438	   0	71.6	71.6	 716	OK
2439	   0	80.6	80.6	 749	OK
2440	   0	76.4	76.4	 712	OK
2441	1000	69.5	69.5	 527	unbonded
2442	   0	78.2	78.2	 618	OK
2443	   0	79.8	79.8	 612	OK
2444	1000	75.8	75.8	 513	unbonded
2445	   0	75.0	75.0	 685	OK
2446	   0	80.6	80.6	 725	OK
2447	   0	74.2	74.2	 688	OK
2448	   0	81.1	81.1	 668	OK
2449	   0	77.4	77.4	 674	OK
2450	   0	80.2	80.2	 630	OK
2451	   0	68.2	68.2	 701	OK
2452	4000	74.8	74.8	 870	high noise
2453	   0	71.8	71.8	 637	OK
2454	   0	80.4	80.4	 742	OK
2455	   0	78.7	78.7	 609	OK
2456	   0	79.3	79.3	 687	OK
2457	4000	71.9	71.9	 829	high noise
2458	   0	75.9	75.9	 698	OK
2459	   0	75.1	75.1	 646	OK
2460	   0	79.9	79.9	 606	OK
2461	   0	75.5	75.5	 637	OK
2462	   0	79.8	79.8	 661	OK
2463	   0	78.5	78.5	 625	OK
2464	   0	75.6	75.6	 741	OK
2465	   0	79.4	79.4	 713	OK
2466	   0	76.2	76.2	 698	OK
2467	   0	77.9	77.9	 616	OK
2468	   0	81.5	81.5	 634	OK
2469	   0	79.1	79.1	 567	OK
2470	   0	77.8	77.8	 792	OK
2471	   0	75.4	75.4	 661	OK
2472	   0	79.4	79.4	 640	OK
2473	4000	78.0	78.0	 816	high noise
2474	   0	75.6	75.6	 647	OK
2475	   0	82.3	82.3	 656	OK
2476	   0	81.6	81.6	 705	OK
2477	   0	80.0	80.0	 764	OK
2478	   0	76.8	76.8	 714	OK
2479	   0	75.6	75.6	 679	OK
2480	   0	79.9	79.9	 637	OK
2481	   0	74.8	74.8	 645	OK
2482	   0	75.3	75.3	 729	OK
2483	   0	73.0	73.0	 734	OK
2484	   0	73.0	73.0	 575	OK
2485	4000	77.8	77.8	 846	high noise
2486	1000	84.2	84.2	 525	unbonded
2487	   0	82.4	82.4	 772	OK
2488	   0	68.2	68.2	 797	OK
2489	   0	78.7	78.7	 721	OK
2490	   0	78.1	78.1	 739	OK
2491	   0	80.3	80.3	 608	OK
2492	   0	86.0	86.0	 711	OK
2493	   0	77.8	77.8	 723	OK
2494	   0	73.9	73.9	 776	OK
2495	   0	79.8	79.8	 594	OK
2496	   0	81.3	81.3	 621	OK
2497	   0	85.8	85.8	 748	OK
2498	1000	81.0	81.0	 528	unbonded
2499	   0	79.3	79.3	 724	OK
2500	   0	75.6	75.6	 719	OK
2501	   0	75.7	75.7	 665	OK
2502	   0	73.9	73.9	 696	OK
2503	   0	78.8	78.8	 761	OK
2504	   0	75.4	75.4	 714	OK
2505	4000	80.2	80.2	 802	high noise
2506	   0	79.0	79.0	 700	OK
2507	   0	71.3	71.3	 753	OK
2508	   0	70.3	70.3	 667	OK
2509	   0	75.0	75.0	 718	OK
2510	   0	74.3	74.3	 666	OK
2511	   0	78.0	78.0	 662	OK
2512	   0	75.4	75.4	 672	OK
2513	   0	71.9	71.9	 689	OK
2514	   0	78.8	78.8	 685	OK
2515	   0	77.9	77.9	 682	OK
2516	   0	78.4	78.4	 561	OK
2517	   0	76.5	76.5	 772	OK
2518	4000	70.8	70.8	 800	high noise
2519	   0	72.6	72.6	 665	OK
2520	   0	75.8	75.8	 753	OK
2521	   0	80.5	80.5	 650	OK
2522	   0	71.5	71.5	 723	OK
2523	   0	69.4	69.4	 677	OK
2524	4000	73.1	73.1	 862	high noise
2525	   0	75.8	75.8	 608	OK
2526	4000	76.5	76.5	 853	high noise
2527	   0	73.7	73.7	 654	OK
2528	4000	70.6	70.6	 809	high noise
2529	   0	78.3	78.3	 794	OK
2530	   0	79.5	79.5	 627	OK
2531	   0	72.8	72.8	 588	OK
2532	   0	71.3	71.3	 650	OK
2533	4000	82.0	82.0	 837	high noise
2534	   0	72.6	72.6	 682	OK
2535	   0	68.9	68.9	 642	OK
2536	   0	80.8	80.8	 680	OK
2537	   0	72.4	72.4	 675	OK
2538	   0	70.6	70.6	 762	OK
2539	   0	65.9	65.9	 582	OK
2540	   0	75.0	75.0	 700	OK
2541	   0	73.1	73.1	 721	OK
2542	   0	68.9	68.9	 684	OK
2543	4000	74.4	74.4	 842	high noise
2544	   0	73.2	73.2	 764	OK
2545	4000	75.6	75.6	 810	high noise
2546	   0	75.5	75.5	 681	OK
2547	   0	82.2	82.2	 717	OK
2548	   0	76.0	76.0	 683	OK
2549	4000	75.2	75.2	 829	high noise
2550	   0	71.8	71.8	 739	OK
2551	   0	77.2	77.2	 665	OK
2552	   0	69.2	69.2	 735	OK
2553	   0	69.9	69.9	 701	OK
2554	   0	74.3	74.3	 609	OK
2555	   0	72.8	72.8	 686	OK
2556	4000	71.6	71.6	 872	high noise
2557	4000	75.8	75.8	 883	high noise
2558	   0	76.4	76.4	 651	OK
2559	   0	75.2	75.2	 713	OK
