#chan	code	gain	offset	innse	comment
   0	   0	88.8	88.8	 767	OK
   1	   0	82.6	82.6	 559	OK
   2	   0	79.4	79.4	 686	OK
   3	   0	82.2	82.2	 543	OK
   4	1000	80.5	80.5	 489	unbonded
   5	   0	72.9	72.9	 608	OK
   6	   0	87.4	87.4	 567	OK
   7	   0	81.7	81.7	 634	OK
   8	1000	86.3	86.3	 526	unbonded
   9	   0	83.3	83.3	 597	OK
  10	   0	78.8	78.8	 596	OK
  11	1000	77.1	77.1	 529	unbonded
  12	   0	70.9	70.9	 711	OK
  13	   0	82.5	82.5	 652	OK
  14	   0	86.1	86.1	 696	OK
  15	4000	79.6	79.6	 780	high noise
  16	1000	84.4	84.4	 475	unbonded
  17	   0	80.5	80.5	 552	OK
  18	   0	75.9	75.9	 728	OK
  19	   0	79.9	79.9	 628	OK
  20	   0	77.6	77.6	 761	OK
  21	4000	80.8	80.8	 807	high noise
  22	   0	77.7	77.7	 649	OK
  23	   0	81.6	81.6	 757	OK
  24	   0	79.3	79.3	 634	OK
  25	   0	75.1	75.1	 651	OK
  26	   0	77.6	77.6	 660	OK
  27	   0	80.3	80.3	 722	OK
  28	   0	81.2	81.2	 657	OK
  29	   0	84.8	84.8	 598	OK
  30	   0	84.0	84.0	 592	OK
  31	   0	79.0	79.0	 724	OK
  32	1000	84.7	84.7	 508	unbonded
  33	   0	77.3	77.3	 737	OK
  34	   0	83.2	83.2	 718	OK
  35	   0	84.9	84.9	 665	OK
  36	   0	71.1	71.1	 615	OK
  37	4000	82.9	82.9	 783	high noise
  38	   0	81.2	81.2	 716	OK
  39	   0	82.6	82.6	 682	OK
  40	   0	78.6	78.6	 704	OK
  41	   0	83.8	83.8	 766	OK
  42	   0	78.5	78.5	 715	OK
  43	   0	89.7	89.7	 575	OK
  44	   0	86.3	86.3	 646	OK
  45	   0	78.2	78.2	 693	OK
  46	   0	77.0	77.0	 681	OK
  47	4000	79.5	79.5	 780	high noise
  48	   0	78.4	78.4	 743	OK
  49	   0	73.0	73.0	 694	OK
  50	   0	78.8	78.8	 595	OK
  51	   0	78.7	78.7	 577	OK
  52	   0	79.5	79.5	 761	OK
  53	   0	81.5	81.5	 684	OK
  54	   0	82.4	82.4	 712	OK
  55	   0	87.7	87.7	 699	OK
  56	   0	82.3	82.3	 607	OK
  57	   0	76.0	76.0	 633	OK
  58	4000	79.7	79.7	 784	high noise
  59	4000	76.3	76.3	 799	high noise
  60	   0	82.6	82.6	 616	OK
  61	   0	83.5	83.5	 756	OK
  62	   0	92.1	92.1	 731	OK
  63	   0	84.9	84.9	 657	OK
  64	4000	85.9	85.9	 788	high noise
  65	   0	81.0	81.0	 673	OK
  66	   0	82.9	82.9	 651	OK
  67	   0	83.9	83.9	 694	OK
  68	   0	88.1	88.1	 584	OK
  69	   0	81.4	81.4	 542	OK
  70	   0	79.2	79.2	 745	OK
  71	   0	82.0	82.0	 684	OK
  72	   0	87.1	87.1	 763	OK
  73	4000	76.4	76.4	 814	high noise
  74	   0	86.7	86.7	 694	OK
  75	   0	82.1	82.1	 760	OK
  76	4000	81.4	81.4	 793	high noise
  77	   0	81.8	81.8	 614	OK
  78	   0	81.6	81.6	 768	OK
  79	   0	85.5	85.5	 610	OK
  80	   0	75.1	75.1	 741	OK
  81	   0	72.1	72.1	 750	OK
  82	   0	84.6	84.6	 570	OK
  83	   0	77.0	77.0	 703	OK
  84	   0	75.3	75.3	 749	OK
  85	   0	82.5	82.5	 546	OK
  86	   0	78.9	78.9	 659	OK
  87	   0	75.2	75.2	 658	OK
  88	   0	82.7	82.7	 712	OK
  89	   0	78.9	78.9	 734	OK
  90	   0	83.7	83.7	 698	OK
  91	   0	84.7	84.7	 685	OK
  92	1000	86.1	86.1	 485	unbonded
  93	   0	77.5	77.5	 610	OK
  94	   0	80.9	80.9	 662	OK
  95	   0	79.6	79.6	 741	OK
  96	1000	81.9	81.9	 539	unbonded
  97	   0	81.1	81.1	 698	OK
  98	4000	79.8	79.8	 858	high noise
  99	4000	75.2	75.2	 772	high noise
 100	   0	80.7	80.7	 720	OK
 101	   0	78.5	78.5	 691	OK
 102	   0	81.8	81.8	 556	OK
 103	   0	82.6	82.6	 727	OK
 104	   0	82.7	82.7	 605	OK
 105	   0	80.6	80.6	 717	OK
 106	   0	81.3	81.3	 614	OK
 107	   0	81.1	81.1	 718	OK
 108	   0	82.9	82.9	 741	OK
 109	   0	86.9	86.9	 597	OK
 110	   0	79.0	79.0	 604	OK
 111	   0	79.3	79.3	 663	OK
 112	   0	85.5	85.5	 646	OK
 113	   0	75.2	75.2	 659	OK
 114	4000	84.1	84.1	 791	high noise
 115	   0	82.3	82.3	 602	OK
 116	   0	73.9	73.9	 596	OK
 117	4000	72.7	72.7	 823	high noise
 118	   0	83.9	83.9	 598	OK
 119	   0	80.6	80.6	 696	OK
 120	   0	77.5	77.5	 736	OK
 121	   0	82.7	82.7	 618	OK
 122	   0	75.9	75.9	 721	OK
 123	   0	81.2	81.2	 541	OK
 124	1000	85.7	85.7	 490	unbonded
 125	   0	80.6	80.6	 568	OK
 126	   0	78.3	78.3	 566	OK
 127	   0	76.1	76.1	 656	OK
 128	1000	89.2	89.2	 524	unbonded
 129	1000	92.7	92.7	 488	unbonded
 130	   0	85.1	85.1	 603	OK
 131	4000	89.4	89.4	 765	high noise
 132	   0	91.9	91.9	 545	OK
 133	1000	87.8	87.8	 462	unbonded
 134	1000	91.2	91.2	 419	unbonded
 135	   0	82.4	82.4	 625	OK
 136	   0	86.5	86.5	 602	OK
 137	   0	99.7	99.7	 607	OK
 138	   0	86.9	86.9	 562	OK
 139	4000	86.6	86.6	 705	high noise
 140	   0	90.3	90.3	 555	OK
 141	   0	93.1	93.1	 544	OK
 142	   0	92.6	92.6	 555	OK
 143	1000	94.6	94.6	 429	unbonded
 144	   0	90.6	90.6	 616	OK
 145	   0	94.4	94.4	 605	OK
 146	   0	102.4	102.4	 614	OK
 147	1000	87.1	87.1	 459	unbonded
 148	   0	91.2	91.2	 607	OK
 149	4000	96.1	96.1	 710	high noise
 150	   0	93.5	93.5	 563	OK
 151	   0	82.8	82.8	 595	OK
 152	   0	86.6	86.6	 640	OK
 153	4000	85.6	85.6	 677	high noise
 154	4000	86.8	86.8	 683	high noise
 155	4000	88.3	88.3	 679	high noise
 156	1000	91.1	91.1	 533	unbonded
 157	   0	84.4	84.4	 579	OK
 158	   0	90.9	90.9	 670	OK
 159	   0	83.6	83.6	 606	OK
 160	   0	98.5	98.5	 542	OK
 161	   0	90.0	90.0	 556	OK
 162	   0	90.5	90.5	 671	OK
 163	4000	90.8	90.8	 687	high noise
 164	4000	96.3	96.3	 731	high noise
 165	1000	90.4	90.4	 465	unbonded
 166	   0	99.7	99.7	 637	OK
 167	1000	83.6	83.6	 524	unbonded
 168	   0	86.1	86.1	 653	OK
 169	   0	78.7	78.7	 663	OK
 170	   0	94.6	94.6	 548	OK
 171	   0	83.7	83.7	 655	OK
 172	   0	93.1	93.1	 642	OK
 173	   0	90.1	90.1	 612	OK
 174	1000	84.2	84.2	 451	unbonded
 175	   0	97.6	97.6	 589	OK
 176	1000	100.7	100.7	 539	unbonded
 177	   0	95.3	95.3	 611	OK
 178	   0	92.4	92.4	 628	OK
 179	   0	82.4	82.4	 614	OK
 180	1000	92.4	92.4	 530	unbonded
 181	   0	95.9	95.9	 585	OK
 182	   0	86.2	86.2	 544	OK
 183	   0	93.0	93.0	 558	OK
 184	   0	99.6	99.6	 655	OK
 185	   0	90.9	90.9	 575	OK
 186	   0	90.3	90.3	 625	OK
 187	1000	89.9	89.9	 525	unbonded
 188	   0	88.6	88.6	 659	OK
 189	   0	92.7	92.7	 601	OK
 190	1000	98.4	98.4	 452	unbonded
 191	1000	95.7	95.7	 519	unbonded
 192	1000	95.8	95.8	 503	unbonded
 193	   0	98.2	98.2	 574	OK
 194	   0	90.1	90.1	 549	OK
 195	   0	90.6	90.6	 613	OK
 196	1000	89.9	89.9	 435	unbonded
 197	   0	82.8	82.8	 552	OK
 198	   0	81.7	81.7	 579	OK
 199	1000	94.7	94.7	 451	unbonded
 200	4000	84.0	84.0	 698	high noise
 201	   0	78.2	78.2	 616	OK
 202	   0	96.9	96.9	 641	OK
 203	1000	90.9	90.9	 503	unbonded
 204	1000	86.3	86.3	 518	unbonded
 205	4000	96.2	96.2	 698	high noise
 206	   0	84.8	84.8	 610	OK
 207	   0	88.5	88.5	 603	OK
 208	4000	86.1	86.1	 730	high noise
 209	1000	85.8	85.8	 527	unbonded
 210	4000	85.6	85.6	 698	high noise
 211	   0	85.2	85.2	 564	OK
 212	1000	86.5	86.5	 508	unbonded
 213	   0	87.0	87.0	 655	OK
 214	4000	84.6	84.6	 693	high noise
 215	   0	92.9	92.9	 638	OK
 216	   0	88.5	88.5	 589	OK
 217	   0	83.2	83.2	 560	OK
 218	1000	79.5	79.5	 493	unbonded
 219	   0	83.4	83.4	 633	OK
 220	4000	85.0	85.0	 705	high noise
 221	1000	84.0	84.0	 420	unbonded
 222	1000	90.9	90.9	 471	unbonded
 223	   0	83.8	83.8	 569	OK
 224	1000	80.2	80.2	 498	unbonded
 225	   0	84.1	84.1	 663	OK
 226	1000	90.3	90.3	 442	unbonded
 227	   0	91.4	91.4	 542	OK
 228	   0	96.7	96.7	 592	OK
 229	1000	96.2	96.2	 367	unbonded
 230	   0	91.0	91.0	 647	OK
 231	1000	93.2	93.2	 496	unbonded
 232	   0	97.3	97.3	 582	OK
 233	   0	84.9	84.9	 633	OK
 234	1000	79.6	79.6	 510	unbonded
 235	   0	87.1	87.1	 653	OK
 236	   0	89.0	89.0	 641	OK
 237	4000	87.6	87.6	 736	high noise
 238	4000	91.2	91.2	 674	high noise
 239	4000	86.1	86.1	 701	high noise
 240	1000	93.0	93.0	 527	unbonded
 241	   0	81.0	81.0	 620	OK
 242	   0	97.7	97.7	 568	OK
 243	   0	86.6	86.6	 635	OK
 244	   0	94.5	94.5	 572	OK
 245	1000	76.8	76.8	 476	unbonded
 246	1000	84.8	84.8	 511	unbonded
 247	   0	90.7	90.7	 581	OK
 248	   0	92.8	92.8	 644	OK
 249	   0	89.0	89.0	 590	OK
 250	   0	86.7	86.7	 580	OK
 251	   0	90.4	90.4	 604	OK
 252	4000	86.2	86.2	 681	high noise
 253	   0	87.0	87.0	 613	OK
 254	   0	85.4	85.4	 652	OK
 255	1000	90.4	90.4	 500	unbonded
 256	   0	72.9	72.9	 711	OK
 257	   0	81.4	81.4	 615	OK
 258	   0	89.4	89.4	 588	OK
 259	   0	80.9	80.9	 637	OK
 260	1000	81.5	81.5	 477	unbonded
 261	   0	76.3	76.3	 737	OK
 262	   0	85.9	85.9	 702	OK
 263	   0	80.7	80.7	 638	OK
 264	   0	86.3	86.3	 668	OK
 265	1000	79.2	79.2	 540	unbonded
 266	1000	84.3	84.3	 522	unbonded
 267	   0	78.9	78.9	 570	OK
 268	   0	89.0	89.0	 650	OK
 269	   0	85.4	85.4	 590	OK
 270	1000	86.3	86.3	 488	unbonded
 271	   0	85.0	85.0	 723	OK
 272	4000	89.7	89.7	 797	high noise
 273	4000	75.9	75.9	 745	high noise
 274	   0	83.6	83.6	 572	OK
 275	   0	73.4	73.4	 699	OK
 276	   0	77.5	77.5	 678	OK
 277	1000	77.4	77.4	 323	unbonded
 278	4000	83.5	83.5	 829	high noise
 279	   0	83.0	83.0	 632	OK
 280	   0	86.5	86.5	 568	OK
 281	   0	80.4	80.4	 729	OK
 282	   0	82.2	82.2	 658	OK
 283	1000	77.1	77.1	 373	unbonded
 284	   0	83.0	83.0	 552	OK
 285	   0	78.0	78.0	 710	OK
 286	   0	81.5	81.5	 591	OK
 287	   0	79.0	79.0	 684	OK
 288	   0	82.0	82.0	 708	OK
 289	4000	81.0	81.0	 754	high noise
 290	   0	86.8	86.8	 600	OK
 291	   0	85.1	85.1	 594	OK
 292	   0	82.4	82.4	 622	OK
 293	1000	79.6	79.6	 382	unbonded
 294	   0	77.8	77.8	 598	OK
 295	   0	84.6	84.6	 651	OK
 296	   0	82.2	82.2	 730	OK
 297	4000	86.6	86.6	 771	high noise
 298	   0	89.3	89.3	 621	OK
 299	   0	90.9	90.9	 736	OK
 300	   0	80.6	80.6	 733	OK
 301	   0	89.2	89.2	 576	OK
 302	   0	84.8	84.8	 682	OK
 303	   0	76.7	76.7	 684	OK
 304	   0	82.1	82.1	 717	OK
 305	   0	89.2	89.2	 600	OK
 306	   0	82.2	82.2	 641	OK
 307	   0	83.7	83.7	 588	OK
 308	   0	84.1	84.1	 671	OK
 309	   0	84.0	84.0	 566	OK
 310	4000	91.5	91.5	 760	high noise
 311	   0	89.2	89.2	 672	OK
 312	4000	84.9	84.9	 793	high noise
 313	4000	80.3	80.3	 751	high noise
 314	   0	84.1	84.1	 596	OK
 315	   0	88.9	88.9	 611	OK
 316	   0	89.3	89.3	 583	OK
 317	1000	86.6	86.6	 484	unbonded
 318	   0	78.8	78.8	 623	OK
 319	   0	87.2	87.2	 647	OK
 320	   0	85.1	85.1	 720	OK
 321	   0	83.1	83.1	 675	OK
 322	4000	87.8	87.8	 778	high noise
 323	1000	84.5	84.5	 530	unbonded
 324	   0	85.6	85.6	 739	OK
 325	4000	80.8	80.8	 781	high noise
 326	   0	78.2	78.2	 671	OK
 327	1000	87.1	87.1	 536	unbonded
 328	4000	78.9	78.9	 774	high noise
 329	   0	91.6	91.6	 603	OK
 330	   0	88.0	88.0	 574	OK
 331	   0	76.4	76.4	 651	OK
 332	   0	77.5	77.5	 567	OK
 333	   0	83.8	83.8	 543	OK
 334	   0	84.3	84.3	 725	OK
 335	   0	82.3	82.3	 670	OK
 336	4000	77.8	77.8	 793	high noise
 337	   0	74.1	74.1	 617	OK
 338	   0	81.0	81.0	 717	OK
 339	   0	80.1	80.1	 682	OK
 340	   0	80.7	80.7	 699	OK
 341	   0	77.1	77.1	 658	OK
 342	   0	81.2	81.2	 612	OK
 343	1000	81.3	81.3	 503	unbonded
 344	   0	83.8	83.8	 637	OK
 345	   0	88.5	88.5	 640	OK
 346	   0	79.8	79.8	 551	OK
 347	   0	77.2	77.2	 731	OK
 348	   0	87.2	87.2	 698	OK
 349	   0	82.2	82.2	 691	OK
 350	   0	81.3	81.3	 710	OK
 351	   0	81.3	81.3	 725	OK
 352	   0	78.4	78.4	 601	OK
 353	   0	81.4	81.4	 659	OK
 354	   0	81.7	81.7	 711	OK
 355	   0	83.6	83.6	 619	OK
 356	   0	73.3	73.3	 681	OK
 357	   0	73.3	73.3	 680	OK
 358	   0	76.2	76.2	 597	OK
 359	   0	79.1	79.1	 680	OK
 360	1000	87.0	87.0	 531	unbonded
 361	   0	81.1	81.1	 696	OK
 362	   0	83.2	83.2	 613	OK
 363	4000	84.6	84.6	 853	high noise
 364	   0	87.4	87.4	 565	OK
 365	   0	74.7	74.7	 725	OK
 366	   0	81.8	81.8	 716	OK
 367	   0	81.1	81.1	 552	OK
 368	   0	80.8	80.8	 682	OK
 369	   0	86.6	86.6	 591	OK
 370	   0	79.4	79.4	 594	OK
 371	   0	82.7	82.7	 598	OK
 372	   0	74.8	74.8	 708	OK
 373	   0	80.7	80.7	 564	OK
 374	   0	83.7	83.7	 677	OK
 375	4000	75.4	75.4	 751	high noise
 376	   0	76.5	76.5	 666	OK
 377	   0	79.6	79.6	 674	OK
 378	   0	81.5	81.5	 702	OK
 379	   0	81.2	81.2	 570	OK
 380	4000	82.1	82.1	 801	high noise
 381	   0	72.9	72.9	 614	OK
 382	   0	79.6	79.6	 632	OK
 383	   0	74.1	74.1	 603	OK
 384	   0	86.5	86.5	 588	OK
 385	1000	90.1	90.1	 507	unbonded
 386	   0	97.0	97.0	 645	OK
 387	4000	94.5	94.5	 699	high noise
 388	   0	94.1	94.1	 580	OK
 389	1000	93.5	93.5	 443	unbonded
 390	1000	98.7	98.7	 495	unbonded
 391	   0	87.7	87.7	 598	OK
 392	   0	92.6	92.6	 635	OK
 393	1000	95.5	95.5	 491	unbonded
 394	   0	94.8	94.8	 648	OK
 395	   0	96.3	96.3	 635	OK
 396	   0	80.6	80.6	 639	OK
 397	   0	92.9	92.9	 605	OK
 398	   0	92.7	92.7	 632	OK
 399	   0	89.4	89.4	 595	OK
 400	1000	92.3	92.3	 510	unbonded
 401	4000	93.9	93.9	 708	high noise
 402	1000	93.2	93.2	 488	unbonded
 403	   0	87.5	87.5	 611	OK
 404	   0	94.4	94.4	 645	OK
 405	   0	91.7	91.7	 654	OK
 406	   0	91.4	91.4	 551	OK
 407	   0	97.3	97.3	 550	OK
 408	8000	94.8	94.8	 540	partbonded
 409	1000	89.9	89.9	 535	unbonded
 410	4000	93.9	93.9	 667	high noise
 411	   0	86.3	86.3	 554	OK
 412	   0	101.2	101.2	 561	OK
 413	4000	93.6	93.6	 666	high noise
 414	   0	96.8	96.8	 553	OK
 415	   0	89.0	89.0	 645	OK
 416	1000	94.8	94.8	 522	unbonded
 417	1000	92.3	92.3	 510	unbonded
 418	   0	97.3	97.3	 553	OK
 419	1000	86.9	86.9	 524	unbonded
 420	1000	98.4	98.4	 523	unbonded
 421	   0	87.7	87.7	 574	OK
 422	   0	96.0	96.0	 616	OK
 423	   0	89.2	89.2	 632	OK
 424	4000	92.5	92.5	 677	high noise
 425	   0	85.3	85.3	 562	OK
 426	4000	91.1	91.1	 662	high noise
 427	   0	99.4	99.4	 606	OK
 428	   0	92.1	92.1	 599	OK
 429	   0	84.2	84.2	 616	OK
 430	   0	89.0	89.0	 629	OK
 431	   0	91.1	91.1	 563	OK
 432	1000	87.6	87.6	 528	unbonded
 433	1000	87.3	87.3	 538	unbonded
 434	   0	97.2	97.2	 573	OK
 435	1000	90.3	90.3	 519	unbonded
 436	1000	92.6	92.6	 479	unbonded
 437	   0	98.5	98.5	 599	OK
 438	1000	96.9	96.9	 510	unbonded
 439	   0	98.0	98.0	 609	OK
 440	1000	95.8	95.8	 538	unbonded
 441	   0	93.8	93.8	 554	OK
 442	   0	84.0	84.0	 602	OK
 443	4000	101.0	101.0	 722	high noise
 444	   0	95.6	95.6	 619	OK
 445	1000	90.8	90.8	 522	unbonded
 446	   0	93.7	93.7	 609	OK
 447	1000	92.1	92.1	 526	unbonded
 448	   0	93.6	93.6	 571	OK
 449	4000	90.4	90.4	 668	high noise
 450	4000	89.8	89.8	 682	high noise
 451	   0	100.0	100.0	 567	OK
 452	4000	97.1	97.1	 682	high noise
 453	1000	94.9	94.9	 529	unbonded
 454	   0	93.0	93.0	 567	OK
 455	1000	88.8	88.8	 430	unbonded
 456	   0	96.4	96.4	 573	OK
 457	   0	94.0	94.0	 599	OK
 458	   0	86.7	86.7	 600	OK
 459	   0	89.4	89.4	 606	OK
 460	   0	87.8	87.8	 568	OK
 461	   0	90.6	90.6	 616	OK
 462	1000	92.1	92.1	 394	unbonded
 463	   0	94.3	94.3	 600	OK
 464	1000	91.8	91.8	 471	unbonded
 465	   0	87.1	87.1	 653	OK
 466	   0	88.6	88.6	 624	OK
 467	1000	84.9	84.9	 539	unbonded
 468	   0	93.5	93.5	 631	OK
 469	   0	91.8	91.8	 559	OK
 470	   0	90.8	90.8	 588	OK
 471	   0	89.4	89.4	 627	OK
 472	   0	90.4	90.4	 603	OK
 473	1000	96.7	96.7	 509	unbonded
 474	   0	86.9	86.9	 590	OK
 475	   0	87.6	87.6	 560	OK
 476	   0	88.8	88.8	 581	OK
 477	1000	94.9	94.9	 421	unbonded
 478	1000	90.2	90.2	 536	unbonded
 479	   0	88.5	88.5	 637	OK
 480	1000	98.0	98.0	 525	unbonded
 481	4000	91.6	91.6	 668	high noise
 482	1000	97.9	97.9	 487	unbonded
 483	1000	95.0	95.0	 476	unbonded
 484	4000	87.6	87.6	 660	high noise
 485	   0	91.3	91.3	 629	OK
 486	1000	95.8	95.8	 434	unbonded
 487	   0	88.3	88.3	 595	OK
 488	   0	84.0	84.0	 658	OK
 489	1000	85.7	85.7	 508	unbonded
 490	1000	93.6	93.6	 488	unbonded
 491	   0	84.2	84.2	 618	OK
 492	4000	82.2	82.2	 673	high noise
 493	   0	92.2	92.2	 553	OK
 494	1000	84.7	84.7	 514	unbonded
 495	1000	96.3	96.3	 508	unbonded
 496	1000	84.3	84.3	 453	unbonded
 497	1000	94.9	94.9	 523	unbonded
 498	   0	91.1	91.1	 651	OK
 499	1000	93.3	93.3	 509	unbonded
 500	4000	80.0	80.0	 682	high noise
 501	4000	93.0	93.0	 677	high noise
 502	1000	81.6	81.6	 422	unbonded
 503	   0	84.0	84.0	 626	OK
 504	1000	92.9	92.9	 507	unbonded
 505	   0	96.7	96.7	 603	OK
 506	   0	91.1	91.1	 568	OK
 507	   0	95.6	95.6	 543	OK
 508	1000	81.7	81.7	 482	unbonded
 509	1000	96.2	96.2	 421	unbonded
 510	1000	93.3	93.3	 523	unbonded
 511	   0	86.5	86.5	 612	OK
 512	   0	93.1	93.1	 615	OK
 513	   0	89.7	89.7	 562	OK
 514	1000	90.3	90.3	 435	unbonded
 515	   0	84.4	84.4	 631	OK
 516	   0	88.3	88.3	 584	OK
 517	   0	88.2	88.2	 709	OK
 518	   0	92.5	92.5	 633	OK
 519	   0	99.8	99.8	 641	OK
 520	   0	87.4	87.4	 670	OK
 521	1000	95.4	95.4	 518	unbonded
 522	   0	83.3	83.3	 695	OK
 523	   0	85.1	85.1	 584	OK
 524	   0	91.8	91.8	 625	OK
 525	   0	94.7	94.7	 707	OK
 526	   0	89.9	89.9	 584	OK
 527	   0	92.3	92.3	 625	OK
 528	   0	90.3	90.3	 600	OK
 529	   0	85.5	85.5	 628	OK
 530	   0	87.7	87.7	 588	OK
 531	   0	89.2	89.2	 559	OK
 532	   0	86.8	86.8	 623	OK
 533	1000	89.7	89.7	 480	unbonded
 534	   0	85.0	85.0	 650	OK
 535	4000	92.7	92.7	 775	high noise
 536	   0	88.0	88.0	 634	OK
 537	   0	81.9	81.9	 605	OK
 538	4000	88.4	88.4	 785	high noise
 539	1000	84.9	84.9	 447	unbonded
 540	   0	93.5	93.5	 628	OK
 541	   0	94.6	94.6	 660	OK
 542	   0	85.2	85.2	 655	OK
 543	   0	87.1	87.1	 708	OK
 544	   0	84.0	84.0	 564	OK
 545	   0	90.1	90.1	 685	OK
 546	1000	93.9	93.9	 512	unbonded
 547	1000	91.5	91.5	 513	unbonded
 548	   0	89.6	89.6	 646	OK
 549	4000	95.1	95.1	 721	high noise
 550	   0	92.7	92.7	 660	OK
 551	   0	83.5	83.5	 644	OK
 552	   0	95.9	95.9	 687	OK
 553	   0	88.1	88.1	 588	OK
 554	   0	99.2	99.2	 714	OK
 555	   0	90.4	90.4	 643	OK
 556	   0	90.5	90.5	 591	OK
 557	1000	96.5	96.5	 440	unbonded
 558	   0	91.4	91.4	 618	OK
 559	   0	95.4	95.4	 593	OK
 560	   0	93.2	93.2	 702	OK
 561	4000	91.2	91.2	 758	high noise
 562	   0	93.9	93.9	 628	OK
 563	   0	90.2	90.2	 639	OK
 564	   0	87.7	87.7	 565	OK
 565	   0	98.4	98.4	 617	OK
 566	   0	86.7	86.7	 585	OK
 567	1000	92.4	92.4	 523	unbonded
 568	   0	86.7	86.7	 580	OK
 569	   0	85.1	85.1	 652	OK
 570	   0	81.9	81.9	 655	OK
 571	   0	93.0	93.0	 646	OK
 572	   0	89.6	89.6	 584	OK
 573	   0	82.2	82.2	 619	OK
 574	   0	97.4	97.4	 573	OK
 575	   0	85.1	85.1	 557	OK
 576	4000	90.9	90.9	 773	high noise
 577	   0	86.9	86.9	 590	OK
 578	   0	90.8	90.8	 587	OK
 579	   0	91.5	91.5	 545	OK
 580	   0	93.6	93.6	 598	OK
 581	   0	89.7	89.7	 643	OK
 582	   0	84.3	84.3	 630	OK
 583	   0	87.3	87.3	 635	OK
 584	   0	90.3	90.3	 597	OK
 585	   0	85.5	85.5	 712	OK
 586	   0	82.8	82.8	 671	OK
 587	   0	90.3	90.3	 717	OK
 588	   0	92.1	92.1	 621	OK
 589	   0	84.7	84.7	 586	OK
 590	4000	88.4	88.4	 738	high noise
 591	   0	87.0	87.0	 670	OK
 592	   0	86.2	86.2	 626	OK
 593	   0	84.9	84.9	 664	OK
 594	   0	96.5	96.5	 689	OK
 595	   0	87.4	87.4	 710	OK
 596	   0	87.6	87.6	 593	OK
 597	   0	87.4	87.4	 606	OK
 598	4000	84.9	84.9	 741	high noise
 599	4000	84.4	84.4	 797	high noise
 600	   0	95.1	95.1	 651	OK
 601	   0	80.1	80.1	 615	OK
 602	1000	87.1	87.1	 492	unbonded
 603	1000	92.9	92.9	 435	unbonded
 604	1000	86.8	86.8	 524	unbonded
 605	   0	91.5	91.5	 692	OK
 606	   0	83.6	83.6	 613	OK
 607	   0	95.9	95.9	 621	OK
 608	   0	87.3	87.3	 652	OK
 609	1000	94.7	94.7	 507	unbonded
 610	   0	88.8	88.8	 710	OK
 611	   0	82.0	82.0	 608	OK
 612	   0	88.3	88.3	 615	OK
 613	   0	83.0	83.0	 701	OK
 614	4000	90.5	90.5	 725	high noise
 615	   0	83.6	83.6	 548	OK
 616	   0	85.3	85.3	 626	OK
 617	   0	86.0	86.0	 590	OK
 618	   0	92.9	92.9	 616	OK
 619	   0	86.7	86.7	 585	OK
 620	4000	88.0	88.0	 770	high noise
 621	   0	83.7	83.7	 555	OK
 622	   0	88.2	88.2	 656	OK
 623	   0	84.9	84.9	 631	OK
 624	   0	90.3	90.3	 653	OK
 625	   0	88.8	88.8	 673	OK
 626	   0	83.2	83.2	 669	OK
 627	   0	94.0	94.0	 562	OK
 628	   0	95.8	95.8	 661	OK
 629	   0	88.9	88.9	 605	OK
 630	   0	82.5	82.5	 582	OK
 631	   0	86.4	86.4	 633	OK
 632	   0	81.3	81.3	 544	OK
 633	1000	97.3	97.3	 498	unbonded
 634	   0	89.3	89.3	 651	OK
 635	   0	85.2	85.2	 576	OK
 636	   0	85.8	85.8	 627	OK
 637	   0	93.2	93.2	 591	OK
 638	4000	84.1	84.1	 729	high noise
 639	   0	95.5	95.5	 598	OK
 640	   0	89.4	89.4	 545	OK
 641	   0	81.0	81.0	 563	OK
 642	   0	86.7	86.7	 660	OK
 643	   0	85.7	85.7	 656	OK
 644	4000	81.5	81.5	 681	high noise
 645	1000	88.3	88.3	 526	unbonded
 646	1000	81.2	81.2	 443	unbonded
 647	   0	85.5	85.5	 676	OK
 648	   0	88.7	88.7	 617	OK
 649	   0	97.6	97.6	 586	OK
 650	1000	88.3	88.3	 471	unbonded
 651	   0	83.3	83.3	 554	OK
 652	   0	86.8	86.8	 597	OK
 653	   0	84.6	84.6	 591	OK
 654	1000	85.8	85.8	 536	unbonded
 655	   0	88.3	88.3	 606	OK
 656	   0	86.2	86.2	 616	OK
 657	   0	84.8	84.8	 557	OK
 658	1000	90.4	90.4	 508	unbonded
 659	   0	83.6	83.6	 568	OK
 660	   0	84.5	84.5	 649	OK
 661	   0	87.2	87.2	 564	OK
 662	1000	90.2	90.2	 517	unbonded
 663	4000	86.4	86.4	 709	high noise
 664	   0	90.4	90.4	 558	OK
 665	4000	88.8	88.8	 733	high noise
 666	   0	88.2	88.2	 587	OK
 667	1000	84.9	84.9	 501	unbonded
 668	4000	91.6	91.6	 694	high noise
 669	   0	86.3	86.3	 659	OK
 670	   0	92.0	92.0	 599	OK
 671	1000	83.5	83.5	 495	unbonded
 672	   0	89.0	89.0	 665	OK
 673	   0	87.9	87.9	 601	OK
 674	   0	89.2	89.2	 584	OK
 675	   0	88.9	88.9	 669	OK
 676	1000	86.6	86.6	 494	unbonded
 677	1000	87.2	87.2	 539	unbonded
 678	4000	86.1	86.1	 754	high noise
 679	   0	91.6	91.6	 620	OK
 680	   0	89.4	89.4	 588	OK
 681	   0	85.7	85.7	 607	OK
 682	1000	86.8	86.8	 507	unbonded
 683	   0	88.1	88.1	 573	OK
 684	   0	86.5	86.5	 605	OK
 685	1000	85.3	85.3	 515	unbonded
 686	1000	96.8	96.8	 532	unbonded
 687	   0	80.1	80.1	 644	OK
 688	   0	94.2	94.2	 557	OK
 689	1000	88.5	88.5	 535	unbonded
 690	4000	85.9	85.9	 703	high noise
 691	1000	92.3	92.3	 477	unbonded
 692	   0	87.4	87.4	 625	OK
 693	   0	91.8	91.8	 598	OK
 694	1000	90.1	90.1	 513	unbonded
 695	1000	85.0	85.0	 518	unbonded
 696	1000	89.4	89.4	 439	unbonded
 697	1000	92.4	92.4	 487	unbonded
 698	   0	90.1	90.1	 602	OK
 699	4000	85.0	85.0	 764	high noise
 700	1000	89.4	89.4	 533	unbonded
 701	   0	89.6	89.6	 583	OK
 702	4000	93.3	93.3	 708	high noise
 703	   0	92.5	92.5	 552	OK
 704	   0	90.1	90.1	 645	OK
 705	   0	87.7	87.7	 547	OK
 706	1000	91.3	91.3	 486	unbonded
 707	1000	86.0	86.0	 492	unbonded
 708	   0	89.8	89.8	 629	OK
 709	   0	86.3	86.3	 614	OK
 710	   0	84.3	84.3	 633	OK
 711	   0	91.3	91.3	 650	OK
 712	1000	87.4	87.4	 509	unbonded
 713	   0	85.2	85.2	 601	OK
 714	   0	84.5	84.5	 612	OK
 715	   0	87.1	87.1	 615	OK
 716	   0	90.1	90.1	 632	OK
 717	1000	89.9	89.9	 479	unbonded
 718	1000	93.8	93.8	 506	unbonded
 719	1000	93.9	93.9	 495	unbonded
 720	   0	87.3	87.3	 622	OK
 721	   0	81.8	81.8	 675	OK
 722	   0	92.3	92.3	 554	OK
 723	4000	89.5	89.5	 680	high noise
 724	4000	85.9	85.9	 679	high noise
 725	1000	93.4	93.4	 526	unbonded
 726	   0	87.2	87.2	 548	OK
 727	4000	86.9	86.9	 719	high noise
 728	   0	85.6	85.6	 673	OK
 729	   0	81.2	81.2	 561	OK
 730	   0	86.0	86.0	 608	OK
 731	   0	89.3	89.3	 607	OK
 732	   0	84.3	84.3	 585	OK
 733	   0	88.9	88.9	 587	OK
 734	1000	84.9	84.9	 502	unbonded
 735	1000	89.9	89.9	 467	unbonded
 736	   0	82.6	82.6	 596	OK
 737	   0	84.5	84.5	 626	OK
 738	1000	85.5	85.5	 500	unbonded
 739	   0	85.7	85.7	 620	OK
 740	   0	92.3	92.3	 558	OK
 741	   0	91.1	91.1	 573	OK
 742	4000	84.0	84.0	 700	high noise
 743	   0	91.0	91.0	 584	OK
 744	1000	84.1	84.1	 460	unbonded
 745	1000	84.2	84.2	 522	unbonded
 746	1000	83.5	83.5	 479	unbonded
 747	   0	90.5	90.5	 575	OK
 748	   0	94.8	94.8	 550	OK
 749	   0	89.5	89.5	 609	OK
 750	   0	89.4	89.4	 668	OK
 751	4000	90.1	90.1	 692	high noise
 752	   0	90.1	90.1	 569	OK
 753	   0	89.2	89.2	 570	OK
 754	4000	82.6	82.6	 703	high noise
 755	4000	92.6	92.6	 688	high noise
 756	   0	87.0	87.0	 649	OK
 757	   0	94.5	94.5	 595	OK
 758	4000	87.3	87.3	 683	high noise
 759	1000	90.8	90.8	 522	unbonded
 760	   0	81.0	81.0	 553	OK
 761	4000	84.7	84.7	 701	high noise
 762	4000	81.3	81.3	 729	high noise
 763	4000	82.8	82.8	 710	high noise
 764	1000	82.6	82.6	 470	unbonded
 765	   0	90.0	90.0	 671	OK
 766	1000	89.1	89.1	 536	unbonded
 767	1000	93.3	93.3	 510	unbonded
 768	   0	83.4	83.4	 580	OK
 769	   0	72.2	72.2	 672	OK
 770	1000	85.4	85.4	 451	unbonded
 771	   0	89.3	89.3	 604	OK
 772	1000	88.7	88.7	 537	unbonded
 773	1000	81.7	81.7	 536	unbonded
 774	   0	83.3	83.3	 579	OK
 775	   0	81.4	81.4	 666	OK
 776	1000	82.7	82.7	 492	unbonded
 777	   0	80.3	80.3	 549	OK
 778	1000	82.5	82.5	 511	unbonded
 779	4000	85.6	85.6	 707	high noise
 780	4000	85.2	85.2	 725	high noise
 781	4000	75.8	75.8	 690	high noise
 782	   0	83.5	83.5	 570	OK
 783	   0	84.2	84.2	 553	OK
 784	1000	86.3	86.3	 489	unbonded
 785	   0	85.4	85.4	 579	OK
 786	   0	80.1	80.1	 606	OK
 787	1000	85.0	85.0	 460	unbonded
 788	   0	81.4	81.4	 642	OK
 789	   0	88.7	88.7	 666	OK
 790	   0	75.5	75.5	 553	OK
 791	   0	82.9	82.9	 607	OK
 792	4000	87.0	87.0	 701	high noise
 793	   0	85.3	85.3	 639	OK
 794	   0	88.4	88.4	 564	OK
 795	1000	79.3	79.3	 492	unbonded
 796	4000	81.1	81.1	 733	high noise
 797	   0	86.3	86.3	 561	OK
 798	1000	85.8	85.8	 480	unbonded
 799	1000	82.6	82.6	 514	unbonded
 800	   0	82.9	82.9	 594	OK
 801	4000	84.4	84.4	 683	high noise
 802	   0	92.8	92.8	 587	OK
 803	1000	83.4	83.4	 462	unbonded
 804	   0	81.1	81.1	 650	OK
 805	   0	81.1	81.1	 602	OK
 806	   0	89.6	89.6	 543	OK
 807	   0	81.5	81.5	 612	OK
 808	1000	85.9	85.9	 535	unbonded
 809	   0	78.3	78.3	 608	OK
 810	1000	84.7	84.7	 454	unbonded
 811	   0	87.3	87.3	 667	OK
 812	1000	86.2	86.2	 512	unbonded
 813	   0	89.1	89.1	 556	OK
 814	   0	79.7	79.7	 547	OK
 815	1000	90.5	90.5	 451	unbonded
 816	   0	76.6	76.6	 624	OK
 817	   0	82.6	82.6	 636	OK
 818	   0	88.5	88.5	 658	OK
 819	   0	80.6	80.6	 628	OK
 820	   0	88.8	88.8	 646	OK
 821	   0	83.6	83.6	 659	OK
 822	   0	90.9	90.9	 567	OK
 823	4000	75.7	75.7	 704	high noise
 824	   0	83.9	83.9	 570	OK
 825	1000	84.0	84.0	 509	unbonded
 826	1000	85.4	85.4	 515	unbonded
 827	   0	84.6	84.6	 627	OK
 828	   0	88.6	88.6	 672	OK
 829	   0	84.5	84.5	 542	OK
 830	   0	86.4	86.4	 592	OK
 831	1000	86.8	86.8	 413	unbonded
 832	   0	85.5	85.5	 568	OK
 833	   0	88.5	88.5	 543	OK
 834	   0	86.0	86.0	 557	OK
 835	   0	82.7	82.7	 639	OK
 836	   0	84.7	84.7	 591	OK
 837	   0	88.2	88.2	 673	OK
 838	   0	80.8	80.8	 557	OK
 839	   0	89.6	89.6	 567	OK
 840	1000	90.6	90.6	 514	unbonded
 841	   0	80.4	80.4	 650	OK
 842	1000	92.3	92.3	 451	unbonded
 843	   0	84.1	84.1	 612	OK
 844	   0	89.5	89.5	 621	OK
 845	4000	80.5	80.5	 692	high noise
 846	   0	77.7	77.7	 670	OK
 847	1000	86.1	86.1	 519	unbonded
 848	4000	86.5	86.5	 697	high noise
 849	4000	84.3	84.3	 704	high noise
 850	   0	88.4	88.4	 615	OK
 851	   0	81.2	81.2	 635	OK
 852	   0	84.0	84.0	 620	OK
 853	   0	83.8	83.8	 566	OK
 854	   0	84.6	84.6	 646	OK
 855	   0	87.5	87.5	 549	OK
 856	   0	90.2	90.2	 649	OK
 857	4000	79.7	79.7	 728	high noise
 858	   0	87.8	87.8	 612	OK
 859	1000	89.5	89.5	 437	unbonded
 860	   0	93.0	93.0	 556	OK
 861	   0	84.3	84.3	 620	OK
 862	   0	87.8	87.8	 553	OK
 863	   0	76.8	76.8	 622	OK
 864	   0	88.3	88.3	 545	OK
 865	1000	74.5	74.5	 539	unbonded
 866	   0	89.6	89.6	 556	OK
 867	   0	84.2	84.2	 637	OK
 868	   0	86.3	86.3	 543	OK
 869	   0	80.1	80.1	 583	OK
 870	1000	86.1	86.1	 499	unbonded
 871	   0	90.5	90.5	 586	OK
 872	   0	94.8	94.8	 629	OK
 873	1000	88.5	88.5	 429	unbonded
 874	   0	93.1	93.1	 585	OK
 875	   0	82.3	82.3	 586	OK
 876	1000	84.5	84.5	 530	unbonded
 877	   0	84.2	84.2	 558	OK
 878	   0	82.4	82.4	 673	OK
 879	4000	80.7	80.7	 699	high noise
 880	   0	86.3	86.3	 594	OK
 881	   0	85.7	85.7	 628	OK
 882	   0	88.1	88.1	 608	OK
 883	1000	82.6	82.6	 489	unbonded
 884	   0	83.6	83.6	 576	OK
 885	4000	79.0	79.0	 698	high noise
 886	   0	83.5	83.5	 627	OK
 887	4000	83.8	83.8	 706	high noise
 888	   0	75.5	75.5	 635	OK
 889	   0	84.2	84.2	 661	OK
 890	   0	86.9	86.9	 640	OK
 891	   0	90.4	90.4	 625	OK
 892	   0	81.9	81.9	 557	OK
 893	4000	87.8	87.8	 701	high noise
 894	4000	81.2	81.2	 735	high noise
 895	1000	87.4	87.4	 533	unbonded
 896	1000	79.0	79.0	 530	unbonded
 897	   0	79.6	79.6	 635	OK
 898	   0	81.9	81.9	 586	OK
 899	   0	87.6	87.6	 591	OK
 900	1000	81.1	81.1	 404	unbonded
 901	4000	88.8	88.8	 693	high noise
 902	4000	80.6	80.6	 725	high noise
 903	1000	85.9	85.9	 525	unbonded
 904	   0	83.8	83.8	 605	OK
 905	4000	80.3	80.3	 696	high noise
 906	   0	83.1	83.1	 658	OK
 907	   0	87.6	87.6	 609	OK
 908	   0	90.7	90.7	 662	OK
 909	1000	84.1	84.1	 514	unbonded
 910	1000	83.1	83.1	 532	unbonded
 911	   0	91.0	91.0	 543	OK
 912	   0	85.5	85.5	 621	OK
 913	1000	88.7	88.7	 533	unbonded
 914	1000	84.9	84.9	 525	unbonded
 915	1000	83.3	83.3	 499	unbonded
 916	   0	81.0	81.0	 614	OK
 917	   0	81.8	81.8	 597	OK
 918	   0	90.0	90.0	 582	OK
 919	1000	85.2	85.2	 538	unbonded
 920	   0	86.9	86.9	 628	OK
 921	4000	80.9	80.9	 740	high noise
 922	1000	83.2	83.2	 535	unbonded
 923	1000	88.9	88.9	 515	unbonded
 924	4000	83.0	83.0	 689	high noise
 925	1000	81.9	81.9	 531	unbonded
 926	4000	87.2	87.2	 714	high noise
 927	1000	87.3	87.3	 457	unbonded
 928	   0	85.6	85.6	 602	OK
 929	   0	79.3	79.3	 607	OK
 930	   0	84.0	84.0	 643	OK
 931	   0	93.3	93.3	 570	OK
 932	   0	93.0	93.0	 592	OK
 933	1000	92.7	92.7	 521	unbonded
 934	   0	82.1	82.1	 559	OK
 935	   0	84.0	84.0	 587	OK
 936	   0	82.5	82.5	 648	OK
 937	   0	82.3	82.3	 577	OK
 938	1000	86.1	86.1	 525	unbonded
 939	   0	86.7	86.7	 584	OK
 940	   0	87.1	87.1	 671	OK
 941	1000	78.9	78.9	 503	unbonded
 942	   0	84.2	84.2	 603	OK
 943	   0	81.0	81.0	 649	OK
 944	4000	84.3	84.3	 727	high noise
 945	1000	86.6	86.6	 401	unbonded
 946	   0	79.6	79.6	 673	OK
 947	   0	96.6	96.6	 633	OK
 948	   0	82.2	82.2	 555	OK
 949	   0	89.7	89.7	 560	OK
 950	   0	79.0	79.0	 571	OK
 951	4000	81.5	81.5	 696	high noise
 952	1000	80.8	80.8	 513	unbonded
 953	   0	87.9	87.9	 609	OK
 954	   0	89.4	89.4	 674	OK
 955	   0	87.2	87.2	 626	OK
 956	   0	82.3	82.3	 546	OK
 957	   0	82.3	82.3	 568	OK
 958	4000	89.0	89.0	 721	high noise
 959	1000	86.7	86.7	 499	unbonded
 960	   0	81.3	81.3	 633	OK
 961	1000	87.1	87.1	 459	unbonded
 962	4000	87.9	87.9	 682	high noise
 963	   0	76.0	76.0	 651	OK
 964	4000	90.6	90.6	 702	high noise
 965	1000	75.4	75.4	 504	unbonded
 966	   0	85.9	85.9	 590	OK
 967	   0	86.0	86.0	 541	OK
 968	   0	85.2	85.2	 660	OK
 969	   0	76.1	76.1	 650	OK
 970	   0	83.1	83.1	 562	OK
 971	1000	84.4	84.4	 496	unbonded
 972	   0	84.0	84.0	 617	OK
 973	   0	79.0	79.0	 628	OK
 974	   0	81.9	81.9	 609	OK
 975	   0	82.7	82.7	 664	OK
 976	1000	83.5	83.5	 528	unbonded
 977	   0	83.6	83.6	 635	OK
 978	   0	81.4	81.4	 587	OK
 979	   0	82.2	82.2	 634	OK
 980	   0	86.2	86.2	 609	OK
 981	   0	81.8	81.8	 569	OK
 982	1000	76.9	76.9	 403	unbonded
 983	1000	82.5	82.5	 524	unbonded
 984	4000	81.9	81.9	 731	high noise
 985	   0	78.5	78.5	 576	OK
 986	1000	84.4	84.4	 450	unbonded
 987	   0	79.1	79.1	 655	OK
 988	   0	73.4	73.4	 583	OK
 989	   0	89.9	89.9	 647	OK
 990	4000	83.6	83.6	 770	high noise
 991	1000	85.9	85.9	 488	unbonded
 992	   0	86.5	86.5	 619	OK
 993	   0	87.9	87.9	 589	OK
 994	1000	85.6	85.6	 449	unbonded
 995	   0	77.0	77.0	 651	OK
 996	   0	83.3	83.3	 614	OK
 997	   0	85.0	85.0	 640	OK
 998	   0	86.0	86.0	 629	OK
 999	   0	81.0	81.0	 609	OK
1000	   0	81.8	81.8	 564	OK
1001	1000	86.6	86.6	 522	unbonded
1002	   0	87.7	87.7	 614	OK
1003	1000	86.8	86.8	 507	unbonded
1004	   0	80.4	80.4	 586	OK
1005	   0	83.8	83.8	 642	OK
1006	   0	89.9	89.9	 660	OK
1007	   0	82.3	82.3	 604	OK
1008	   0	83.1	83.1	 666	OK
1009	1000	73.0	73.0	 534	unbonded
1010	1000	90.0	90.0	 498	unbonded
1011	   0	80.6	80.6	 606	OK
1012	1000	83.6	83.6	 530	unbonded
1013	   0	77.2	77.2	 570	OK
1014	4000	82.9	82.9	 712	high noise
1015	   0	83.9	83.9	 572	OK
1016	4000	75.5	75.5	 699	high noise
1017	   0	78.7	78.7	 624	OK
1018	   0	77.9	77.9	 619	OK
1019	   0	81.8	81.8	 615	OK
1020	1000	84.1	84.1	 491	unbonded
1021	1000	88.8	88.8	 463	unbonded
1022	   0	89.6	89.6	 616	OK
1023	   0	91.4	91.4	 614	OK
1024	   0	88.5	88.5	 665	OK
1025	   0	85.2	85.2	 598	OK
1026	   0	82.5	82.5	 621	OK
1027	   0	83.3	83.3	 561	OK
1028	   0	90.0	90.0	 582	OK
1029	   0	91.4	91.4	 624	OK
1030	1000	88.6	88.6	 511	unbonded
1031	   0	84.3	84.3	 635	OK
1032	   0	89.3	89.3	 545	OK
1033	4000	79.1	79.1	 724	high noise
1034	1000	75.9	75.9	 539	unbonded
1035	   0	83.4	83.4	 671	OK
1036	   0	87.9	87.9	 559	OK
1037	   0	81.6	81.6	 642	OK
1038	4000	82.4	82.4	 777	high noise
1039	   0	83.1	83.1	 564	OK
1040	   0	88.1	88.1	 610	OK
1041	1000	86.3	86.3	 494	unbonded
1042	   0	86.2	86.2	 581	OK
1043	   0	83.1	83.1	 669	OK
1044	1000	86.0	86.0	 511	unbonded
1045	4000	82.9	82.9	 786	high noise
1046	   0	81.3	81.3	 543	OK
1047	4000	88.0	88.0	 721	high noise
1048	   0	82.2	82.2	 631	OK
1049	   0	78.8	78.8	 664	OK
1050	   0	87.1	87.1	 655	OK
1051	   0	81.0	81.0	 614	OK
1052	1000	89.5	89.5	 468	unbonded
1053	   0	80.4	80.4	 578	OK
1054	   0	91.0	91.0	 645	OK
1055	4000	83.2	83.2	 786	high noise
1056	   0	82.0	82.0	 625	OK
1057	   0	82.8	82.8	 610	OK
1058	4000	83.9	83.9	 713	high noise
1059	   0	77.4	77.4	 602	OK
1060	   0	84.0	84.0	 603	OK
1061	1000	77.5	77.5	 531	unbonded
1062	   0	85.1	85.1	 628	OK
1063	4000	78.2	78.2	 774	high noise
1064	1000	77.8	77.8	 458	unbonded
1065	1000	85.9	85.9	 530	unbonded
1066	4000	80.4	80.4	 701	high noise
1067	   0	93.8	93.8	 573	OK
1068	1000	83.1	83.1	 534	unbonded
1069	   0	76.0	76.0	 618	OK
1070	   0	86.9	86.9	 578	OK
1071	1000	91.8	91.8	 517	unbonded
1072	4000	87.3	87.3	 718	high noise
1073	1000	79.4	79.4	 498	unbonded
1074	   0	83.5	83.5	 660	OK
1075	1000	84.5	84.5	 477	unbonded
1076	   0	74.5	74.5	 647	OK
1077	4000	73.6	73.6	 704	high noise
1078	   0	90.4	90.4	 566	OK
1079	   0	84.3	84.3	 547	OK
1080	   0	94.7	94.7	 608	OK
1081	4000	82.0	82.0	 754	high noise
1082	1000	88.5	88.5	 492	unbonded
1083	   0	80.3	80.3	 607	OK
1084	   0	84.0	84.0	 569	OK
1085	   0	87.7	87.7	 605	OK
1086	1000	83.4	83.4	 466	unbonded
1087	4000	80.3	80.3	 707	high noise
1088	   0	85.9	85.9	 641	OK
1089	   0	83.1	83.1	 597	OK
1090	   0	85.5	85.5	 610	OK
1091	1000	82.1	82.1	 508	unbonded
1092	   0	82.3	82.3	 674	OK
1093	1000	82.4	82.4	 531	unbonded
1094	   0	81.7	81.7	 598	OK
1095	   0	83.7	83.7	 629	OK
1096	1000	87.6	87.6	 496	unbonded
1097	   0	82.6	82.6	 665	OK
1098	   0	82.3	82.3	 600	OK
1099	1000	79.3	79.3	 463	unbonded
1100	   0	76.5	76.5	 598	OK
1101	   0	90.3	90.3	 564	OK
1102	   0	88.4	88.4	 593	OK
1103	4000	81.8	81.8	 739	high noise
1104	   0	85.5	85.5	 593	OK
1105	   0	77.6	77.6	 562	OK
1106	   0	79.7	79.7	 624	OK
1107	   0	82.4	82.4	 619	OK
1108	1000	81.8	81.8	 473	unbonded
1109	   0	80.7	80.7	 555	OK
1110	   0	84.7	84.7	 638	OK
1111	   0	85.7	85.7	 573	OK
1112	8000	82.0	82.0	 540	partbonded
1113	   0	82.4	82.4	 680	OK
1114	   0	83.3	83.3	 561	OK
1115	4000	83.4	83.4	 733	high noise
1116	1000	81.7	81.7	 513	unbonded
1117	   0	80.4	80.4	 666	OK
1118	   0	82.9	82.9	 589	OK
1119	   0	84.2	84.2	 622	OK
1120	   0	77.9	77.9	 592	OK
1121	   0	84.3	84.3	 640	OK
1122	   0	82.4	82.4	 630	OK
1123	   0	76.9	76.9	 551	OK
1124	   0	76.9	76.9	 671	OK
1125	   0	89.2	89.2	 631	OK
1126	1000	85.2	85.2	 460	unbonded
1127	   0	73.0	73.0	 655	OK
1128	   0	85.5	85.5	 638	OK
1129	1000	88.0	88.0	 470	unbonded
1130	1000	78.1	78.1	 482	unbonded
1131	1000	84.3	84.3	 512	unbonded
1132	   0	82.2	82.2	 589	OK
1133	1000	79.9	79.9	 534	unbonded
1134	   0	83.2	83.2	 573	OK
1135	1000	84.9	84.9	 539	unbonded
1136	   0	84.7	84.7	 634	OK
1137	   0	85.1	85.1	 572	OK
1138	   0	77.4	77.4	 662	OK
1139	   0	85.6	85.6	 658	OK
1140	   0	92.1	92.1	 644	OK
1141	1000	85.0	85.0	 539	unbonded
1142	   0	79.4	79.4	 682	OK
1143	   0	84.1	84.1	 678	OK
1144	   0	82.0	82.0	 592	OK
1145	   0	75.9	75.9	 675	OK
1146	   0	78.8	78.8	 624	OK
1147	   0	87.5	87.5	 635	OK
1148	   0	81.3	81.3	 583	OK
1149	   0	83.7	83.7	 647	OK
1150	8000	77.7	77.7	 541	partbonded
1151	1000	86.0	86.0	 459	unbonded
1152	1000	79.7	79.7	 517	unbonded
1153	4000	83.3	83.3	 697	high noise
1154	1000	86.3	86.3	 440	unbonded
1155	   0	87.2	87.2	 580	OK
1156	   0	88.4	88.4	 695	OK
1157	   0	83.2	83.2	 695	OK
1158	1000	91.3	91.3	 447	unbonded
1159	1000	83.5	83.5	 487	unbonded
1160	   0	87.4	87.4	 671	OK
1161	   0	74.7	74.7	 617	OK
1162	   0	84.6	84.6	 630	OK
1163	4000	84.4	84.4	 703	high noise
1164	   0	82.9	82.9	 588	OK
1165	   0	87.1	87.1	 610	OK
1166	   0	86.4	86.4	 633	OK
1167	   0	83.8	83.8	 655	OK
1168	   0	87.6	87.6	 547	OK
1169	   0	88.3	88.3	 608	OK
1170	   0	88.4	88.4	 603	OK
1171	1000	86.6	86.6	 479	unbonded
1172	   0	84.7	84.7	 616	OK
1173	   0	83.5	83.5	 692	OK
1174	   0	86.5	86.5	 594	OK
1175	   0	85.5	85.5	 613	OK
1176	   0	82.2	82.2	 590	OK
1177	   0	93.4	93.4	 544	OK
1178	   0	92.8	92.8	 619	OK
1179	   0	89.7	89.7	 664	OK
1180	   0	84.5	84.5	 625	OK
1181	4000	83.0	83.0	 808	high noise
1182	1000	77.7	77.7	 528	unbonded
1183	4000	84.5	84.5	 760	high noise
1184	   0	89.9	89.9	 675	OK
1185	   0	88.7	88.7	 601	OK
1186	   0	83.9	83.9	 551	OK
1187	   0	86.6	86.6	 686	OK
1188	   0	86.3	86.3	 547	OK
1189	   0	87.3	87.3	 601	OK
1190	   0	75.0	75.0	 591	OK
1191	4000	85.4	85.4	 742	high noise
1192	4000	89.6	89.6	 704	high noise
1193	1000	78.4	78.4	 497	unbonded
1194	4000	86.0	86.0	 736	high noise
1195	   0	85.9	85.9	 634	OK
1196	   0	86.7	86.7	 558	OK
1197	4000	93.2	93.2	 723	high noise
1198	   0	90.6	90.6	 661	OK
1199	4000	83.5	83.5	 725	high noise
1200	   0	81.1	81.1	 590	OK
1201	   0	89.5	89.5	 608	OK
1202	   0	81.1	81.1	 632	OK
1203	   0	89.1	89.1	 555	OK
1204	   0	88.9	88.9	 613	OK
1205	   0	88.4	88.4	 616	OK
1206	   0	78.8	78.8	 602	OK
1207	   0	84.4	84.4	 552	OK
1208	   0	80.5	80.5	 632	OK
1209	   0	84.3	84.3	 676	OK
1210	   0	87.1	87.1	 639	OK
1211	   0	90.1	90.1	 570	OK
1212	4000	83.6	83.6	 727	high noise
1213	   0	93.1	93.1	 553	OK
1214	4000	78.4	78.4	 740	high noise
1215	   0	91.4	91.4	 651	OK
1216	1000	84.5	84.5	 482	unbonded
1217	   0	87.8	87.8	 558	OK
1218	   0	90.5	90.5	 589	OK
1219	   0	88.9	88.9	 593	OK
1220	   0	86.4	86.4	 579	OK
1221	   0	87.3	87.3	 686	OK
1222	   0	82.2	82.2	 624	OK
1223	   0	80.7	80.7	 644	OK
1224	   0	77.9	77.9	 597	OK
1225	   0	79.7	79.7	 619	OK
1226	   0	84.2	84.2	 617	OK
1227	   0	85.0	85.0	 555	OK
1228	4000	80.3	80.3	 758	high noise
1229	1000	82.8	82.8	 536	unbonded
1230	1000	80.8	80.8	 493	unbonded
1231	   0	87.5	87.5	 592	OK
1232	   0	80.9	80.9	 690	OK
1233	   0	92.8	92.8	 663	OK
1234	   0	83.2	83.2	 633	OK
1235	4000	84.1	84.1	 714	high noise
1236	   0	79.2	79.2	 569	OK
1237	   0	87.3	87.3	 597	OK
1238	   0	84.1	84.1	 666	OK
1239	   0	88.2	88.2	 643	OK
1240	   0	86.3	86.3	 597	OK
1241	4000	83.4	83.4	 705	high noise
1242	1000	82.2	82.2	 434	unbonded
1243	1000	85.3	85.3	 420	unbonded
1244	   0	84.3	84.3	 693	OK
1245	   0	77.7	77.7	 629	OK
1246	   0	83.6	83.6	 570	OK
1247	   0	88.9	88.9	 611	OK
1248	   0	81.3	81.3	 583	OK
1249	   0	85.9	85.9	 593	OK
1250	   0	82.4	82.4	 554	OK
1251	1000	85.9	85.9	 521	unbonded
1252	   0	80.5	80.5	 566	OK
1253	   0	87.0	87.0	 591	OK
1254	   0	79.6	79.6	 569	OK
1255	   0	79.9	79.9	 621	OK
1256	   0	73.9	73.9	 547	OK
1257	   0	85.0	85.0	 589	OK
1258	   0	80.9	80.9	 543	OK
1259	   0	75.2	75.2	 598	OK
1260	1000	86.8	86.8	 483	unbonded
1261	   0	79.6	79.6	 643	OK
1262	   0	81.3	81.3	 613	OK
1263	   0	78.1	78.1	 622	OK
1264	   0	80.9	80.9	 565	OK
1265	   0	88.9	88.9	 602	OK
1266	1000	85.9	85.9	 533	unbonded
1267	   0	85.4	85.4	 696	OK
1268	   0	84.1	84.1	 567	OK
1269	   0	95.6	95.6	 552	OK
1270	   0	83.8	83.8	 547	OK
1271	   0	85.3	85.3	 565	OK
1272	   0	84.2	84.2	 621	OK
1273	   0	80.8	80.8	 626	OK
1274	   0	87.1	87.1	 601	OK
1275	   0	83.3	83.3	 599	OK
1276	   0	86.7	86.7	 583	OK
1277	1000	84.3	84.3	 374	unbonded
1278	   0	81.6	81.6	 612	OK
1279	   0	83.2	83.2	 569	OK
1280	4000	79.4	79.4	 843	high noise
1281	4000	84.9	84.9	1064	high noise
1282	   0	80.0	80.0	 625	OK
1283	   0	74.8	74.8	 717	OK
1284	4000	78.5	78.5	 877	high noise
1285	   0	77.1	77.1	 707	OK
1286	   0	86.7	86.7	 646	OK
1287	4000	79.5	79.5	 916	high noise
1288	4000	82.0	82.0	 824	high noise
1289	   0	82.2	82.2	 748	OK
1290	   0	77.3	77.3	 737	OK
1291	   0	73.8	73.8	 754	OK
1292	   0	81.5	81.5	 592	OK
1293	4000	82.4	82.4	 877	high noise
1294	4000	76.5	76.5	 822	high noise
1295	4000	76.2	76.2	 872	high noise
1296	   0	82.5	82.5	 647	OK
1297	   0	85.8	85.8	 694	OK
1298	   0	79.3	79.3	 684	OK
1299	4000	77.4	77.4	 866	high noise
1300	   0	76.5	76.5	 645	OK
1301	   0	77.6	77.6	 697	OK
1302	   0	81.6	81.6	 704	OK
1303	   0	80.1	80.1	 713	OK
1304	   0	76.2	76.2	 648	OK
1305	   0	86.1	86.1	 802	OK
1306	   0	76.5	76.5	 780	OK
1307	   0	86.1	86.1	 651	OK
1308	   0	83.8	83.8	 674	OK
1309	   0	86.5	86.5	 628	OK
1310	   0	76.1	76.1	 703	OK
1311	   0	80.2	80.2	 707	OK
1312	1000	84.0	84.0	 528	unbonded
1313	   0	75.1	75.1	 641	OK
1314	4000	82.5	82.5	 826	high noise
1315	   0	78.2	78.2	 675	OK
1316	   0	82.5	82.5	 579	OK
1317	4000	82.9	82.9	 885	high noise
1318	   0	75.7	75.7	 796	OK
1319	4000	79.4	79.4	 886	high noise
1320	1000	82.6	82.6	 525	unbonded
1321	   0	81.4	81.4	 705	OK
1322	   0	82.0	82.0	 730	OK
1323	   0	84.3	84.3	 748	OK
1324	   0	81.5	81.5	 719	OK
1325	   0	82.9	82.9	 691	OK
1326	   0	83.4	83.4	 702	OK
1327	   0	78.4	78.4	 795	OK
1328	   0	80.9	80.9	 700	OK
1329	   0	78.8	78.8	 685	OK
1330	   0	74.7	74.7	 605	OK
1331	   0	81.0	81.0	 612	OK
1332	   0	84.6	84.6	 579	OK
1333	   0	83.2	83.2	 622	OK
1334	   0	83.2	83.2	 656	OK
1335	   0	82.2	82.2	 722	OK
1336	   0	76.5	76.5	 770	OK
1337	   0	86.7	86.7	 720	OK
1338	   0	83.5	83.5	 704	OK
1339	   0	79.9	79.9	 644	OK
1340	   0	88.0	88.0	 707	OK
1341	   0	78.2	78.2	 772	OK
1342	   0	83.2	83.2	 655	OK
1343	   0	81.2	81.2	 776	OK
1344	   0	77.6	77.6	 667	OK
1345	4000	78.5	78.5	 839	high noise
1346	   0	85.6	85.6	 685	OK
1347	   0	73.0	73.0	 747	OK
1348	   0	89.2	89.2	 668	OK
1349	   0	83.7	83.7	 682	OK
1350	   0	79.4	79.4	 651	OK
1351	   0	81.8	81.8	 749	OK
1352	   0	81.6	81.6	 642	OK
1353	   0	81.9	81.9	 655	OK
1354	   0	83.1	83.1	 720	OK
1355	   0	82.7	82.7	 635	OK
1356	   0	83.5	83.5	 795	OK
1357	4000	76.6	76.6	 837	high noise
1358	   0	76.2	76.2	 595	OK
1359	1000	78.1	78.1	 508	unbonded
1360	   0	79.2	79.2	 677	OK
1361	   0	76.2	76.2	 583	OK
1362	   0	73.2	73.2	 567	OK
1363	   0	83.1	83.1	 699	OK
1364	   0	76.1	76.1	 705	OK
1365	   0	76.8	76.8	 782	OK
1366	   0	80.7	80.7	 693	OK
1367	   0	86.3	86.3	 798	OK
1368	   0	72.4	72.4	 752	OK
1369	   0	78.5	78.5	 657	OK
1370	   0	79.0	79.0	 672	OK
1371	   0	80.4	80.4	 742	OK
1372	   0	77.6	77.6	 570	OK
1373	   0	78.4	78.4	 702	OK
1374	   0	81.7	81.7	 630	OK
1375	   0	80.5	80.5	 785	OK
1376	   0	66.9	66.9	 663	OK
1377	   0	70.4	70.4	 792	OK
1378	   0	78.7	78.7	 602	OK
1379	   0	79.8	79.8	 772	OK
1380	   0	80.4	80.4	 701	OK
1381	   0	82.7	82.7	 613	OK
1382	   0	82.4	82.4	 636	OK
1383	   0	84.2	84.2	 799	OK
1384	   0	73.6	73.6	 645	OK
1385	   0	77.5	77.5	 729	OK
1386	   0	78.8	78.8	 679	OK
1387	   0	81.8	81.8	 700	OK
1388	   0	80.7	80.7	 593	OK
1389	   0	75.6	75.6	 666	OK
1390	   0	78.9	78.9	 804	OK
1391	   0	81.6	81.6	 801	OK
1392	   0	77.9	77.9	 612	OK
1393	   0	80.8	80.8	 741	OK
1394	   0	80.1	80.1	 740	OK
1395	   0	86.9	86.9	 619	OK
1396	   0	85.6	85.6	 798	OK
1397	4000	76.8	76.8	 834	high noise
1398	   0	74.7	74.7	 613	OK
1399	   0	81.6	81.6	 757	OK
1400	   0	78.2	78.2	 651	OK
1401	4000	78.8	78.8	 823	high noise
1402	   0	76.4	76.4	 554	OK
1403	   0	73.0	73.0	 641	OK
1404	   0	76.8	76.8	 706	OK
1405	   0	78.1	78.1	 766	OK
1406	   0	76.1	76.1	 641	OK
1407	   0	79.9	79.9	 719	OK
1408	   0	99.8	99.8	 611	OK
1409	   0	86.3	86.3	 595	OK
1410	   0	89.1	89.1	 658	OK
1411	4000	89.2	89.2	 716	high noise
1412	   0	91.5	91.5	 613	OK
1413	4000	93.6	93.6	 698	high noise
1414	1000	90.1	90.1	 418	unbonded
1415	   0	93.2	93.2	 558	OK
1416	   0	91.1	91.1	 650	OK
1417	4000	84.2	84.2	 776	high noise
1418	   0	94.1	94.1	 587	OK
1419	   0	93.2	93.2	 629	OK
1420	1000	88.3	88.3	 439	unbonded
1421	4000	93.8	93.8	 713	high noise
1422	1000	93.9	93.9	 498	unbonded
1423	   0	86.8	86.8	 617	OK
1424	1000	90.7	90.7	 521	unbonded
1425	   0	96.0	96.0	 604	OK
1426	4000	90.2	90.2	 774	high noise
1427	   0	91.8	91.8	 607	OK
1428	1000	85.6	85.6	 434	unbonded
1429	4000	91.0	91.0	 735	high noise
1430	   0	81.0	81.0	 616	OK
1431	   0	90.3	90.3	 675	OK
1432	   0	90.6	90.6	 685	OK
1433	1000	87.5	87.5	 540	unbonded
1434	1000	85.4	85.4	 481	unbonded
1435	   0	92.8	92.8	 660	OK
1436	   0	88.3	88.3	 551	OK
1437	   0	93.7	93.7	 645	OK
1438	1000	90.5	90.5	 476	unbonded
1439	   0	85.7	85.7	 612	OK
1440	   0	86.1	86.1	 545	OK
1441	   0	88.4	88.4	 671	OK
1442	   0	85.4	85.4	 670	OK
1443	   0	95.2	95.2	 600	OK
1444	1000	91.0	91.0	 466	unbonded
1445	   0	89.8	89.8	 670	OK
1446	   0	92.2	92.2	 584	OK
1447	1000	90.7	90.7	 453	unbonded
1448	   0	89.5	89.5	 643	OK
1449	1000	90.5	90.5	 516	unbonded
1450	   0	96.8	96.8	 559	OK
1451	1000	88.7	88.7	 427	unbonded
1452	   0	91.2	91.2	 576	OK
1453	1000	86.6	86.6	 535	unbonded
1454	   0	91.7	91.7	 558	OK
1455	   0	86.2	86.2	 691	OK
1456	   0	87.6	87.6	 614	OK
1457	   0	90.1	90.1	 644	OK
1458	1000	90.6	90.6	 514	unbonded
1459	   0	88.9	88.9	 647	OK
1460	   0	81.7	81.7	 576	OK
1461	4000	83.3	83.3	 717	high noise
1462	   0	88.6	88.6	 584	OK
1463	1000	92.4	92.4	 535	unbonded
1464	4000	85.2	85.2	 795	high noise
1465	   0	96.3	96.3	 630	OK
1466	   0	85.9	85.9	 604	OK
1467	1000	103.5	103.5	 509	unbonded
1468	   0	89.3	89.3	 553	OK
1469	   0	96.0	96.0	 643	OK
1470	   0	93.4	93.4	 596	OK
1471	   0	85.4	85.4	 637	OK
1472	   0	84.0	84.0	 603	OK
1473	   0	92.9	92.9	 589	OK
1474	   0	95.4	95.4	 606	OK
1475	   0	82.1	82.1	 564	OK
1476	   0	91.2	91.2	 544	OK
1477	   0	95.0	95.0	 671	OK
1478	4000	83.3	83.3	 703	high noise
1479	   0	87.4	87.4	 661	OK
1480	4000	92.6	92.6	 702	high noise
1481	   0	86.5	86.5	 609	OK
1482	   0	92.4	92.4	 626	OK
1483	4000	86.7	86.7	 736	high noise
1484	1000	87.6	87.6	 523	unbonded
1485	   0	89.5	89.5	 598	OK
1486	4000	90.0	90.0	 712	high noise
1487	   0	90.2	90.2	 671	OK
1488	1000	85.3	85.3	 500	unbonded
1489	1000	93.2	93.2	 508	unbonded
1490	   0	88.7	88.7	 652	OK
1491	   0	86.0	86.0	 597	OK
1492	   0	85.7	85.7	 581	OK
1493	   0	88.1	88.1	 589	OK
1494	1000	91.9	91.9	 421	unbonded
1495	   0	82.5	82.5	 568	OK
1496	4000	85.9	85.9	 744	high noise
1497	   0	86.0	86.0	 589	OK
1498	   0	86.8	86.8	 556	OK
1499	   0	86.5	86.5	 629	OK
1500	   0	83.0	83.0	 619	OK
1501	   0	88.1	88.1	 596	OK
1502	   0	87.7	87.7	 606	OK
1503	   0	89.3	89.3	 609	OK
1504	   0	92.1	92.1	 614	OK
1505	4000	90.7	90.7	 708	high noise
1506	   0	90.5	90.5	 567	OK
1507	4000	81.7	81.7	 701	high noise
1508	   0	98.6	98.6	 586	OK
1509	   0	89.0	89.0	 680	OK
1510	1000	87.5	87.5	 528	unbonded
1511	   0	84.8	84.8	 665	OK
1512	1000	93.8	93.8	 511	unbonded
1513	   0	88.0	88.0	 667	OK
1514	   0	86.2	86.2	 543	OK
1515	   0	89.5	89.5	 599	OK
1516	   0	91.5	91.5	 614	OK
1517	   0	89.5	89.5	 643	OK
1518	   0	77.7	77.7	 580	OK
1519	   0	89.8	89.8	 647	OK
1520	   0	87.4	87.4	 547	OK
1521	   0	88.9	88.9	 627	OK
1522	   0	86.3	86.3	 629	OK
1523	   0	93.2	93.2	 654	OK
1524	   0	88.6	88.6	 561	OK
1525	1000	89.1	89.1	 515	unbonded
1526	   0	83.0	83.0	 564	OK
1527	   0	85.7	85.7	 559	OK
1528	1000	88.9	88.9	 518	unbonded
1529	1000	87.5	87.5	 506	unbonded
1530	   0	81.3	81.3	 571	OK
1531	   0	87.2	87.2	 639	OK
1532	   0	82.5	82.5	 543	OK
1533	   0	94.6	94.6	 611	OK
1534	1000	91.5	91.5	 537	unbonded
1535	   0	95.2	95.2	 622	OK
1536	4000	84.7	84.7	 849	high noise
1537	   0	78.9	78.9	 699	OK
1538	   0	82.4	82.4	 641	OK
1539	   0	81.8	81.8	 677	OK
1540	   0	83.5	83.5	 700	OK
1541	   0	85.8	85.8	 726	OK
1542	   0	76.3	76.3	 558	OK
1543	4000	84.8	84.8	 772	high noise
1544	   0	80.4	80.4	 591	OK
1545	   0	85.4	85.4	 653	OK
1546	   0	84.5	84.5	 665	OK
1547	   0	83.0	83.0	 558	OK
1548	   0	90.1	90.1	 622	OK
1549	   0	82.4	82.4	 610	OK
1550	4000	87.2	87.2	 758	high noise
1551	4000	76.2	76.2	 791	high noise
1552	   0	93.0	93.0	 595	OK
1553	   0	85.9	85.9	 677	OK
1554	   0	85.9	85.9	 579	OK
1555	   0	80.8	80.8	 662	OK
1556	   0	82.0	82.0	 691	OK
1557	   0	78.7	78.7	 698	OK
1558	   0	80.1	80.1	 682	OK
1559	   0	83.5	83.5	 660	OK
1560	   0	87.1	87.1	 637	OK
1561	   0	76.3	76.3	 602	OK
1562	   0	84.6	84.6	 735	OK
1563	   0	78.7	78.7	 703	OK
1564	   0	82.3	82.3	 580	OK
1565	   0	81.6	81.6	 682	OK
1566	   0	82.9	82.9	 638	OK
1567	   0	78.3	78.3	 613	OK
1568	4000	88.3	88.3	 766	high noise
1569	   0	82.9	82.9	 730	OK
1570	   0	77.6	77.6	 639	OK
1571	   0	91.5	91.5	 699	OK
1572	   0	78.4	78.4	 543	OK
1573	   0	80.4	80.4	 678	OK
1574	   0	83.5	83.5	 703	OK
1575	   0	77.7	77.7	 551	OK
1576	   0	83.1	83.1	 727	OK
1577	   0	82.7	82.7	 602	OK
1578	   0	81.6	81.6	 687	OK
1579	   0	75.7	75.7	 660	OK
1580	   0	72.3	72.3	 608	OK
1581	   0	82.5	82.5	 703	OK
1582	4000	78.5	78.5	 763	high noise
1583	   0	79.4	79.4	 676	OK
1584	   0	83.5	83.5	 557	OK
1585	   0	80.3	80.3	 605	OK
1586	   0	82.4	82.4	 632	OK
1587	4000	83.6	83.6	 783	high noise
1588	   0	86.5	86.5	 564	OK
1589	   0	83.0	83.0	 715	OK
1590	   0	84.2	84.2	 741	OK
1591	   0	78.2	78.2	 593	OK
1592	   0	85.0	85.0	 656	OK
1593	   0	82.7	82.7	 653	OK
1594	   0	83.7	83.7	 626	OK
1595	1000	84.3	84.3	 520	unbonded
1596	   0	84.6	84.6	 635	OK
1597	   0	91.2	91.2	 683	OK
1598	   0	75.0	75.0	 736	OK
1599	   0	89.5	89.5	 609	OK
1600	1000	84.0	84.0	 483	unbonded
1601	   0	84.3	84.3	 606	OK
1602	   0	85.5	85.5	 696	OK
1603	   0	84.5	84.5	 586	OK
1604	   0	79.3	79.3	 731	OK
1605	   0	89.9	89.9	 676	OK
1606	   0	81.4	81.4	 565	OK
1607	   0	84.4	84.4	 573	OK
1608	   0	81.3	81.3	 620	OK
1609	   0	85.9	85.9	 675	OK
1610	1000	77.1	77.1	 521	unbonded
1611	   0	84.6	84.6	 637	OK
1612	1000	78.7	78.7	 498	unbonded
1613	4000	77.1	77.1	 781	high noise
1614	   0	82.6	82.6	 585	OK
1615	4000	86.2	86.2	 759	high noise
1616	   0	83.3	83.3	 711	OK
1617	   0	74.1	74.1	 704	OK
1618	   0	79.5	79.5	 617	OK
1619	   0	83.8	83.8	 586	OK
1620	   0	76.2	76.2	 713	OK
1621	   0	83.0	83.0	 645	OK
1622	1000	78.3	78.3	 518	unbonded
1623	   0	84.9	84.9	 623	OK
1624	   0	78.1	78.1	 665	OK
1625	   0	75.5	75.5	 651	OK
1626	   0	83.7	83.7	 723	OK
1627	   0	79.6	79.6	 657	OK
1628	1000	79.7	79.7	 422	unbonded
1629	   0	82.7	82.7	 658	OK
1630	   0	74.1	74.1	 643	OK
1631	   0	77.0	77.0	 688	OK
1632	   0	77.5	77.5	 729	OK
1633	   0	81.4	81.4	 557	OK
1634	   0	80.9	80.9	 710	OK
1635	   0	72.0	72.0	 679	OK
1636	   0	80.9	80.9	 618	OK
1637	4000	88.2	88.2	 830	high noise
1638	   0	76.0	76.0	 616	OK
1639	   0	73.4	73.4	 749	OK
1640	   0	80.9	80.9	 621	OK
1641	   0	83.6	83.6	 716	OK
1642	   0	82.8	82.8	 673	OK
1643	   0	74.8	74.8	 726	OK
1644	   0	78.7	78.7	 648	OK
1645	1000	79.3	79.3	 474	unbonded
1646	   0	78.8	78.8	 729	OK
1647	   0	84.0	84.0	 664	OK
1648	   0	73.6	73.6	 656	OK
1649	   0	87.3	87.3	 605	OK
1650	   0	74.0	74.0	 646	OK
1651	   0	79.7	79.7	 569	OK
1652	   0	81.9	81.9	 706	OK
1653	   0	90.0	90.0	 648	OK
1654	   0	79.9	79.9	 704	OK
1655	   0	76.6	76.6	 703	OK
1656	4000	80.6	80.6	 815	high noise
1657	   0	82.6	82.6	 648	OK
1658	   0	84.3	84.3	 625	OK
1659	   0	85.2	85.2	 621	OK
1660	   0	79.9	79.9	 677	OK
1661	   0	77.7	77.7	 682	OK
1662	   0	85.2	85.2	 561	OK
1663	   0	75.2	75.2	 733	OK
1664	   0	92.0	92.0	 668	OK
1665	   0	97.0	97.0	 550	OK
1666	   0	89.1	89.1	 589	OK
1667	   0	89.9	89.9	 577	OK
1668	   0	86.7	86.7	 542	OK
1669	   0	89.0	89.0	 610	OK
1670	1000	95.0	95.0	 511	unbonded
1671	   0	97.9	97.9	 648	OK
1672	   0	94.3	94.3	 579	OK
1673	   0	98.4	98.4	 553	OK
1674	   0	95.8	95.8	 545	OK
1675	   0	89.1	89.1	 565	OK
1676	   0	90.6	90.6	 615	OK
1677	1000	91.7	91.7	 493	unbonded
1678	   0	91.2	91.2	 589	OK
1679	   0	92.5	92.5	 546	OK
1680	   0	97.3	97.3	 577	OK
1681	4000	89.6	89.6	 682	high noise
1682	1000	92.5	92.5	 474	unbonded
1683	   0	97.4	97.4	 570	OK
1684	   0	99.0	99.0	 584	OK
1685	   0	91.9	91.9	 642	OK
1686	   0	90.7	90.7	 567	OK
1687	   0	88.4	88.4	 624	OK
1688	1000	90.5	90.5	 510	unbonded
1689	   0	94.7	94.7	 644	OK
1690	   0	93.3	93.3	 629	OK
1691	4000	93.4	93.4	 672	high noise
1692	1000	97.2	97.2	 526	unbonded
1693	   0	86.2	86.2	 650	OK
1694	   0	97.7	97.7	 642	OK
1695	   0	80.3	80.3	 621	OK
1696	   0	88.0	88.0	 648	OK
1697	   0	105.7	105.7	 665	OK
1698	1000	88.8	88.8	 531	unbonded
1699	   0	96.8	96.8	 629	OK
1700	   0	94.2	94.2	 545	OK
1701	4000	95.3	95.3	 698	high noise
1702	4000	96.2	96.2	 683	high noise
1703	4000	87.5	87.5	 674	high noise
1704	1000	92.5	92.5	 472	unbonded
1705	1000	95.5	95.5	 484	unbonded
1706	   0	88.8	88.8	 609	OK
1707	4000	96.3	96.3	 693	high noise
1708	1000	92.1	92.1	 535	unbonded
1709	   0	98.2	98.2	 658	OK
1710	   0	96.4	96.4	 615	OK
1711	   0	89.9	89.9	 564	OK
1712	   0	85.9	85.9	 640	OK
1713	1000	89.7	89.7	 538	unbonded
1714	   0	90.8	90.8	 588	OK
1715	1000	92.4	92.4	 530	unbonded
1716	1000	89.1	89.1	 517	unbonded
1717	1000	86.9	86.9	 530	unbonded
1718	   0	97.3	97.3	 607	OK
1719	1000	88.5	88.5	 531	unbonded
1720	1000	92.4	92.4	 534	unbonded
1721	   0	88.8	88.8	 577	OK
1722	1000	95.5	95.5	 515	unbonded
1723	1000	91.1	91.1	 486	unbonded
1724	   0	95.1	95.1	 622	OK
1725	   0	94.3	94.3	 546	OK
1726	1000	98.9	98.9	 502	unbonded
1727	   0	90.3	90.3	 557	OK
1728	   0	95.8	95.8	 629	OK
1729	4000	92.3	92.3	 699	high noise
1730	1000	93.5	93.5	 529	unbonded
1731	1000	90.9	90.9	 467	unbonded
1732	   0	92.1	92.1	 601	OK
1733	   0	95.0	95.0	 593	OK
1734	   0	99.2	99.2	 632	OK
1735	   0	86.7	86.7	 650	OK
1736	   0	88.5	88.5	 632	OK
1737	   0	82.9	82.9	 629	OK
1738	   0	101.6	101.6	 612	OK
1739	   0	94.9	94.9	 567	OK
1740	   0	91.2	91.2	 541	OK
1741	   0	90.4	90.4	 659	OK
1742	   0	98.1	98.1	 666	OK
1743	1000	89.8	89.8	 528	unbonded
1744	   0	91.4	91.4	 554	OK
1745	1000	89.1	89.1	 509	unbonded
1746	   0	91.5	91.5	 597	OK
1747	1000	91.0	91.0	 511	unbonded
1748	   0	88.7	88.7	 576	OK
1749	   0	89.8	89.8	 581	OK
1750	1000	83.8	83.8	 509	unbonded
1751	   0	93.8	93.8	 558	OK
1752	   0	90.8	90.8	 612	OK
1753	   0	92.4	92.4	 548	OK
1754	   0	95.8	95.8	 543	OK
1755	   0	92.3	92.3	 603	OK
1756	   0	88.5	88.5	 645	OK
1757	   0	90.6	90.6	 573	OK
1758	   0	94.8	94.8	 613	OK
1759	   0	82.1	82.1	 560	OK
1760	1000	90.0	90.0	 538	unbonded
1761	   0	91.1	91.1	 665	OK
1762	1000	98.2	98.2	 515	unbonded
1763	1000	91.1	91.1	 526	unbonded
1764	1000	94.7	94.7	 533	unbonded
1765	4000	90.6	90.6	 696	high noise
1766	1000	96.4	96.4	 461	unbonded
1767	1000	90.0	90.0	 493	unbonded
1768	1000	85.8	85.8	 524	unbonded
1769	   0	90.1	90.1	 615	OK
1770	   0	88.8	88.8	 542	OK
1771	   0	93.2	93.2	 562	OK
1772	1000	94.5	94.5	 498	unbonded
1773	   0	92.9	92.9	 658	OK
1774	   0	96.9	96.9	 582	OK
1775	4000	86.8	86.8	 703	high noise
1776	1000	90.6	90.6	 460	unbonded
1777	4000	89.5	89.5	 688	high noise
1778	1000	91.1	91.1	 407	unbonded
1779	   0	87.4	87.4	 606	OK
1780	   0	83.7	83.7	 566	OK
1781	   0	88.5	88.5	 570	OK
1782	   0	84.9	84.9	 593	OK
1783	1000	89.8	89.8	 537	unbonded
1784	   0	92.2	92.2	 616	OK
1785	   0	89.6	89.6	 549	OK
1786	   0	86.8	86.8	 634	OK
1787	4000	87.8	87.8	 741	high noise
1788	   0	95.4	95.4	 601	OK
1789	   0	94.9	94.9	 617	OK
1790	   0	96.3	96.3	 598	OK
1791	4000	93.1	93.1	 742	high noise
1792	   0	85.4	85.4	 614	OK
1793	   0	91.3	91.3	 708	OK
1794	   0	93.1	93.1	 635	OK
1795	   0	87.8	87.8	 645	OK
1796	   0	87.7	87.7	 568	OK
1797	   0	89.6	89.6	 568	OK
1798	1000	80.5	80.5	 427	unbonded
1799	   0	93.3	93.3	 583	OK
1800	   0	94.5	94.5	 601	OK
1801	   0	88.5	88.5	 673	OK
1802	   0	87.8	87.8	 694	OK
1803	4000	77.4	77.4	 723	high noise
1804	   0	88.0	88.0	 621	OK
1805	   0	86.0	86.0	 641	OK
1806	   0	84.9	84.9	 674	OK
1807	4000	92.3	92.3	 740	high noise
1808	   0	83.3	83.3	 667	OK
1809	   0	87.7	87.7	 659	OK
1810	   0	90.1	90.1	 567	OK
1811	1000	94.7	94.7	 539	unbonded
1812	   0	83.1	83.1	 610	OK
1813	4000	85.2	85.2	 751	high noise
1814	   0	91.4	91.4	 644	OK
1815	4000	96.9	96.9	 741	high noise
1816	   0	93.6	93.6	 640	OK
1817	   0	95.8	95.8	 697	OK
1818	4000	83.3	83.3	 720	high noise
1819	   0	88.0	88.0	 697	OK
1820	   0	90.2	90.2	 637	OK
1821	1000	86.6	86.6	 509	unbonded
1822	   0	90.9	90.9	 639	OK
1823	   0	97.0	97.0	 646	OK
1824	   0	92.6	92.6	 673	OK
1825	   0	85.0	85.0	 637	OK
1826	4000	86.0	86.0	 750	high noise
1827	   0	93.5	93.5	 656	OK
1828	   0	86.8	86.8	 699	OK
1829	   0	95.2	95.2	 707	OK
1830	   0	95.2	95.2	 634	OK
1831	   0	92.5	92.5	 705	OK
1832	1000	81.6	81.6	 539	unbonded
1833	1000	91.3	91.3	 539	unbonded
1834	   0	86.0	86.0	 617	OK
1835	   0	91.0	91.0	 593	OK
1836	1000	79.3	79.3	 525	unbonded
1837	   0	91.7	91.7	 630	OK
1838	   0	92.3	92.3	 646	OK
1839	4000	87.5	87.5	 725	high noise
1840	   0	86.7	86.7	 583	OK
1841	4000	83.5	83.5	 733	high noise
1842	   0	88.3	88.3	 659	OK
1843	   0	86.7	86.7	 659	OK
1844	   0	90.9	90.9	 600	OK
1845	   0	93.8	93.8	 571	OK
1846	   0	98.4	98.4	 641	OK
1847	   0	92.6	92.6	 571	OK
1848	1000	81.6	81.6	 447	unbonded
1849	   0	92.8	92.8	 620	OK
1850	   0	82.1	82.1	 586	OK
1851	   0	87.4	87.4	 588	OK
1852	   0	85.9	85.9	 613	OK
1853	   0	92.5	92.5	 620	OK
1854	   0	87.8	87.8	 621	OK
1855	   0	84.6	84.6	 618	OK
1856	   0	93.3	93.3	 663	OK
1857	   0	91.2	91.2	 602	OK
1858	   0	91.4	91.4	 673	OK
1859	   0	90.9	90.9	 601	OK
1860	   0	83.8	83.8	 575	OK
1861	1000	89.0	89.0	 478	unbonded
1862	   0	92.5	92.5	 584	OK
1863	   0	84.3	84.3	 617	OK
1864	1000	89.5	89.5	 510	unbonded
1865	   0	86.8	86.8	 711	OK
1866	1000	88.8	88.8	 487	unbonded
1867	   0	86.5	86.5	 654	OK
1868	4000	86.4	86.4	 729	high noise
1869	   0	94.9	94.9	 645	OK
1870	   0	88.9	88.9	 627	OK
1871	   0	91.4	91.4	 584	OK
1872	   0	88.2	88.2	 602	OK
1873	   0	89.8	89.8	 570	OK
1874	   0	85.8	85.8	 598	OK
1875	   0	98.2	98.2	 659	OK
1876	   0	80.2	80.2	 636	OK
1877	   0	87.8	87.8	 710	OK
1878	1000	91.1	91.1	 501	unbonded
1879	1000	87.3	87.3	 501	unbonded
1880	   0	88.3	88.3	 639	OK
1881	   0	97.8	97.8	 615	OK
1882	   0	89.8	89.8	 570	OK
1883	   0	89.7	89.7	 694	OK
1884	   0	92.0	92.0	 550	OK
1885	4000	85.8	85.8	 722	high noise
1886	1000	91.5	91.5	 509	unbonded
1887	   0	89.0	89.0	 700	OK
1888	   0	85.3	85.3	 680	OK
1889	   0	91.7	91.7	 644	OK
1890	1000	90.0	90.0	 520	unbonded
1891	   0	88.2	88.2	 626	OK
1892	   0	94.4	94.4	 633	OK
1893	   0	78.3	78.3	 659	OK
1894	   0	86.3	86.3	 605	OK
1895	   0	88.9	88.9	 634	OK
1896	   0	87.4	87.4	 616	OK
1897	   0	84.1	84.1	 618	OK
1898	   0	96.9	96.9	 606	OK
1899	4000	81.5	81.5	 749	high noise
1900	   0	89.7	89.7	 649	OK
1901	   0	88.5	88.5	 639	OK
1902	   0	97.1	97.1	 663	OK
1903	   0	97.0	97.0	 713	OK
1904	   0	85.2	85.2	 612	OK
1905	   0	85.5	85.5	 670	OK
1906	1000	87.9	87.9	 511	unbonded
1907	   0	87.8	87.8	 601	OK
1908	   0	83.3	83.3	 565	OK
1909	   0	102.1	102.1	 637	OK
1910	   0	90.0	90.0	 555	OK
1911	   0	90.1	90.1	 649	OK
1912	   0	82.1	82.1	 594	OK
1913	1000	90.2	90.2	 468	unbonded
1914	   0	87.3	87.3	 715	OK
1915	4000	92.2	92.2	 771	high noise
1916	1000	85.1	85.1	 491	unbonded
1917	   0	89.7	89.7	 660	OK
1918	1000	82.9	82.9	 469	unbonded
1919	4000	84.0	84.0	 859	high noise
1920	   0	88.3	88.3	 607	OK
1921	   0	79.5	79.5	 669	OK
1922	   0	85.6	85.6	 609	OK
1923	   0	86.3	86.3	 612	OK
1924	   0	87.1	87.1	 596	OK
1925	   0	84.6	84.6	 574	OK
1926	   0	91.5	91.5	 681	OK
1927	   0	83.4	83.4	 612	OK
1928	   0	86.1	86.1	 591	OK
1929	   0	89.4	89.4	 603	OK
1930	1000	79.3	79.3	 373	unbonded
1931	   0	89.8	89.8	 699	OK
1932	   0	88.8	88.8	 546	OK
1933	   0	89.2	89.2	 622	OK
1934	   0	82.2	82.2	 710	OK
1935	   0	87.6	87.6	 617	OK
1936	   0	87.7	87.7	 690	OK
1937	   0	93.1	93.1	 676	OK
1938	   0	91.8	91.8	 581	OK
1939	   0	93.4	93.4	 554	OK
1940	   0	84.0	84.0	 642	OK
1941	   0	93.9	93.9	 604	OK
1942	   0	86.5	86.5	 673	OK
1943	4000	82.7	82.7	 767	high noise
1944	   0	87.0	87.0	 554	OK
1945	   0	85.2	85.2	 589	OK
1946	4000	87.8	87.8	 731	high noise
1947	   0	87.6	87.6	 622	OK
1948	   0	86.3	86.3	 580	OK
1949	   0	83.8	83.8	 676	OK
1950	4000	84.4	84.4	 723	high noise
1951	   0	84.5	84.5	 612	OK
1952	1000	87.3	87.3	 527	unbonded
1953	   0	79.9	79.9	 640	OK
1954	   0	85.5	85.5	 596	OK
1955	   0	89.1	89.1	 599	OK
1956	1000	93.3	93.3	 509	unbonded
1957	   0	84.0	84.0	 661	OK
1958	   0	89.0	89.0	 647	OK
1959	   0	89.1	89.1	 615	OK
1960	   0	88.4	88.4	 652	OK
1961	   0	83.2	83.2	 626	OK
1962	1000	85.1	85.1	 485	unbonded
1963	   0	84.8	84.8	 550	OK
1964	   0	87.2	87.2	 636	OK
1965	   0	87.7	87.7	 656	OK
1966	   0	84.5	84.5	 638	OK
1967	1000	90.1	90.1	 532	unbonded
1968	1000	88.5	88.5	 450	unbonded
1969	   0	87.6	87.6	 597	OK
1970	   0	91.8	91.8	 612	OK
1971	4000	84.6	84.6	 733	high noise
1972	   0	86.9	86.9	 563	OK
1973	   0	87.3	87.3	 705	OK
1974	   0	86.6	86.6	 558	OK
1975	1000	89.2	89.2	 480	unbonded
1976	   0	90.2	90.2	 602	OK
1977	   0	81.6	81.6	 672	OK
1978	   0	82.9	82.9	 590	OK
1979	4000	86.4	86.4	 730	high noise
1980	   0	93.6	93.6	 625	OK
1981	   0	89.1	89.1	 657	OK
1982	   0	88.7	88.7	 674	OK
1983	   0	83.0	83.0	 600	OK
1984	   0	86.6	86.6	 676	OK
1985	   0	87.6	87.6	 659	OK
1986	4000	86.0	86.0	 772	high noise
1987	4000	85.3	85.3	 829	high noise
1988	   0	81.6	81.6	 552	OK
1989	   0	85.9	85.9	 707	OK
1990	   0	84.2	84.2	 633	OK
1991	   0	86.4	86.4	 640	OK
1992	   0	90.8	90.8	 704	OK
1993	   0	85.1	85.1	 564	OK
1994	1000	92.8	92.8	 478	unbonded
1995	   0	83.3	83.3	 622	OK
1996	   0	87.8	87.8	 596	OK
1997	   0	91.6	91.6	 581	OK
1998	   0	84.0	84.0	 589	OK
1999	   0	81.5	81.5	 691	OK
2000	   0	91.3	91.3	 602	OK
2001	   0	95.1	95.1	 663	OK
2002	1000	85.5	85.5	 489	unbonded
2003	   0	87.3	87.3	 682	OK
2004	1000	85.7	85.7	 504	unbonded
2005	   0	85.3	85.3	 673	OK
2006	1000	88.3	88.3	 517	unbonded
2007	4000	85.2	85.2	 721	high noise
2008	   0	93.2	93.2	 620	OK
2009	   0	95.5	95.5	 625	OK
2010	1000	88.2	88.2	 465	unbonded
2011	4000	85.5	85.5	 738	high noise
2012	   0	87.2	87.2	 607	OK
2013	   0	87.9	87.9	 623	OK
2014	   0	90.0	90.0	 578	OK
2015	   0	86.3	86.3	 624	OK
2016	   0	88.3	88.3	 620	OK
2017	   0	93.3	93.3	 591	OK
2018	1000	87.8	87.8	 465	unbonded
2019	1000	84.3	84.3	 530	unbonded
2020	   0	88.5	88.5	 617	OK
2021	1000	83.7	83.7	 438	unbonded
2022	4000	83.4	83.4	 757	high noise
2023	   0	85.1	85.1	 664	OK
2024	   0	91.5	91.5	 576	OK
2025	1000	82.8	82.8	 517	unbonded
2026	   0	91.0	91.0	 597	OK
2027	   0	90.9	90.9	 694	OK
2028	   0	92.1	92.1	 674	OK
2029	   0	84.4	84.4	 686	OK
2030	1000	92.7	92.7	 539	unbonded
2031	   0	86.1	86.1	 628	OK
2032	   0	89.1	89.1	 597	OK
2033	   0	83.4	83.4	 622	OK
2034	1000	89.4	89.4	 436	unbonded
2035	4000	87.1	87.1	 763	high noise
2036	1000	90.1	90.1	 534	unbonded
2037	4000	91.2	91.2	 730	high noise
2038	   0	83.0	83.0	 654	OK
2039	   0	85.0	85.0	 685	OK
2040	   0	89.3	89.3	 679	OK
2041	   0	86.8	86.8	 580	OK
2042	   0	88.2	88.2	 636	OK
2043	   0	81.5	81.5	 616	OK
2044	4000	91.4	91.4	 755	high noise
2045	   0	79.3	79.3	 672	OK
2046	   0	91.5	91.5	 577	OK
2047	   0	86.9	86.9	 677	OK
2048	4000	78.2	78.2	 719	high noise
2049	4000	86.0	86.0	 711	high noise
2050	4000	79.9	79.9	 712	high noise
2051	4000	86.2	86.2	 701	high noise
2052	   0	84.9	84.9	 602	OK
2053	   0	90.7	90.7	 597	OK
2054	   0	83.9	83.9	 598	OK
2055	8000	78.1	78.1	 540	partbonded
2056	   0	80.2	80.2	 636	OK
2057	   0	80.9	80.9	 596	OK
2058	1000	89.4	89.4	 511	unbonded
2059	1000	84.3	84.3	 528	unbonded
2060	   0	81.7	81.7	 556	OK
2061	1000	90.5	90.5	 490	unbonded
2062	   0	88.4	88.4	 569	OK
2063	   0	87.4	87.4	 652	OK
2064	   0	84.2	84.2	 580	OK
2065	   0	84.4	84.4	 597	OK
2066	   0	79.3	79.3	 662	OK
2067	   0	88.0	88.0	 640	OK
2068	   0	81.4	81.4	 685	OK
2069	4000	84.4	84.4	 703	high noise
2070	1000	75.7	75.7	 478	unbonded
2071	4000	83.9	83.9	 720	high noise
2072	4000	82.8	82.8	 773	high noise
2073	   0	76.4	76.4	 625	OK
2074	   0	81.0	81.0	 582	OK
2075	   0	79.6	79.6	 554	OK
2076	   0	88.6	88.6	 584	OK
2077	   0	86.4	86.4	 579	OK
2078	   0	74.8	74.8	 553	OK
2079	   0	83.6	83.6	 557	OK
2080	   0	87.2	87.2	 559	OK
2081	4000	85.5	85.5	 814	high noise
2082	   0	80.7	80.7	 621	OK
2083	   0	88.2	88.2	 572	OK
2084	   0	80.8	80.8	 674	OK
2085	   0	76.3	76.3	 646	OK
2086	1000	79.1	79.1	 495	unbonded
2087	1000	84.6	84.6	 524	unbonded
2088	   0	84.4	84.4	 650	OK
2089	1000	86.9	86.9	 455	unbonded
2090	   0	87.5	87.5	 648	OK
2091	   0	88.1	88.1	 546	OK
2092	   0	87.4	87.4	 589	OK
2093	   0	84.7	84.7	 601	OK
2094	   0	78.4	78.4	 545	OK
2095	   0	83.1	83.1	 580	OK
2096	   0	86.1	86.1	 686	OK
2097	   0	83.7	83.7	 669	OK
2098	   0	85.8	85.8	 561	OK
2099	1000	77.2	77.2	 488	unbonded
2100	   0	80.8	80.8	 581	OK
2101	   0	84.6	84.6	 682	OK
2102	1000	83.0	83.0	 531	unbonded
2103	4000	84.7	84.7	 694	high noise
2104	   0	84.7	84.7	 593	OK
2105	1000	91.3	91.3	 485	unbonded
2106	   0	83.2	83.2	 567	OK
2107	1000	91.7	91.7	 495	unbonded
2108	1000	86.1	86.1	 502	unbonded
2109	   0	80.2	80.2	 660	OK
2110	1000	79.1	79.1	 537	unbonded
2111	   0	91.9	91.9	 647	OK
2112	1000	94.5	94.5	 483	unbonded
2113	   0	81.9	81.9	 630	OK
2114	1000	86.6	86.6	 525	unbonded
2115	   0	88.5	88.5	 573	OK
2116	1000	81.4	81.4	 513	unbonded
2117	   0	82.8	82.8	 587	OK
2118	   0	89.4	89.4	 600	OK
2119	   0	85.8	85.8	 654	OK
2120	1000	85.7	85.7	 432	unbonded
2121	4000	86.5	86.5	 756	high noise
2122	   0	85.6	85.6	 542	OK
2123	4000	82.1	82.1	 790	high noise
2124	4000	85.4	85.4	 725	high noise
2125	   0	81.7	81.7	 675	OK
2126	   0	88.1	88.1	 585	OK
2127	   0	81.2	81.2	 599	OK
2128	   0	83.8	83.8	 650	OK
2129	1000	81.7	81.7	 423	unbonded
2130	   0	82.8	82.8	 631	OK
2131	   0	79.9	79.9	 641	OK
2132	   0	87.9	87.9	 580	OK
2133	   0	84.8	84.8	 644	OK
2134	   0	80.4	80.4	 642	OK
2135	   0	88.7	88.7	 546	OK
2136	   0	97.5	97.5	 604	OK
2137	4000	85.2	85.2	 708	high noise
2138	   0	80.5	80.5	 545	OK
2139	   0	83.3	83.3	 677	OK
2140	1000	84.2	84.2	 487	unbonded
2141	   0	84.4	84.4	 635	OK
2142	   0	77.9	77.9	 583	OK
2143	   0	90.3	90.3	 581	OK
2144	   0	90.8	90.8	 618	OK
2145	1000	91.9	91.9	 378	unbonded
2146	   0	88.8	88.8	 561	OK
2147	1000	87.4	87.4	 517	unbonded
2148	   0	81.2	81.2	 574	OK
2149	   0	86.9	86.9	 561	OK
2150	   0	83.6	83.6	 615	OK
2151	1000	89.4	89.4	 468	unbonded
2152	   0	90.5	90.5	 580	OK
2153	   0	84.5	84.5	 582	OK
2154	1000	81.6	81.6	 468	unbonded
2155	1000	88.2	88.2	 473	unbonded
2156	   0	88.2	88.2	 617	OK
2157	4000	88.9	88.9	 722	high noise
2158	4000	84.6	84.6	 722	high noise
2159	   0	78.4	78.4	 630	OK
2160	   0	83.1	83.1	 635	OK
2161	   0	84.1	84.1	 618	OK
2162	   0	84.0	84.0	 573	OK
2163	   0	75.1	75.1	 657	OK
2164	   0	86.5	86.5	 634	OK
2165	   0	89.5	89.5	 614	OK
2166	   0	86.3	86.3	 607	OK
2167	   0	83.8	83.8	 573	OK
2168	1000	85.6	85.6	 522	unbonded
2169	   0	82.8	82.8	 647	OK
2170	   0	88.3	88.3	 650	OK
2171	   0	89.5	89.5	 580	OK
2172	   0	82.3	82.3	 590	OK
2173	   0	89.1	89.1	 643	OK
2174	1000	87.0	87.0	 522	unbonded
2175	4000	91.0	91.0	 716	high noise
2176	   0	78.6	78.6	 603	OK
2177	   0	81.4	81.4	 555	OK
2178	   0	84.0	84.0	 669	OK
2179	   0	87.4	87.4	 647	OK
2180	1000	78.8	78.8	 540	unbonded
2181	4000	73.7	73.7	 709	high noise
2182	1000	86.9	86.9	 524	unbonded
2183	4000	86.6	86.6	 708	high noise
2184	   0	85.4	85.4	 580	OK
2185	   0	80.6	80.6	 602	OK
2186	4000	81.6	81.6	 800	high noise
2187	   0	80.6	80.6	 697	OK
2188	   0	79.7	79.7	 546	OK
2189	   0	85.4	85.4	 579	OK
2190	   0	89.1	89.1	 554	OK
2191	1000	79.9	79.9	 485	unbonded
2192	   0	85.0	85.0	 546	OK
2193	4000	87.9	87.9	 749	high noise
2194	   0	83.7	83.7	 559	OK
2195	1000	86.4	86.4	 527	unbonded
2196	   0	83.6	83.6	 640	OK
2197	   0	86.2	86.2	 684	OK
2198	4000	87.6	87.6	 723	high noise
2199	   0	87.3	87.3	 546	OK
2200	   0	82.9	82.9	 624	OK
2201	1000	88.9	88.9	 521	unbonded
2202	   0	79.7	79.7	 569	OK
2203	   0	85.3	85.3	 584	OK
2204	1000	81.3	81.3	 442	unbonded
2205	4000	83.7	83.7	 717	high noise
2206	1000	79.7	79.7	 536	unbonded
2207	   0	89.0	89.0	 554	OK
2208	   0	87.2	87.2	 571	OK
2209	   0	83.1	83.1	 699	OK
2210	1000	80.7	80.7	 536	unbonded
2211	   0	82.4	82.4	 665	OK
2212	   0	87.5	87.5	 634	OK
2213	   0	82.7	82.7	 601	OK
2214	   0	82.4	82.4	 677	OK
2215	1000	86.5	86.5	 511	unbonded
2216	   0	82.6	82.6	 612	OK
2217	1000	87.8	87.8	 495	unbonded
2218	   0	76.2	76.2	 580	OK
2219	   0	84.9	84.9	 654	OK
2220	   0	86.5	86.5	 592	OK
2221	   0	84.1	84.1	 627	OK
2222	4000	87.5	87.5	 753	high noise
2223	   0	85.3	85.3	 680	OK
2224	1000	88.6	88.6	 508	unbonded
2225	   0	77.5	77.5	 576	OK
2226	4000	87.2	87.2	 775	high noise
2227	4000	73.6	73.6	 715	high noise
2228	1000	83.2	83.2	 531	unbonded
2229	   0	82.5	82.5	 675	OK
2230	   0	83.4	83.4	 698	OK
2231	   0	82.2	82.2	 613	OK
2232	1000	85.4	85.4	 470	unbonded
2233	4000	84.4	84.4	 826	high noise
2234	   0	81.0	81.0	 695	OK
2235	   0	88.2	88.2	 572	OK
2236	   0	87.5	87.5	 625	OK
2237	4000	86.1	86.1	 735	high noise
2238	   0	75.8	75.8	 573	OK
2239	   0	93.0	93.0	 582	OK
2240	1000	82.5	82.5	 537	unbonded
2241	4000	82.2	82.2	 787	high noise
2242	4000	81.4	81.4	 732	high noise
2243	   0	85.0	85.0	 579	OK
2244	1000	82.9	82.9	 467	unbonded
2245	   0	80.3	80.3	 693	OK
2246	   0	82.6	82.6	 704	OK
2247	   0	87.6	87.6	 586	OK
2248	   0	81.7	81.7	 619	OK
2249	   0	79.6	79.6	 568	OK
2250	   0	78.4	78.4	 557	OK
2251	   0	76.5	76.5	 615	OK
2252	   0	85.0	85.0	 664	OK
2253	4000	80.6	80.6	 710	high noise
2254	   0	85.2	85.2	 544	OK
2255	   0	91.5	91.5	 617	OK
2256	   0	80.0	80.0	 587	OK
2257	   0	81.1	81.1	 641	OK
2258	   0	75.7	75.7	 555	OK
2259	   0	81.5	81.5	 621	OK
2260	   0	80.1	80.1	 565	OK
2261	   0	83.9	83.9	 547	OK
2262	   0	78.3	78.3	 629	OK
2263	   0	90.4	90.4	 570	OK
2264	   0	81.1	81.1	 693	OK
2265	   0	71.5	71.5	 595	OK
2266	   0	80.4	80.4	 587	OK
2267	   0	76.5	76.5	 664	OK
2268	1000	82.9	82.9	 513	unbonded
2269	   0	82.2	82.2	 556	OK
2270	   0	85.8	85.8	 650	OK
2271	   0	83.6	83.6	 637	OK
2272	1000	82.9	82.9	 523	unbonded
2273	   0	77.9	77.9	 617	OK
2274	1000	77.2	77.2	 513	unbonded
2275	   0	81.5	81.5	 641	OK
2276	   0	79.7	79.7	 664	OK
2277	   0	85.9	85.9	 686	OK
2278	1000	80.6	80.6	 514	unbonded
2279	4000	78.6	78.6	 708	high noise
2280	1000	77.0	77.0	 523	unbonded
2281	   0	86.9	86.9	 690	OK
2282	   0	81.2	81.2	 615	OK
2283	   0	81.9	81.9	 579	OK
2284	   0	82.9	82.9	 588	OK
2285	4000	79.9	79.9	 741	high noise
2286	1000	79.8	79.8	 530	unbonded
2287	   0	81.5	81.5	 662	OK
2288	1000	80.3	80.3	 488	unbonded
2289	   0	82.9	82.9	 660	OK
2290	4000	84.7	84.7	 713	high noise
2291	1000	85.2	85.2	 534	unbonded
2292	   0	77.9	77.9	 703	OK
2293	4000	75.5	75.5	 738	high noise
2294	1000	81.4	81.4	 539	unbonded
2295	4000	75.8	75.8	 769	high noise
2296	   0	76.8	76.8	 633	OK
2297	4000	83.4	83.4	 817	high noise
2298	   0	75.3	75.3	 574	OK
2299	   0	80.7	80.7	 642	OK
2300	   0	82.7	82.7	 573	OK
2301	   0	82.8	82.8	 583	OK
2302	   0	84.2	84.2	 590	OK
2303	1000	85.7	85.7	 425	unbonded
2304	4000	86.6	86.6	 722	high noise
2305	   0	79.6	79.6	 628	OK
2306	   0	89.6	89.6	 592	OK
2307	   0	84.6	84.6	 698	OK
2308	   0	77.3	77.3	 644	OK
2309	   0	91.1	91.1	 602	OK
2310	   0	82.0	82.0	 566	OK
2311	1000	80.5	80.5	 529	unbonded
2312	   0	85.9	85.9	 591	OK
2313	   0	89.2	89.2	 617	OK
2314	   0	87.4	87.4	 654	OK
2315	   0	86.6	86.6	 699	OK
2316	   0	86.5	86.5	 624	OK
2317	   0	80.6	80.6	 596	OK
2318	   0	86.0	86.0	 572	OK
2319	1000	82.9	82.9	 511	unbonded
2320	   0	86.0	86.0	 609	OK
2321	   0	83.1	83.1	 648	OK
2322	1000	78.6	78.6	 504	unbonded
2323	   0	91.5	91.5	 691	OK
2324	   0	85.5	85.5	 680	OK
2325	4000	83.7	83.7	 736	high noise
2326	   0	78.4	78.4	 554	OK
2327	   0	83.1	83.1	 649	OK
2328	   0	80.7	80.7	 620	OK
2329	1000	78.4	78.4	 528	unbonded
2330	4000	84.2	84.2	 748	high noise
2331	4000	79.6	79.6	 728	high noise
2332	   0	82.0	82.0	 719	OK
2333	   0	76.5	76.5	 655	OK
2334	   0	85.7	85.7	 582	OK
2335	1000	84.4	84.4	 523	unbonded
2336	1000	83.6	83.6	 520	unbonded
2337	   0	78.0	78.0	 693	OK
2338	   0	86.0	86.0	 579	OK
2339	   0	83.1	83.1	 562	OK
2340	   0	77.7	77.7	 614	OK
2341	4000	85.8	85.8	 736	high noise
2342	   0	78.5	78.5	 622	OK
2343	   0	76.6	76.6	 565	OK
2344	   0	80.3	80.3	 687	OK
2345	   0	76.5	76.5	 671	OK
2346	   0	80.5	80.5	 585	OK
2347	   0	83.9	83.9	 654	OK
2348	   0	81.7	81.7	 694	OK
2349	4000	84.3	84.3	 782	high noise
2350	   0	89.2	89.2	 667	OK
2351	   0	88.2	88.2	 670	OK
2352	   0	82.9	82.9	 680	OK
2353	4000	77.4	77.4	 728	high noise
2354	   0	88.1	88.1	 643	OK
2355	   0	81.7	81.7	 701	OK
2356	   0	80.5	80.5	 611	OK
2357	   0	83.9	83.9	 655	OK
2358	   0	85.4	85.4	 632	OK
2359	   0	84.3	84.3	 676	OK
2360	   0	81.1	81.1	 699	OK
2361	   0	77.6	77.6	 590	OK
2362	   0	86.6	86.6	 561	OK
2363	   0	89.5	89.5	 664	OK
2364	   0	83.0	83.0	 674	OK
2365	   0	80.1	80.1	 683	OK
2366	   0	85.7	85.7	 691	OK
2367	   0	90.7	90.7	 635	OK
2368	   0	83.8	83.8	 690	OK
2369	   0	87.4	87.4	 632	OK
2370	   0	89.7	89.7	 556	OK
2371	   0	87.0	87.0	 714	OK
2372	   0	85.4	85.4	 701	OK
2373	   0	80.6	80.6	 716	OK
2374	   0	85.1	85.1	 571	OK
2375	   0	85.2	85.2	 578	OK
2376	   0	83.9	83.9	 623	OK
2377	   0	78.4	78.4	 676	OK
2378	   0	89.6	89.6	 670	OK
2379	   0	84.6	84.6	 700	OK
2380	   0	80.4	80.4	 559	OK
2381	   0	78.7	78.7	 702	OK
2382	   0	85.7	85.7	 570	OK
2383	   0	76.8	76.8	 603	OK
2384	   0	86.7	86.7	 582	OK
2385	   0	85.4	85.4	 707	OK
2386	   0	84.0	84.0	 554	OK
2387	   0	78.9	78.9	 635	OK
2388	   0	81.6	81.6	 551	OK
2389	   0	81.5	81.5	 613	OK
2390	   0	84.9	84.9	 585	OK
2391	   0	81.7	81.7	 581	OK
2392	   0	84.1	84.1	 714	OK
2393	   0	82.1	82.1	 630	OK
2394	   0	81.9	81.9	 705	OK
2395	1000	82.8	82.8	 534	unbonded
2396	   0	80.5	80.5	 546	OK
2397	   0	81.7	81.7	 561	OK
2398	   0	87.3	87.3	 619	OK
2399	   0	80.4	80.4	 669	OK
2400	   0	77.0	77.0	 632	OK
2401	   0	84.3	84.3	 633	OK
2402	   0	84.1	84.1	 648	OK
2403	   0	84.5	84.5	 619	OK
2404	   0	86.5	86.5	 558	OK
2405	   0	80.5	80.5	 685	OK
2406	   0	82.7	82.7	 594	OK
2407	   0	80.1	80.1	 599	OK
2408	   0	85.5	85.5	 610	OK
2409	   0	80.8	80.8	 622	OK
2410	1000	78.9	78.9	 493	unbonded
2411	   0	82.1	82.1	 585	OK
2412	   0	77.5	77.5	 663	OK
2413	1000	81.9	81.9	 539	unbonded
2414	   0	84.6	84.6	 598	OK
2415	   0	83.0	83.0	 639	OK
2416	1000	82.6	82.6	 532	unbonded
2417	   0	87.2	87.2	 655	OK
2418	   0	80.5	80.5	 594	OK
2419	   0	80.8	80.8	 547	OK
2420	   0	79.4	79.4	 662	OK
2421	8000	81.8	81.8	 541	partbonded
2422	1000	80.2	80.2	 500	unbonded
2423	   0	88.1	88.1	 682	OK
2424	   0	76.7	76.7	 570	OK
2425	   0	86.7	86.7	 567	OK
2426	   0	85.4	85.4	 715	OK
2427	   0	76.8	76.8	 652	OK
2428	   0	85.4	85.4	 635	OK
2429	1000	75.6	75.6	 374	unbonded
2430	   0	80.5	80.5	 676	OK
2431	4000	81.0	81.0	 825	high noise
2432	   0	85.2	85.2	 624	OK
2433	   0	92.5	92.5	 664	OK
2434	   0	87.8	87.8	 651	OK
2435	   0	86.8	86.8	 718	OK
2436	   0	86.9	86.9	 548	OK
2437	4000	83.7	83.7	 828	high noise
2438	   0	91.3	91.3	 696	OK
2439	   0	86.7	86.7	 666	OK
2440	   0	78.2	78.2	 571	OK
2441	   0	86.1	86.1	 665	OK
2442	   0	85.7	85.7	 718	OK
2443	   0	87.2	87.2	 556	OK
2444	   0	84.6	84.6	 589	OK
2445	   0	78.3	78.3	 546	OK
2446	   0	79.7	79.7	 564	OK
2447	   0	82.4	82.4	 593	OK
2448	   0	83.3	83.3	 642	OK
2449	4000	84.3	84.3	 840	high noise
2450	   0	89.6	89.6	 668	OK
2451	4000	87.6	87.6	 748	high noise
2452	1000	89.5	89.5	 523	unbonded
2453	   0	82.8	82.8	 627	OK
2454	1000	84.6	84.6	 507	unbonded
2455	   0	86.4	86.4	 694	OK
2456	   0	83.4	83.4	 603	OK
2457	   0	87.2	87.2	 665	OK
2458	1000	88.7	88.7	 527	unbonded
2459	   0	81.1	81.1	 621	OK
2460	1000	81.9	81.9	 478	unbonded
2461	   0	84.1	84.1	 612	OK
2462	   0	84.3	84.3	 654	OK
2463	   0	81.5	81.5	 616	OK
2464	   0	85.5	85.5	 566	OK
2465	   0	79.9	79.9	 605	OK
2466	   0	88.7	88.7	 599	OK
2467	   0	82.0	82.0	 613	OK
2468	1000	83.4	83.4	 530	unbonded
2469	   0	81.8	81.8	 612	OK
2470	   0	78.9	78.9	 601	OK
2471	   0	90.9	90.9	 680	OK
2472	   0	83.7	83.7	 593	OK
2473	   0	84.8	84.8	 608	OK
2474	   0	92.9	92.9	 637	OK
2475	   0	81.7	81.7	 695	OK
2476	   0	81.7	81.7	 701	OK
2477	   0	81.7	81.7	 603	OK
2478	   0	86.4	86.4	 637	OK
2479	   0	88.3	88.3	 553	OK
2480	   0	84.8	84.8	 658	OK
2481	   0	85.6	85.6	 647	OK
2482	   0	88.1	88.1	 616	OK
2483	1000	82.2	82.2	 536	unbonded
2484	   0	83.7	83.7	 649	OK
2485	   0	86.0	86.0	 702	OK
2486	4000	85.5	85.5	 762	high noise
2487	   0	78.7	78.7	 684	OK
2488	   0	83.3	83.3	 638	OK
2489	   0	85.7	85.7	 621	OK
2490	   0	83.3	83.3	 548	OK
2491	   0	85.9	85.9	 670	OK
2492	   0	84.1	84.1	 632	OK
2493	   0	89.4	89.4	 558	OK
2494	   0	96.1	96.1	 709	OK
2495	   0	89.7	89.7	 637	OK
2496	   0	88.7	88.7	 631	OK
2497	   0	83.8	83.8	 547	OK
2498	   0	82.7	82.7	 634	OK
2499	   0	81.2	81.2	 647	OK
2500	1000	86.0	86.0	 447	unbonded
2501	   0	87.5	87.5	 652	OK
2502	   0	82.2	82.2	 614	OK
2503	   0	93.2	93.2	 649	OK
2504	   0	87.8	87.8	 617	OK
2505	   0	84.6	84.6	 717	OK
2506	1000	88.8	88.8	 535	unbonded
2507	   0	82.4	82.4	 571	OK
2508	1000	84.2	84.2	 473	unbonded
2509	   0	83.8	83.8	 682	OK
2510	   0	84.9	84.9	 545	OK
2511	   0	80.9	80.9	 673	OK
2512	   0	79.9	79.9	 677	OK
2513	4000	76.4	76.4	 730	high noise
2514	   0	88.1	88.1	 643	OK
2515	   0	78.1	78.1	 552	OK
2516	   0	72.7	72.7	 635	OK
2517	   0	78.1	78.1	 686	OK
2518	   0	81.7	81.7	 678	OK
2519	   0	83.8	83.8	 715	OK
2520	   0	88.1	88.1	 585	OK
2521	   0	82.9	82.9	 583	OK
2522	   0	83.4	83.4	 719	OK
2523	   0	83.8	83.8	 642	OK
2524	1000	84.2	84.2	 452	unbonded
2525	4000	89.1	89.1	 777	high noise
2526	   0	81.2	81.2	 615	OK
2527	4000	86.8	86.8	 737	high noise
2528	1000	80.2	80.2	 524	unbonded
2529	   0	84.2	84.2	 718	OK
2530	   0	80.7	80.7	 565	OK
2531	   0	87.9	87.9	 659	OK
2532	   0	84.6	84.6	 588	OK
2533	   0	90.1	90.1	 556	OK
2534	   0	89.1	89.1	 677	OK
2535	   0	80.5	80.5	 657	OK
2536	   0	83.3	83.3	 623	OK
2537	   0	81.9	81.9	 644	OK
2538	   0	80.7	80.7	 603	OK
2539	   0	91.1	91.1	 672	OK
2540	1000	80.3	80.3	 501	unbonded
2541	4000	82.8	82.8	 740	high noise
2542	   0	86.0	86.0	 611	OK
2543	   0	87.6	87.6	 593	OK
2544	   0	81.4	81.4	 586	OK
2545	1000	87.2	87.2	 528	unbonded
2546	1000	81.8	81.8	 358	unbonded
2547	   0	83.0	83.0	 570	OK
2548	   0	76.5	76.5	 599	OK
2549	   0	86.6	86.6	 711	OK
2550	   0	81.7	81.7	 629	OK
2551	4000	78.9	78.9	 773	high noise
2552	   0	81.6	81.6	 641	OK
2553	   0	78.9	78.9	 692	OK
2554	   0	84.0	84.0	 611	OK
2555	   0	94.8	94.8	 559	OK
2556	   0	84.7	84.7	 628	OK
2557	   0	84.5	84.5	 705	OK
2558	   0	81.7	81.7	 686	OK
2559	4000	84.7	84.7	 724	high noise
