#chan	code	gain	offset	innse	comment
   0	4000	77.7	77.7	 867	high noise
   1	   0	82.4	82.4	 744	OK
   2	   0	87.0	87.0	 662	OK
   3	   0	75.7	75.7	 738	OK
   4	   0	79.7	79.7	 655	OK
   5	   0	78.8	78.8	 642	OK
   6	   0	77.6	77.6	 779	OK
   7	   0	81.9	81.9	 735	OK
   8	   0	76.3	76.3	 753	OK
   9	   0	78.8	78.8	 736	OK
  10	   0	84.4	84.4	 745	OK
  11	   0	74.8	74.8	 654	OK
  12	   0	83.0	83.0	 644	OK
  13	   0	82.0	82.0	 717	OK
  14	   0	79.2	79.2	 669	OK
  15	   0	76.4	76.4	 816	OK
  16	   0	78.3	78.3	 751	OK
  17	   0	82.5	82.5	 771	OK
  18	   0	83.2	83.2	 766	OK
  19	   0	76.8	76.8	 809	OK
  20	   0	80.8	80.8	 622	OK
  21	   0	86.4	86.4	 624	OK
  22	   0	80.4	80.4	 630	OK
  23	   0	76.8	76.8	 697	OK
  24	   0	80.9	80.9	 670	OK
  25	   0	81.9	81.9	 804	OK
  26	   0	74.7	74.7	 819	OK
  27	   0	82.8	82.8	 744	OK
  28	   0	81.3	81.3	 709	OK
  29	   0	71.4	71.4	 689	OK
  30	   0	79.2	79.2	 607	OK
  31	   0	82.9	82.9	 653	OK
  32	   0	83.0	83.0	 774	OK
  33	   0	76.5	76.5	 697	OK
  34	   0	79.7	79.7	 727	OK
  35	   0	71.0	71.0	 712	OK
  36	   0	74.2	74.2	 830	OK
  37	   0	85.3	85.3	 773	OK
  38	   0	76.8	76.8	 724	OK
  39	   0	80.6	80.6	 721	OK
  40	4000	81.1	81.1	 865	high noise
  41	   0	80.7	80.7	 648	OK
  42	   0	79.3	79.3	 704	OK
  43	   0	81.6	81.6	 715	OK
  44	   0	75.9	75.9	 767	OK
  45	   0	74.6	74.6	 695	OK
  46	   0	83.5	83.5	 849	OK
  47	   0	80.2	80.2	 792	OK
  48	   0	78.5	78.5	 748	OK
  49	   0	79.6	79.6	 854	OK
  50	   0	72.0	72.0	 784	OK
  51	   0	76.2	76.2	 798	OK
  52	1000	81.8	81.8	 537	unbonded
  53	   0	80.2	80.2	 763	OK
  54	   0	83.5	83.5	 732	OK
  55	   0	88.5	88.5	 779	OK
  56	   0	80.9	80.9	 806	OK
  57	   0	85.5	85.5	 685	OK
  58	4000	93.0	93.0	 919	high noise
  59	   0	84.2	84.2	 810	OK
  60	   0	72.3	72.3	 618	OK
  61	   0	87.5	87.5	 720	OK
  62	   0	81.8	81.8	 681	OK
  63	4000	87.6	87.6	 899	high noise
  64	   0	75.8	75.8	 751	OK
  65	   0	75.7	75.7	 786	OK
  66	   0	80.4	80.4	 542	OK
  67	   0	82.5	82.5	 762	OK
  68	   0	81.7	81.7	 830	OK
  69	4000	82.4	82.4	 891	high noise
  70	   0	77.5	77.5	 795	OK
  71	   0	88.4	88.4	 799	OK
  72	   0	80.1	80.1	 732	OK
  73	   0	76.2	76.2	 804	OK
  74	   0	77.9	77.9	 689	OK
  75	   0	84.8	84.8	 761	OK
  76	4000	80.2	80.2	 896	high noise
  77	   0	82.6	82.6	 646	OK
  78	   0	82.7	82.7	 743	OK
  79	   0	82.3	82.3	 766	OK
  80	   0	87.8	87.8	 728	OK
  81	   0	74.6	74.6	 678	OK
  82	4000	85.2	85.2	 875	high noise
  83	4000	81.4	81.4	 860	high noise
  84	4000	81.5	81.5	 866	high noise
  85	   0	81.4	81.4	 655	OK
  86	   0	79.1	79.1	 770	OK
  87	   0	89.4	89.4	 678	OK
  88	1000	80.8	80.8	 462	unbonded
  89	   0	82.3	82.3	 688	OK
  90	   0	85.0	85.0	 680	OK
  91	   0	84.5	84.5	 820	OK
  92	4000	82.2	82.2	 912	high noise
  93	4000	86.5	86.5	 862	high noise
  94	   0	80.1	80.1	 774	OK
  95	   0	82.3	82.3	 782	OK
  96	   0	79.7	79.7	 783	OK
  97	   0	82.6	82.6	 709	OK
  98	   0	80.1	80.1	 699	OK
  99	   0	89.4	89.4	 672	OK
 100	   0	84.5	84.5	 829	OK
 101	   0	87.8	87.8	 826	OK
 102	4000	80.2	80.2	 884	high noise
 103	   0	81.1	81.1	 823	OK
 104	   0	80.3	80.3	 664	OK
 105	   0	81.9	81.9	 846	OK
 106	   0	76.3	76.3	 792	OK
 107	   0	83.1	83.1	 695	OK
 108	   0	75.9	75.9	 823	OK
 109	   0	90.3	90.3	 732	OK
 110	   0	77.3	77.3	 685	OK
 111	   0	79.9	79.9	 659	OK
 112	   0	86.2	86.2	 818	OK
 113	   0	77.7	77.7	 756	OK
 114	   0	87.1	87.1	 736	OK
 115	   0	81.8	81.8	 797	OK
 116	   0	83.0	83.0	 729	OK
 117	   0	85.3	85.3	 756	OK
 118	   0	72.2	72.2	 721	OK
 119	   0	79.4	79.4	 785	OK
 120	   0	81.8	81.8	 684	OK
 121	   0	84.4	84.4	 782	OK
 122	   0	78.5	78.5	 734	OK
 123	   0	82.8	82.8	 676	OK
 124	   0	79.0	79.0	 607	OK
 125	   0	75.8	75.8	 652	OK
 126	   0	82.9	82.9	 800	OK
 127	   0	73.5	73.5	 738	OK
 128	   0	91.7	91.7	 670	OK
 129	   0	85.7	85.7	 628	OK
 130	   0	95.9	95.9	 681	OK
 131	   0	89.8	89.8	 641	OK
 132	   0	87.1	87.1	 694	OK
 133	4000	87.3	87.3	 742	high noise
 134	1000	85.1	85.1	 514	unbonded
 135	4000	92.2	92.2	 779	high noise
 136	1000	91.3	91.3	 520	unbonded
 137	4000	82.2	82.2	 735	high noise
 138	   0	86.5	86.5	 644	OK
 139	   0	87.8	87.8	 671	OK
 140	1000	96.7	96.7	 504	unbonded
 141	1000	89.4	89.4	 530	unbonded
 142	   0	89.2	89.2	 598	OK
 143	   0	86.8	86.8	 593	OK
 144	   0	88.3	88.3	 645	OK
 145	   0	83.8	83.8	 686	OK
 146	   0	89.6	89.6	 650	OK
 147	4000	94.0	94.0	 748	high noise
 148	4000	87.1	87.1	 770	high noise
 149	   0	88.2	88.2	 677	OK
 150	4000	85.3	85.3	 731	high noise
 151	   0	90.9	90.9	 669	OK
 152	   0	83.9	83.9	 590	OK
 153	   0	93.2	93.2	 617	OK
 154	   0	93.2	93.2	 705	OK
 155	   0	93.4	93.4	 592	OK
 156	   0	93.8	93.8	 722	OK
 157	   0	89.3	89.3	 605	OK
 158	   0	93.3	93.3	 668	OK
 159	   0	89.8	89.8	 569	OK
 160	   0	94.8	94.8	 579	OK
 161	   0	86.6	86.6	 597	OK
 162	   0	94.2	94.2	 582	OK
 163	   0	94.8	94.8	 692	OK
 164	   0	88.0	88.0	 624	OK
 165	   0	91.7	91.7	 677	OK
 166	   0	89.6	89.6	 588	OK
 167	   0	91.0	91.0	 600	OK
 168	   0	86.2	86.2	 638	OK
 169	   0	96.8	96.8	 676	OK
 170	   0	94.6	94.6	 653	OK
 171	1000	87.1	87.1	 490	unbonded
 172	   0	94.4	94.4	 632	OK
 173	   0	93.0	93.0	 728	OK
 174	4000	84.9	84.9	 733	high noise
 175	   0	96.1	96.1	 656	OK
 176	   0	93.3	93.3	 626	OK
 177	   0	98.3	98.3	 670	OK
 178	   0	93.2	93.2	 607	OK
 179	   0	89.9	89.9	 595	OK
 180	   0	94.8	94.8	 633	OK
 181	   0	102.3	102.3	 615	OK
 182	   0	92.3	92.3	 609	OK
 183	   0	95.0	95.0	 620	OK
 184	   0	93.7	93.7	 655	OK
 185	   0	97.2	97.2	 580	OK
 186	   0	85.9	85.9	 563	OK
 187	   0	86.8	86.8	 567	OK
 188	   0	90.6	90.6	 640	OK
 189	   0	88.6	88.6	 566	OK
 190	   0	86.3	86.3	 562	OK
 191	   0	90.4	90.4	 691	OK
 192	1000	87.4	87.4	 539	unbonded
 193	   0	95.2	95.2	 679	OK
 194	1000	84.3	84.3	 499	unbonded
 195	4000	91.0	91.0	 775	high noise
 196	   0	89.1	89.1	 609	OK
 197	   0	92.0	92.0	 686	OK
 198	   0	90.4	90.4	 641	OK
 199	   0	88.0	88.0	 672	OK
 200	   0	87.2	87.2	 706	OK
 201	   0	84.7	84.7	 619	OK
 202	   0	87.4	87.4	 660	OK
 203	   0	86.8	86.8	 708	OK
 204	   0	86.4	86.4	 580	OK
 205	   0	93.7	93.7	 623	OK
 206	   0	80.0	80.0	 579	OK
 207	   0	81.8	81.8	 574	OK
 208	   0	92.3	92.3	 641	OK
 209	   0	86.6	86.6	 718	OK
 210	   0	94.3	94.3	 677	OK
 211	   0	89.7	89.7	 724	OK
 212	1000	87.6	87.6	 528	unbonded
 213	   0	84.3	84.3	 615	OK
 214	   0	91.7	91.7	 628	OK
 215	   0	89.6	89.6	 683	OK
 216	   0	87.4	87.4	 708	OK
 217	   0	86.9	86.9	 644	OK
 218	   0	92.3	92.3	 619	OK
 219	   0	91.0	91.0	 566	OK
 220	   0	81.3	81.3	 649	OK
 221	   0	85.6	85.6	 654	OK
 222	   0	93.6	93.6	 600	OK
 223	   0	95.4	95.4	 603	OK
 224	1000	82.8	82.8	 494	unbonded
 225	   0	87.3	87.3	 687	OK
 226	   0	91.5	91.5	 581	OK
 227	   0	89.9	89.9	 642	OK
 228	   0	83.8	83.8	 651	OK
 229	   0	90.9	90.9	 577	OK
 230	   0	86.0	86.0	 649	OK
 231	4000	85.8	85.8	 734	high noise
 232	   0	92.7	92.7	 606	OK
 233	   0	85.9	85.9	 678	OK
 234	   0	93.2	93.2	 623	OK
 235	   0	95.1	95.1	 620	OK
 236	   0	91.2	91.2	 593	OK
 237	   0	93.5	93.5	 701	OK
 238	   0	90.8	90.8	 669	OK
 239	   0	85.5	85.5	 633	OK
 240	   0	82.1	82.1	 696	OK
 241	   0	88.9	88.9	 687	OK
 242	   0	85.9	85.9	 569	OK
 243	   0	96.9	96.9	 658	OK
 244	   0	85.2	85.2	 575	OK
 245	1000	89.7	89.7	 526	unbonded
 246	   0	93.2	93.2	 670	OK
 247	   0	80.0	80.0	 541	OK
 248	   0	88.6	88.6	 679	OK
 249	1000	95.6	95.6	 505	unbonded
 250	   0	82.6	82.6	 626	OK
 251	   0	89.8	89.8	 687	OK
 252	   0	83.7	83.7	 633	OK
 253	   0	90.0	90.0	 682	OK
 254	   0	83.1	83.1	 681	OK
 255	   0	88.3	88.3	 656	OK
 256	   0	82.3	82.3	 776	OK
 257	   0	81.2	81.2	 747	OK
 258	   0	89.3	89.3	 734	OK
 259	   0	74.8	74.8	 664	OK
 260	   0	83.7	83.7	 720	OK
 261	   0	81.9	81.9	 546	OK
 262	   0	82.2	82.2	 818	OK
 263	   0	82.6	82.6	 724	OK
 264	   0	83.5	83.5	 730	OK
 265	   0	78.6	78.6	 764	OK
 266	   0	81.0	81.0	 687	OK
 267	   0	79.5	79.5	 665	OK
 268	   0	82.1	82.1	 776	OK
 269	   0	82.7	82.7	 560	OK
 270	   0	81.9	81.9	 770	OK
 271	   0	79.5	79.5	 786	OK
 272	   0	83.7	83.7	 863	OK
 273	   0	81.2	81.2	 703	OK
 274	   0	83.6	83.6	 755	OK
 275	   0	79.0	79.0	 668	OK
 276	   0	77.5	77.5	 812	OK
 277	   0	85.4	85.4	 829	OK
 278	   0	83.4	83.4	 748	OK
 279	   0	87.0	87.0	 662	OK
 280	   0	78.7	78.7	 824	OK
 281	   0	88.4	88.4	 823	OK
 282	   0	80.6	80.6	 762	OK
 283	1000	80.4	80.4	 530	unbonded
 284	   0	85.3	85.3	 827	OK
 285	   0	83.7	83.7	 744	OK
 286	   0	88.7	88.7	 667	OK
 287	   0	86.1	86.1	 730	OK
 288	   0	88.6	88.6	 832	OK
 289	   0	79.2	79.2	 717	OK
 290	   0	86.8	86.8	 758	OK
 291	   0	85.8	85.8	 781	OK
 292	   0	87.4	87.4	 699	OK
 293	   0	77.9	77.9	 704	OK
 294	   0	80.2	80.2	 654	OK
 295	   0	81.5	81.5	 646	OK
 296	   0	82.9	82.9	 566	OK
 297	   0	73.7	73.7	 877	OK
 298	   0	82.8	82.8	 736	OK
 299	   0	84.5	84.5	 761	OK
 300	   0	76.7	76.7	 710	OK
 301	   0	83.6	83.6	 786	OK
 302	   0	83.6	83.6	 633	OK
 303	   0	81.6	81.6	 757	OK
 304	   0	77.3	77.3	 625	OK
 305	   0	90.2	90.2	 755	OK
 306	   0	84.9	84.9	 819	OK
 307	   0	79.7	79.7	 790	OK
 308	   0	83.0	83.0	 723	OK
 309	   0	83.3	83.3	 768	OK
 310	   0	92.4	92.4	 838	OK
 311	   0	87.3	87.3	 787	OK
 312	   0	88.0	88.0	 795	OK
 313	   0	83.6	83.6	 909	OK
 314	   0	86.2	86.2	 849	OK
 315	   0	79.8	79.8	 892	OK
 316	   0	83.7	83.7	 899	OK
 317	   0	87.3	87.3	 745	OK
 318	   0	74.3	74.3	 819	OK
 319	   0	87.9	87.9	 806	OK
 320	   0	84.1	84.1	 825	OK
 321	   0	84.5	84.5	 855	OK
 322	   0	85.3	85.3	 811	OK
 323	   0	84.4	84.4	 889	OK
 324	   0	82.3	82.3	 898	OK
 325	   0	80.3	80.3	 907	OK
 326	   0	84.8	84.8	 851	OK
 327	   0	82.3	82.3	 755	OK
 328	   0	81.5	81.5	 841	OK
 329	   0	88.1	88.1	 851	OK
 330	   0	81.5	81.5	 877	OK
 331	   0	81.3	81.3	 852	OK
 332	4000	80.2	80.2	 992	high noise
 333	   0	93.7	93.7	 914	OK
 334	4000	88.2	88.2	1065	high noise
 335	4000	79.9	79.9	 931	high noise
 336	   0	82.7	82.7	 780	OK
 337	   0	85.6	85.6	 836	OK
 338	   0	84.9	84.9	 851	OK
 339	4000	87.0	87.0	 928	high noise
 340	   0	80.7	80.7	 814	OK
 341	4000	78.2	78.2	 924	high noise
 342	   0	73.9	73.9	 715	OK
 343	4000	79.6	79.6	 970	high noise
 344	   0	81.2	81.2	 851	OK
 345	   0	72.2	72.2	 794	OK
 346	   0	81.7	81.7	 734	OK
 347	   0	87.7	87.7	 831	OK
 348	   0	87.4	87.4	 851	OK
 349	   0	79.4	79.4	 844	OK
 350	   0	80.2	80.2	 813	OK
 351	   0	87.1	87.1	 901	OK
 352	   0	79.6	79.6	 814	OK
 353	4000	87.2	87.2	 934	high noise
 354	   0	73.5	73.5	 845	OK
 355	   0	81.9	81.9	 858	OK
 356	   0	80.1	80.1	 763	OK
 357	4000	83.3	83.3	 917	high noise
 358	   0	78.6	78.6	 732	OK
 359	   0	85.6	85.6	 779	OK
 360	   0	78.6	78.6	 656	OK
 361	   0	87.5	87.5	 872	OK
 362	   0	81.4	81.4	 887	OK
 363	   0	84.8	84.8	 790	OK
 364	   0	82.1	82.1	 910	OK
 365	4000	82.5	82.5	 921	high noise
 366	   0	83.8	83.8	 867	OK
 367	4000	85.9	85.9	 937	high noise
 368	   0	74.3	74.3	 644	OK
 369	   0	81.9	81.9	 874	OK
 370	   0	86.6	86.6	 887	OK
 371	   0	80.9	80.9	 808	OK
 372	   0	83.8	83.8	 767	OK
 373	   0	80.9	80.9	 829	OK
 374	4000	76.7	76.7	 947	high noise
 375	   0	80.1	80.1	 680	OK
 376	   0	81.3	81.3	 856	OK
 377	   0	86.1	86.1	 907	OK
 378	   0	77.5	77.5	 687	OK
 379	   0	79.0	79.0	 750	OK
 380	   0	81.9	81.9	 735	OK
 381	4000	89.9	89.9	 921	high noise
 382	   0	88.9	88.9	 781	OK
 383	   0	87.1	87.1	 852	OK
 384	   0	81.2	81.2	 844	OK
 385	   0	86.0	86.0	 678	OK
 386	   0	82.5	82.5	 826	OK
 387	   0	84.1	84.1	 659	OK
 388	   0	89.6	89.6	 688	OK
 389	   0	87.8	87.8	 675	OK
 390	   0	86.0	86.0	 787	OK
 391	   0	84.7	84.7	 778	OK
 392	   0	84.2	84.2	 796	OK
 393	   0	84.5	84.5	 719	OK
 394	   0	84.7	84.7	 809	OK
 395	4000	85.9	85.9	 866	high noise
 396	   0	89.4	89.4	 800	OK
 397	   0	85.5	85.5	 750	OK
 398	   0	80.1	80.1	 824	OK
 399	   0	75.2	75.2	 647	OK
 400	   0	83.4	83.4	 714	OK
 401	   0	82.5	82.5	 842	OK
 402	   0	86.3	86.3	 801	OK
 403	   0	87.2	87.2	 777	OK
 404	   0	89.4	89.4	 827	OK
 405	   0	88.5	88.5	 811	OK
 406	   0	88.8	88.8	 823	OK
 407	   0	87.6	87.6	 816	OK
 408	   0	90.3	90.3	 677	OK
 409	   0	90.7	90.7	 822	OK
 410	4000	87.0	87.0	 856	high noise
 411	   0	84.6	84.6	 664	OK
 412	   0	82.5	82.5	 806	OK
 413	   0	78.2	78.2	 756	OK
 414	   0	93.2	93.2	 662	OK
 415	   0	86.1	86.1	 748	OK
 416	   0	84.6	84.6	 773	OK
 417	   0	92.2	92.2	 697	OK
 418	   0	92.4	92.4	 619	OK
 419	   0	85.2	85.2	 739	OK
 420	   0	86.7	86.7	 771	OK
 421	   0	83.5	83.5	 769	OK
 422	   0	88.5	88.5	 587	OK
 423	   0	91.0	91.0	 788	OK
 424	   0	95.0	95.0	 793	OK
 425	   0	79.7	79.7	 761	OK
 426	   0	92.4	92.4	 780	OK
 427	4000	84.9	84.9	 865	high noise
 428	   0	89.1	89.1	 666	OK
 429	   0	94.4	94.4	 814	OK
 430	   0	87.7	87.7	 718	OK
 431	   0	80.1	80.1	 687	OK
 432	4000	89.1	89.1	 859	high noise
 433	   0	86.6	86.6	 780	OK
 434	   0	91.3	91.3	 837	OK
 435	   0	85.1	85.1	 821	OK
 436	   0	97.4	97.4	 818	OK
 437	   0	86.7	86.7	 607	OK
 438	4000	89.6	89.6	 877	high noise
 439	4000	89.6	89.6	 852	high noise
 440	   0	95.2	95.2	 773	OK
 441	   0	92.4	92.4	 827	OK
 442	   0	94.0	94.0	 668	OK
 443	4000	96.1	96.1	 892	high noise
 444	   0	85.7	85.7	 700	OK
 445	   0	83.1	83.1	 677	OK
 446	   0	86.5	86.5	 713	OK
 447	4000	87.2	87.2	 854	high noise
 448	   0	88.3	88.3	 618	OK
 449	   0	86.2	86.2	 804	OK
 450	   0	89.0	89.0	 758	OK
 451	   0	88.4	88.4	 769	OK
 452	   0	92.5	92.5	 670	OK
 453	   0	88.6	88.6	 676	OK
 454	   0	84.5	84.5	 674	OK
 455	   0	93.3	93.3	 744	OK
 456	   0	86.8	86.8	 585	OK
 457	   0	91.2	91.2	 646	OK
 458	   0	85.4	85.4	 720	OK
 459	   0	84.4	84.4	 723	OK
 460	   0	89.9	89.9	 555	OK
 461	   0	86.0	86.0	 699	OK
 462	   0	85.2	85.2	 680	OK
 463	   0	83.6	83.6	 594	OK
 464	   0	83.8	83.8	 705	OK
 465	   0	82.0	82.0	 613	OK
 466	   0	89.9	89.9	 818	OK
 467	   0	85.2	85.2	 702	OK
 468	   0	81.3	81.3	 697	OK
 469	   0	78.0	78.0	 811	OK
 470	   0	87.1	87.1	 648	OK
 471	   0	88.9	88.9	 718	OK
 472	   0	84.6	84.6	 589	OK
 473	   0	84.3	84.3	 827	OK
 474	   0	87.1	87.1	 614	OK
 475	   0	83.0	83.0	 662	OK
 476	4000	86.8	86.8	 869	high noise
 477	   0	85.6	85.6	 595	OK
 478	   0	86.5	86.5	 746	OK
 479	   0	82.8	82.8	 706	OK
 480	   0	84.0	84.0	 727	OK
 481	   0	86.1	86.1	 738	OK
 482	   0	81.1	81.1	 814	OK
 483	   0	81.7	81.7	 660	OK
 484	   0	85.9	85.9	 831	OK
 485	   0	90.3	90.3	 656	OK
 486	   0	89.7	89.7	 618	OK
 487	   0	83.2	83.2	 612	OK
 488	   0	91.1	91.1	 792	OK
 489	   0	93.7	93.7	 644	OK
 490	4000	84.1	84.1	 906	high noise
 491	   0	86.6	86.6	 686	OK
 492	   0	86.3	86.3	 658	OK
 493	   0	89.0	89.0	 657	OK
 494	   0	85.7	85.7	 684	OK
 495	   0	78.4	78.4	 604	OK
 496	   0	87.1	87.1	 685	OK
 497	   0	87.1	87.1	 762	OK
 498	   0	88.0	88.0	 818	OK
 499	   0	87.3	87.3	 784	OK
 500	   0	88.9	88.9	 656	OK
 501	   0	80.1	80.1	 801	OK
 502	   0	83.2	83.2	 759	OK
 503	   0	78.1	78.1	 547	OK
 504	   0	88.6	88.6	 771	OK
 505	   0	88.8	88.8	 609	OK
 506	   0	86.9	86.9	 734	OK
 507	   0	85.2	85.2	 716	OK
 508	   0	81.7	81.7	 757	OK
 509	   0	91.5	91.5	 694	OK
 510	   0	87.3	87.3	 624	OK
 511	   0	89.0	89.0	 822	OK
 512	4000	89.2	89.2	 759	high noise
 513	   0	96.3	96.3	 630	OK
 514	   0	93.6	93.6	 644	OK
 515	4000	83.0	83.0	 769	high noise
 516	1501	0.0	0.0	   0	dead
 517	   0	89.8	89.8	 609	OK
 518	   0	99.7	99.7	 735	OK
 519	   0	100.4	100.4	 653	OK
 520	1501	0.0	0.0	   0	dead
 521	   0	91.2	91.2	 703	OK
 522	   0	88.8	88.8	 573	OK
 523	   0	90.1	90.1	 675	OK
 524	   0	84.9	84.9	 598	OK
 525	   0	87.7	87.7	 718	OK
 526	   0	90.5	90.5	 662	OK
 527	   0	97.2	97.2	 555	OK
 528	4000	95.8	95.8	 760	high noise
 529	   0	82.6	82.6	 561	OK
 530	   0	92.8	92.8	 545	OK
 531	   0	87.0	87.0	 599	OK
 532	1000	87.7	87.7	 533	unbonded
 533	   0	88.2	88.2	 648	OK
 534	   0	94.5	94.5	 694	OK
 535	   0	94.6	94.6	 688	OK
 536	4000	97.8	97.8	 771	high noise
 537	   0	98.7	98.7	 647	OK
 538	   0	89.0	89.0	 616	OK
 539	1000	83.0	83.0	 536	unbonded
 540	   0	98.8	98.8	 692	OK
 541	   0	95.5	95.5	 650	OK
 542	   0	88.5	88.5	 685	OK
 543	   0	91.6	91.6	 664	OK
 544	   0	89.6	89.6	 594	OK
 545	   0	89.7	89.7	 637	OK
 546	   0	91.8	91.8	 632	OK
 547	   0	101.6	101.6	 701	OK
 548	   0	94.3	94.3	 592	OK
 549	   0	99.1	99.1	 672	OK
 550	   0	87.4	87.4	 689	OK
 551	   0	93.7	93.7	 635	OK
 552	   0	88.4	88.4	 727	OK
 553	   0	82.6	82.6	 670	OK
 554	1000	93.4	93.4	 508	unbonded
 555	   0	97.7	97.7	 621	OK
 556	   0	88.4	88.4	 666	OK
 557	   0	94.0	94.0	 734	OK
 558	1000	97.9	97.9	 535	unbonded
 559	   0	92.4	92.4	 600	OK
 560	   0	87.9	87.9	 696	OK
 561	   0	84.4	84.4	 619	OK
 562	   0	87.8	87.8	 585	OK
 563	   0	96.9	96.9	 695	OK
 564	   0	87.3	87.3	 732	OK
 565	   0	95.1	95.1	 648	OK
 566	   0	93.3	93.3	 604	OK
 567	   0	84.7	84.7	 669	OK
 568	   0	90.8	90.8	 692	OK
 569	   0	92.6	92.6	 674	OK
 570	   0	94.5	94.5	 639	OK
 571	   0	88.2	88.2	 665	OK
 572	   0	94.0	94.0	 574	OK
 573	   0	91.8	91.8	 683	OK
 574	   0	91.6	91.6	 682	OK
 575	   0	93.5	93.5	 641	OK
 576	   0	91.2	91.2	 562	OK
 577	4000	91.9	91.9	 775	high noise
 578	   0	87.5	87.5	 716	OK
 579	   0	95.9	95.9	 613	OK
 580	   0	93.1	93.1	 718	OK
 581	   0	89.2	89.2	 671	OK
 582	   0	95.9	95.9	 652	OK
 583	   0	90.5	90.5	 637	OK
 584	   0	86.9	86.9	 619	OK
 585	   0	86.1	86.1	 674	OK
 586	4000	92.4	92.4	 775	high noise
 587	   0	84.5	84.5	 585	OK
 588	   0	93.2	93.2	 626	OK
 589	   0	85.8	85.8	 745	OK
 590	   0	99.7	99.7	 688	OK
 591	   0	93.5	93.5	 671	OK
 592	4000	87.5	87.5	 804	high noise
 593	1000	90.8	90.8	 522	unbonded
 594	   0	94.6	94.6	 656	OK
 595	   0	98.9	98.9	 624	OK
 596	   0	93.3	93.3	 559	OK
 597	4000	94.5	94.5	 806	high noise
 598	4000	88.5	88.5	 803	high noise
 599	   0	90.4	90.4	 676	OK
 600	   0	93.4	93.4	 694	OK
 601	   0	91.4	91.4	 553	OK
 602	4000	98.0	98.0	 777	high noise
 603	   0	96.2	96.2	 641	OK
 604	   0	89.5	89.5	 745	OK
 605	   0	93.2	93.2	 670	OK
 606	   0	93.5	93.5	 636	OK
 607	   0	97.6	97.6	 616	OK
 608	   0	92.3	92.3	 582	OK
 609	4000	92.5	92.5	 772	high noise
 610	   0	86.1	86.1	 688	OK
 611	   0	89.9	89.9	 703	OK
 612	   0	91.9	91.9	 586	OK
 613	   0	92.7	92.7	 721	OK
 614	   0	94.4	94.4	 731	OK
 615	   0	99.1	99.1	 612	OK
 616	1000	87.9	87.9	 529	unbonded
 617	   0	82.2	82.2	 650	OK
 618	4000	92.5	92.5	 817	high noise
 619	   0	93.3	93.3	 542	OK
 620	   0	93.8	93.8	 592	OK
 621	   0	86.3	86.3	 684	OK
 622	4000	92.2	92.2	 754	high noise
 623	   0	79.4	79.4	 715	OK
 624	   0	97.4	97.4	 594	OK
 625	   0	96.0	96.0	 730	OK
 626	   0	92.3	92.3	 745	OK
 627	   0	88.8	88.8	 627	OK
 628	4000	92.7	92.7	 771	high noise
 629	   0	92.8	92.8	 665	OK
 630	   0	89.2	89.2	 671	OK
 631	   0	94.8	94.8	 637	OK
 632	   0	89.3	89.3	 667	OK
 633	   0	92.9	92.9	 636	OK
 634	   0	92.7	92.7	 714	OK
 635	   0	93.8	93.8	 614	OK
 636	4000	86.9	86.9	 847	high noise
 637	   0	95.7	95.7	 647	OK
 638	   0	87.7	87.7	 576	OK
 639	   0	102.4	102.4	 552	OK
 640	   0	81.3	81.3	 726	OK
 641	   0	84.1	84.1	 667	OK
 642	   0	84.4	84.4	 570	OK
 643	   0	81.2	81.2	 618	OK
 644	   0	85.7	85.7	 593	OK
 645	   0	79.9	79.9	 573	OK
 646	   0	81.3	81.3	 577	OK
 647	1000	79.9	79.9	 540	unbonded
 648	   0	82.9	82.9	 660	OK
 649	   0	86.8	86.8	 605	OK
 650	   0	83.3	83.3	 578	OK
 651	   0	82.6	82.6	 558	OK
 652	   0	82.9	82.9	 583	OK
 653	   0	79.4	79.4	 623	OK
 654	   0	85.1	85.1	 636	OK
 655	   0	84.9	84.9	 586	OK
 656	   0	75.0	75.0	 731	OK
 657	   0	80.2	80.2	 655	OK
 658	   0	79.4	79.4	 614	OK
 659	1000	77.0	77.0	 463	unbonded
 660	   0	75.8	75.8	 727	OK
 661	   0	83.1	83.1	 565	OK
 662	   0	75.8	75.8	 678	OK
 663	   0	83.2	83.2	 645	OK
 664	   0	87.8	87.8	 732	OK
 665	   0	84.1	84.1	 625	OK
 666	   0	86.4	86.4	 617	OK
 667	   0	77.4	77.4	 687	OK
 668	   0	86.4	86.4	 596	OK
 669	   0	93.3	93.3	 575	OK
 670	   0	78.8	78.8	 717	OK
 671	1000	82.8	82.8	 489	unbonded
 672	   0	81.8	81.8	 562	OK
 673	   0	81.5	81.5	 637	OK
 674	1000	77.2	77.2	 523	unbonded
 675	   0	80.5	80.5	 677	OK
 676	   0	80.8	80.8	 572	OK
 677	   0	83.6	83.6	 631	OK
 678	   0	80.0	80.0	 644	OK
 679	4000	77.7	77.7	 825	high noise
 680	   0	75.9	75.9	 724	OK
 681	1000	86.2	86.2	 471	unbonded
 682	   0	83.2	83.2	 655	OK
 683	   0	82.8	82.8	 638	OK
 684	   0	81.1	81.1	 688	OK
 685	   0	85.7	85.7	 578	OK
 686	   0	77.4	77.4	 728	OK
 687	   0	77.0	77.0	 733	OK
 688	4000	79.6	79.6	 792	high noise
 689	   0	78.5	78.5	 696	OK
 690	   0	78.9	78.9	 620	OK
 691	   0	84.9	84.9	 728	OK
 692	4000	80.8	80.8	 834	high noise
 693	   0	82.3	82.3	 557	OK
 694	   0	80.6	80.6	 647	OK
 695	   0	74.3	74.3	 732	OK
 696	   0	81.2	81.2	 630	OK
 697	4000	76.2	76.2	 800	high noise
 698	   0	82.5	82.5	 617	OK
 699	   0	82.5	82.5	 701	OK
 700	   0	72.4	72.4	 648	OK
 701	   0	84.6	84.6	 584	OK
 702	1000	82.0	82.0	 508	unbonded
 703	   0	82.3	82.3	 714	OK
 704	   0	86.1	86.1	 715	OK
 705	   0	77.9	77.9	 672	OK
 706	   0	79.1	79.1	 689	OK
 707	4000	88.8	88.8	 765	high noise
 708	   0	80.2	80.2	 722	OK
 709	1000	86.6	86.6	 479	unbonded
 710	   0	77.5	77.5	 715	OK
 711	   0	77.7	77.7	 583	OK
 712	   0	82.0	82.0	 643	OK
 713	   0	79.8	79.8	 597	OK
 714	   0	85.1	85.1	 652	OK
 715	   0	79.2	79.2	 673	OK
 716	   0	79.2	79.2	 743	OK
 717	   0	83.4	83.4	 715	OK
 718	   0	77.2	77.2	 622	OK
 719	   0	77.1	77.1	 676	OK
 720	   0	78.8	78.8	 628	OK
 721	   0	82.5	82.5	 562	OK
 722	   0	77.4	77.4	 650	OK
 723	   0	78.3	78.3	 610	OK
 724	   0	75.9	75.9	 596	OK
 725	   0	81.5	81.5	 556	OK
 726	   0	90.8	90.8	 618	OK
 727	   0	83.2	83.2	 668	OK
 728	   0	77.0	77.0	 602	OK
 729	   0	86.9	86.9	 733	OK
 730	   0	79.2	79.2	 716	OK
 731	   0	72.5	72.5	 677	OK
 732	   0	77.1	77.1	 688	OK
 733	   0	72.4	72.4	 691	OK
 734	   0	82.5	82.5	 722	OK
 735	4000	75.7	75.7	 799	high noise
 736	   0	75.6	75.6	 720	OK
 737	   0	74.9	74.9	 560	OK
 738	   0	75.2	75.2	 584	OK
 739	   0	72.9	72.9	 674	OK
 740	   0	90.3	90.3	 711	OK
 741	   0	74.8	74.8	 677	OK
 742	4000	74.9	74.9	 752	high noise
 743	1000	85.0	85.0	 469	unbonded
 744	   0	79.5	79.5	 668	OK
 745	   0	76.1	76.1	 647	OK
 746	   0	83.5	83.5	 580	OK
 747	   0	79.9	79.9	 622	OK
 748	4000	79.6	79.6	 770	high noise
 749	   0	86.0	86.0	 698	OK
 750	   0	74.5	74.5	 651	OK
 751	   0	72.3	72.3	 725	OK
 752	   0	76.0	76.0	 674	OK
 753	   0	73.9	73.9	 571	OK
 754	   0	79.5	79.5	 664	OK
 755	   0	81.1	81.1	 635	OK
 756	4000	71.5	71.5	 823	high noise
 757	   0	81.3	81.3	 690	OK
 758	1000	83.1	83.1	 493	unbonded
 759	   0	79.9	79.9	 684	OK
 760	   0	79.2	79.2	 675	OK
 761	   0	75.3	75.3	 557	OK
 762	   0	85.9	85.9	 580	OK
 763	   0	80.9	80.9	 720	OK
 764	4000	70.8	70.8	 765	high noise
 765	   0	78.4	78.4	 683	OK
 766	   0	78.9	78.9	 746	OK
 767	   0	80.6	80.6	 556	OK
 768	   0	82.5	82.5	 669	OK
 769	1000	82.9	82.9	 493	unbonded
 770	   0	81.6	81.6	 724	OK
 771	   0	83.9	83.9	 640	OK
 772	   0	86.2	86.2	 627	OK
 773	   0	88.2	88.2	 617	OK
 774	   0	80.8	80.8	 560	OK
 775	   0	84.6	84.6	 689	OK
 776	   0	79.5	79.5	 776	OK
 777	   0	82.7	82.7	 736	OK
 778	   0	79.6	79.6	 577	OK
 779	   0	81.9	81.9	 548	OK
 780	4000	75.7	75.7	 830	high noise
 781	4000	76.2	76.2	 851	high noise
 782	   0	81.1	81.1	 737	OK
 783	   0	77.8	77.8	 715	OK
 784	   0	92.1	92.1	 704	OK
 785	1000	87.6	87.6	 471	unbonded
 786	   0	74.9	74.9	 652	OK
 787	   0	82.1	82.1	 726	OK
 788	   0	76.3	76.3	 702	OK
 789	   0	78.5	78.5	 735	OK
 790	   0	84.1	84.1	 783	OK
 791	   0	81.8	81.8	 694	OK
 792	   0	78.8	78.8	 734	OK
 793	   0	80.2	80.2	 750	OK
 794	   0	83.4	83.4	 574	OK
 795	   0	78.3	78.3	 625	OK
 796	   0	84.9	84.9	 620	OK
 797	   0	84.0	84.0	 585	OK
 798	   0	74.9	74.9	 649	OK
 799	   0	85.1	85.1	 712	OK
 800	   0	84.9	84.9	 659	OK
 801	   0	83.3	83.3	 646	OK
 802	   0	85.7	85.7	 698	OK
 803	4000	80.7	80.7	 793	high noise
 804	4000	79.2	79.2	 827	high noise
 805	   0	81.3	81.3	 624	OK
 806	4000	84.7	84.7	 841	high noise
 807	4000	80.1	80.1	 834	high noise
 808	   0	84.1	84.1	 641	OK
 809	   0	81.0	81.0	 562	OK
 810	4000	77.7	77.7	 812	high noise
 811	   0	81.9	81.9	 753	OK
 812	   0	81.9	81.9	 597	OK
 813	   0	78.4	78.4	 738	OK
 814	   0	85.0	85.0	 716	OK
 815	   0	79.9	79.9	 738	OK
 816	   0	84.4	84.4	 622	OK
 817	   0	81.6	81.6	 731	OK
 818	   0	78.9	78.9	 577	OK
 819	   0	85.3	85.3	 768	OK
 820	   0	80.3	80.3	 566	OK
 821	   0	80.8	80.8	 762	OK
 822	   0	79.8	79.8	 716	OK
 823	   0	86.5	86.5	 627	OK
 824	   0	82.2	82.2	 676	OK
 825	   0	83.9	83.9	 723	OK
 826	   0	76.5	76.5	 602	OK
 827	   0	84.4	84.4	 676	OK
 828	   0	84.3	84.3	 685	OK
 829	   0	82.7	82.7	 661	OK
 830	1000	85.9	85.9	 528	unbonded
 831	   0	85.0	85.0	 605	OK
 832	   0	90.6	90.6	 684	OK
 833	1000	74.7	74.7	 471	unbonded
 834	   0	91.2	91.2	 657	OK
 835	   0	85.6	85.6	 696	OK
 836	   0	85.2	85.2	 638	OK
 837	   0	85.3	85.3	 722	OK
 838	   0	83.4	83.4	 668	OK
 839	   0	83.4	83.4	 694	OK
 840	   0	77.0	77.0	 631	OK
 841	   0	85.2	85.2	 683	OK
 842	   0	76.0	76.0	 675	OK
 843	   0	73.8	73.8	 736	OK
 844	4000	76.5	76.5	 907	high noise
 845	   0	83.3	83.3	 607	OK
 846	   0	84.0	84.0	 639	OK
 847	   0	80.4	80.4	 686	OK
 848	   0	83.4	83.4	 762	OK
 849	   0	80.0	80.0	 571	OK
 850	   0	87.5	87.5	 767	OK
 851	   0	87.8	87.8	 676	OK
 852	4000	79.0	79.0	 796	high noise
 853	   0	78.7	78.7	 751	OK
 854	   0	78.5	78.5	 633	OK
 855	   0	79.0	79.0	 609	OK
 856	4000	74.8	74.8	 802	high noise
 857	   0	77.9	77.9	 648	OK
 858	   0	78.4	78.4	 651	OK
 859	   0	80.6	80.6	 576	OK
 860	   0	77.3	77.3	 661	OK
 861	   0	77.2	77.2	 733	OK
 862	4000	85.0	85.0	 824	high noise
 863	   0	81.0	81.0	 681	OK
 864	   0	79.0	79.0	 571	OK
 865	   0	75.8	75.8	 606	OK
 866	   0	81.4	81.4	 746	OK
 867	   0	81.5	81.5	 575	OK
 868	   0	87.8	87.8	 777	OK
 869	4000	75.4	75.4	 852	high noise
 870	4000	78.5	78.5	 794	high noise
 871	   0	77.2	77.2	 688	OK
 872	   0	71.9	71.9	 634	OK
 873	   0	76.2	76.2	 628	OK
 874	   0	82.7	82.7	 708	OK
 875	   0	73.4	73.4	 728	OK
 876	   0	75.3	75.3	 631	OK
 877	   0	85.8	85.8	 654	OK
 878	   0	72.4	72.4	 608	OK
 879	   0	75.4	75.4	 677	OK
 880	   0	80.9	80.9	 684	OK
 881	4000	77.0	77.0	 808	high noise
 882	   0	86.7	86.7	 624	OK
 883	   0	78.0	78.0	 732	OK
 884	   0	80.3	80.3	 722	OK
 885	   0	80.2	80.2	 730	OK
 886	   0	80.0	80.0	 632	OK
 887	   0	79.5	79.5	 626	OK
 888	   0	79.0	79.0	 610	OK
 889	   0	80.6	80.6	 638	OK
 890	   0	79.7	79.7	 687	OK
 891	   0	79.8	79.8	 737	OK
 892	   0	81.9	81.9	 786	OK
 893	   0	75.2	75.2	 648	OK
 894	   0	75.2	75.2	 779	OK
 895	   0	78.2	78.2	 700	OK
 896	   0	87.0	87.0	 681	OK
 897	   0	90.0	90.0	 610	OK
 898	   0	91.2	91.2	 560	OK
 899	   0	84.6	84.6	 620	OK
 900	1000	88.7	88.7	 458	unbonded
 901	   0	87.2	87.2	 668	OK
 902	   0	82.4	82.4	 607	OK
 903	1000	84.4	84.4	 482	unbonded
 904	   0	88.1	88.1	 590	OK
 905	4000	87.4	87.4	 756	high noise
 906	   0	90.3	90.3	 588	OK
 907	   0	83.7	83.7	 614	OK
 908	   0	85.0	85.0	 588	OK
 909	   0	90.7	90.7	 667	OK
 910	   0	93.8	93.8	 599	OK
 911	1000	86.6	86.6	 518	unbonded
 912	   0	90.5	90.5	 689	OK
 913	1000	84.1	84.1	 481	unbonded
 914	   0	83.5	83.5	 639	OK
 915	   0	89.7	89.7	 647	OK
 916	   0	91.5	91.5	 602	OK
 917	4000	87.6	87.6	 709	high noise
 918	   0	88.0	88.0	 591	OK
 919	1000	89.9	89.9	 516	unbonded
 920	1000	88.5	88.5	 538	unbonded
 921	   0	82.2	82.2	 631	OK
 922	   0	91.7	91.7	 562	OK
 923	   0	92.7	92.7	 577	OK
 924	   0	89.0	89.0	 655	OK
 925	   0	95.5	95.5	 641	OK
 926	   0	92.9	92.9	 571	OK
 927	4000	87.8	87.8	 729	high noise
 928	   0	89.6	89.6	 589	OK
 929	   0	88.7	88.7	 612	OK
 930	4000	84.2	84.2	 734	high noise
 931	   0	81.1	81.1	 698	OK
 932	   0	93.1	93.1	 581	OK
 933	   0	91.8	91.8	 593	OK
 934	   0	90.2	90.2	 700	OK
 935	   0	85.0	85.0	 600	OK
 936	   0	84.3	84.3	 561	OK
 937	   0	93.5	93.5	 627	OK
 938	1000	85.4	85.4	 516	unbonded
 939	   0	96.9	96.9	 634	OK
 940	4000	86.4	86.4	 717	high noise
 941	4000	88.8	88.8	 748	high noise
 942	   0	88.5	88.5	 574	OK
 943	   0	81.9	81.9	 605	OK
 944	1000	93.5	93.5	 529	unbonded
 945	   0	91.6	91.6	 688	OK
 946	   0	86.1	86.1	 552	OK
 947	1000	81.2	81.2	 527	unbonded
 948	   0	83.9	83.9	 577	OK
 949	   0	88.9	88.9	 634	OK
 950	1000	91.5	91.5	 514	unbonded
 951	   0	87.3	87.3	 567	OK
 952	   0	93.4	93.4	 635	OK
 953	4000	86.3	86.3	 770	high noise
 954	1000	92.7	92.7	 475	unbonded
 955	   0	86.9	86.9	 701	OK
 956	   0	91.1	91.1	 562	OK
 957	   0	93.9	93.9	 608	OK
 958	   0	96.5	96.5	 653	OK
 959	   0	92.3	92.3	 642	OK
 960	   0	90.6	90.6	 595	OK
 961	   0	89.3	89.3	 572	OK
 962	   0	83.3	83.3	 599	OK
 963	1000	91.2	91.2	 496	unbonded
 964	   0	90.0	90.0	 658	OK
 965	1000	90.0	90.0	 533	unbonded
 966	1000	96.4	96.4	 496	unbonded
 967	   0	90.1	90.1	 554	OK
 968	   0	91.1	91.1	 544	OK
 969	   0	83.7	83.7	 580	OK
 970	   0	86.2	86.2	 631	OK
 971	4000	86.0	86.0	 709	high noise
 972	4000	85.0	85.0	 716	high noise
 973	   0	83.2	83.2	 663	OK
 974	   0	89.3	89.3	 624	OK
 975	   0	86.6	86.6	 665	OK
 976	1000	89.4	89.4	 528	unbonded
 977	   0	89.3	89.3	 675	OK
 978	   0	81.9	81.9	 690	OK
 979	1000	88.3	88.3	 443	unbonded
 980	   0	89.3	89.3	 643	OK
 981	4000	85.8	85.8	 727	high noise
 982	   0	93.6	93.6	 569	OK
 983	   0	86.7	86.7	 611	OK
 984	1000	93.9	93.9	 434	unbonded
 985	   0	85.2	85.2	 597	OK
 986	   0	88.9	88.9	 695	OK
 987	   0	85.8	85.8	 578	OK
 988	   0	85.8	85.8	 706	OK
 989	   0	78.7	78.7	 662	OK
 990	   0	84.1	84.1	 648	OK
 991	   0	91.9	91.9	 666	OK
 992	   0	85.3	85.3	 677	OK
 993	   0	87.0	87.0	 584	OK
 994	4000	85.6	85.6	 796	high noise
 995	1000	78.3	78.3	 465	unbonded
 996	   0	87.1	87.1	 699	OK
 997	4000	93.5	93.5	 764	high noise
 998	   0	87.8	87.8	 663	OK
 999	1000	90.7	90.7	 514	unbonded
1000	   0	83.7	83.7	 566	OK
1001	   0	83.5	83.5	 641	OK
1002	   0	86.4	86.4	 643	OK
1003	4000	83.9	83.9	 717	high noise
1004	4000	83.0	83.0	 745	high noise
1005	   0	90.9	90.9	 647	OK
1006	   0	79.8	79.8	 600	OK
1007	   0	91.6	91.6	 650	OK
1008	   0	87.2	87.2	 617	OK
1009	   0	81.6	81.6	 557	OK
1010	4000	93.0	93.0	 718	high noise
1011	1000	82.0	82.0	 540	unbonded
1012	1000	88.8	88.8	 517	unbonded
1013	4000	91.5	91.5	 735	high noise
1014	1000	90.7	90.7	 498	unbonded
1015	   0	90.5	90.5	 699	OK
1016	   0	85.0	85.0	 670	OK
1017	1000	86.4	86.4	 434	unbonded
1018	4000	83.6	83.6	 718	high noise
1019	   0	86.1	86.1	 583	OK
1020	1000	85.3	85.3	 478	unbonded
1021	   0	91.8	91.8	 700	OK
1022	   0	86.2	86.2	 627	OK
1023	   0	86.1	86.1	 644	OK
1024	   0	80.0	80.0	 566	OK
1025	   0	85.1	85.1	 638	OK
1026	   0	86.8	86.8	 722	OK
1027	   0	78.0	78.0	 564	OK
1028	   0	87.0	87.0	 748	OK
1029	4000	79.8	79.8	 828	high noise
1030	   0	83.8	83.8	 717	OK
1031	   0	80.3	80.3	 698	OK
1032	   0	76.9	76.9	 643	OK
1033	1000	82.7	82.7	 527	unbonded
1034	   0	79.2	79.2	 728	OK
1035	1000	84.8	84.8	 495	unbonded
1036	   0	83.1	83.1	 614	OK
1037	   0	82.5	82.5	 680	OK
1038	   0	87.9	87.9	 688	OK
1039	   0	83.0	83.0	 637	OK
1040	   0	89.9	89.9	 553	OK
1041	   0	79.5	79.5	 756	OK
1042	   0	80.4	80.4	 709	OK
1043	   0	79.2	79.2	 653	OK
1044	   0	86.1	86.1	 715	OK
1045	   0	78.0	78.0	 674	OK
1046	   0	80.8	80.8	 651	OK
1047	   0	87.4	87.4	 683	OK
1048	   0	90.0	90.0	 636	OK
1049	   0	83.8	83.8	 700	OK
1050	1000	89.6	89.6	 539	unbonded
1051	   0	84.7	84.7	 610	OK
1052	   0	85.0	85.0	 671	OK
1053	   0	84.8	84.8	 653	OK
1054	   0	79.8	79.8	 691	OK
1055	   0	84.3	84.3	 596	OK
1056	   0	86.1	86.1	 623	OK
1057	   0	83.4	83.4	 702	OK
1058	   0	84.4	84.4	 724	OK
1059	   0	89.7	89.7	 639	OK
1060	   0	83.6	83.6	 645	OK
1061	   0	85.7	85.7	 607	OK
1062	1000	88.7	88.7	 498	unbonded
1063	   0	88.2	88.2	 701	OK
1064	4000	84.3	84.3	 792	high noise
1065	   0	84.0	84.0	 545	OK
1066	   0	85.9	85.9	 736	OK
1067	   0	79.3	79.3	 673	OK
1068	   0	82.7	82.7	 709	OK
1069	   0	82.4	82.4	 566	OK
1070	   0	86.2	86.2	 642	OK
1071	1000	85.6	85.6	 477	unbonded
1072	   0	91.0	91.0	 588	OK
1073	   0	86.1	86.1	 636	OK
1074	   0	81.1	81.1	 713	OK
1075	   0	81.8	81.8	 637	OK
1076	   0	85.0	85.0	 647	OK
1077	   0	83.5	83.5	 643	OK
1078	   0	80.9	80.9	 758	OK
1079	   0	85.5	85.5	 725	OK
1080	   0	94.0	94.0	 730	OK
1081	   0	84.7	84.7	 681	OK
1082	   0	84.3	84.3	 712	OK
1083	   0	84.8	84.8	 693	OK
1084	   0	83.0	83.0	 731	OK
1085	   0	88.4	88.4	 550	OK
1086	   0	85.3	85.3	 557	OK
1087	   0	88.9	88.9	 758	OK
1088	   0	90.4	90.4	 685	OK
1089	4000	85.8	85.8	 791	high noise
1090	   0	93.4	93.4	 732	OK
1091	   0	93.3	93.3	 618	OK
1092	4000	89.7	89.7	 764	high noise
1093	   0	87.3	87.3	 752	OK
1094	   0	85.4	85.4	 594	OK
1095	   0	85.8	85.8	 694	OK
1096	   0	85.7	85.7	 647	OK
1097	4000	87.3	87.3	 769	high noise
1098	   0	89.0	89.0	 681	OK
1099	   0	88.3	88.3	 619	OK
1100	   0	84.3	84.3	 591	OK
1101	   0	81.7	81.7	 719	OK
1102	   0	81.9	81.9	 720	OK
1103	4000	84.2	84.2	 802	high noise
1104	   0	79.3	79.3	 685	OK
1105	   0	82.9	82.9	 689	OK
1106	1000	85.1	85.1	 487	unbonded
1107	   0	85.7	85.7	 580	OK
1108	   0	87.3	87.3	 615	OK
1109	   0	81.1	81.1	 642	OK
1110	4000	86.6	86.6	 780	high noise
1111	   0	90.9	90.9	 682	OK
1112	   0	78.7	78.7	 685	OK
1113	   0	81.0	81.0	 641	OK
1114	4000	81.5	81.5	 803	high noise
1115	   0	85.8	85.8	 721	OK
1116	   0	80.6	80.6	 626	OK
1117	   0	82.0	82.0	 733	OK
1118	   0	84.2	84.2	 702	OK
1119	   0	82.9	82.9	 570	OK
1120	   0	82.1	82.1	 742	OK
1121	   0	91.0	91.0	 625	OK
1122	4000	86.3	86.3	 789	high noise
1123	   0	79.6	79.6	 588	OK
1124	   0	84.2	84.2	 700	OK
1125	   0	80.6	80.6	 736	OK
1126	   0	84.9	84.9	 655	OK
1127	   0	85.6	85.6	 555	OK
1128	   0	81.8	81.8	 627	OK
1129	   0	85.0	85.0	 638	OK
1130	   0	88.4	88.4	 662	OK
1131	   0	88.9	88.9	 565	OK
1132	4000	76.8	76.8	 858	high noise
1133	4000	79.9	79.9	 784	high noise
1134	   0	79.3	79.3	 656	OK
1135	   0	85.4	85.4	 618	OK
1136	   0	82.5	82.5	 714	OK
1137	1000	88.0	88.0	 489	unbonded
1138	   0	80.2	80.2	 670	OK
1139	4000	85.0	85.0	 793	high noise
1140	4000	84.5	84.5	 866	high noise
1141	1000	84.8	84.8	 537	unbonded
1142	   0	82.3	82.3	 652	OK
1143	   0	86.2	86.2	 673	OK
1144	   0	87.3	87.3	 581	OK
1145	   0	79.1	79.1	 679	OK
1146	1000	75.5	75.5	 523	unbonded
1147	   0	81.5	81.5	 592	OK
1148	   0	87.4	87.4	 749	OK
1149	   0	85.3	85.3	 632	OK
1150	   0	87.8	87.8	 652	OK
1151	   0	84.3	84.3	 562	OK
1152	1000	82.6	82.6	 520	unbonded
1153	   0	92.7	92.7	 634	OK
1154	   0	93.4	93.4	 719	OK
1155	4000	100.0	100.0	 750	high noise
1156	1000	92.8	92.8	 481	unbonded
1157	   0	85.6	85.6	 601	OK
1158	   0	91.1	91.1	 578	OK
1159	   0	91.9	91.9	 643	OK
1160	4000	86.8	86.8	 733	high noise
1161	   0	90.1	90.1	 618	OK
1162	   0	84.7	84.7	 649	OK
1163	   0	93.3	93.3	 577	OK
1164	4000	82.4	82.4	 742	high noise
1165	   0	95.1	95.1	 601	OK
1166	   0	85.0	85.0	 682	OK
1167	   0	83.7	83.7	 691	OK
1168	   0	86.3	86.3	 715	OK
1169	   0	86.0	86.0	 583	OK
1170	   0	83.4	83.4	 612	OK
1171	   0	91.1	91.1	 628	OK
1172	   0	89.5	89.5	 583	OK
1173	   0	91.5	91.5	 632	OK
1174	   0	87.7	87.7	 587	OK
1175	   0	93.4	93.4	 648	OK
1176	4000	90.2	90.2	 758	high noise
1177	   0	90.5	90.5	 687	OK
1178	   0	84.3	84.3	 702	OK
1179	   0	89.8	89.8	 696	OK
1180	   0	83.7	83.7	 667	OK
1181	   0	86.2	86.2	 617	OK
1182	   0	90.4	90.4	 575	OK
1183	   0	96.5	96.5	 616	OK
1184	   0	83.7	83.7	 665	OK
1185	   0	90.2	90.2	 676	OK
1186	   0	88.9	88.9	 602	OK
1187	4000	93.0	93.0	 768	high noise
1188	   0	86.5	86.5	 596	OK
1189	   0	81.4	81.4	 563	OK
1190	   0	91.1	91.1	 565	OK
1191	   0	91.6	91.6	 580	OK
1192	   0	92.0	92.0	 627	OK
1193	   0	91.0	91.0	 712	OK
1194	   0	83.1	83.1	 558	OK
1195	4000	88.9	88.9	 738	high noise
1196	1000	89.0	89.0	 512	unbonded
1197	1000	94.2	94.2	 527	unbonded
1198	   0	81.0	81.0	 622	OK
1199	   0	87.6	87.6	 689	OK
1200	   0	89.2	89.2	 699	OK
1201	   0	89.3	89.3	 603	OK
1202	   0	86.7	86.7	 560	OK
1203	   0	87.9	87.9	 544	OK
1204	   0	91.4	91.4	 704	OK
1205	   0	92.0	92.0	 646	OK
1206	1000	93.9	93.9	 482	unbonded
1207	   0	93.9	93.9	 626	OK
1208	   0	95.1	95.1	 637	OK
1209	   0	91.8	91.8	 700	OK
1210	   0	93.7	93.7	 668	OK
1211	   0	100.7	100.7	 666	OK
1212	   0	93.8	93.8	 703	OK
1213	   0	92.9	92.9	 697	OK
1214	   0	92.4	92.4	 632	OK
1215	   0	90.5	90.5	 656	OK
1216	   0	92.1	92.1	 614	OK
1217	   0	92.8	92.8	 629	OK
1218	   0	95.1	95.1	 596	OK
1219	4000	97.6	97.6	 734	high noise
1220	1000	89.7	89.7	 535	unbonded
1221	4000	87.5	87.5	 746	high noise
1222	   0	93.3	93.3	 663	OK
1223	   0	90.0	90.0	 549	OK
1224	   0	92.3	92.3	 673	OK
1225	   0	89.6	89.6	 656	OK
1226	4000	88.1	88.1	 759	high noise
1227	   0	88.0	88.0	 704	OK
1228	1000	93.1	93.1	 529	unbonded
1229	   0	90.2	90.2	 614	OK
1230	   0	97.0	97.0	 674	OK
1231	1000	86.5	86.5	 525	unbonded
1232	   0	90.3	90.3	 577	OK
1233	   0	89.2	89.2	 686	OK
1234	1000	87.0	87.0	 513	unbonded
1235	1000	93.3	93.3	 533	unbonded
1236	   0	86.0	86.0	 671	OK
1237	1000	85.2	85.2	 465	unbonded
1238	   0	85.1	85.1	 622	OK
1239	1000	94.7	94.7	 509	unbonded
1240	   0	100.4	100.4	 709	OK
1241	4000	97.4	97.4	 762	high noise
1242	   0	89.9	89.9	 557	OK
1243	   0	95.1	95.1	 681	OK
1244	   0	85.0	85.0	 571	OK
1245	   0	90.3	90.3	 727	OK
1246	   0	86.4	86.4	 612	OK
1247	4000	80.7	80.7	 778	high noise
1248	4000	93.1	93.1	 780	high noise
1249	   0	94.3	94.3	 601	OK
1250	   0	90.2	90.2	 646	OK
1251	   0	88.8	88.8	 615	OK
1252	   0	82.1	82.1	 708	OK
1253	   0	87.2	87.2	 662	OK
1254	1000	90.9	90.9	 479	unbonded
1255	   0	84.8	84.8	 607	OK
1256	8000	75.2	75.2	 541	partbonded
1257	   0	88.5	88.5	 661	OK
1258	   0	88.9	88.9	 616	OK
1259	   0	85.7	85.7	 548	OK
1260	   0	91.4	91.4	 647	OK
1261	1000	83.2	83.2	 496	unbonded
1262	   0	85.1	85.1	 620	OK
1263	   0	88.1	88.1	 623	OK
1264	   0	86.8	86.8	 699	OK
1265	   0	92.5	92.5	 629	OK
1266	1000	83.8	83.8	 476	unbonded
1267	   0	83.2	83.2	 679	OK
1268	   0	87.6	87.6	 693	OK
1269	   0	89.1	89.1	 662	OK
1270	   0	91.6	91.6	 679	OK
1271	   0	87.8	87.8	 639	OK
1272	   0	89.8	89.8	 620	OK
1273	   0	87.5	87.5	 580	OK
1274	   0	91.4	91.4	 649	OK
1275	4000	89.5	89.5	 742	high noise
1276	   0	87.1	87.1	 670	OK
1277	1000	85.5	85.5	 530	unbonded
1278	   0	90.2	90.2	 689	OK
1279	   0	92.4	92.4	 703	OK
1280	   0	83.7	83.7	 768	OK
1281	   0	85.6	85.6	 817	OK
1282	   0	85.1	85.1	 767	OK
1283	   0	76.9	76.9	 775	OK
1284	   0	74.2	74.2	 639	OK
1285	   0	79.7	79.7	 651	OK
1286	4000	77.2	77.2	 825	high noise
1287	   0	78.7	78.7	 625	OK
1288	4000	80.3	80.3	 827	high noise
1289	   0	79.5	79.5	 801	OK
1290	   0	80.0	80.0	 736	OK
1291	   0	84.2	84.2	 696	OK
1292	   0	84.2	84.2	 657	OK
1293	   0	78.7	78.7	 654	OK
1294	   0	78.8	78.8	 730	OK
1295	   0	79.2	79.2	 664	OK
1296	   0	84.5	84.5	 597	OK
1297	   0	75.1	75.1	 616	OK
1298	   0	77.4	77.4	 637	OK
1299	   0	76.7	76.7	 729	OK
1300	   0	76.7	76.7	 695	OK
1301	4000	77.5	77.5	 841	high noise
1302	   0	78.7	78.7	 802	OK
1303	   0	82.4	82.4	 613	OK
1304	4000	82.9	82.9	 843	high noise
1305	   0	81.0	81.0	 718	OK
1306	   0	80.2	80.2	 722	OK
1307	   0	84.9	84.9	 691	OK
1308	   0	88.1	88.1	 821	OK
1309	   0	82.0	82.0	 625	OK
1310	   0	84.4	84.4	 718	OK
1311	   0	77.9	77.9	 633	OK
1312	   0	82.8	82.8	 697	OK
1313	   0	74.3	74.3	 669	OK
1314	   0	79.5	79.5	 777	OK
1315	   0	89.8	89.8	 695	OK
1316	   0	82.2	82.2	 663	OK
1317	   0	85.1	85.1	 813	OK
1318	   0	79.2	79.2	 746	OK
1319	   0	82.5	82.5	 754	OK
1320	   0	73.0	73.0	 720	OK
1321	   0	78.8	78.8	 806	OK
1322	   0	79.9	79.9	 648	OK
1323	   0	80.2	80.2	 663	OK
1324	4000	71.1	71.1	 826	high noise
1325	   0	77.3	77.3	 699	OK
1326	   0	79.5	79.5	 685	OK
1327	   0	78.7	78.7	 689	OK
1328	   0	83.0	83.0	 632	OK
1329	   0	82.0	82.0	 682	OK
1330	   0	85.7	85.7	 682	OK
1331	1000	77.4	77.4	 414	unbonded
1332	   0	83.3	83.3	 638	OK
1333	   0	82.0	82.0	 699	OK
1334	   0	82.2	82.2	 751	OK
1335	   0	77.1	77.1	 748	OK
1336	   0	87.5	87.5	 730	OK
1337	   0	85.9	85.9	 688	OK
1338	   0	87.3	87.3	 662	OK
1339	   0	76.6	76.6	 669	OK
1340	   0	82.1	82.1	 708	OK
1341	   0	83.1	83.1	 706	OK
1342	   0	86.2	86.2	 615	OK
1343	   0	80.2	80.2	 687	OK
1344	   0	82.8	82.8	 608	OK
1345	   0	80.1	80.1	 755	OK
1346	   0	81.1	81.1	 735	OK
1347	   0	78.6	78.6	 743	OK
1348	   0	80.1	80.1	 691	OK
1349	   0	76.2	76.2	 672	OK
1350	   0	78.8	78.8	 639	OK
1351	   0	82.0	82.0	 717	OK
1352	   0	85.9	85.9	 725	OK
1353	   0	83.7	83.7	 774	OK
1354	   0	75.7	75.7	 785	OK
1355	   0	79.1	79.1	 711	OK
1356	   0	84.8	84.8	 643	OK
1357	   0	87.6	87.6	 576	OK
1358	   0	82.6	82.6	 769	OK
1359	   0	81.0	81.0	 682	OK
1360	   0	76.9	76.9	 693	OK
1361	   0	81.6	81.6	 652	OK
1362	   0	78.3	78.3	 783	OK
1363	   0	86.0	86.0	 728	OK
1364	   0	87.1	87.1	 813	OK
1365	   0	82.1	82.1	 794	OK
1366	   0	82.5	82.5	 748	OK
1367	   0	81.0	81.0	 604	OK
1368	   0	78.5	78.5	 693	OK
1369	   0	88.1	88.1	 777	OK
1370	4000	86.1	86.1	 845	high noise
1371	   0	80.0	80.0	 734	OK
1372	   0	84.0	84.0	 654	OK
1373	   0	78.8	78.8	 741	OK
1374	   0	83.9	83.9	 734	OK
1375	   0	86.3	86.3	 755	OK
1376	   0	82.3	82.3	 620	OK
1377	   0	84.7	84.7	 771	OK
1378	4000	82.1	82.1	 837	high noise
1379	   0	83.1	83.1	 731	OK
1380	   0	75.2	75.2	 808	OK
1381	   0	79.7	79.7	 612	OK
1382	   0	84.4	84.4	 766	OK
1383	   0	90.0	90.0	 796	OK
1384	   0	80.4	80.4	 674	OK
1385	   0	84.4	84.4	 786	OK
1386	   0	85.6	85.6	 665	OK
1387	   0	84.0	84.0	 653	OK
1388	   0	82.4	82.4	 654	OK
1389	   0	80.6	80.6	 815	OK
1390	   0	86.6	86.6	 654	OK
1391	   0	78.4	78.4	 777	OK
1392	   0	80.9	80.9	 757	OK
1393	   0	79.8	79.8	 731	OK
1394	   0	81.9	81.9	 822	OK
1395	4000	82.3	82.3	 831	high noise
1396	   0	82.1	82.1	 673	OK
1397	   0	78.0	78.0	 739	OK
1398	   0	79.7	79.7	 554	OK
1399	   0	83.9	83.9	 626	OK
1400	   0	77.6	77.6	 668	OK
1401	4000	80.4	80.4	 848	high noise
1402	   0	80.4	80.4	 781	OK
1403	   0	84.2	84.2	 705	OK
1404	   0	83.5	83.5	 696	OK
1405	   0	76.0	76.0	 764	OK
1406	4000	81.3	81.3	 920	high noise
1407	   0	78.3	78.3	 687	OK
1408	   0	87.2	87.2	 627	OK
1409	   0	92.6	92.6	 566	OK
1410	   0	84.4	84.4	 640	OK
1411	   0	83.9	83.9	 570	OK
1412	   0	96.2	96.2	 587	OK
1413	   0	89.4	89.4	 589	OK
1414	   0	89.0	89.0	 570	OK
1415	   0	100.3	100.3	 598	OK
1416	   0	98.0	98.0	 602	OK
1417	   0	97.4	97.4	 635	OK
1418	   0	96.2	96.2	 678	OK
1419	   0	89.7	89.7	 686	OK
1420	   0	89.6	89.6	 655	OK
1421	1000	91.8	91.8	 508	unbonded
1422	   0	89.0	89.0	 587	OK
1423	   0	90.1	90.1	 599	OK
1424	1000	94.1	94.1	 486	unbonded
1425	4000	93.6	93.6	 723	high noise
1426	   0	93.3	93.3	 571	OK
1427	1000	91.1	91.1	 527	unbonded
1428	   0	88.2	88.2	 641	OK
1429	   0	84.4	84.4	 618	OK
1430	   0	85.7	85.7	 664	OK
1431	   0	93.4	93.4	 639	OK
1432	1000	93.9	93.9	 470	unbonded
1433	   0	89.2	89.2	 656	OK
1434	4000	86.2	86.2	 729	high noise
1435	   0	91.6	91.6	 700	OK
1436	1000	96.0	96.0	 464	unbonded
1437	4000	83.8	83.8	 735	high noise
1438	1000	87.0	87.0	 533	unbonded
1439	   0	91.9	91.9	 609	OK
1440	   0	96.6	96.6	 544	OK
1441	   0	86.2	86.2	 639	OK
1442	   0	92.2	92.2	 652	OK
1443	   0	93.8	93.8	 679	OK
1444	8000	87.7	87.7	 540	partbonded
1445	   0	86.1	86.1	 566	OK
1446	   0	88.0	88.0	 610	OK
1447	   0	94.5	94.5	 628	OK
1448	   0	91.4	91.4	 625	OK
1449	1000	90.2	90.2	 528	unbonded
1450	   0	95.2	95.2	 648	OK
1451	   0	87.5	87.5	 578	OK
1452	   0	88.8	88.8	 669	OK
1453	   0	86.9	86.9	 665	OK
1454	   0	91.1	91.1	 660	OK
1455	   0	88.3	88.3	 581	OK
1456	   0	92.5	92.5	 631	OK
1457	   0	80.9	80.9	 677	OK
1458	   0	92.0	92.0	 542	OK
1459	   0	89.2	89.2	 644	OK
1460	   0	88.5	88.5	 658	OK
1461	   0	94.4	94.4	 600	OK
1462	   0	94.3	94.3	 669	OK
1463	8000	94.5	94.5	 540	partbonded
1464	   0	88.4	88.4	 615	OK
1465	   0	87.3	87.3	 595	OK
1466	   0	92.0	92.0	 552	OK
1467	   0	89.6	89.6	 566	OK
1468	   0	93.6	93.6	 546	OK
1469	   0	91.5	91.5	 586	OK
1470	   0	91.4	91.4	 697	OK
1471	   0	96.6	96.6	 630	OK
1472	   0	93.5	93.5	 694	OK
1473	   0	89.7	89.7	 698	OK
1474	   0	85.3	85.3	 672	OK
1475	   0	89.5	89.5	 653	OK
1476	4000	90.9	90.9	 781	high noise
1477	1000	100.3	100.3	 534	unbonded
1478	   0	89.9	89.9	 709	OK
1479	   0	89.8	89.8	 700	OK
1480	   0	91.1	91.1	 598	OK
1481	   0	90.1	90.1	 635	OK
1482	   0	87.0	87.0	 557	OK
1483	   0	88.2	88.2	 689	OK
1484	   0	94.9	94.9	 658	OK
1485	   0	94.4	94.4	 571	OK
1486	   0	84.0	84.0	 632	OK
1487	4000	89.2	89.2	 762	high noise
1488	   0	88.6	88.6	 693	OK
1489	1000	81.5	81.5	 537	unbonded
1490	   0	83.4	83.4	 648	OK
1491	   0	92.1	92.1	 710	OK
1492	   0	88.7	88.7	 598	OK
1493	   0	85.9	85.9	 597	OK
1494	1000	93.2	93.2	 524	unbonded
1495	4000	92.1	92.1	 757	high noise
1496	   0	88.6	88.6	 711	OK
1497	   0	95.0	95.0	 649	OK
1498	   0	96.0	96.0	 667	OK
1499	   0	88.4	88.4	 670	OK
1500	   0	88.9	88.9	 680	OK
1501	   0	90.9	90.9	 578	OK
1502	   0	88.0	88.0	 665	OK
1503	1000	91.1	91.1	 460	unbonded
1504	   0	88.4	88.4	 605	OK
1505	   0	88.5	88.5	 588	OK
1506	   0	86.2	86.2	 620	OK
1507	   0	86.6	86.6	 706	OK
1508	   0	90.1	90.1	 615	OK
1509	4000	88.3	88.3	 725	high noise
1510	   0	86.6	86.6	 560	OK
1511	   0	90.3	90.3	 635	OK
1512	   0	93.3	93.3	 651	OK
1513	   0	94.7	94.7	 649	OK
1514	1000	92.4	92.4	 518	unbonded
1515	1000	91.6	91.6	 527	unbonded
1516	1000	91.1	91.1	 485	unbonded
1517	4000	89.5	89.5	 787	high noise
1518	   0	85.7	85.7	 669	OK
1519	   0	93.1	93.1	 631	OK
1520	   0	94.7	94.7	 641	OK
1521	1000	94.0	94.0	 506	unbonded
1522	8000	86.7	86.7	 540	partbonded
1523	   0	86.1	86.1	 582	OK
1524	   0	82.2	82.2	 615	OK
1525	   0	90.4	90.4	 542	OK
1526	   0	88.3	88.3	 579	OK
1527	   0	94.2	94.2	 597	OK
1528	   0	93.3	93.3	 550	OK
1529	1000	87.0	87.0	 519	unbonded
1530	   0	91.4	91.4	 604	OK
1531	   0	85.9	85.9	 681	OK
1532	4000	93.7	93.7	 742	high noise
1533	   0	87.7	87.7	 616	OK
1534	   0	94.1	94.1	 654	OK
1535	   0	87.9	87.9	 701	OK
1536	   0	79.6	79.6	 690	OK
1537	   0	84.5	84.5	 725	OK
1538	   0	81.7	81.7	 664	OK
1539	   0	81.5	81.5	 634	OK
1540	   0	85.4	85.4	 737	OK
1541	   0	80.8	80.8	 656	OK
1542	   0	79.2	79.2	 666	OK
1543	   0	88.7	88.7	 667	OK
1544	   0	78.4	78.4	 674	OK
1545	   0	84.8	84.8	 679	OK
1546	   0	84.3	84.3	 646	OK
1547	   0	82.9	82.9	 549	OK
1548	   0	83.4	83.4	 696	OK
1549	   0	87.2	87.2	 571	OK
1550	   0	78.4	78.4	 777	OK
1551	   0	86.6	86.6	 700	OK
1552	   0	82.0	82.0	 555	OK
1553	   0	84.2	84.2	 774	OK
1554	   0	83.6	83.6	 765	OK
1555	   0	73.4	73.4	 675	OK
1556	   0	86.2	86.2	 647	OK
1557	   0	87.6	87.6	 722	OK
1558	   0	83.4	83.4	 704	OK
1559	   0	84.4	84.4	 658	OK
1560	   0	84.0	84.0	 716	OK
1561	   0	88.2	88.2	 730	OK
1562	   0	82.5	82.5	 701	OK
1563	   0	74.9	74.9	 742	OK
1564	   0	80.1	80.1	 629	OK
1565	   0	76.5	76.5	 723	OK
1566	   0	84.5	84.5	 703	OK
1567	   0	79.5	79.5	 776	OK
1568	   0	83.5	83.5	 708	OK
1569	   0	80.2	80.2	 691	OK
1570	   0	81.3	81.3	 608	OK
1571	   0	79.3	79.3	 789	OK
1572	   0	83.8	83.8	 667	OK
1573	   0	81.4	81.4	 698	OK
1574	   0	83.9	83.9	 713	OK
1575	   0	86.4	86.4	 654	OK
1576	4000	82.3	82.3	 848	high noise
1577	   0	80.0	80.0	 706	OK
1578	   0	78.6	78.6	 743	OK
1579	   0	87.8	87.8	 608	OK
1580	4000	83.9	83.9	 803	high noise
1581	   0	85.7	85.7	 687	OK
1582	   0	77.2	77.2	 713	OK
1583	   0	82.4	82.4	 745	OK
1584	   0	86.7	86.7	 656	OK
1585	   0	79.4	79.4	 671	OK
1586	   0	83.7	83.7	 650	OK
1587	   0	85.1	85.1	 613	OK
1588	   0	86.6	86.6	 713	OK
1589	   0	78.0	78.0	 796	OK
1590	   0	85.3	85.3	 685	OK
1591	   0	82.6	82.6	 600	OK
1592	4000	90.4	90.4	 838	high noise
1593	   0	77.1	77.1	 728	OK
1594	   0	82.5	82.5	 691	OK
1595	   0	80.1	80.1	 745	OK
1596	   0	88.9	88.9	 687	OK
1597	   0	91.0	91.0	 543	OK
1598	   0	78.7	78.7	 562	OK
1599	4000	86.3	86.3	 808	high noise
1600	   0	86.6	86.6	 691	OK
1601	   0	87.3	87.3	 688	OK
1602	   0	82.9	82.9	 725	OK
1603	4000	79.9	79.9	 828	high noise
1604	   0	77.1	77.1	 645	OK
1605	   0	87.2	87.2	 684	OK
1606	   0	87.4	87.4	 554	OK
1607	   0	86.3	86.3	 627	OK
1608	   0	94.5	94.5	 693	OK
1609	   0	92.2	92.2	 615	OK
1610	   0	88.8	88.8	 567	OK
1611	   0	85.6	85.6	 729	OK
1612	4000	78.7	78.7	 826	high noise
1613	   0	81.8	81.8	 712	OK
1614	   0	84.1	84.1	 644	OK
1615	   0	78.3	78.3	 760	OK
1616	4000	76.0	76.0	 824	high noise
1617	4000	79.7	79.7	 806	high noise
1618	   0	80.1	80.1	 738	OK
1619	   0	86.9	86.9	 673	OK
1620	   0	81.1	81.1	 604	OK
1621	4000	82.1	82.1	 844	high noise
1622	   0	87.3	87.3	 654	OK
1623	   0	85.0	85.0	 728	OK
1624	   0	84.4	84.4	 708	OK
1625	   0	88.9	88.9	 787	OK
1626	   0	86.8	86.8	 752	OK
1627	   0	83.8	83.8	 796	OK
1628	   0	80.9	80.9	 689	OK
1629	   0	86.0	86.0	 709	OK
1630	   0	78.2	78.2	 632	OK
1631	   0	79.0	79.0	 675	OK
1632	   0	87.0	87.0	 724	OK
1633	4000	78.7	78.7	 842	high noise
1634	   0	77.9	77.9	 685	OK
1635	   0	88.0	88.0	 727	OK
1636	   0	80.7	80.7	 666	OK
1637	   0	75.0	75.0	 639	OK
1638	   0	75.6	75.6	 665	OK
1639	   0	88.9	88.9	 601	OK
1640	4000	82.1	82.1	 839	high noise
1641	   0	82.4	82.4	 669	OK
1642	   0	90.8	90.8	 671	OK
1643	   0	81.0	81.0	 762	OK
1644	   0	84.0	84.0	 645	OK
1645	   0	84.1	84.1	 775	OK
1646	   0	82.6	82.6	 564	OK
1647	   0	77.8	77.8	 648	OK
1648	   0	82.8	82.8	 701	OK
1649	4000	79.6	79.6	 799	high noise
1650	   0	85.9	85.9	 795	OK
1651	   0	80.1	80.1	 659	OK
1652	   0	81.0	81.0	 733	OK
1653	   0	84.2	84.2	 632	OK
1654	   0	84.3	84.3	 671	OK
1655	   0	79.9	79.9	 666	OK
1656	   0	89.9	89.9	 660	OK
1657	   0	83.7	83.7	 615	OK
1658	   0	84.4	84.4	 646	OK
1659	   0	90.5	90.5	 736	OK
1660	   0	84.4	84.4	 589	OK
1661	   0	78.6	78.6	 771	OK
1662	   0	86.6	86.6	 631	OK
1663	1000	86.0	86.0	 537	unbonded
1664	4000	81.6	81.6	 857	high noise
1665	   0	94.8	94.8	 561	OK
1666	   0	87.6	87.6	 585	OK
1667	   0	87.5	87.5	 685	OK
1668	   0	85.7	85.7	 619	OK
1669	   0	85.0	85.0	 625	OK
1670	   0	82.4	82.4	 560	OK
1671	   0	88.3	88.3	 649	OK
1672	   0	86.5	86.5	 708	OK
1673	   0	88.0	88.0	 706	OK
1674	   0	86.4	86.4	 631	OK
1675	   0	86.0	86.0	 585	OK
1676	   0	86.3	86.3	 677	OK
1677	   0	79.6	79.6	 553	OK
1678	   0	86.3	86.3	 679	OK
1679	   0	86.7	86.7	 642	OK
1680	   0	93.2	93.2	 705	OK
1681	   0	87.7	87.7	 681	OK
1682	   0	83.6	83.6	 751	OK
1683	   0	83.0	83.0	 570	OK
1684	4000	90.3	90.3	 807	high noise
1685	   0	83.4	83.4	 639	OK
1686	   0	83.4	83.4	 658	OK
1687	4000	92.0	92.0	 781	high noise
1688	   0	89.1	89.1	 672	OK
1689	   0	89.7	89.7	 668	OK
1690	   0	86.8	86.8	 595	OK
1691	   0	85.2	85.2	 698	OK
1692	   0	86.3	86.3	 740	OK
1693	   0	79.0	79.0	 693	OK
1694	   0	85.7	85.7	 634	OK
1695	   0	84.4	84.4	 699	OK
1696	   0	93.3	93.3	 688	OK
1697	   0	82.1	82.1	 714	OK
1698	1000	89.0	89.0	 482	unbonded
1699	   0	84.7	84.7	 643	OK
1700	   0	88.5	88.5	 644	OK
1701	   0	91.1	91.1	 753	OK
1702	   0	88.0	88.0	 667	OK
1703	1000	87.3	87.3	 497	unbonded
1704	   0	87.0	87.0	 715	OK
1705	   0	87.0	87.0	 607	OK
1706	   0	85.5	85.5	 691	OK
1707	   0	88.4	88.4	 690	OK
1708	   0	87.8	87.8	 741	OK
1709	   0	87.4	87.4	 585	OK
1710	   0	83.3	83.3	 743	OK
1711	   0	91.9	91.9	 705	OK
1712	   0	86.7	86.7	 566	OK
1713	   0	92.9	92.9	 670	OK
1714	   0	86.0	86.0	 622	OK
1715	   0	90.7	90.7	 560	OK
1716	4000	87.8	87.8	 774	high noise
1717	   0	87.8	87.8	 712	OK
1718	   0	95.7	95.7	 645	OK
1719	   0	86.5	86.5	 729	OK
1720	   0	89.4	89.4	 736	OK
1721	   0	88.7	88.7	 609	OK
1722	   0	91.9	91.9	 627	OK
1723	   0	91.8	91.8	 563	OK
1724	   0	89.8	89.8	 638	OK
1725	   0	87.9	87.9	 737	OK
1726	   0	91.1	91.1	 658	OK
1727	   0	88.5	88.5	 687	OK
1728	   0	85.9	85.9	 699	OK
1729	   0	87.8	87.8	 609	OK
1730	   0	87.8	87.8	 612	OK
1731	   0	90.9	90.9	 620	OK
1732	1000	87.0	87.0	 440	unbonded
1733	   0	86.1	86.1	 648	OK
1734	   0	85.7	85.7	 637	OK
1735	4000	85.4	85.4	 776	high noise
1736	   0	91.2	91.2	 683	OK
1737	   0	86.9	86.9	 717	OK
1738	   0	85.1	85.1	 645	OK
1739	   0	90.4	90.4	 695	OK
1740	4000	89.6	89.6	 806	high noise
1741	   0	84.2	84.2	 713	OK
1742	   0	84.6	84.6	 690	OK
1743	   0	95.2	95.2	 669	OK
1744	   0	91.8	91.8	 724	OK
1745	   0	87.8	87.8	 638	OK
1746	   0	84.8	84.8	 646	OK
1747	   0	88.0	88.0	 596	OK
1748	1000	82.6	82.6	 509	unbonded
1749	   0	85.8	85.8	 628	OK
1750	   0	87.4	87.4	 692	OK
1751	4000	82.5	82.5	 788	high noise
1752	1000	79.9	79.9	 535	unbonded
1753	   0	88.3	88.3	 617	OK
1754	1000	88.6	88.6	 482	unbonded
1755	   0	79.7	79.7	 709	OK
1756	   0	84.5	84.5	 598	OK
1757	1000	83.9	83.9	 466	unbonded
1758	   0	83.5	83.5	 670	OK
1759	4000	81.8	81.8	 837	high noise
1760	   0	83.0	83.0	 627	OK
1761	   0	90.4	90.4	 555	OK
1762	   0	79.7	79.7	 646	OK
1763	   0	84.3	84.3	 723	OK
1764	   0	84.9	84.9	 643	OK
1765	   0	86.8	86.8	 744	OK
1766	   0	98.4	98.4	 662	OK
1767	   0	92.5	92.5	 659	OK
1768	   0	88.8	88.8	 608	OK
1769	   0	84.4	84.4	 688	OK
1770	   0	85.2	85.2	 591	OK
1771	   0	87.9	87.9	 655	OK
1772	   0	80.8	80.8	 601	OK
1773	   0	92.8	92.8	 722	OK
1774	   0	89.6	89.6	 608	OK
1775	   0	96.2	96.2	 689	OK
1776	   0	86.8	86.8	 730	OK
1777	   0	84.0	84.0	 619	OK
1778	4000	82.0	82.0	 778	high noise
1779	   0	87.6	87.6	 546	OK
1780	   0	80.3	80.3	 616	OK
1781	   0	87.0	87.0	 648	OK
1782	4000	84.3	84.3	 773	high noise
1783	   0	88.7	88.7	 614	OK
1784	4000	80.6	80.6	 762	high noise
1785	   0	84.7	84.7	 705	OK
1786	   0	77.4	77.4	 614	OK
1787	   0	85.3	85.3	 677	OK
1788	   0	83.9	83.9	 708	OK
1789	   0	83.4	83.4	 626	OK
1790	   0	86.7	86.7	 617	OK
1791	   0	89.8	89.8	 693	OK
1792	   0	94.8	94.8	 597	OK
1793	   0	94.3	94.3	 668	OK
1794	   0	96.9	96.9	 600	OK
1795	   0	89.5	89.5	 571	OK
1796	   0	89.5	89.5	 664	OK
1797	   0	90.1	90.1	 550	OK
1798	   0	90.6	90.6	 674	OK
1799	   0	88.8	88.8	 698	OK
1800	1000	82.9	82.9	 530	unbonded
1801	   0	90.4	90.4	 627	OK
1802	   0	90.4	90.4	 668	OK
1803	   0	89.7	89.7	 562	OK
1804	   0	94.1	94.1	 632	OK
1805	   0	88.6	88.6	 655	OK
1806	   0	93.4	93.4	 594	OK
1807	   0	93.1	93.1	 677	OK
1808	   0	87.1	87.1	 626	OK
1809	1000	87.5	87.5	 523	unbonded
1810	   0	89.7	89.7	 631	OK
1811	   0	87.5	87.5	 666	OK
1812	   0	94.5	94.5	 607	OK
1813	1000	84.6	84.6	 516	unbonded
1814	   0	88.9	88.9	 604	OK
1815	   0	93.8	93.8	 681	OK
1816	   0	94.2	94.2	 698	OK
1817	   0	91.0	91.0	 576	OK
1818	1000	83.7	83.7	 486	unbonded
1819	   0	95.7	95.7	 650	OK
1820	   0	86.8	86.8	 680	OK
1821	   0	100.7	100.7	 704	OK
1822	   0	91.6	91.6	 660	OK
1823	1000	103.0	103.0	 514	unbonded
1824	   0	95.1	95.1	 637	OK
1825	   0	86.1	86.1	 617	OK
1826	   0	93.5	93.5	 640	OK
1827	   0	94.1	94.1	 684	OK
1828	   0	101.5	101.5	 679	OK
1829	   0	84.0	84.0	 591	OK
1830	4000	93.0	93.0	 743	high noise
1831	   0	94.4	94.4	 621	OK
1832	   0	90.6	90.6	 692	OK
1833	   0	87.9	87.9	 673	OK
1834	8000	96.5	96.5	 540	partbonded
1835	1000	89.3	89.3	 486	unbonded
1836	   0	88.8	88.8	 699	OK
1837	   0	92.5	92.5	 581	OK
1838	   0	88.1	88.1	 650	OK
1839	   0	92.3	92.3	 630	OK
1840	4000	92.6	92.6	 777	high noise
1841	   0	90.1	90.1	 615	OK
1842	1000	88.9	88.9	 457	unbonded
1843	   0	92.2	92.2	 586	OK
1844	   0	93.0	93.0	 596	OK
1845	   0	88.7	88.7	 652	OK
1846	   0	101.2	101.2	 603	OK
1847	   0	87.9	87.9	 645	OK
1848	   0	92.4	92.4	 630	OK
1849	   0	90.6	90.6	 571	OK
1850	   0	90.2	90.2	 617	OK
1851	4000	94.6	94.6	 743	high noise
1852	   0	95.0	95.0	 595	OK
1853	   0	96.3	96.3	 574	OK
1854	   0	103.6	103.6	 656	OK
1855	   0	90.2	90.2	 610	OK
1856	   0	90.7	90.7	 653	OK
1857	   0	94.2	94.2	 720	OK
1858	4000	99.5	99.5	 755	high noise
1859	   0	94.9	94.9	 564	OK
1860	   0	87.4	87.4	 639	OK
1861	   0	93.2	93.2	 707	OK
1862	   0	81.5	81.5	 583	OK
1863	   0	95.8	95.8	 559	OK
1864	   0	88.9	88.9	 603	OK
1865	   0	100.6	100.6	 649	OK
1866	1000	89.1	89.1	 369	unbonded
1867	   0	89.5	89.5	 664	OK
1868	   0	92.1	92.1	 710	OK
1869	   0	90.2	90.2	 591	OK
1870	1501	0.0	0.0	   0	dead
1871	   0	90.5	90.5	 645	OK
1872	4000	87.0	87.0	 826	high noise
1873	   0	89.5	89.5	 642	OK
1874	   0	94.2	94.2	 675	OK
1875	4000	93.8	93.8	 726	high noise
1876	4000	91.2	91.2	 757	high noise
1877	   0	97.6	97.6	 627	OK
1878	   0	90.2	90.2	 693	OK
1879	   0	96.7	96.7	 662	OK
1880	   0	95.1	95.1	 662	OK
1881	   0	92.9	92.9	 593	OK
1882	   0	93.7	93.7	 671	OK
1883	   0	93.3	93.3	 595	OK
1884	   0	98.3	98.3	 609	OK
1885	   0	90.6	90.6	 573	OK
1886	   0	84.3	84.3	 682	OK
1887	   0	85.7	85.7	 579	OK
1888	   0	86.4	86.4	 571	OK
1889	   0	88.1	88.1	 608	OK
1890	   0	90.1	90.1	 634	OK
1891	   0	90.4	90.4	 717	OK
1892	   0	90.1	90.1	 681	OK
1893	   0	85.7	85.7	 671	OK
1894	4000	90.5	90.5	 800	high noise
1895	   0	87.6	87.6	 710	OK
1896	   0	92.2	92.2	 673	OK
1897	   0	92.0	92.0	 672	OK
1898	   0	100.5	100.5	 704	OK
1899	   0	89.2	89.2	 623	OK
1900	   0	88.8	88.8	 594	OK
1901	   0	95.9	95.9	 602	OK
1902	   0	94.8	94.8	 629	OK
1903	   0	88.6	88.6	 653	OK
1904	1000	91.1	91.1	 537	unbonded
1905	4000	96.0	96.0	 772	high noise
1906	   0	89.9	89.9	 634	OK
1907	   0	88.6	88.6	 722	OK
1908	   0	90.9	90.9	 624	OK
1909	   0	86.7	86.7	 555	OK
1910	   0	91.6	91.6	 607	OK
1911	1000	95.4	95.4	 531	unbonded
1912	1000	91.5	91.5	 534	unbonded
1913	   0	90.5	90.5	 636	OK
1914	   0	86.0	86.0	 596	OK
1915	   0	81.9	81.9	 695	OK
1916	   0	89.9	89.9	 690	OK
1917	   0	85.3	85.3	 675	OK
1918	   0	92.4	92.4	 574	OK
1919	   0	87.2	87.2	 713	OK
1920	4000	81.3	81.3	 750	high noise
1921	   0	87.8	87.8	 722	OK
1922	   0	82.4	82.4	 561	OK
1923	   0	81.4	81.4	 677	OK
1924	   0	84.1	84.1	 679	OK
1925	4000	80.8	80.8	 746	high noise
1926	   0	84.4	84.4	 644	OK
1927	   0	80.9	80.9	 629	OK
1928	4000	78.3	78.3	 838	high noise
1929	   0	80.9	80.9	 617	OK
1930	   0	84.7	84.7	 659	OK
1931	   0	85.3	85.3	 647	OK
1932	   0	89.0	89.0	 676	OK
1933	1000	87.0	87.0	 532	unbonded
1934	   0	76.3	76.3	 703	OK
1935	   0	80.0	80.0	 583	OK
1936	   0	75.0	75.0	 728	OK
1937	4000	85.0	85.0	 768	high noise
1938	   0	84.7	84.7	 579	OK
1939	   0	79.1	79.1	 683	OK
1940	   0	85.1	85.1	 608	OK
1941	   0	85.3	85.3	 683	OK
1942	   0	93.3	93.3	 662	OK
1943	1000	84.0	84.0	 499	unbonded
1944	   0	79.0	79.0	 676	OK
1945	   0	86.8	86.8	 695	OK
1946	   0	75.3	75.3	 696	OK
1947	1000	83.3	83.3	 497	unbonded
1948	   0	82.8	82.8	 665	OK
1949	   0	81.8	81.8	 597	OK
1950	   0	78.2	78.2	 604	OK
1951	   0	78.2	78.2	 665	OK
1952	   0	82.8	82.8	 677	OK
1953	   0	80.2	80.2	 652	OK
1954	   0	84.8	84.8	 702	OK
1955	   0	85.1	85.1	 576	OK
1956	   0	80.3	80.3	 564	OK
1957	   0	80.8	80.8	 542	OK
1958	4000	82.3	82.3	 806	high noise
1959	   0	77.8	77.8	 725	OK
1960	   0	84.6	84.6	 676	OK
1961	   0	85.3	85.3	 680	OK
1962	   0	86.8	86.8	 611	OK
1963	   0	83.3	83.3	 648	OK
1964	   0	77.7	77.7	 628	OK
1965	   0	83.8	83.8	 669	OK
1966	   0	86.5	86.5	 682	OK
1967	1000	86.6	86.6	 511	unbonded
1968	4000	84.6	84.6	 755	high noise
1969	   0	82.3	82.3	 695	OK
1970	   0	81.9	81.9	 559	OK
1971	   0	83.6	83.6	 606	OK
1972	   0	85.0	85.0	 674	OK
1973	   0	83.6	83.6	 591	OK
1974	1000	81.2	81.2	 533	unbonded
1975	   0	82.9	82.9	 656	OK
1976	   0	86.8	86.8	 708	OK
1977	   0	78.5	78.5	 629	OK
1978	1000	84.2	84.2	 514	unbonded
1979	   0	78.1	78.1	 642	OK
1980	   0	86.9	86.9	 705	OK
1981	   0	79.1	79.1	 632	OK
1982	4000	81.6	81.6	 785	high noise
1983	   0	80.5	80.5	 609	OK
1984	4000	79.7	79.7	 819	high noise
1985	   0	79.4	79.4	 642	OK
1986	4000	89.7	89.7	 769	high noise
1987	   0	73.5	73.5	 590	OK
1988	   0	81.0	81.0	 591	OK
1989	   0	78.0	78.0	 706	OK
1990	   0	73.6	73.6	 672	OK
1991	   0	80.4	80.4	 548	OK
1992	   0	80.0	80.0	 600	OK
1993	   0	76.6	76.6	 739	OK
1994	   0	80.9	80.9	 736	OK
1995	   0	82.8	82.8	 648	OK
1996	   0	81.9	81.9	 545	OK
1997	   0	75.5	75.5	 561	OK
1998	1000	83.2	83.2	 500	unbonded
1999	   0	79.9	79.9	 647	OK
2000	   0	83.0	83.0	 562	OK
2001	   0	80.3	80.3	 708	OK
2002	   0	77.9	77.9	 614	OK
2003	   0	90.1	90.1	 593	OK
2004	   0	79.3	79.3	 652	OK
2005	1000	79.8	79.8	 487	unbonded
2006	   0	86.0	86.0	 694	OK
2007	   0	81.7	81.7	 561	OK
2008	   0	84.7	84.7	 555	OK
2009	   0	78.7	78.7	 694	OK
2010	4000	74.4	74.4	 785	high noise
2011	   0	80.3	80.3	 726	OK
2012	   0	72.3	72.3	 606	OK
2013	   0	75.9	75.9	 703	OK
2014	   0	78.9	78.9	 673	OK
2015	   0	81.0	81.0	 590	OK
2016	   0	77.8	77.8	 562	OK
2017	   0	85.9	85.9	 713	OK
2018	   0	75.2	75.2	 625	OK
2019	   0	76.9	76.9	 621	OK
2020	   0	79.4	79.4	 586	OK
2021	   0	83.4	83.4	 588	OK
2022	   0	77.3	77.3	 716	OK
2023	   0	75.9	75.9	 579	OK
2024	   0	75.6	75.6	 664	OK
2025	4000	76.2	76.2	 750	high noise
2026	   0	81.3	81.3	 642	OK
2027	   0	80.7	80.7	 717	OK
2028	   0	71.8	71.8	 606	OK
2029	   0	77.4	77.4	 730	OK
2030	   0	80.2	80.2	 583	OK
2031	4000	76.0	76.0	 762	high noise
2032	   0	86.6	86.6	 581	OK
2033	   0	82.2	82.2	 692	OK
2034	   0	81.8	81.8	 642	OK
2035	   0	86.6	86.6	 619	OK
2036	   0	81.6	81.6	 636	OK
2037	   0	85.9	85.9	 702	OK
2038	   0	74.4	74.4	 577	OK
2039	1000	78.4	78.4	 535	unbonded
2040	   0	79.8	79.8	 653	OK
2041	   0	79.9	79.9	 652	OK
2042	4000	78.9	78.9	 760	high noise
2043	   0	80.4	80.4	 674	OK
2044	   0	83.1	83.1	 610	OK
2045	   0	85.7	85.7	 694	OK
2046	1000	81.2	81.2	 519	unbonded
2047	   0	72.8	72.8	 706	OK
2048	   0	74.2	74.2	 676	OK
2049	   0	76.5	76.5	 711	OK
2050	   0	84.5	84.5	 568	OK
2051	   0	83.8	83.8	 700	OK
2052	   0	76.3	76.3	 583	OK
2053	   0	80.0	80.0	 734	OK
2054	   0	84.2	84.2	 719	OK
2055	   0	78.3	78.3	 669	OK
2056	   0	90.0	90.0	 745	OK
2057	   0	85.7	85.7	 712	OK
2058	   0	82.7	82.7	 630	OK
2059	   0	79.6	79.6	 593	OK
2060	   0	85.9	85.9	 650	OK
2061	   0	90.2	90.2	 623	OK
2062	   0	82.3	82.3	 606	OK
2063	   0	81.1	81.1	 678	OK
2064	   0	87.7	87.7	 614	OK
2065	   0	86.1	86.1	 623	OK
2066	   0	78.6	78.6	 722	OK
2067	   0	80.3	80.3	 700	OK
2068	   0	75.5	75.5	 686	OK
2069	4000	75.8	75.8	 866	high noise
2070	   0	87.2	87.2	 654	OK
2071	   0	82.5	82.5	 755	OK
2072	   0	79.9	79.9	 564	OK
2073	   0	77.0	77.0	 773	OK
2074	1000	76.8	76.8	 416	unbonded
2075	1000	78.3	78.3	 527	unbonded
2076	   0	83.4	83.4	 740	OK
2077	   0	76.0	76.0	 655	OK
2078	1000	83.6	83.6	 470	unbonded
2079	   0	75.8	75.8	 656	OK
2080	   0	86.4	86.4	 611	OK
2081	   0	85.8	85.8	 698	OK
2082	   0	80.4	80.4	 645	OK
2083	   0	79.7	79.7	 618	OK
2084	   0	76.4	76.4	 766	OK
2085	   0	81.5	81.5	 628	OK
2086	   0	81.0	81.0	 707	OK
2087	   0	84.2	84.2	 653	OK
2088	4000	76.2	76.2	 795	high noise
2089	   0	87.8	87.8	 754	OK
2090	4000	80.9	80.9	 806	high noise
2091	   0	83.8	83.8	 618	OK
2092	   0	81.1	81.1	 727	OK
2093	   0	83.2	83.2	 743	OK
2094	   0	79.7	79.7	 777	OK
2095	   0	79.9	79.9	 700	OK
2096	4000	77.2	77.2	 799	high noise
2097	   0	79.7	79.7	 655	OK
2098	   0	80.9	80.9	 739	OK
2099	   0	83.4	83.4	 703	OK
2100	   0	84.8	84.8	 619	OK
2101	   0	83.1	83.1	 693	OK
2102	   0	86.8	86.8	 598	OK
2103	   0	91.7	91.7	 658	OK
2104	   0	83.8	83.8	 751	OK
2105	   0	89.2	89.2	 683	OK
2106	   0	87.6	87.6	 612	OK
2107	   0	84.6	84.6	 544	OK
2108	   0	82.4	82.4	 717	OK
2109	   0	84.5	84.5	 714	OK
2110	   0	71.2	71.2	 763	OK
2111	   0	85.6	85.6	 778	OK
2112	   0	80.6	80.6	 619	OK
2113	   0	82.9	82.9	 702	OK
2114	   0	77.4	77.4	 623	OK
2115	   0	83.3	83.3	 707	OK
2116	   0	79.3	79.3	 566	OK
2117	   0	85.5	85.5	 783	OK
2118	   0	73.7	73.7	 590	OK
2119	   0	78.8	78.8	 756	OK
2120	   0	82.2	82.2	 563	OK
2121	   0	73.9	73.9	 621	OK
2122	   0	84.3	84.3	 716	OK
2123	   0	73.7	73.7	 733	OK
2124	   0	84.3	84.3	 568	OK
2125	   0	75.0	75.0	 685	OK
2126	   0	80.8	80.8	 698	OK
2127	   0	79.3	79.3	 588	OK
2128	   0	83.3	83.3	 748	OK
2129	   0	81.4	81.4	 641	OK
2130	   0	79.7	79.7	 708	OK
2131	   0	81.3	81.3	 757	OK
2132	   0	84.4	84.4	 597	OK
2133	4000	84.6	84.6	 805	high noise
2134	4000	78.6	78.6	 857	high noise
2135	   0	83.3	83.3	 640	OK
2136	   0	76.2	76.2	 758	OK
2137	   0	78.3	78.3	 743	OK
2138	4000	75.9	75.9	 833	high noise
2139	   0	76.1	76.1	 622	OK
2140	   0	78.7	78.7	 668	OK
2141	   0	81.0	81.0	 632	OK
2142	   0	76.2	76.2	 604	OK
2143	4000	79.2	79.2	 807	high noise
2144	   0	76.8	76.8	 665	OK
2145	4000	74.4	74.4	 854	high noise
2146	   0	81.5	81.5	 680	OK
2147	   0	74.2	74.2	 581	OK
2148	   0	76.9	76.9	 754	OK
2149	   0	80.3	80.3	 632	OK
2150	4000	77.4	77.4	 802	high noise
2151	4000	79.0	79.0	 836	high noise
2152	   0	76.1	76.1	 631	OK
2153	   0	76.6	76.6	 731	OK
2154	   0	76.9	76.9	 593	OK
2155	4000	74.5	74.5	 859	high noise
2156	   0	77.5	77.5	 620	OK
2157	   0	72.8	72.8	 693	OK
2158	   0	70.0	70.0	 617	OK
2159	4000	76.9	76.9	 883	high noise
2160	   0	68.9	68.9	 647	OK
2161	   0	76.7	76.7	 763	OK
2162	   0	81.3	81.3	 711	OK
2163	4000	74.8	74.8	 792	high noise
2164	   0	80.7	80.7	 777	OK
2165	   0	82.1	82.1	 685	OK
2166	   0	80.1	80.1	 586	OK
2167	   0	80.6	80.6	 601	OK
2168	   0	76.2	76.2	 747	OK
2169	   0	75.0	75.0	 625	OK
2170	   0	80.7	80.7	 703	OK
2171	   0	74.7	74.7	 693	OK
2172	   0	72.6	72.6	 556	OK
2173	   0	78.1	78.1	 739	OK
2174	   0	77.7	77.7	 722	OK
2175	   0	77.2	77.2	 756	OK
2176	   0	88.6	88.6	 608	OK
2177	   0	84.7	84.7	 733	OK
2178	   0	82.5	82.5	 710	OK
2179	   0	90.2	90.2	 650	OK
2180	1000	90.8	90.8	 495	unbonded
2181	   0	88.1	88.1	 576	OK
2182	   0	80.0	80.0	 590	OK
2183	4000	88.7	88.7	 741	high noise
2184	   0	90.1	90.1	 695	OK
2185	   0	80.9	80.9	 633	OK
2186	   0	88.8	88.8	 561	OK
2187	   0	94.2	94.2	 604	OK
2188	4000	84.9	84.9	 763	high noise
2189	   0	87.9	87.9	 570	OK
2190	   0	97.0	97.0	 589	OK
2191	4000	94.7	94.7	 744	high noise
2192	1000	83.3	83.3	 418	unbonded
2193	4000	86.4	86.4	 748	high noise
2194	1000	91.8	91.8	 530	unbonded
2195	1000	89.0	89.0	 530	unbonded
2196	1000	93.7	93.7	 522	unbonded
2197	   0	97.1	97.1	 563	OK
2198	   0	92.1	92.1	 577	OK
2199	   0	82.3	82.3	 629	OK
2200	   0	85.9	85.9	 631	OK
2201	   0	85.3	85.3	 612	OK
2202	   0	85.5	85.5	 680	OK
2203	   0	93.3	93.3	 641	OK
2204	   0	85.1	85.1	 657	OK
2205	   0	98.6	98.6	 670	OK
2206	   0	88.3	88.3	 685	OK
2207	   0	86.5	86.5	 600	OK
2208	   0	90.8	90.8	 648	OK
2209	   0	85.3	85.3	 723	OK
2210	   0	82.5	82.5	 693	OK
2211	   0	90.7	90.7	 692	OK
2212	   0	86.7	86.7	 677	OK
2213	   0	84.4	84.4	 600	OK
2214	   0	87.1	87.1	 680	OK
2215	   0	85.4	85.4	 630	OK
2216	   0	85.3	85.3	 648	OK
2217	   0	85.7	85.7	 714	OK
2218	   0	88.9	88.9	 551	OK
2219	4000	95.5	95.5	 745	high noise
2220	   0	86.6	86.6	 606	OK
2221	   0	85.4	85.4	 644	OK
2222	   0	84.8	84.8	 644	OK
2223	4000	95.4	95.4	 858	high noise
2224	   0	87.3	87.3	 698	OK
2225	   0	91.0	91.0	 662	OK
2226	   0	80.9	80.9	 554	OK
2227	   0	88.7	88.7	 623	OK
2228	   0	87.4	87.4	 667	OK
2229	   0	84.2	84.2	 653	OK
2230	   0	85.4	85.4	 706	OK
2231	   0	93.0	93.0	 592	OK
2232	4000	80.0	80.0	 744	high noise
2233	   0	84.8	84.8	 610	OK
2234	   0	88.4	88.4	 592	OK
2235	   0	85.9	85.9	 580	OK
2236	   0	85.6	85.6	 737	OK
2237	   0	92.5	92.5	 585	OK
2238	1000	94.0	94.0	 511	unbonded
2239	   0	95.8	95.8	 717	OK
2240	   0	92.8	92.8	 645	OK
2241	4000	88.0	88.0	 782	high noise
2242	   0	90.6	90.6	 583	OK
2243	   0	96.0	96.0	 718	OK
2244	   0	94.3	94.3	 667	OK
2245	   0	86.7	86.7	 718	OK
2246	   0	91.4	91.4	 635	OK
2247	4000	87.4	87.4	 755	high noise
2248	   0	85.2	85.2	 583	OK
2249	8000	85.3	85.3	 540	partbonded
2250	   0	90.1	90.1	 697	OK
2251	   0	86.7	86.7	 582	OK
2252	   0	88.1	88.1	 680	OK
2253	   0	90.5	90.5	 584	OK
2254	   0	93.7	93.7	 728	OK
2255	   0	84.5	84.5	 705	OK
2256	   0	91.2	91.2	 669	OK
2257	1000	86.2	86.2	 526	unbonded
2258	   0	91.5	91.5	 651	OK
2259	   0	89.0	89.0	 588	OK
2260	1000	87.5	87.5	 510	unbonded
2261	   0	88.5	88.5	 617	OK
2262	   0	85.7	85.7	 714	OK
2263	4000	87.6	87.6	 755	high noise
2264	   0	80.6	80.6	 669	OK
2265	   0	83.3	83.3	 692	OK
2266	1000	90.4	90.4	 520	unbonded
2267	4000	82.8	82.8	 812	high noise
2268	   0	96.6	96.6	 619	OK
2269	   0	90.9	90.9	 655	OK
2270	1000	82.2	82.2	 536	unbonded
2271	   0	86.6	86.6	 649	OK
2272	   0	84.4	84.4	 602	OK
2273	   0	88.3	88.3	 707	OK
2274	   0	90.7	90.7	 617	OK
2275	1000	83.3	83.3	 500	unbonded
2276	   0	86.3	86.3	 729	OK
2277	   0	84.2	84.2	 659	OK
2278	   0	87.8	87.8	 570	OK
2279	   0	81.7	81.7	 581	OK
2280	   0	89.1	89.1	 712	OK
2281	   0	84.3	84.3	 621	OK
2282	   0	89.4	89.4	 603	OK
2283	   0	87.0	87.0	 569	OK
2284	   0	86.5	86.5	 662	OK
2285	   0	88.1	88.1	 546	OK
2286	   0	75.7	75.7	 702	OK
2287	1000	81.2	81.2	 523	unbonded
2288	   0	91.8	91.8	 634	OK
2289	   0	91.7	91.7	 657	OK
2290	   0	82.7	82.7	 649	OK
2291	   0	86.8	86.8	 650	OK
2292	1000	88.2	88.2	 531	unbonded
2293	   0	87.3	87.3	 606	OK
2294	   0	84.4	84.4	 658	OK
2295	4000	79.2	79.2	 882	high noise
2296	   0	89.5	89.5	 632	OK
2297	   0	89.8	89.8	 716	OK
2298	   0	84.9	84.9	 565	OK
2299	   0	81.1	81.1	 618	OK
2300	   0	83.6	83.6	 738	OK
2301	4000	83.9	83.9	 761	high noise
2302	   0	87.2	87.2	 679	OK
2303	   0	85.4	85.4	 735	OK
2304	   0	84.3	84.3	 618	OK
2305	   0	86.6	86.6	 690	OK
2306	   0	80.5	80.5	 623	OK
2307	   0	81.9	81.9	 691	OK
2308	   0	82.9	82.9	 577	OK
2309	   0	79.8	79.8	 726	OK
2310	   0	84.0	84.0	 631	OK
2311	   0	79.8	79.8	 759	OK
2312	   0	88.3	88.3	 621	OK
2313	4000	87.1	87.1	 841	high noise
2314	   0	78.0	78.0	 634	OK
2315	   0	82.3	82.3	 736	OK
2316	   0	79.4	79.4	 630	OK
2317	   0	80.7	80.7	 736	OK
2318	4000	82.9	82.9	 926	high noise
2319	1000	76.7	76.7	 488	unbonded
2320	   0	85.6	85.6	 727	OK
2321	   0	80.1	80.1	 692	OK
2322	   0	87.8	87.8	 745	OK
2323	   0	86.8	86.8	 674	OK
2324	   0	83.3	83.3	 658	OK
2325	   0	84.5	84.5	 697	OK
2326	4000	86.2	86.2	 833	high noise
2327	   0	85.2	85.2	 721	OK
2328	   0	83.0	83.0	 696	OK
2329	   0	84.0	84.0	 671	OK
2330	   0	79.3	79.3	 610	OK
2331	   0	85.9	85.9	 702	OK
2332	   0	83.2	83.2	 585	OK
2333	   0	82.9	82.9	 720	OK
2334	   0	90.2	90.2	 704	OK
2335	   0	78.8	78.8	 644	OK
2336	   0	88.6	88.6	 651	OK
2337	   0	83.7	83.7	 631	OK
2338	   0	81.5	81.5	 700	OK
2339	   0	89.6	89.6	 651	OK
2340	   0	83.7	83.7	 709	OK
2341	4000	84.1	84.1	 802	high noise
2342	   0	81.6	81.6	 665	OK
2343	   0	82.6	82.6	 659	OK
2344	   0	77.5	77.5	 656	OK
2345	   0	85.3	85.3	 607	OK
2346	   0	80.4	80.4	 683	OK
2347	   0	82.9	82.9	 597	OK
2348	   0	90.8	90.8	 692	OK
2349	   0	91.2	91.2	 731	OK
2350	   0	90.6	90.6	 664	OK
2351	   0	84.6	84.6	 716	OK
2352	4000	90.1	90.1	 840	high noise
2353	   0	85.5	85.5	 671	OK
2354	   0	81.1	81.1	 712	OK
2355	   0	84.7	84.7	 748	OK
2356	   0	82.1	82.1	 711	OK
2357	4000	86.4	86.4	 814	high noise
2358	   0	87.6	87.6	 727	OK
2359	   0	87.5	87.5	 644	OK
2360	   0	90.2	90.2	 696	OK
2361	   0	86.9	86.9	 709	OK
2362	   0	88.0	88.0	 716	OK
2363	   0	89.1	89.1	 587	OK
2364	   0	78.3	78.3	 738	OK
2365	4000	79.7	79.7	 808	high noise
2366	   0	83.5	83.5	 696	OK
2367	1000	83.6	83.6	 516	unbonded
2368	   0	83.6	83.6	 683	OK
2369	   0	84.4	84.4	 699	OK
2370	4000	78.5	78.5	 837	high noise
2371	   0	92.9	92.9	 664	OK
2372	4000	90.0	90.0	 796	high noise
2373	   0	81.9	81.9	 732	OK
2374	   0	90.4	90.4	 748	OK
2375	   0	93.3	93.3	 709	OK
2376	   0	80.0	80.0	 559	OK
2377	   0	79.6	79.6	 616	OK
2378	   0	90.2	90.2	 722	OK
2379	4000	88.4	88.4	 798	high noise
2380	   0	83.5	83.5	 619	OK
2381	   0	78.1	78.1	 657	OK
2382	   0	87.8	87.8	 646	OK
2383	4000	81.0	81.0	 802	high noise
2384	   0	86.5	86.5	 741	OK
2385	   0	86.2	86.2	 794	OK
2386	1000	85.1	85.1	 513	unbonded
2387	   0	85.4	85.4	 546	OK
2388	1000	84.0	84.0	 452	unbonded
2389	   0	84.0	84.0	 779	OK
2390	   0	85.6	85.6	 692	OK
2391	   0	84.6	84.6	 688	OK
2392	   0	78.4	78.4	 610	OK
2393	   0	85.4	85.4	 637	OK
2394	   0	91.0	91.0	 655	OK
2395	   0	76.9	76.9	 734	OK
2396	   0	82.8	82.8	 700	OK
2397	   0	86.6	86.6	 710	OK
2398	   0	81.2	81.2	 608	OK
2399	   0	86.8	86.8	 582	OK
2400	   0	88.0	88.0	 573	OK
2401	   0	85.5	85.5	 752	OK
2402	   0	89.5	89.5	 624	OK
2403	   0	82.8	82.8	 746	OK
2404	1000	82.2	82.2	 532	unbonded
2405	   0	91.1	91.1	 649	OK
2406	   0	84.0	84.0	 741	OK
2407	   0	81.5	81.5	 667	OK
2408	   0	74.6	74.6	 760	OK
2409	   0	78.8	78.8	 594	OK
2410	   0	90.4	90.4	 638	OK
2411	   0	84.1	84.1	 668	OK
2412	4000	85.3	85.3	 807	high noise
2413	   0	88.3	88.3	 667	OK
2414	   0	80.6	80.6	 733	OK
2415	   0	79.6	79.6	 728	OK
2416	   0	87.4	87.4	 722	OK
2417	   0	94.1	94.1	 721	OK
2418	   0	84.3	84.3	 654	OK
2419	   0	82.1	82.1	 683	OK
2420	4000	74.6	74.6	 827	high noise
2421	   0	86.0	86.0	 750	OK
2422	4000	84.7	84.7	 860	high noise
2423	   0	88.4	88.4	 693	OK
2424	   0	83.6	83.6	 725	OK
2425	   0	85.9	85.9	 736	OK
2426	   0	80.7	80.7	 713	OK
2427	   0	86.4	86.4	 595	OK
2428	4000	90.1	90.1	 857	high noise
2429	   0	84.2	84.2	 706	OK
2430	   0	80.8	80.8	 733	OK
2431	   0	89.6	89.6	 764	OK
2432	   0	91.3	91.3	 702	OK
2433	   0	87.1	87.1	 631	OK
2434	4000	84.5	84.5	 749	high noise
2435	1000	81.0	81.0	 465	unbonded
2436	   0	87.3	87.3	 588	OK
2437	   0	90.5	90.5	 649	OK
2438	1000	90.1	90.1	 537	unbonded
2439	   0	89.6	89.6	 579	OK
2440	   0	87.3	87.3	 643	OK
2441	   0	96.2	96.2	 582	OK
2442	   0	93.6	93.6	 640	OK
2443	   0	86.7	86.7	 618	OK
2444	   0	88.2	88.2	 662	OK
2445	   0	93.8	93.8	 580	OK
2446	   0	96.2	96.2	 616	OK
2447	4000	85.7	85.7	 786	high noise
2448	   0	85.9	85.9	 589	OK
2449	   0	89.9	89.9	 647	OK
2450	   0	89.3	89.3	 595	OK
2451	   0	90.7	90.7	 610	OK
2452	   0	86.4	86.4	 639	OK
2453	   0	92.9	92.9	 618	OK
2454	   0	83.4	83.4	 584	OK
2455	4000	88.1	88.1	 778	high noise
2456	1000	87.7	87.7	 519	unbonded
2457	   0	82.5	82.5	 619	OK
2458	   0	83.9	83.9	 650	OK
2459	   0	89.5	89.5	 625	OK
2460	4000	87.9	87.9	 765	high noise
2461	   0	81.7	81.7	 639	OK
2462	   0	89.2	89.2	 594	OK
2463	   0	92.2	92.2	 644	OK
2464	   0	94.6	94.6	 646	OK
2465	   0	93.6	93.6	 680	OK
2466	   0	89.2	89.2	 587	OK
2467	   0	84.0	84.0	 620	OK
2468	   0	78.1	78.1	 645	OK
2469	   0	87.5	87.5	 742	OK
2470	   0	90.9	90.9	 689	OK
2471	   0	82.3	82.3	 668	OK
2472	   0	90.4	90.4	 576	OK
2473	   0	92.4	92.4	 708	OK
2474	   0	92.3	92.3	 671	OK
2475	   0	82.9	82.9	 712	OK
2476	1000	94.2	94.2	 529	unbonded
2477	   0	88.3	88.3	 675	OK
2478	   0	92.1	92.1	 732	OK
2479	4000	89.3	89.3	 775	high noise
2480	   0	88.2	88.2	 607	OK
2481	   0	89.9	89.9	 619	OK
2482	   0	90.8	90.8	 595	OK
2483	   0	88.9	88.9	 707	OK
2484	   0	93.6	93.6	 713	OK
2485	   0	95.8	95.8	 633	OK
2486	   0	95.2	95.2	 653	OK
2487	   0	83.3	83.3	 611	OK
2488	   0	90.4	90.4	 564	OK
2489	   0	85.9	85.9	 632	OK
2490	   0	86.8	86.8	 680	OK
2491	1000	90.8	90.8	 525	unbonded
2492	   0	94.9	94.9	 663	OK
2493	   0	94.9	94.9	 729	OK
2494	1000	90.3	90.3	 534	unbonded
2495	   0	93.2	93.2	 681	OK
2496	   0	87.0	87.0	 639	OK
2497	   0	97.4	97.4	 652	OK
2498	   0	96.9	96.9	 591	OK
2499	   0	94.2	94.2	 624	OK
2500	   0	84.3	84.3	 708	OK
2501	   0	87.3	87.3	 720	OK
2502	   0	85.1	85.1	 608	OK
2503	4000	94.2	94.2	 748	high noise
2504	   0	92.6	92.6	 570	OK
2505	   0	88.6	88.6	 650	OK
2506	   0	96.8	96.8	 671	OK
2507	   0	90.8	90.8	 595	OK
2508	   0	87.2	87.2	 631	OK
2509	   0	86.7	86.7	 737	OK
2510	   0	85.2	85.2	 715	OK
2511	4000	95.9	95.9	 748	high noise
2512	   0	89.3	89.3	 726	OK
2513	   0	89.8	89.8	 583	OK
2514	   0	93.2	93.2	 673	OK
2515	   0	96.5	96.5	 679	OK
2516	   0	88.5	88.5	 632	OK
2517	   0	86.5	86.5	 675	OK
2518	   0	80.9	80.9	 730	OK
2519	1000	92.0	92.0	 502	unbonded
2520	   0	93.6	93.6	 649	OK
2521	   0	90.3	90.3	 734	OK
2522	   0	94.7	94.7	 648	OK
2523	1000	87.4	87.4	 461	unbonded
2524	   0	84.2	84.2	 568	OK
2525	1000	94.6	94.6	 494	unbonded
2526	4000	82.9	82.9	 797	high noise
2527	4000	89.4	89.4	 797	high noise
2528	   0	85.7	85.7	 613	OK
2529	1000	95.6	95.6	 506	unbonded
2530	4000	93.9	93.9	 743	high noise
2531	   0	90.6	90.6	 656	OK
2532	   0	87.1	87.1	 631	OK
2533	   0	92.9	92.9	 623	OK
2534	   0	89.8	89.8	 675	OK
2535	   0	89.4	89.4	 618	OK
2536	   0	83.4	83.4	 623	OK
2537	   0	97.5	97.5	 650	OK
2538	   0	87.2	87.2	 595	OK
2539	   0	87.5	87.5	 624	OK
2540	   0	87.5	87.5	 706	OK
2541	   0	95.4	95.4	 717	OK
2542	   0	89.6	89.6	 599	OK
2543	4000	87.4	87.4	 807	high noise
2544	   0	93.0	93.0	 655	OK
2545	   0	91.9	91.9	 703	OK
2546	   0	85.7	85.7	 620	OK
2547	   0	87.8	87.8	 680	OK
2548	1000	93.3	93.3	 530	unbonded
2549	   0	90.6	90.6	 643	OK
2550	   0	95.4	95.4	 713	OK
2551	   0	84.9	84.9	 668	OK
2552	   0	94.5	94.5	 583	OK
2553	   0	85.2	85.2	 620	OK
2554	   0	95.4	95.4	 575	OK
2555	   0	91.2	91.2	 569	OK
2556	   0	97.0	97.0	 648	OK
2557	   0	84.3	84.3	 645	OK
2558	   0	82.9	82.9	 695	OK
2559	4000	101.3	101.3	 770	high noise
