#chan	code	gain	offset	innse	comment
   0	4500	0.6	0.6	79724	low gain
   1	   0	84.3	84.3	 602	OK
   2	4000	85.6	85.6	 707	high noise
   3	   0	87.1	87.1	 560	OK
   4	1000	92.3	92.3	 510	unbonded
   5	   0	89.6	89.6	 637	OK
   6	   0	85.9	85.9	 553	OK
   7	   0	80.8	80.8	 610	OK
   8	   0	83.2	83.2	 629	OK
   9	   0	87.7	87.7	 590	OK
  10	1000	84.5	84.5	 538	unbonded
  11	1000	81.7	81.7	 532	unbonded
  12	1000	84.5	84.5	 536	unbonded
  13	   0	79.6	79.6	 573	OK
  14	   0	91.8	91.8	 598	OK
  15	1000	80.6	80.6	 523	unbonded
  16	1000	86.4	86.4	 503	unbonded
  17	1000	89.7	89.7	 537	unbonded
  18	8000	85.5	85.5	 541	partbonded
  19	   0	92.2	92.2	 581	OK
  20	1000	97.1	97.1	 474	unbonded
  21	   0	91.6	91.6	 547	OK
  22	   0	83.1	83.1	 645	OK
  23	1000	88.3	88.3	 508	unbonded
  24	   0	89.6	89.6	 615	OK
  25	1000	85.9	85.9	 485	unbonded
  26	1000	88.6	88.6	 480	unbonded
  27	   0	87.8	87.8	 642	OK
  28	4000	85.7	85.7	 684	high noise
  29	   0	86.1	86.1	 574	OK
  30	1000	94.2	94.2	 461	unbonded
  31	   0	95.0	95.0	 589	OK
  32	1000	90.4	90.4	 494	unbonded
  33	1000	81.2	81.2	 536	unbonded
  34	1000	89.2	89.2	 519	unbonded
  35	   0	87.2	87.2	 618	OK
  36	1000	85.5	85.5	 508	unbonded
  37	   0	88.4	88.4	 650	OK
  38	   0	82.4	82.4	 631	OK
  39	   0	84.8	84.8	 645	OK
  40	   0	86.5	86.5	 561	OK
  41	   0	87.1	87.1	 629	OK
  42	   0	91.5	91.5	 664	OK
  43	   0	88.9	88.9	 575	OK
  44	4000	86.5	86.5	 774	high noise
  45	1000	85.9	85.9	 476	unbonded
  46	   0	96.2	96.2	 610	OK
  47	4000	85.7	85.7	 728	high noise
  48	   0	78.7	78.7	 635	OK
  49	1000	89.9	89.9	 472	unbonded
  50	   0	92.2	92.2	 548	OK
  51	   0	79.7	79.7	 557	OK
  52	   0	93.0	93.0	 588	OK
  53	   0	93.0	93.0	 551	OK
  54	4000	88.0	88.0	 803	high noise
  55	1000	89.8	89.8	 468	unbonded
  56	4000	85.2	85.2	 745	high noise
  57	1000	92.5	92.5	 450	unbonded
  58	   0	89.0	89.0	 629	OK
  59	   0	84.0	84.0	 638	OK
  60	   0	97.5	97.5	 613	OK
  61	4000	87.3	87.3	 694	high noise
  62	1000	95.1	95.1	 443	unbonded
  63	1000	88.4	88.4	 534	unbonded
  64	   0	92.8	92.8	 603	OK
  65	   0	92.1	92.1	 562	OK
  66	   0	93.0	93.0	 601	OK
  67	4000	83.9	83.9	 702	high noise
  68	   0	91.7	91.7	 659	OK
  69	   0	90.0	90.0	 636	OK
  70	4000	86.6	86.6	 712	high noise
  71	1000	83.5	83.5	 500	unbonded
  72	   0	85.0	85.0	 551	OK
  73	4000	79.3	79.3	 705	high noise
  74	   0	88.4	88.4	 559	OK
  75	   0	91.4	91.4	 615	OK
  76	   0	83.0	83.0	 631	OK
  77	   0	93.5	93.5	 593	OK
  78	1000	93.6	93.6	 503	unbonded
  79	1000	91.8	91.8	 493	unbonded
  80	   0	85.7	85.7	 632	OK
  81	4000	85.8	85.8	 702	high noise
  82	   0	85.5	85.5	 543	OK
  83	1000	88.0	88.0	 525	unbonded
  84	   0	94.2	94.2	 604	OK
  85	   0	87.1	87.1	 587	OK
  86	4000	78.3	78.3	 697	high noise
  87	   0	87.7	87.7	 553	OK
  88	   0	83.1	83.1	 572	OK
  89	   0	88.6	88.6	 638	OK
  90	4000	80.5	80.5	 738	high noise
  91	   0	85.6	85.6	 619	OK
  92	1000	88.9	88.9	 528	unbonded
  93	4000	85.5	85.5	 678	high noise
  94	   0	82.2	82.2	 559	OK
  95	1000	85.8	85.8	 531	unbonded
  96	   0	81.9	81.9	 584	OK
  97	   0	87.8	87.8	 612	OK
  98	   0	86.8	86.8	 589	OK
  99	1000	92.0	92.0	 478	unbonded
 100	   0	86.7	86.7	 590	OK
 101	   0	83.2	83.2	 647	OK
 102	1000	85.7	85.7	 519	unbonded
 103	4000	82.4	82.4	 716	high noise
 104	   0	84.6	84.6	 587	OK
 105	4000	87.0	87.0	 677	high noise
 106	   0	82.0	82.0	 667	OK
 107	   0	88.8	88.8	 658	OK
 108	   0	76.1	76.1	 642	OK
 109	   0	85.1	85.1	 576	OK
 110	1000	92.2	92.2	 520	unbonded
 111	1000	83.5	83.5	 517	unbonded
 112	   0	79.6	79.6	 666	OK
 113	1000	87.8	87.8	 490	unbonded
 114	   0	88.6	88.6	 625	OK
 115	1000	90.1	90.1	 537	unbonded
 116	1000	91.1	91.1	 457	unbonded
 117	4000	87.1	87.1	 698	high noise
 118	1000	85.9	85.9	 519	unbonded
 119	   0	90.1	90.1	 588	OK
 120	   0	81.8	81.8	 554	OK
 121	   0	79.8	79.8	 622	OK
 122	1000	82.5	82.5	 538	unbonded
 123	   0	86.4	86.4	 565	OK
 124	   0	89.0	89.0	 657	OK
 125	   0	88.1	88.1	 552	OK
 126	   0	85.4	85.4	 577	OK
 127	4000	84.2	84.2	 705	high noise
 128	1500	-101.8	-101.8	   0	low gain
 129	   0	83.5	83.5	 626	OK
 130	   0	76.4	76.4	 757	OK
 131	   0	73.8	73.8	 689	OK
 132	   0	79.2	79.2	 729	OK
 133	   0	81.9	81.9	 649	OK
 134	   0	79.4	79.4	 748	OK
 135	1000	78.2	78.2	 532	unbonded
 136	   0	74.0	74.0	 585	OK
 137	   0	74.4	74.4	 689	OK
 138	   0	79.3	79.3	 576	OK
 139	   0	82.0	82.0	 596	OK
 140	   0	80.1	80.1	 707	OK
 141	   0	79.3	79.3	 616	OK
 142	   0	80.9	80.9	 570	OK
 143	   0	78.7	78.7	 747	OK
 144	1000	79.2	79.2	 478	unbonded
 145	   0	76.0	76.0	 754	OK
 146	   0	73.4	73.4	 663	OK
 147	   0	83.2	83.2	 611	OK
 148	   0	78.6	78.6	 666	OK
 149	   0	80.6	80.6	 695	OK
 150	   0	81.3	81.3	 674	OK
 151	   0	80.8	80.8	 648	OK
 152	   0	82.9	82.9	 637	OK
 153	   0	76.7	76.7	 694	OK
 154	   0	70.7	70.7	 746	OK
 155	   0	74.2	74.2	 576	OK
 156	4000	75.2	75.2	 800	high noise
 157	   0	75.3	75.3	 683	OK
 158	   0	78.5	78.5	 722	OK
 159	1000	75.8	75.8	 532	unbonded
 160	   0	75.1	75.1	 714	OK
 161	   0	82.2	82.2	 695	OK
 162	4000	75.1	75.1	 796	high noise
 163	   0	80.7	80.7	 583	OK
 164	   0	79.5	79.5	 653	OK
 165	   0	78.7	78.7	 708	OK
 166	   0	76.0	76.0	 651	OK
 167	   0	80.3	80.3	 752	OK
 168	   0	83.2	83.2	 722	OK
 169	   0	70.1	70.1	 721	OK
 170	   0	70.6	70.6	 774	OK
 171	   0	76.8	76.8	 727	OK
 172	   0	82.7	82.7	 714	OK
 173	4000	78.1	78.1	 819	high noise
 174	   0	84.3	84.3	 705	OK
 175	   0	68.9	68.9	 661	OK
 176	   0	79.3	79.3	 711	OK
 177	4000	76.4	76.4	 817	high noise
 178	   0	74.5	74.5	 737	OK
 179	8000	83.3	83.3	 540	partbonded
 180	   0	84.7	84.7	 610	OK
 181	   0	81.4	81.4	 731	OK
 182	   0	77.7	77.7	 680	OK
 183	   0	76.7	76.7	 766	OK
 184	   0	81.8	81.8	 679	OK
 185	4000	76.1	76.1	 780	high noise
 186	   0	79.3	79.3	 731	OK
 187	   0	73.1	73.1	 735	OK
 188	   0	84.0	84.0	 677	OK
 189	4000	82.2	82.2	 787	high noise
 190	4000	71.1	71.1	 813	high noise
 191	   0	66.3	66.3	 633	OK
 192	   0	74.6	74.6	 727	OK
 193	1000	79.4	79.4	 491	unbonded
 194	1000	76.2	76.2	 428	unbonded
 195	   0	79.6	79.6	 711	OK
 196	   0	74.8	74.8	 750	OK
 197	   0	73.9	73.9	 742	OK
 198	   0	80.5	80.5	 679	OK
 199	   0	79.5	79.5	 602	OK
 200	   0	73.6	73.6	 769	OK
 201	4000	73.9	73.9	 802	high noise
 202	   0	83.9	83.9	 697	OK
 203	   0	76.3	76.3	 646	OK
 204	   0	78.1	78.1	 702	OK
 205	   0	74.4	74.4	 725	OK
 206	   0	67.6	67.6	 733	OK
 207	   0	74.0	74.0	 724	OK
 208	   0	77.2	77.2	 630	OK
 209	4000	74.8	74.8	 804	high noise
 210	   0	77.7	77.7	 741	OK
 211	1000	73.8	73.8	 535	unbonded
 212	   0	77.2	77.2	 705	OK
 213	4000	73.6	73.6	 800	high noise
 214	   0	81.1	81.1	 612	OK
 215	   0	78.2	78.2	 610	OK
 216	4000	71.0	71.0	 896	high noise
 217	   0	77.2	77.2	 637	OK
 218	   0	77.7	77.7	 556	OK
 219	   0	75.4	75.4	 680	OK
 220	   0	75.5	75.5	 763	OK
 221	   0	79.4	79.4	 556	OK
 222	   0	76.7	76.7	 653	OK
 223	   0	77.1	77.1	 674	OK
 224	   0	78.3	78.3	 655	OK
 225	   0	76.6	76.6	 776	OK
 226	   0	78.0	78.0	 720	OK
 227	   0	77.5	77.5	 669	OK
 228	   0	71.7	71.7	 746	OK
 229	   0	78.6	78.6	 717	OK
 230	   0	78.7	78.7	 721	OK
 231	   0	79.5	79.5	 624	OK
 232	   0	72.6	72.6	 677	OK
 233	   0	76.8	76.8	 559	OK
 234	   0	77.1	77.1	 635	OK
 235	   0	82.2	82.2	 711	OK
 236	4000	75.5	75.5	 793	high noise
 237	   0	69.0	69.0	 553	OK
 238	   0	76.9	76.9	 707	OK
 239	   0	75.0	75.0	 628	OK
 240	   0	83.1	83.1	 711	OK
 241	   0	80.8	80.8	 698	OK
 242	   0	79.2	79.2	 583	OK
 243	   0	68.0	68.0	 722	OK
 244	1000	80.8	80.8	 496	unbonded
 245	4000	73.8	73.8	 785	high noise
 246	   0	77.3	77.3	 680	OK
 247	   0	74.1	74.1	 702	OK
 248	   0	77.6	77.6	 756	OK
 249	   0	79.6	79.6	 595	OK
 250	   0	73.1	73.1	 599	OK
 251	4000	71.9	71.9	 794	high noise
 252	1000	77.4	77.4	 418	unbonded
 253	   0	74.3	74.3	 692	OK
 254	4000	71.4	71.4	 823	high noise
 255	4000	79.5	79.5	 802	high noise
 256	4000	80.9	80.9	 804	high noise
 257	   0	90.5	90.5	 554	OK
 258	   0	82.9	82.9	 646	OK
 259	1000	91.8	91.8	 432	unbonded
 260	   0	91.3	91.3	 669	OK
 261	   0	82.9	82.9	 560	OK
 262	   0	78.0	78.0	 692	OK
 263	   0	77.8	77.8	 629	OK
 264	8000	90.6	90.6	 541	partbonded
 265	   0	83.0	83.0	 639	OK
 266	   0	92.9	92.9	 593	OK
 267	   0	81.3	81.3	 586	OK
 268	   0	80.2	80.2	 694	OK
 269	8000	83.0	83.0	 541	partbonded
 270	4000	77.3	77.3	 769	high noise
 271	1000	86.9	86.9	 517	unbonded
 272	   0	78.6	78.6	 694	OK
 273	   0	90.3	90.3	 564	OK
 274	   0	81.4	81.4	 723	OK
 275	   0	80.4	80.4	 685	OK
 276	   0	76.4	76.4	 646	OK
 277	1000	87.7	87.7	 493	unbonded
 278	   0	92.2	92.2	 567	OK
 279	   0	84.3	84.3	 691	OK
 280	   0	83.7	83.7	 566	OK
 281	4000	87.0	87.0	 813	high noise
 282	   0	83.9	83.9	 588	OK
 283	   0	84.7	84.7	 598	OK
 284	   0	83.2	83.2	 644	OK
 285	4000	90.8	90.8	 765	high noise
 286	   0	81.3	81.3	 685	OK
 287	   0	85.6	85.6	 618	OK
 288	   0	81.8	81.8	 623	OK
 289	   0	86.7	86.7	 716	OK
 290	1000	79.6	79.6	 524	unbonded
 291	1000	73.0	73.0	 462	unbonded
 292	   0	83.8	83.8	 595	OK
 293	1000	83.4	83.4	 516	unbonded
 294	   0	87.7	87.7	 550	OK
 295	   0	83.5	83.5	 714	OK
 296	4000	83.3	83.3	 744	high noise
 297	   0	91.8	91.8	 725	OK
 298	   0	82.2	82.2	 611	OK
 299	   0	81.0	81.0	 591	OK
 300	   0	88.4	88.4	 639	OK
 301	4000	82.1	82.1	 756	high noise
 302	   0	82.3	82.3	 601	OK
 303	   0	80.9	80.9	 688	OK
 304	   0	92.4	92.4	 663	OK
 305	   0	85.2	85.2	 666	OK
 306	   0	81.8	81.8	 635	OK
 307	   0	79.0	79.0	 547	OK
 308	   0	87.7	87.7	 621	OK
 309	1000	91.2	91.2	 515	unbonded
 310	4000	83.9	83.9	 728	high noise
 311	4000	89.6	89.6	 785	high noise
 312	   0	84.5	84.5	 724	OK
 313	   0	75.0	75.0	 671	OK
 314	1000	82.3	82.3	 499	unbonded
 315	   0	79.9	79.9	 711	OK
 316	   0	84.1	84.1	 647	OK
 317	   0	89.6	89.6	 690	OK
 318	   0	94.7	94.7	 618	OK
 319	4000	88.1	88.1	 800	high noise
 320	4000	81.8	81.8	 796	high noise
 321	   0	80.5	80.5	 698	OK
 322	   0	92.8	92.8	 640	OK
 323	   0	75.2	75.2	 630	OK
 324	   0	79.5	79.5	 706	OK
 325	   0	86.5	86.5	 558	OK
 326	   0	84.2	84.2	 687	OK
 327	   0	77.6	77.6	 609	OK
 328	   0	79.2	79.2	 574	OK
 329	1000	74.2	74.2	 514	unbonded
 330	   0	83.5	83.5	 655	OK
 331	   0	81.7	81.7	 590	OK
 332	4000	78.5	78.5	 744	high noise
 333	   0	86.7	86.7	 542	OK
 334	   0	80.4	80.4	 658	OK
 335	   0	80.2	80.2	 646	OK
 336	   0	87.9	87.9	 713	OK
 337	   0	87.4	87.4	 688	OK
 338	   0	77.2	77.2	 564	OK
 339	   0	77.6	77.6	 663	OK
 340	   0	84.2	84.2	 575	OK
 341	   0	82.6	82.6	 586	OK
 342	   0	78.7	78.7	 662	OK
 343	   0	77.1	77.1	 690	OK
 344	1000	86.5	86.5	 475	unbonded
 345	   0	85.6	85.6	 595	OK
 346	   0	82.9	82.9	 622	OK
 347	   0	87.9	87.9	 668	OK
 348	   0	81.9	81.9	 650	OK
 349	   0	81.9	81.9	 625	OK
 350	   0	82.4	82.4	 687	OK
 351	   0	79.5	79.5	 665	OK
 352	1000	84.2	84.2	 533	unbonded
 353	   0	84.3	84.3	 553	OK
 354	   0	86.3	86.3	 702	OK
 355	   0	84.2	84.2	 575	OK
 356	   0	87.0	87.0	 702	OK
 357	   0	83.9	83.9	 624	OK
 358	1000	79.6	79.6	 519	unbonded
 359	   0	86.0	86.0	 660	OK
 360	   0	90.5	90.5	 725	OK
 361	   0	81.4	81.4	 626	OK
 362	   0	87.4	87.4	 625	OK
 363	1000	77.3	77.3	 462	unbonded
 364	   0	82.6	82.6	 586	OK
 365	   0	87.8	87.8	 579	OK
 366	   0	82.0	82.0	 576	OK
 367	   0	82.5	82.5	 545	OK
 368	1000	83.6	83.6	 526	unbonded
 369	   0	82.2	82.2	 647	OK
 370	1000	86.1	86.1	 502	unbonded
 371	   0	86.3	86.3	 602	OK
 372	   0	80.3	80.3	 620	OK
 373	   0	83.2	83.2	 620	OK
 374	   0	79.3	79.3	 694	OK
 375	   0	77.3	77.3	 707	OK
 376	   0	83.2	83.2	 672	OK
 377	   0	85.8	85.8	 626	OK
 378	   0	94.5	94.5	 651	OK
 379	   0	83.4	83.4	 621	OK
 380	   0	87.1	87.1	 650	OK
 381	   0	81.5	81.5	 570	OK
 382	   0	83.7	83.7	 550	OK
 383	4000	82.9	82.9	 738	high noise
 384	   0	84.4	84.4	 566	OK
 385	   0	83.0	83.0	 601	OK
 386	   0	82.5	82.5	 661	OK
 387	   0	81.0	81.0	 545	OK
 388	   0	85.9	85.9	 708	OK
 389	1000	79.6	79.6	 529	unbonded
 390	   0	82.9	82.9	 644	OK
 391	   0	76.5	76.5	 723	OK
 392	   0	77.0	77.0	 732	OK
 393	   0	77.0	77.0	 717	OK
 394	1000	86.9	86.9	 491	unbonded
 395	   0	75.5	75.5	 639	OK
 396	   0	82.8	82.8	 745	OK
 397	1000	81.5	81.5	 525	unbonded
 398	   0	86.7	86.7	 636	OK
 399	   0	80.8	80.8	 713	OK
 400	   0	75.0	75.0	 612	OK
 401	   0	75.5	75.5	 634	OK
 402	   0	86.0	86.0	 611	OK
 403	1000	90.4	90.4	 526	unbonded
 404	   0	82.9	82.9	 546	OK
 405	   0	77.8	77.8	 706	OK
 406	   0	76.5	76.5	 596	OK
 407	   0	83.6	83.6	 656	OK
 408	1000	83.2	83.2	 495	unbonded
 409	   0	78.5	78.5	 747	OK
 410	   0	80.9	80.9	 554	OK
 411	   0	78.7	78.7	 588	OK
 412	   0	79.4	79.4	 736	OK
 413	   0	84.7	84.7	 589	OK
 414	1000	82.4	82.4	 508	unbonded
 415	4000	84.1	84.1	 784	high noise
 416	   0	81.3	81.3	 626	OK
 417	   0	95.9	95.9	 598	OK
 418	   0	80.3	80.3	 576	OK
 419	   0	73.2	73.2	 674	OK
 420	   0	82.4	82.4	 690	OK
 421	   0	76.5	76.5	 565	OK
 422	   0	85.6	85.6	 571	OK
 423	1000	84.7	84.7	 499	unbonded
 424	   0	81.7	81.7	 727	OK
 425	   0	76.8	76.8	 718	OK
 426	   0	84.2	84.2	 672	OK
 427	   0	82.0	82.0	 696	OK
 428	   0	84.1	84.1	 738	OK
 429	   0	73.8	73.8	 690	OK
 430	   0	81.0	81.0	 662	OK
 431	4000	77.2	77.2	 751	high noise
 432	   0	81.6	81.6	 709	OK
 433	4000	82.9	82.9	 870	high noise
 434	   0	78.0	78.0	 632	OK
 435	1000	79.0	79.0	 537	unbonded
 436	   0	77.7	77.7	 638	OK
 437	   0	79.3	79.3	 746	OK
 438	   0	78.9	78.9	 693	OK
 439	   0	76.8	76.8	 551	OK
 440	   0	79.6	79.6	 710	OK
 441	   0	77.4	77.4	 712	OK
 442	4000	81.5	81.5	 790	high noise
 443	1000	77.6	77.6	 478	unbonded
 444	   0	82.7	82.7	 610	OK
 445	   0	86.6	86.6	 746	OK
 446	   0	79.4	79.4	 657	OK
 447	   0	83.9	83.9	 707	OK
 448	   0	93.0	93.0	 543	OK
 449	   0	89.0	89.0	 650	OK
 450	   0	84.5	84.5	 638	OK
 451	   0	76.9	76.9	 618	OK
 452	   0	75.4	75.4	 720	OK
 453	   0	82.7	82.7	 574	OK
 454	   0	76.2	76.2	 576	OK
 455	   0	83.3	83.3	 659	OK
 456	   0	81.9	81.9	 651	OK
 457	1000	75.0	75.0	 464	unbonded
 458	   0	75.0	75.0	 718	OK
 459	   0	80.0	80.0	 599	OK
 460	   0	81.4	81.4	 734	OK
 461	   0	77.7	77.7	 670	OK
 462	   0	75.2	75.2	 695	OK
 463	   0	79.9	79.9	 740	OK
 464	   0	76.2	76.2	 701	OK
 465	   0	81.5	81.5	 696	OK
 466	   0	78.6	78.6	 743	OK
 467	   0	78.7	78.7	 618	OK
 468	4000	79.8	79.8	 766	high noise
 469	1000	75.2	75.2	 519	unbonded
 470	4000	77.6	77.6	 782	high noise
 471	   0	73.3	73.3	 674	OK
 472	   0	79.9	79.9	 650	OK
 473	   0	80.0	80.0	 716	OK
 474	   0	70.5	70.5	 628	OK
 475	1000	77.0	77.0	 508	unbonded
 476	   0	78.2	78.2	 674	OK
 477	4000	80.7	80.7	 803	high noise
 478	4000	75.3	75.3	 803	high noise
 479	   0	79.2	79.2	 635	OK
 480	   0	79.5	79.5	 708	OK
 481	   0	74.5	74.5	 559	OK
 482	   0	73.7	73.7	 639	OK
 483	   0	84.1	84.1	 693	OK
 484	   0	80.4	80.4	 607	OK
 485	4000	83.3	83.3	 762	high noise
 486	4000	70.6	70.6	 782	high noise
 487	   0	83.2	83.2	 671	OK
 488	   0	75.5	75.5	 565	OK
 489	1000	79.1	79.1	 497	unbonded
 490	   0	80.0	80.0	 563	OK
 491	   0	75.4	75.4	 741	OK
 492	   0	78.7	78.7	 592	OK
 493	   0	76.9	76.9	 694	OK
 494	   0	74.8	74.8	 582	OK
 495	4000	77.5	77.5	 757	high noise
 496	4000	78.5	78.5	 762	high noise
 497	   0	81.3	81.3	 648	OK
 498	   0	76.2	76.2	 592	OK
 499	   0	81.4	81.4	 563	OK
 500	   0	79.9	79.9	 656	OK
 501	   0	72.9	72.9	 579	OK
 502	   0	79.7	79.7	 689	OK
 503	   0	77.1	77.1	 691	OK
 504	   0	82.0	82.0	 607	OK
 505	   0	74.8	74.8	 610	OK
 506	   0	77.3	77.3	 711	OK
 507	   0	83.4	83.4	 731	OK
 508	   0	75.8	75.8	 738	OK
 509	   0	74.5	74.5	 630	OK
 510	   0	79.0	79.0	 640	OK
 511	   0	80.7	80.7	 735	OK
 512	1500	-104.1	-104.1	   0	low gain
 513	1500	-99.7	-99.7	   0	low gain
 514	1500	-104.8	-104.8	   0	low gain
 515	1500	-99.3	-99.3	   0	low gain
 516	   0	82.7	82.7	 739	OK
 517	4000	83.4	83.4	 815	high noise
 518	   0	81.1	81.1	 576	OK
 519	   0	84.6	84.6	 559	OK
 520	   0	81.2	81.2	 714	OK
 521	4000	79.6	79.6	 870	high noise
 522	   0	79.7	79.7	 623	OK
 523	   0	84.2	84.2	 746	OK
 524	1000	78.8	78.8	 538	unbonded
 525	   0	83.9	83.9	 579	OK
 526	   0	83.4	83.4	 650	OK
 527	   0	80.8	80.8	 726	OK
 528	4000	80.2	80.2	 812	high noise
 529	   0	82.9	82.9	 594	OK
 530	   0	79.2	79.2	 710	OK
 531	   0	76.8	76.8	 644	OK
 532	   0	82.8	82.8	 711	OK
 533	   0	78.4	78.4	 692	OK
 534	   0	81.4	81.4	 687	OK
 535	   0	80.2	80.2	 757	OK
 536	   0	75.8	75.8	 639	OK
 537	   0	74.9	74.9	 704	OK
 538	   0	84.2	84.2	 722	OK
 539	1000	82.3	82.3	 527	unbonded
 540	4000	77.4	77.4	 814	high noise
 541	   0	90.8	90.8	 749	OK
 542	   0	76.1	76.1	 750	OK
 543	   0	82.6	82.6	 718	OK
 544	   0	76.3	76.3	 717	OK
 545	4000	75.9	75.9	 773	high noise
 546	   0	89.0	89.0	 651	OK
 547	   0	82.2	82.2	 624	OK
 548	   0	82.2	82.2	 608	OK
 549	1000	80.5	80.5	 513	unbonded
 550	   0	83.8	83.8	 756	OK
 551	   0	79.1	79.1	 685	OK
 552	4000	79.9	79.9	 858	high noise
 553	   0	81.7	81.7	 743	OK
 554	   0	79.5	79.5	 701	OK
 555	   0	76.1	76.1	 660	OK
 556	1000	81.8	81.8	 540	unbonded
 557	   0	83.5	83.5	 697	OK
 558	   0	92.5	92.5	 654	OK
 559	   0	76.1	76.1	 693	OK
 560	   0	78.8	78.8	 750	OK
 561	4000	82.0	82.0	 822	high noise
 562	   0	79.3	79.3	 712	OK
 563	   0	82.9	82.9	 713	OK
 564	   0	85.1	85.1	 632	OK
 565	1000	86.0	86.0	 527	unbonded
 566	   0	80.2	80.2	 647	OK
 567	   0	83.3	83.3	 615	OK
 568	4000	82.6	82.6	 778	high noise
 569	   0	81.9	81.9	 757	OK
 570	4000	87.6	87.6	 787	high noise
 571	   0	79.2	79.2	 671	OK
 572	   0	74.9	74.9	 642	OK
 573	   0	83.5	83.5	 713	OK
 574	1000	78.9	78.9	 508	unbonded
 575	   0	84.3	84.3	 659	OK
 576	   0	85.1	85.1	 752	OK
 577	   0	87.0	87.0	 637	OK
 578	   0	81.8	81.8	 730	OK
 579	   0	82.7	82.7	 724	OK
 580	   0	83.6	83.6	 750	OK
 581	   0	77.5	77.5	 699	OK
 582	   0	81.8	81.8	 746	OK
 583	   0	78.6	78.6	 692	OK
 584	   0	83.8	83.8	 760	OK
 585	   0	79.5	79.5	 650	OK
 586	   0	73.6	73.6	 689	OK
 587	4000	73.1	73.1	 839	high noise
 588	1000	81.1	81.1	 503	unbonded
 589	4000	79.7	79.7	 841	high noise
 590	   0	79.7	79.7	 674	OK
 591	   0	79.4	79.4	 647	OK
 592	   0	77.1	77.1	 724	OK
 593	   0	73.9	73.9	 662	OK
 594	4000	77.4	77.4	 775	high noise
 595	4000	77.3	77.3	 774	high noise
 596	   0	84.0	84.0	 638	OK
 597	4000	78.6	78.6	 776	high noise
 598	   0	78.8	78.8	 684	OK
 599	   0	72.5	72.5	 606	OK
 600	   0	81.5	81.5	 657	OK
 601	   0	85.9	85.9	 645	OK
 602	   0	79.2	79.2	 582	OK
 603	   0	79.5	79.5	 701	OK
 604	4000	79.1	79.1	 778	high noise
 605	   0	83.0	83.0	 631	OK
 606	   0	77.7	77.7	 634	OK
 607	   0	77.6	77.6	 772	OK
 608	   0	81.5	81.5	 631	OK
 609	   0	84.5	84.5	 713	OK
 610	4000	75.5	75.5	 847	high noise
 611	   0	72.9	72.9	 695	OK
 612	   0	80.5	80.5	 721	OK
 613	   0	72.9	72.9	 717	OK
 614	   0	88.4	88.4	 634	OK
 615	   0	79.0	79.0	 761	OK
 616	   0	77.1	77.1	 689	OK
 617	   0	77.3	77.3	 760	OK
 618	   0	81.1	81.1	 737	OK
 619	   0	77.0	77.0	 602	OK
 620	   0	78.0	78.0	 680	OK
 621	4000	82.4	82.4	 783	high noise
 622	   0	79.9	79.9	 688	OK
 623	   0	74.7	74.7	 725	OK
 624	4000	76.4	76.4	 798	high noise
 625	   0	75.7	75.7	 688	OK
 626	   0	81.6	81.6	 615	OK
 627	1000	81.8	81.8	 540	unbonded
 628	4000	80.1	80.1	 816	high noise
 629	   0	78.1	78.1	 659	OK
 630	   0	81.9	81.9	 738	OK
 631	   0	80.0	80.0	 617	OK
 632	   0	81.5	81.5	 746	OK
 633	   0	80.2	80.2	 668	OK
 634	4000	79.2	79.2	 797	high noise
 635	   0	76.9	76.9	 675	OK
 636	   0	79.6	79.6	 757	OK
 637	   0	82.6	82.6	 680	OK
 638	   0	76.3	76.3	 665	OK
 639	   0	83.0	83.0	 570	OK
 640	1500	-102.6	-102.6	   0	low gain
 641	   0	78.7	78.7	 719	OK
 642	   0	72.9	72.9	 690	OK
 643	   0	81.8	81.8	 696	OK
 644	   0	80.1	80.1	 570	OK
 645	   0	80.4	80.4	 567	OK
 646	   0	81.2	81.2	 595	OK
 647	   0	84.2	84.2	 645	OK
 648	   0	77.1	77.1	 581	OK
 649	   0	82.4	82.4	 676	OK
 650	   0	79.3	79.3	 608	OK
 651	4000	84.8	84.8	 787	high noise
 652	   0	83.7	83.7	 622	OK
 653	   0	84.9	84.9	 604	OK
 654	4000	73.3	73.3	 770	high noise
 655	   0	81.1	81.1	 751	OK
 656	   0	78.6	78.6	 623	OK
 657	4000	75.0	75.0	 824	high noise
 658	4000	82.8	82.8	 780	high noise
 659	   0	79.7	79.7	 553	OK
 660	   0	88.4	88.4	 659	OK
 661	   0	86.0	86.0	 621	OK
 662	   0	84.8	84.8	 635	OK
 663	   0	82.2	82.2	 614	OK
 664	   0	90.8	90.8	 712	OK
 665	   0	76.0	76.0	 732	OK
 666	   0	85.0	85.0	 568	OK
 667	   0	82.9	82.9	 626	OK
 668	   0	81.6	81.6	 731	OK
 669	   0	80.5	80.5	 666	OK
 670	   0	83.8	83.8	 601	OK
 671	   0	82.4	82.4	 605	OK
 672	   0	78.0	78.0	 710	OK
 673	   0	76.6	76.6	 640	OK
 674	   0	84.6	84.6	 686	OK
 675	   0	71.0	71.0	 744	OK
 676	   0	78.3	78.3	 684	OK
 677	4000	77.3	77.3	 821	high noise
 678	   0	76.0	76.0	 726	OK
 679	   0	80.5	80.5	 637	OK
 680	   0	86.5	86.5	 597	OK
 681	   0	84.4	84.4	 687	OK
 682	   0	89.4	89.4	 686	OK
 683	   0	88.0	88.0	 749	OK
 684	   0	76.2	76.2	 610	OK
 685	1000	79.8	79.8	 323	unbonded
 686	   0	86.3	86.3	 678	OK
 687	   0	88.7	88.7	 675	OK
 688	   0	84.0	84.0	 711	OK
 689	   0	81.9	81.9	 580	OK
 690	   0	86.3	86.3	 560	OK
 691	   0	84.6	84.6	 755	OK
 692	   0	88.2	88.2	 636	OK
 693	   0	81.2	81.2	 672	OK
 694	   0	81.1	81.1	 575	OK
 695	   0	76.4	76.4	 662	OK
 696	   0	83.5	83.5	 710	OK
 697	   0	77.4	77.4	 724	OK
 698	   0	90.4	90.4	 625	OK
 699	4000	83.2	83.2	 769	high noise
 700	   0	90.1	90.1	 657	OK
 701	   0	83.2	83.2	 691	OK
 702	4000	79.9	79.9	 824	high noise
 703	   0	82.4	82.4	 597	OK
 704	   0	85.1	85.1	 694	OK
 705	   0	92.7	92.7	 674	OK
 706	   0	91.5	91.5	 643	OK
 707	   0	82.0	82.0	 682	OK
 708	4000	81.5	81.5	 851	high noise
 709	   0	84.6	84.6	 561	OK
 710	   0	84.4	84.4	 545	OK
 711	   0	84.6	84.6	 674	OK
 712	   0	84.0	84.0	 734	OK
 713	   0	79.8	79.8	 704	OK
 714	   0	76.0	76.0	 666	OK
 715	   0	85.6	85.6	 572	OK
 716	   0	77.6	77.6	 672	OK
 717	   0	81.8	81.8	 556	OK
 718	   0	81.9	81.9	 750	OK
 719	   0	83.1	83.1	 614	OK
 720	   0	83.0	83.0	 661	OK
 721	   0	84.4	84.4	 661	OK
 722	   0	89.4	89.4	 720	OK
 723	   0	80.8	80.8	 706	OK
 724	   0	86.8	86.8	 619	OK
 725	   0	82.0	82.0	 723	OK
 726	   0	80.0	80.0	 592	OK
 727	   0	86.0	86.0	 749	OK
 728	4000	79.6	79.6	 758	high noise
 729	   0	84.6	84.6	 657	OK
 730	4000	81.8	81.8	 771	high noise
 731	   0	79.3	79.3	 602	OK
 732	   0	83.2	83.2	 663	OK
 733	4000	77.6	77.6	 794	high noise
 734	   0	80.1	80.1	 659	OK
 735	1000	76.6	76.6	 469	unbonded
 736	   0	82.6	82.6	 653	OK
 737	1000	83.3	83.3	 486	unbonded
 738	   0	77.8	77.8	 739	OK
 739	   0	76.7	76.7	 566	OK
 740	4000	78.1	78.1	 788	high noise
 741	   0	84.3	84.3	 572	OK
 742	1000	86.7	86.7	 475	unbonded
 743	   0	85.1	85.1	 589	OK
 744	   0	78.2	78.2	 740	OK
 745	   0	80.2	80.2	 738	OK
 746	4000	86.2	86.2	 792	high noise
 747	   0	76.1	76.1	 563	OK
 748	   0	79.9	79.9	 670	OK
 749	   0	76.6	76.6	 617	OK
 750	   0	82.0	82.0	 656	OK
 751	   0	90.4	90.4	 584	OK
 752	   0	82.9	82.9	 548	OK
 753	4000	74.2	74.2	 770	high noise
 754	   0	84.3	84.3	 642	OK
 755	4000	83.8	83.8	 775	high noise
 756	   0	79.2	79.2	 585	OK
 757	   0	80.1	80.1	 739	OK
 758	   0	84.0	84.0	 654	OK
 759	   0	86.0	86.0	 678	OK
 760	   0	79.8	79.8	 721	OK
 761	   0	79.2	79.2	 683	OK
 762	4000	85.2	85.2	 772	high noise
 763	   0	75.4	75.4	 636	OK
 764	   0	74.5	74.5	 750	OK
 765	   0	86.7	86.7	 640	OK
 766	1000	82.7	82.7	 426	unbonded
 767	4000	81.6	81.6	 797	high noise
 768	1000	82.7	82.7	 506	unbonded
 769	   0	79.5	79.5	 657	OK
 770	   0	83.8	83.8	 574	OK
 771	   0	86.0	86.0	 571	OK
 772	   0	76.3	76.3	 717	OK
 773	   0	86.5	86.5	 655	OK
 774	   0	79.0	79.0	 683	OK
 775	4000	83.3	83.3	 788	high noise
 776	   0	88.4	88.4	 600	OK
 777	   0	88.2	88.2	 658	OK
 778	   0	91.2	91.2	 625	OK
 779	   0	81.7	81.7	 644	OK
 780	   0	82.6	82.6	 633	OK
 781	   0	85.8	85.8	 628	OK
 782	   0	87.9	87.9	 630	OK
 783	   0	88.1	88.1	 587	OK
 784	   0	91.8	91.8	 648	OK
 785	   0	84.0	84.0	 660	OK
 786	   0	84.0	84.0	 624	OK
 787	   0	80.6	80.6	 629	OK
 788	   0	86.6	86.6	 558	OK
 789	   0	87.7	87.7	 673	OK
 790	   0	84.8	84.8	 672	OK
 791	   0	87.5	87.5	 642	OK
 792	   0	93.4	93.4	 559	OK
 793	   0	89.8	89.8	 588	OK
 794	   0	91.7	91.7	 645	OK
 795	   0	86.0	86.0	 562	OK
 796	   0	90.3	90.3	 606	OK
 797	   0	81.6	81.6	 580	OK
 798	1000	85.1	85.1	 423	unbonded
 799	4000	88.4	88.4	 733	high noise
 800	   0	86.9	86.9	 622	OK
 801	1000	86.5	86.5	 348	unbonded
 802	1000	89.2	89.2	 503	unbonded
 803	   0	94.7	94.7	 576	OK
 804	1000	79.0	79.0	 516	unbonded
 805	4000	82.6	82.6	 874	high noise
 806	   0	81.4	81.4	 574	OK
 807	1000	87.7	87.7	 499	unbonded
 808	   0	89.2	89.2	 713	OK
 809	4000	83.3	83.3	 745	high noise
 810	4000	82.5	82.5	 756	high noise
 811	4000	87.9	87.9	 785	high noise
 812	   0	85.8	85.8	 628	OK
 813	   0	80.9	80.9	 629	OK
 814	   0	79.4	79.4	 581	OK
 815	   0	83.5	83.5	 637	OK
 816	   0	81.5	81.5	 559	OK
 817	   0	82.2	82.2	 542	OK
 818	   0	84.7	84.7	 601	OK
 819	   0	89.1	89.1	 564	OK
 820	   0	89.7	89.7	 714	OK
 821	   0	86.7	86.7	 663	OK
 822	   0	91.7	91.7	 596	OK
 823	1000	88.1	88.1	 495	unbonded
 824	   0	85.5	85.5	 624	OK
 825	   0	92.1	92.1	 615	OK
 826	4000	90.2	90.2	 759	high noise
 827	   0	86.6	86.6	 674	OK
 828	   0	93.1	93.1	 630	OK
 829	   0	88.6	88.6	 675	OK
 830	   0	83.3	83.3	 642	OK
 831	4000	84.8	84.8	 756	high noise
 832	   0	80.4	80.4	 544	OK
 833	   0	83.4	83.4	 590	OK
 834	4000	82.4	82.4	 735	high noise
 835	   0	89.0	89.0	 618	OK
 836	   0	91.3	91.3	 649	OK
 837	   0	89.3	89.3	 585	OK
 838	   0	82.1	82.1	 617	OK
 839	1000	86.9	86.9	 493	unbonded
 840	   0	76.4	76.4	 610	OK
 841	   0	83.0	83.0	 636	OK
 842	   0	84.7	84.7	 664	OK
 843	4000	83.9	83.9	 752	high noise
 844	   0	86.3	86.3	 714	OK
 845	4000	77.5	77.5	 736	high noise
 846	   0	91.0	91.0	 570	OK
 847	   0	84.3	84.3	 700	OK
 848	1000	82.6	82.6	 512	unbonded
 849	   0	92.2	92.2	 684	OK
 850	   0	89.1	89.1	 725	OK
 851	   0	79.5	79.5	 645	OK
 852	   0	87.5	87.5	 683	OK
 853	4000	85.8	85.8	 762	high noise
 854	   0	86.6	86.6	 663	OK
 855	   0	93.5	93.5	 629	OK
 856	4000	84.1	84.1	 749	high noise
 857	   0	93.2	93.2	 704	OK
 858	4000	79.1	79.1	 762	high noise
 859	   0	76.6	76.6	 676	OK
 860	4000	79.2	79.2	 822	high noise
 861	   0	78.6	78.6	 680	OK
 862	   0	85.7	85.7	 562	OK
 863	1000	84.8	84.8	 534	unbonded
 864	   0	85.3	85.3	 646	OK
 865	   0	89.7	89.7	 614	OK
 866	   0	81.9	81.9	 711	OK
 867	1000	83.5	83.5	 524	unbonded
 868	   0	83.1	83.1	 624	OK
 869	   0	83.8	83.8	 718	OK
 870	   0	83.5	83.5	 635	OK
 871	   0	85.9	85.9	 708	OK
 872	   0	73.8	73.8	 652	OK
 873	   0	82.0	82.0	 675	OK
 874	   0	76.9	76.9	 583	OK
 875	   0	77.1	77.1	 664	OK
 876	   0	76.0	76.0	 668	OK
 877	   0	85.8	85.8	 612	OK
 878	1000	86.7	86.7	 520	unbonded
 879	   0	91.7	91.7	 556	OK
 880	4000	86.8	86.8	 778	high noise
 881	   0	81.2	81.2	 691	OK
 882	   0	84.8	84.8	 716	OK
 883	1000	77.8	77.8	 507	unbonded
 884	   0	82.4	82.4	 670	OK
 885	   0	88.6	88.6	 588	OK
 886	   0	82.9	82.9	 619	OK
 887	   0	80.3	80.3	 598	OK
 888	   0	83.7	83.7	 614	OK
 889	   0	84.4	84.4	 608	OK
 890	   0	86.9	86.9	 621	OK
 891	   0	79.9	79.9	 594	OK
 892	   0	84.0	84.0	 625	OK
 893	   0	88.8	88.8	 609	OK
 894	   0	82.8	82.8	 600	OK
 895	1000	84.2	84.2	 506	unbonded
 896	   0	87.2	87.2	 663	OK
 897	   0	89.9	89.9	 718	OK
 898	   0	84.8	84.8	 611	OK
 899	4000	77.8	77.8	 747	high noise
 900	   0	84.6	84.6	 636	OK
 901	4000	79.9	79.9	 782	high noise
 902	4000	82.3	82.3	 791	high noise
 903	   0	78.6	78.6	 582	OK
 904	1000	82.9	82.9	 520	unbonded
 905	1000	84.7	84.7	 536	unbonded
 906	   0	82.7	82.7	 731	OK
 907	   0	87.0	87.0	 612	OK
 908	1000	78.7	78.7	 529	unbonded
 909	   0	80.0	80.0	 690	OK
 910	1000	87.7	87.7	 531	unbonded
 911	   0	80.3	80.3	 715	OK
 912	1000	78.5	78.5	 513	unbonded
 913	   0	80.0	80.0	 607	OK
 914	   0	86.6	86.6	 605	OK
 915	   0	84.5	84.5	 631	OK
 916	   0	88.3	88.3	 709	OK
 917	   0	81.6	81.6	 590	OK
 918	   0	93.3	93.3	 732	OK
 919	   0	86.4	86.4	 581	OK
 920	   0	75.7	75.7	 586	OK
 921	   0	89.0	89.0	 633	OK
 922	   0	86.2	86.2	 609	OK
 923	   0	76.9	76.9	 707	OK
 924	   0	84.8	84.8	 611	OK
 925	   0	93.3	93.3	 611	OK
 926	   0	82.3	82.3	 633	OK
 927	   0	83.7	83.7	 658	OK
 928	   0	81.4	81.4	 632	OK
 929	   0	87.1	87.1	 670	OK
 930	   0	86.3	86.3	 666	OK
 931	   0	83.3	83.3	 716	OK
 932	   0	80.3	80.3	 674	OK
 933	   0	87.6	87.6	 738	OK
 934	   0	88.1	88.1	 640	OK
 935	   0	89.4	89.4	 702	OK
 936	   0	89.2	89.2	 632	OK
 937	   0	88.9	88.9	 621	OK
 938	1000	90.6	90.6	 493	unbonded
 939	1000	83.8	83.8	 501	unbonded
 940	   0	80.8	80.8	 658	OK
 941	   0	85.2	85.2	 611	OK
 942	1000	86.4	86.4	 511	unbonded
 943	   0	89.3	89.3	 699	OK
 944	   0	85.6	85.6	 615	OK
 945	   0	91.2	91.2	 604	OK
 946	   0	84.1	84.1	 692	OK
 947	   0	85.9	85.9	 597	OK
 948	1000	87.2	87.2	 531	unbonded
 949	   0	72.5	72.5	 602	OK
 950	1000	90.3	90.3	 493	unbonded
 951	4000	76.5	76.5	 771	high noise
 952	   0	80.3	80.3	 659	OK
 953	   0	81.6	81.6	 568	OK
 954	   0	83.8	83.8	 641	OK
 955	   0	86.0	86.0	 613	OK
 956	   0	84.3	84.3	 678	OK
 957	   0	87.7	87.7	 618	OK
 958	4000	79.1	79.1	 760	high noise
 959	   0	95.6	95.6	 626	OK
 960	4000	88.7	88.7	 820	high noise
 961	4000	79.7	79.7	 769	high noise
 962	   0	89.0	89.0	 616	OK
 963	4000	86.1	86.1	 762	high noise
 964	   0	85.0	85.0	 640	OK
 965	   0	85.9	85.9	 737	OK
 966	   0	76.6	76.6	 619	OK
 967	   0	82.7	82.7	 714	OK
 968	4000	84.9	84.9	 826	high noise
 969	   0	87.8	87.8	 646	OK
 970	   0	86.5	86.5	 628	OK
 971	   0	85.4	85.4	 663	OK
 972	   0	74.7	74.7	 603	OK
 973	   0	81.8	81.8	 652	OK
 974	   0	82.2	82.2	 649	OK
 975	   0	84.8	84.8	 629	OK
 976	   0	80.0	80.0	 622	OK
 977	1000	83.7	83.7	 405	unbonded
 978	4000	80.3	80.3	 754	high noise
 979	   0	81.2	81.2	 704	OK
 980	   0	80.0	80.0	 731	OK
 981	1000	89.5	89.5	 517	unbonded
 982	4000	87.2	87.2	 744	high noise
 983	   0	82.7	82.7	 563	OK
 984	   0	83.1	83.1	 738	OK
 985	   0	84.5	84.5	 636	OK
 986	4000	80.9	80.9	 806	high noise
 987	   0	81.1	81.1	 652	OK
 988	   0	77.8	77.8	 575	OK
 989	   0	83.8	83.8	 590	OK
 990	   0	80.0	80.0	 575	OK
 991	   0	82.8	82.8	 686	OK
 992	4000	81.1	81.1	 764	high noise
 993	   0	85.1	85.1	 652	OK
 994	   0	74.8	74.8	 604	OK
 995	   0	77.9	77.9	 607	OK
 996	   0	83.4	83.4	 622	OK
 997	   0	84.5	84.5	 637	OK
 998	   0	83.3	83.3	 631	OK
 999	4000	83.7	83.7	 791	high noise
1000	   0	82.0	82.0	 682	OK
1001	   0	79.8	79.8	 628	OK
1002	   0	81.3	81.3	 660	OK
1003	   0	82.0	82.0	 652	OK
1004	   0	82.5	82.5	 599	OK
1005	   0	82.4	82.4	 727	OK
1006	   0	80.9	80.9	 638	OK
1007	   0	85.0	85.0	 608	OK
1008	   0	75.3	75.3	 590	OK
1009	1000	77.6	77.6	 529	unbonded
1010	   0	86.5	86.5	 609	OK
1011	   0	78.0	78.0	 658	OK
1012	   0	85.9	85.9	 619	OK
1013	4000	80.5	80.5	 765	high noise
1014	   0	87.1	87.1	 607	OK
1015	   0	77.1	77.1	 620	OK
1016	   0	86.5	86.5	 572	OK
1017	   0	82.6	82.6	 570	OK
1018	   0	81.6	81.6	 563	OK
1019	   0	83.0	83.0	 711	OK
1020	   0	82.7	82.7	 651	OK
1021	   0	79.4	79.4	 727	OK
1022	   0	76.1	76.1	 672	OK
1023	   0	85.8	85.8	 610	OK
1024	   0	93.4	93.4	 580	OK
1025	   0	93.1	93.1	 601	OK
1026	1000	94.2	94.2	 430	unbonded
1027	1000	94.5	94.5	 514	unbonded
1028	   0	98.7	98.7	 580	OK
1029	   0	92.9	92.9	 580	OK
1030	   0	91.5	91.5	 607	OK
1031	   0	89.1	89.1	 615	OK
1032	   0	96.8	96.8	 601	OK
1033	1000	98.4	98.4	 507	unbonded
1034	8000	103.8	103.8	 540	partbonded
1035	   0	99.9	99.9	 619	OK
1036	1000	95.2	95.2	 518	unbonded
1037	1000	100.5	100.5	 526	unbonded
1038	1000	102.1	102.1	 458	unbonded
1039	   0	99.5	99.5	 569	OK
1040	1000	101.4	101.4	 455	unbonded
1041	1000	95.9	95.9	 473	unbonded
1042	1000	101.7	101.7	 488	unbonded
1043	1000	102.9	102.9	 502	unbonded
1044	1000	100.8	100.8	 472	unbonded
1045	1000	102.5	102.5	 488	unbonded
1046	   0	90.9	90.9	 598	OK
1047	1000	97.2	97.2	 431	unbonded
1048	   0	100.7	100.7	 586	OK
1049	1000	94.0	94.0	 518	unbonded
1050	4000	95.8	95.8	 646	high noise
1051	   0	101.3	101.3	 553	OK
1052	4000	99.1	99.1	 659	high noise
1053	1000	102.7	102.7	 493	unbonded
1054	1000	98.0	98.0	 471	unbonded
1055	   0	96.3	96.3	 594	OK
1056	4000	98.1	98.1	 648	high noise
1057	   0	96.6	96.6	 547	OK
1058	   0	92.3	92.3	 546	OK
1059	1000	100.4	100.4	 399	unbonded
1060	1000	103.2	103.2	 530	unbonded
1061	   0	100.4	100.4	 552	OK
1062	   0	99.7	99.7	 628	OK
1063	   0	105.0	105.0	 571	OK
1064	   0	99.5	99.5	 584	OK
1065	   0	99.9	99.9	 597	OK
1066	1000	99.7	99.7	 469	unbonded
1067	   0	91.1	91.1	 596	OK
1068	1000	108.8	108.8	 491	unbonded
1069	1000	103.7	103.7	 506	unbonded
1070	   0	95.9	95.9	 558	OK
1071	1000	99.1	99.1	 437	unbonded
1072	1000	100.5	100.5	 450	unbonded
1073	   0	106.7	106.7	 568	OK
1074	1000	92.2	92.2	 526	unbonded
1075	   0	101.5	101.5	 607	OK
1076	4000	99.2	99.2	 660	high noise
1077	1000	100.6	100.6	 487	unbonded
1078	1000	103.2	103.2	 424	unbonded
1079	1000	94.3	94.3	 538	unbonded
1080	   0	103.2	103.2	 550	OK
1081	1000	98.7	98.7	 459	unbonded
1082	   0	99.5	99.5	 630	OK
1083	   0	90.5	90.5	 545	OK
1084	1000	96.9	96.9	 511	unbonded
1085	   0	96.5	96.5	 599	OK
1086	   0	99.7	99.7	 550	OK
1087	1000	108.8	108.8	 490	unbonded
1088	   0	98.3	98.3	 559	OK
1089	1000	101.5	101.5	 515	unbonded
1090	1000	96.9	96.9	 537	unbonded
1091	   0	100.1	100.1	 547	OK
1092	   0	98.3	98.3	 571	OK
1093	1000	109.3	109.3	 426	unbonded
1094	1000	95.9	95.9	 453	unbonded
1095	1000	92.6	92.6	 522	unbonded
1096	1000	105.5	105.5	 538	unbonded
1097	4000	95.3	95.3	 659	high noise
1098	1000	102.2	102.2	 507	unbonded
1099	1000	89.8	89.8	 500	unbonded
1100	   0	102.3	102.3	 558	OK
1101	   0	97.4	97.4	 577	OK
1102	1000	101.5	101.5	 484	unbonded
1103	   0	95.0	95.0	 559	OK
1104	1000	99.9	99.9	 539	unbonded
1105	   0	96.8	96.8	 583	OK
1106	   0	89.6	89.6	 608	OK
1107	   0	100.4	100.4	 544	OK
1108	1000	93.3	93.3	 528	unbonded
1109	   0	93.4	93.4	 584	OK
1110	   0	97.7	97.7	 547	OK
1111	1000	104.1	104.1	 529	unbonded
1112	   0	94.0	94.0	 587	OK
1113	4000	87.9	87.9	 688	high noise
1114	4000	93.2	93.2	 672	high noise
1115	1000	83.4	83.4	 510	unbonded
1116	   0	95.3	95.3	 610	OK
1117	   0	97.3	97.3	 599	OK
1118	   0	94.9	94.9	 595	OK
1119	   0	99.1	99.1	 566	OK
1120	   0	91.7	91.7	 589	OK
1121	1000	101.3	101.3	 457	unbonded
1122	1000	97.4	97.4	 536	unbonded
1123	   0	89.8	89.8	 553	OK
1124	1000	97.7	97.7	 540	unbonded
1125	   0	101.1	101.1	 597	OK
1126	1000	100.2	100.2	 458	unbonded
1127	1000	89.2	89.2	 528	unbonded
1128	1000	97.2	97.2	 477	unbonded
1129	4000	86.9	86.9	 705	high noise
1130	   0	100.1	100.1	 550	OK
1131	1000	97.5	97.5	 481	unbonded
1132	1000	99.0	99.0	 428	unbonded
1133	   0	103.4	103.4	 553	OK
1134	   0	104.4	104.4	 561	OK
1135	4000	97.5	97.5	 660	high noise
1136	4000	104.6	104.6	 662	high noise
1137	1000	106.4	106.4	 464	unbonded
1138	   0	94.8	94.8	 588	OK
1139	1000	97.3	97.3	 522	unbonded
1140	1000	105.6	105.6	 503	unbonded
1141	   0	99.8	99.8	 542	OK
1142	4000	95.2	95.2	 646	high noise
1143	1000	94.7	94.7	 499	unbonded
1144	4000	94.2	94.2	 642	high noise
1145	   0	92.9	92.9	 603	OK
1146	   0	108.0	108.0	 598	OK
1147	   0	91.2	91.2	 607	OK
1148	   0	95.6	95.6	 566	OK
1149	   0	85.3	85.3	 622	OK
1150	   0	100.2	100.2	 580	OK
1151	   0	90.8	90.8	 544	OK
1152	   0	97.8	97.8	 625	OK
1153	1000	83.9	83.9	 532	unbonded
1154	   0	90.1	90.1	 561	OK
1155	1000	92.3	92.3	 493	unbonded
1156	1000	91.6	91.6	 520	unbonded
1157	   0	87.7	87.7	 585	OK
1158	1000	95.0	95.0	 478	unbonded
1159	   0	88.3	88.3	 611	OK
1160	   0	89.1	89.1	 585	OK
1161	   0	88.2	88.2	 559	OK
1162	1000	95.3	95.3	 520	unbonded
1163	1000	93.6	93.6	 537	unbonded
1164	   0	91.0	91.0	 615	OK
1165	   0	91.6	91.6	 582	OK
1166	   0	95.9	95.9	 579	OK
1167	1000	96.3	96.3	 497	unbonded
1168	   0	96.9	96.9	 571	OK
1169	   0	90.6	90.6	 606	OK
1170	   0	100.0	100.0	 562	OK
1171	   0	96.8	96.8	 583	OK
1172	1000	89.9	89.9	 483	unbonded
1173	   0	91.6	91.6	 636	OK
1174	   0	85.3	85.3	 541	OK
1175	4000	96.4	96.4	 721	high noise
1176	   0	103.8	103.8	 542	OK
1177	1000	96.1	96.1	 455	unbonded
1178	   0	101.7	101.7	 621	OK
1179	1000	105.4	105.4	 502	unbonded
1180	   0	103.6	103.6	 551	OK
1181	   0	92.0	92.0	 633	OK
1182	   0	95.1	95.1	 561	OK
1183	   0	96.7	96.7	 620	OK
1184	   0	96.3	96.3	 597	OK
1185	1000	97.3	97.3	 421	unbonded
1186	4000	98.3	98.3	 671	high noise
1187	   0	92.3	92.3	 608	OK
1188	1000	104.0	104.0	 496	unbonded
1189	   0	99.7	99.7	 562	OK
1190	1000	101.7	101.7	 510	unbonded
1191	   0	94.2	94.2	 610	OK
1192	4000	96.9	96.9	 695	high noise
1193	   0	94.5	94.5	 615	OK
1194	1000	94.5	94.5	 391	unbonded
1195	1000	92.1	92.1	 527	unbonded
1196	   0	89.5	89.5	 572	OK
1197	   0	98.8	98.8	 608	OK
1198	   0	99.4	99.4	 599	OK
1199	   0	96.7	96.7	 605	OK
1200	   0	92.0	92.0	 636	OK
1201	   0	105.9	105.9	 568	OK
1202	   0	98.8	98.8	 613	OK
1203	   0	102.0	102.0	 627	OK
1204	   0	87.8	87.8	 573	OK
1205	1000	93.7	93.7	 516	unbonded
1206	   0	92.4	92.4	 626	OK
1207	   0	94.9	94.9	 570	OK
1208	   0	98.6	98.6	 587	OK
1209	   0	92.5	92.5	 588	OK
1210	   0	92.9	92.9	 587	OK
1211	1000	95.2	95.2	 504	unbonded
1212	1000	100.7	100.7	 528	unbonded
1213	4000	90.2	90.2	 667	high noise
1214	1000	90.7	90.7	 515	unbonded
1215	1000	89.2	89.2	 507	unbonded
1216	1000	89.3	89.3	 518	unbonded
1217	1000	94.1	94.1	 531	unbonded
1218	4000	87.7	87.7	 692	high noise
1219	1000	89.9	89.9	 519	unbonded
1220	   0	96.4	96.4	 658	OK
1221	   0	91.6	91.6	 544	OK
1222	   0	94.4	94.4	 591	OK
1223	   0	95.9	95.9	 625	OK
1224	   0	82.2	82.2	 571	OK
1225	1000	99.4	99.4	 412	unbonded
1226	   0	87.2	87.2	 607	OK
1227	   0	96.8	96.8	 557	OK
1228	4000	87.8	87.8	 713	high noise
1229	4000	89.8	89.8	 691	high noise
1230	4000	96.3	96.3	 677	high noise
1231	   0	86.8	86.8	 639	OK
1232	4000	94.9	94.9	 716	high noise
1233	   0	90.2	90.2	 636	OK
1234	1000	93.2	93.2	 489	unbonded
1235	4000	99.2	99.2	 694	high noise
1236	1000	93.5	93.5	 527	unbonded
1237	   0	92.6	92.6	 578	OK
1238	4000	83.9	83.9	 666	high noise
1239	   0	95.5	95.5	 582	OK
1240	   0	88.3	88.3	 627	OK
1241	   0	97.2	97.2	 576	OK
1242	   0	95.8	95.8	 604	OK
1243	1000	87.2	87.2	 494	unbonded
1244	   0	95.9	95.9	 592	OK
1245	1000	91.9	91.9	 499	unbonded
1246	1000	90.2	90.2	 534	unbonded
1247	   0	85.4	85.4	 566	OK
1248	   0	91.2	91.2	 595	OK
1249	   0	93.0	93.0	 614	OK
1250	4000	91.6	91.6	 710	high noise
1251	   0	80.4	80.4	 610	OK
1252	   0	94.1	94.1	 557	OK
1253	1000	87.9	87.9	 476	unbonded
1254	1000	97.2	97.2	 500	unbonded
1255	1000	90.5	90.5	 449	unbonded
1256	1000	95.8	95.8	 512	unbonded
1257	1000	88.0	88.0	 532	unbonded
1258	   0	96.8	96.8	 568	OK
1259	   0	95.2	95.2	 613	OK
1260	4000	88.0	88.0	 667	high noise
1261	1000	81.9	81.9	 532	unbonded
1262	1000	91.1	91.1	 513	unbonded
1263	   0	93.6	93.6	 595	OK
1264	1000	89.6	89.6	 514	unbonded
1265	   0	94.9	94.9	 592	OK
1266	   0	87.4	87.4	 611	OK
1267	1000	89.7	89.7	 537	unbonded
1268	   0	90.3	90.3	 555	OK
1269	   0	90.8	90.8	 639	OK
1270	1000	91.9	91.9	 497	unbonded
1271	   0	88.5	88.5	 615	OK
1272	   0	90.8	90.8	 551	OK
1273	1000	89.7	89.7	 509	unbonded
1274	4000	97.8	97.8	 672	high noise
1275	   0	84.9	84.9	 606	OK
1276	   0	90.1	90.1	 607	OK
1277	1000	93.3	93.3	 512	unbonded
1278	1000	89.9	89.9	 533	unbonded
1279	   0	85.3	85.3	 635	OK
1280	   0	85.0	85.0	 610	OK
1281	4000	93.8	93.8	 742	high noise
1282	   0	87.9	87.9	 629	OK
1283	   0	91.1	91.1	 596	OK
1284	   0	87.0	87.0	 546	OK
1285	4000	87.8	87.8	 696	high noise
1286	   0	89.2	89.2	 672	OK
1287	   0	89.8	89.8	 662	OK
1288	   0	91.0	91.0	 628	OK
1289	   0	84.2	84.2	 583	OK
1290	   0	87.4	87.4	 626	OK
1291	   0	95.3	95.3	 653	OK
1292	1000	86.3	86.3	 505	unbonded
1293	   0	94.5	94.5	 615	OK
1294	   0	84.8	84.8	 555	OK
1295	4000	97.6	97.6	 790	high noise
1296	1000	89.7	89.7	 509	unbonded
1297	4000	86.4	86.4	 740	high noise
1298	1000	83.9	83.9	 525	unbonded
1299	4000	93.5	93.5	 714	high noise
1300	4000	85.9	85.9	 693	high noise
1301	   0	81.4	81.4	 675	OK
1302	   0	94.0	94.0	 653	OK
1303	   0	86.9	86.9	 648	OK
1304	   0	88.9	88.9	 588	OK
1305	   0	86.0	86.0	 691	OK
1306	   0	92.4	92.4	 646	OK
1307	   0	88.8	88.8	 569	OK
1308	   0	90.6	90.6	 582	OK
1309	   0	95.0	95.0	 591	OK
1310	   0	88.6	88.6	 636	OK
1311	   0	92.2	92.2	 612	OK
1312	1000	84.6	84.6	 531	unbonded
1313	   0	86.7	86.7	 690	OK
1314	1000	88.4	88.4	 485	unbonded
1315	4000	80.1	80.1	 710	high noise
1316	   0	83.0	83.0	 575	OK
1317	4000	92.6	92.6	 772	high noise
1318	1000	87.7	87.7	 529	unbonded
1319	1000	92.6	92.6	 490	unbonded
1320	   0	85.2	85.2	 574	OK
1321	   0	93.5	93.5	 690	OK
1322	1000	91.7	91.7	 523	unbonded
1323	   0	90.8	90.8	 648	OK
1324	1000	90.5	90.5	 530	unbonded
1325	   0	80.8	80.8	 668	OK
1326	   0	87.6	87.6	 638	OK
1327	   0	85.7	85.7	 683	OK
1328	4000	86.8	86.8	 697	high noise
1329	1000	79.3	79.3	 502	unbonded
1330	1000	93.2	93.2	 523	unbonded
1331	   0	92.7	92.7	 628	OK
1332	1000	89.4	89.4	 530	unbonded
1333	   0	84.3	84.3	 626	OK
1334	4000	86.3	86.3	 709	high noise
1335	   0	85.2	85.2	 604	OK
1336	   0	81.2	81.2	 687	OK
1337	   0	95.0	95.0	 602	OK
1338	   0	91.9	91.9	 603	OK
1339	   0	82.4	82.4	 553	OK
1340	   0	83.4	83.4	 636	OK
1341	   0	81.1	81.1	 542	OK
1342	1000	80.6	80.6	 517	unbonded
1343	4000	91.4	91.4	 738	high noise
1344	   0	89.7	89.7	 642	OK
1345	1000	87.9	87.9	 451	unbonded
1346	   0	84.8	84.8	 651	OK
1347	1000	86.0	86.0	 481	unbonded
1348	   0	79.7	79.7	 627	OK
1349	1000	85.2	85.2	 513	unbonded
1350	1000	78.7	78.7	 510	unbonded
1351	   0	91.1	91.1	 571	OK
1352	4000	88.1	88.1	 715	high noise
1353	1000	87.4	87.4	 514	unbonded
1354	1000	89.6	89.6	 502	unbonded
1355	   0	85.2	85.2	 622	OK
1356	1000	81.4	81.4	 476	unbonded
1357	   0	81.4	81.4	 623	OK
1358	   0	85.0	85.0	 674	OK
1359	   0	86.2	86.2	 612	OK
1360	   0	92.1	92.1	 652	OK
1361	1000	93.5	93.5	 523	unbonded
1362	1000	86.7	86.7	 540	unbonded
1363	4000	83.3	83.3	 852	high noise
1364	   0	87.3	87.3	 558	OK
1365	   0	83.8	83.8	 632	OK
1366	4000	87.1	87.1	 693	high noise
1367	   0	84.8	84.8	 655	OK
1368	   0	85.6	85.6	 603	OK
1369	1500	-95.8	-95.8	   0	low gain
1370	1000	80.0	80.0	 472	unbonded
1371	   0	83.8	83.8	 582	OK
1372	   0	83.6	83.6	 645	OK
1373	   0	81.4	81.4	 660	OK
1374	4000	82.0	82.0	 710	high noise
1375	1000	82.9	82.9	 494	unbonded
1376	   0	91.1	91.1	 586	OK
1377	   0	79.8	79.8	 613	OK
1378	   0	83.8	83.8	 609	OK
1379	   0	83.1	83.1	 638	OK
1380	   0	85.7	85.7	 549	OK
1381	   0	80.7	80.7	 622	OK
1382	   0	90.9	90.9	 617	OK
1383	   0	85.4	85.4	 670	OK
1384	   0	82.0	82.0	 586	OK
1385	   0	92.2	92.2	 607	OK
1386	   0	86.9	86.9	 686	OK
1387	   0	83.3	83.3	 653	OK
1388	4000	84.3	84.3	 713	high noise
1389	   0	88.8	88.8	 635	OK
1390	   0	90.1	90.1	 607	OK
1391	   0	84.1	84.1	 636	OK
1392	   0	87.3	87.3	 626	OK
1393	   0	80.6	80.6	 557	OK
1394	   0	83.4	83.4	 592	OK
1395	4000	79.8	79.8	 698	high noise
1396	1000	85.7	85.7	 479	unbonded
1397	   0	83.5	83.5	 603	OK
1398	   0	78.2	78.2	 583	OK
1399	4000	79.0	79.0	 692	high noise
1400	   0	86.5	86.5	 588	OK
1401	   0	81.5	81.5	 635	OK
1402	   0	83.3	83.3	 599	OK
1403	1800	185.3	185.3	 281	high offset
1404	4000	90.7	90.7	 730	high noise
1405	   0	90.3	90.3	 645	OK
1406	1000	82.0	82.0	 519	unbonded
1407	1500	-98.4	-98.4	   0	low gain
1408	   0	74.3	74.3	 560	OK
1409	4000	69.9	69.9	 806	high noise
1410	   0	81.8	81.8	 631	OK
1411	   0	78.5	78.5	 758	OK
1412	   0	77.1	77.1	 711	OK
1413	   0	75.3	75.3	 701	OK
1414	   0	72.5	72.5	 701	OK
1415	   0	69.4	69.4	 581	OK
1416	   0	82.1	82.1	 720	OK
1417	   0	75.1	75.1	 748	OK
1418	   0	74.5	74.5	 669	OK
1419	   0	86.3	86.3	 613	OK
1420	   0	76.1	76.1	 635	OK
1421	   0	69.2	69.2	 734	OK
1422	   0	76.6	76.6	 658	OK
1423	4000	73.6	73.6	 877	high noise
1424	   0	84.2	84.2	 627	OK
1425	   0	72.7	72.7	 762	OK
1426	   0	78.1	78.1	 750	OK
1427	   0	73.9	73.9	 729	OK
1428	   0	80.5	80.5	 587	OK
1429	   0	76.0	76.0	 715	OK
1430	   0	79.2	79.2	 684	OK
1431	   0	78.4	78.4	 683	OK
1432	   0	75.9	75.9	 661	OK
1433	   0	77.2	77.2	 769	OK
1434	   0	77.2	77.2	 693	OK
1435	   0	72.3	72.3	 587	OK
1436	   0	74.6	74.6	 766	OK
1437	   0	77.8	77.8	 662	OK
1438	1000	78.5	78.5	 498	unbonded
1439	   0	82.3	82.3	 784	OK
1440	1000	82.7	82.7	 431	unbonded
1441	   0	77.2	77.2	 666	OK
1442	   0	77.7	77.7	 714	OK
1443	4000	73.2	73.2	 815	high noise
1444	   0	71.0	71.0	 751	OK
1445	   0	81.8	81.8	 777	OK
1446	   0	75.2	75.2	 729	OK
1447	4000	76.1	76.1	 929	high noise
1448	   0	78.5	78.5	 584	OK
1449	   0	83.2	83.2	 678	OK
1450	   0	75.7	75.7	 692	OK
1451	   0	75.9	75.9	 773	OK
1452	   0	72.3	72.3	 665	OK
1453	   0	73.7	73.7	 700	OK
1454	   0	74.1	74.1	 699	OK
1455	   0	78.6	78.6	 638	OK
1456	   0	76.0	76.0	 694	OK
1457	   0	75.4	75.4	 685	OK
1458	   0	72.8	72.8	 660	OK
1459	4000	74.7	74.7	 798	high noise
1460	   0	80.8	80.8	 622	OK
1461	1000	87.0	87.0	 533	unbonded
1462	4000	83.4	83.4	 808	high noise
1463	   0	74.5	74.5	 718	OK
1464	   0	71.9	71.9	 646	OK
1465	   0	73.7	73.7	 712	OK
1466	   0	79.6	79.6	 753	OK
1467	   0	82.0	82.0	 611	OK
1468	   0	75.0	75.0	 692	OK
1469	4000	77.6	77.6	 828	high noise
1470	   0	83.3	83.3	 693	OK
1471	4000	77.4	77.4	 828	high noise
1472	   0	76.6	76.6	 590	OK
1473	4000	76.6	76.6	 809	high noise
1474	1000	72.1	72.1	 528	unbonded
1475	   0	73.2	73.2	 793	OK
1476	   0	74.9	74.9	 753	OK
1477	4000	76.7	76.7	 821	high noise
1478	   0	73.2	73.2	 614	OK
1479	   0	77.8	77.8	 746	OK
1480	4000	84.8	84.8	 895	high noise
1481	   0	72.7	72.7	 675	OK
1482	4000	68.3	68.3	 855	high noise
1483	   0	77.5	77.5	 622	OK
1484	   0	80.0	80.0	 598	OK
1485	   0	79.3	79.3	 552	OK
1486	   0	74.6	74.6	 770	OK
1487	   0	78.4	78.4	 657	OK
1488	4000	73.1	73.1	 806	high noise
1489	   0	78.2	78.2	 624	OK
1490	   0	75.6	75.6	 620	OK
1491	   0	76.3	76.3	 647	OK
1492	   0	77.3	77.3	 611	OK
1493	   0	72.6	72.6	 781	OK
1494	   0	75.7	75.7	 680	OK
1495	   0	75.9	75.9	 694	OK
1496	   0	73.0	73.0	 716	OK
1497	   0	77.4	77.4	 548	OK
1498	   0	80.7	80.7	 651	OK
1499	   0	74.3	74.3	 668	OK
1500	   0	76.8	76.8	 620	OK
1501	1000	75.3	75.3	 518	unbonded
1502	   0	77.0	77.0	 742	OK
1503	   0	79.3	79.3	 792	OK
1504	1000	78.1	78.1	 514	unbonded
1505	   0	67.0	67.0	 772	OK
1506	   0	78.2	78.2	 692	OK
1507	   0	75.9	75.9	 788	OK
1508	   0	76.9	76.9	 662	OK
1509	   0	69.7	69.7	 786	OK
1510	   0	73.4	73.4	 739	OK
1511	1000	89.1	89.1	 536	unbonded
1512	   0	73.0	73.0	 608	OK
1513	4000	76.2	76.2	 803	high noise
1514	   0	79.2	79.2	 577	OK
1515	   0	74.0	74.0	 661	OK
1516	   0	73.5	73.5	 707	OK
1517	   0	78.6	78.6	 652	OK
1518	   0	80.4	80.4	 624	OK
1519	1000	75.4	75.4	 454	unbonded
1520	   0	81.6	81.6	 631	OK
1521	   0	75.5	75.5	 556	OK
1522	4000	73.7	73.7	 869	high noise
1523	   0	71.5	71.5	 657	OK
1524	   0	71.1	71.1	 741	OK
1525	   0	71.0	71.0	 688	OK
1526	8000	78.3	78.3	 540	partbonded
1527	   0	73.7	73.7	 785	OK
1528	   0	79.4	79.4	 611	OK
1529	4000	72.8	72.8	 812	high noise
1530	   0	76.3	76.3	 683	OK
1531	   0	79.7	79.7	 658	OK
1532	   0	74.6	74.6	 626	OK
1533	4000	73.3	73.3	1051	high noise
1534	   0	74.2	74.2	 632	OK
1535	   0	64.8	64.8	 795	OK
1536	   0	84.0	84.0	 642	OK
1537	   0	86.7	86.7	 623	OK
1538	4000	79.6	79.6	 774	high noise
1539	   0	77.3	77.3	 553	OK
1540	   0	79.7	79.7	 703	OK
1541	   0	87.2	87.2	 567	OK
1542	   0	82.1	82.1	 593	OK
1543	   0	85.4	85.4	 685	OK
1544	   0	83.2	83.2	 628	OK
1545	4000	92.4	92.4	 745	high noise
1546	   0	86.8	86.8	 689	OK
1547	4000	85.6	85.6	 741	high noise
1548	   0	73.2	73.2	 598	OK
1549	   0	85.1	85.1	 643	OK
1550	   0	79.5	79.5	 661	OK
1551	   0	84.4	84.4	 658	OK
1552	   0	85.9	85.9	 631	OK
1553	   0	88.5	88.5	 615	OK
1554	   0	80.2	80.2	 621	OK
1555	   0	86.5	86.5	 583	OK
1556	   0	82.1	82.1	 601	OK
1557	4000	78.0	78.0	 756	high noise
1558	   0	84.9	84.9	 547	OK
1559	   0	83.7	83.7	 667	OK
1560	   0	84.7	84.7	 629	OK
1561	   0	84.5	84.5	 657	OK
1562	4000	83.0	83.0	 801	high noise
1563	   0	86.0	86.0	 623	OK
1564	   0	82.7	82.7	 627	OK
1565	   0	84.3	84.3	 637	OK
1566	   0	85.3	85.3	 542	OK
1567	   0	86.4	86.4	 697	OK
1568	   0	83.7	83.7	 599	OK
1569	   0	80.7	80.7	 670	OK
1570	   0	83.9	83.9	 640	OK
1571	   0	79.3	79.3	 718	OK
1572	1000	89.4	89.4	 522	unbonded
1573	   0	84.5	84.5	 720	OK
1574	   0	78.9	78.9	 644	OK
1575	   0	81.3	81.3	 575	OK
1576	4000	74.1	74.1	 867	high noise
1577	   0	75.3	75.3	 724	OK
1578	   0	77.8	77.8	 596	OK
1579	   0	84.0	84.0	 595	OK
1580	1000	87.8	87.8	 485	unbonded
1581	   0	81.7	81.7	 558	OK
1582	   0	81.2	81.2	 597	OK
1583	   0	77.7	77.7	 689	OK
1584	   0	83.9	83.9	 683	OK
1585	   0	81.5	81.5	 679	OK
1586	   0	83.0	83.0	 580	OK
1587	   0	75.6	75.6	 706	OK
1588	   0	78.9	78.9	 732	OK
1589	   0	80.1	80.1	 658	OK
1590	   0	83.0	83.0	 692	OK
1591	   0	81.3	81.3	 661	OK
1592	   0	83.0	83.0	 681	OK
1593	1000	87.5	87.5	 539	unbonded
1594	   0	93.5	93.5	 573	OK
1595	   0	88.3	88.3	 591	OK
1596	   0	82.0	82.0	 591	OK
1597	   0	78.5	78.5	 609	OK
1598	1000	81.7	81.7	 515	unbonded
1599	   0	90.1	90.1	 661	OK
1600	   0	81.9	81.9	 547	OK
1601	   0	84.2	84.2	 568	OK
1602	   0	84.7	84.7	 716	OK
1603	   0	89.0	89.0	 672	OK
1604	   0	81.0	81.0	 614	OK
1605	   0	76.1	76.1	 665	OK
1606	   0	75.0	75.0	 724	OK
1607	   0	85.5	85.5	 620	OK
1608	   0	80.5	80.5	 707	OK
1609	   0	83.5	83.5	 683	OK
1610	1000	78.5	78.5	 528	unbonded
1611	   0	81.6	81.6	 668	OK
1612	   0	83.0	83.0	 630	OK
1613	   0	79.7	79.7	 564	OK
1614	1000	79.5	79.5	 437	unbonded
1615	   0	81.1	81.1	 725	OK
1616	   0	80.3	80.3	 614	OK
1617	   0	86.9	86.9	 596	OK
1618	   0	81.8	81.8	 725	OK
1619	1000	86.0	86.0	 533	unbonded
1620	   0	77.3	77.3	 677	OK
1621	4000	81.1	81.1	 754	high noise
1622	8000	85.5	85.5	 540	partbonded
1623	   0	76.8	76.8	 706	OK
1624	   0	92.5	92.5	 609	OK
1625	4000	74.4	74.4	 740	high noise
1626	   0	82.0	82.0	 633	OK
1627	   0	83.4	83.4	 635	OK
1628	   0	78.3	78.3	 695	OK
1629	1000	78.4	78.4	 513	unbonded
1630	1000	80.0	80.0	 477	unbonded
1631	   0	91.7	91.7	 649	OK
1632	   0	89.2	89.2	 580	OK
1633	1000	91.6	91.6	 538	unbonded
1634	1000	79.7	79.7	 402	unbonded
1635	   0	76.4	76.4	 672	OK
1636	   0	75.3	75.3	 663	OK
1637	   0	84.7	84.7	 726	OK
1638	   0	82.6	82.6	 622	OK
1639	   0	78.0	78.0	 647	OK
1640	   0	78.9	78.9	 705	OK
1641	4000	83.3	83.3	 820	high noise
1642	   0	80.3	80.3	 691	OK
1643	   0	80.1	80.1	 619	OK
1644	   0	84.0	84.0	 699	OK
1645	   0	80.8	80.8	 637	OK
1646	   0	86.5	86.5	 657	OK
1647	   0	82.8	82.8	 702	OK
1648	   0	82.7	82.7	 624	OK
1649	   0	78.2	78.2	 670	OK
1650	   0	80.4	80.4	 578	OK
1651	   0	80.7	80.7	 549	OK
1652	   0	82.4	82.4	 625	OK
1653	   0	80.6	80.6	 683	OK
1654	   0	81.4	81.4	 602	OK
1655	   0	77.0	77.0	 734	OK
1656	   0	84.5	84.5	 584	OK
1657	   0	81.3	81.3	 667	OK
1658	   0	82.7	82.7	 548	OK
1659	4000	79.8	79.8	 791	high noise
1660	   0	83.8	83.8	 589	OK
1661	   0	78.1	78.1	 619	OK
1662	   0	82.5	82.5	 663	OK
1663	   0	89.9	89.9	 683	OK
1664	   0	79.3	79.3	 608	OK
1665	4000	83.0	83.0	 786	high noise
1666	   0	85.2	85.2	 677	OK
1667	   0	79.3	79.3	 733	OK
1668	   0	79.9	79.9	 718	OK
1669	   0	82.4	82.4	 701	OK
1670	   0	83.8	83.8	 637	OK
1671	   0	74.0	74.0	 636	OK
1672	1000	76.4	76.4	 492	unbonded
1673	   0	75.9	75.9	 626	OK
1674	1000	80.8	80.8	 528	unbonded
1675	   0	77.7	77.7	 728	OK
1676	   0	72.6	72.6	 665	OK
1677	   0	76.0	76.0	 549	OK
1678	   0	81.0	81.0	 648	OK
1679	4000	78.6	78.6	 752	high noise
1680	   0	80.9	80.9	 541	OK
1681	1000	76.2	76.2	 501	unbonded
1682	   0	78.1	78.1	 686	OK
1683	   0	76.0	76.0	 729	OK
1684	   0	80.8	80.8	 576	OK
1685	   0	79.1	79.1	 571	OK
1686	   0	77.9	77.9	 690	OK
1687	   0	83.1	83.1	 644	OK
1688	4000	78.0	78.0	 770	high noise
1689	4000	75.6	75.6	 777	high noise
1690	   0	82.4	82.4	 571	OK
1691	   0	80.1	80.1	 720	OK
1692	1000	77.6	77.6	 429	unbonded
1693	4000	82.9	82.9	 770	high noise
1694	4000	73.5	73.5	 798	high noise
1695	   0	76.5	76.5	 591	OK
1696	   0	76.9	76.9	 611	OK
1697	   0	81.2	81.2	 732	OK
1698	   0	72.5	72.5	 596	OK
1699	   0	79.3	79.3	 737	OK
1700	   0	82.1	82.1	 574	OK
1701	   0	82.6	82.6	 545	OK
1702	   0	80.4	80.4	 720	OK
1703	   0	77.9	77.9	 741	OK
1704	   0	84.8	84.8	 722	OK
1705	1000	80.5	80.5	 506	unbonded
1706	   0	88.1	88.1	 648	OK
1707	4000	79.2	79.2	 835	high noise
1708	   0	77.9	77.9	 719	OK
1709	   0	79.9	79.9	 683	OK
1710	   0	80.8	80.8	 658	OK
1711	   0	75.8	75.8	 700	OK
1712	   0	80.7	80.7	 714	OK
1713	   0	75.3	75.3	 584	OK
1714	   0	82.0	82.0	 707	OK
1715	   0	75.3	75.3	 684	OK
1716	4000	73.6	73.6	 823	high noise
1717	   0	72.8	72.8	 569	OK
1718	   0	82.2	82.2	 672	OK
1719	4000	79.7	79.7	 779	high noise
1720	   0	77.6	77.6	 629	OK
1721	   0	83.3	83.3	 703	OK
1722	1000	80.1	80.1	 427	unbonded
1723	4000	81.9	81.9	 786	high noise
1724	   0	82.2	82.2	 692	OK
1725	4000	88.3	88.3	 771	high noise
1726	   0	78.9	78.9	 694	OK
1727	   0	80.0	80.0	 548	OK
1728	   0	79.5	79.5	 595	OK
1729	4000	82.3	82.3	 844	high noise
1730	   0	83.9	83.9	 630	OK
1731	   0	79.1	79.1	 595	OK
1732	4000	83.3	83.3	 845	high noise
1733	1000	82.8	82.8	 453	unbonded
1734	   0	79.7	79.7	 605	OK
1735	   0	81.0	81.0	 663	OK
1736	   0	81.7	81.7	 541	OK
1737	   0	83.4	83.4	 618	OK
1738	   0	76.9	76.9	 674	OK
1739	4000	73.8	73.8	 770	high noise
1740	   0	77.8	77.8	 639	OK
1741	   0	73.5	73.5	 720	OK
1742	   0	76.8	76.8	 661	OK
1743	   0	79.1	79.1	 743	OK
1744	   0	88.4	88.4	 566	OK
1745	   0	81.2	81.2	 654	OK
1746	   0	77.8	77.8	 711	OK
1747	   0	80.8	80.8	 609	OK
1748	1000	82.7	82.7	 519	unbonded
1749	   0	76.8	76.8	 637	OK
1750	4000	77.5	77.5	 765	high noise
1751	4000	73.9	73.9	 758	high noise
1752	1000	78.8	78.8	 527	unbonded
1753	1000	82.1	82.1	 529	unbonded
1754	   0	76.2	76.2	 544	OK
1755	   0	83.4	83.4	 572	OK
1756	   0	67.6	67.6	 656	OK
1757	   0	77.7	77.7	 634	OK
1758	   0	83.4	83.4	 710	OK
1759	   0	73.5	73.5	 668	OK
1760	   0	76.0	76.0	 658	OK
1761	   0	80.9	80.9	 633	OK
1762	1000	81.9	81.9	 510	unbonded
1763	1000	71.6	71.6	 498	unbonded
1764	   0	78.2	78.2	 650	OK
1765	   0	79.8	79.8	 706	OK
1766	   0	73.3	73.3	 613	OK
1767	4000	80.6	80.6	 772	high noise
1768	   0	80.7	80.7	 749	OK
1769	   0	72.8	72.8	 705	OK
1770	   0	79.8	79.8	 727	OK
1771	   0	88.6	88.6	 722	OK
1772	   0	81.3	81.3	 592	OK
1773	   0	81.5	81.5	 738	OK
1774	   0	77.3	77.3	 683	OK
1775	1000	78.3	78.3	 473	unbonded
1776	   0	66.8	66.8	 746	OK
1777	   0	74.4	74.4	 640	OK
1778	   0	81.6	81.6	 553	OK
1779	1000	81.6	81.6	 474	unbonded
1780	   0	79.2	79.2	 551	OK
1781	   0	75.5	75.5	 664	OK
1782	   0	81.1	81.1	 676	OK
1783	   0	75.4	75.4	 587	OK
1784	   0	76.2	76.2	 700	OK
1785	   0	74.7	74.7	 603	OK
1786	   0	73.3	73.3	 702	OK
1787	   0	78.0	78.0	 620	OK
1788	   0	79.4	79.4	 621	OK
1789	   0	72.3	72.3	 589	OK
1790	   0	79.9	79.9	 624	OK
1791	   0	74.4	74.4	 641	OK
1792	   0	74.4	74.4	 629	OK
1793	   0	85.5	85.5	 636	OK
1794	   0	83.2	83.2	 685	OK
1795	   0	79.7	79.7	 609	OK
1796	   0	78.8	78.8	 689	OK
1797	   0	78.5	78.5	 752	OK
1798	   0	84.2	84.2	 617	OK
1799	   0	73.0	73.0	 720	OK
1800	   0	79.7	79.7	 631	OK
1801	   0	81.1	81.1	 653	OK
1802	   0	80.3	80.3	 729	OK
1803	4000	80.4	80.4	 795	high noise
1804	   0	85.5	85.5	 646	OK
1805	4000	72.8	72.8	 826	high noise
1806	   0	71.8	71.8	 629	OK
1807	4000	86.3	86.3	 782	high noise
1808	4000	79.3	79.3	 823	high noise
1809	   0	77.6	77.6	 605	OK
1810	   0	81.3	81.3	 719	OK
1811	   0	85.5	85.5	 670	OK
1812	   0	79.7	79.7	 654	OK
1813	   0	72.6	72.6	 663	OK
1814	4000	79.8	79.8	 791	high noise
1815	   0	75.1	75.1	 588	OK
1816	4000	75.5	75.5	 832	high noise
1817	   0	80.0	80.0	 597	OK
1818	1000	79.7	79.7	 462	unbonded
1819	   0	82.8	82.8	 599	OK
1820	   0	81.8	81.8	 695	OK
1821	   0	83.6	83.6	 654	OK
1822	4000	72.3	72.3	 795	high noise
1823	   0	78.7	78.7	 682	OK
1824	   0	79.7	79.7	 578	OK
1825	   0	77.3	77.3	 691	OK
1826	   0	79.9	79.9	 738	OK
1827	   0	76.5	76.5	 559	OK
1828	   0	91.5	91.5	 732	OK
1829	4000	75.7	75.7	 827	high noise
1830	   0	77.2	77.2	 652	OK
1831	   0	88.2	88.2	 669	OK
1832	4000	81.2	81.2	 782	high noise
1833	   0	77.6	77.6	 638	OK
1834	   0	85.1	85.1	 601	OK
1835	   0	88.1	88.1	 547	OK
1836	   0	77.5	77.5	 542	OK
1837	   0	82.4	82.4	 776	OK
1838	   0	82.7	82.7	 768	OK
1839	   0	83.3	83.3	 743	OK
1840	4000	76.7	76.7	 828	high noise
1841	4000	84.4	84.4	 817	high noise
1842	4000	75.3	75.3	 792	high noise
1843	   0	82.9	82.9	 649	OK
1844	   0	89.3	89.3	 580	OK
1845	   0	84.9	84.9	 758	OK
1846	   0	82.6	82.6	 684	OK
1847	   0	87.5	87.5	 571	OK
1848	   0	85.5	85.5	 643	OK
1849	   0	84.6	84.6	 619	OK
1850	   0	74.5	74.5	 634	OK
1851	   0	82.6	82.6	 677	OK
1852	4000	76.8	76.8	 783	high noise
1853	1000	88.6	88.6	 535	unbonded
1854	   0	85.7	85.7	 636	OK
1855	4000	81.7	81.7	 869	high noise
1856	1000	84.2	84.2	 537	unbonded
1857	   0	78.0	78.0	 719	OK
1858	   0	84.7	84.7	 637	OK
1859	   0	86.2	86.2	 780	OK
1860	   0	81.6	81.6	 715	OK
1861	   0	74.4	74.4	 692	OK
1862	4000	80.5	80.5	 795	high noise
1863	   0	90.7	90.7	 704	OK
1864	   0	81.7	81.7	 734	OK
1865	4000	84.3	84.3	 846	high noise
1866	   0	77.0	77.0	 592	OK
1867	   0	79.5	79.5	 630	OK
1868	   0	83.6	83.6	 709	OK
1869	   0	77.6	77.6	 776	OK
1870	   0	84.7	84.7	 677	OK
1871	   0	75.9	75.9	 620	OK
1872	   0	74.9	74.9	 616	OK
1873	   0	72.6	72.6	 714	OK
1874	   0	75.8	75.8	 713	OK
1875	   0	74.7	74.7	 618	OK
1876	   0	83.7	83.7	 675	OK
1877	   0	75.5	75.5	 602	OK
1878	   0	87.8	87.8	 684	OK
1879	   0	82.1	82.1	 777	OK
1880	   0	78.3	78.3	 720	OK
1881	   0	75.8	75.8	 735	OK
1882	   0	82.7	82.7	 631	OK
1883	   0	78.3	78.3	 712	OK
1884	   0	74.4	74.4	 592	OK
1885	   0	87.8	87.8	 745	OK
1886	   0	79.9	79.9	 557	OK
1887	   0	74.6	74.6	 621	OK
1888	   0	73.4	73.4	 731	OK
1889	4000	77.6	77.6	 882	high noise
1890	   0	81.7	81.7	 580	OK
1891	   0	81.3	81.3	 574	OK
1892	4000	80.6	80.6	 794	high noise
1893	1000	75.0	75.0	 482	unbonded
1894	4000	76.9	76.9	 780	high noise
1895	4000	83.0	83.0	 800	high noise
1896	1000	75.9	75.9	 531	unbonded
1897	   0	79.4	79.4	 628	OK
1898	   0	82.5	82.5	 573	OK
1899	   0	82.0	82.0	 700	OK
1900	   0	77.5	77.5	 695	OK
1901	   0	88.7	88.7	 715	OK
1902	   0	81.2	81.2	 683	OK
1903	   0	76.7	76.7	 575	OK
1904	   0	82.4	82.4	 674	OK
1905	   0	76.4	76.4	 671	OK
1906	1000	78.3	78.3	 511	unbonded
1907	   0	74.5	74.5	 746	OK
1908	   0	78.5	78.5	 770	OK
1909	   0	73.3	73.3	 643	OK
1910	4000	73.9	73.9	 787	high noise
1911	   0	78.9	78.9	 739	OK
1912	8000	79.8	79.8	 541	partbonded
1913	   0	86.5	86.5	 602	OK
1914	   0	78.5	78.5	 736	OK
1915	4000	79.8	79.8	 815	high noise
1916	   0	79.2	79.2	 718	OK
1917	4000	78.7	78.7	 810	high noise
1918	   0	71.4	71.4	 715	OK
1919	1500	-106.4	-106.4	   0	low gain
1920	   0	79.9	79.9	 659	OK
1921	4000	74.9	74.9	 800	high noise
1922	   0	80.4	80.4	 622	OK
1923	   0	82.2	82.2	 716	OK
1924	   0	83.6	83.6	 590	OK
1925	   0	79.3	79.3	 703	OK
1926	   0	84.0	84.0	 670	OK
1927	   0	81.1	81.1	 753	OK
1928	1000	83.0	83.0	 517	unbonded
1929	   0	77.1	77.1	 729	OK
1930	4000	85.2	85.2	 782	high noise
1931	   0	80.3	80.3	 728	OK
1932	   0	77.2	77.2	 698	OK
1933	   0	79.5	79.5	 629	OK
1934	   0	88.8	88.8	 739	OK
1935	   0	87.3	87.3	 675	OK
1936	   0	79.2	79.2	 577	OK
1937	   0	74.5	74.5	 758	OK
1938	   0	84.2	84.2	 609	OK
1939	   0	81.2	81.2	 746	OK
1940	   0	80.0	80.0	 607	OK
1941	   0	91.8	91.8	 722	OK
1942	1000	85.2	85.2	 534	unbonded
1943	   0	75.0	75.0	 722	OK
1944	   0	77.5	77.5	 640	OK
1945	   0	81.8	81.8	 593	OK
1946	1000	79.6	79.6	 528	unbonded
1947	   0	89.1	89.1	 628	OK
1948	   0	80.8	80.8	 627	OK
1949	   0	75.7	75.7	 666	OK
1950	   0	81.1	81.1	 594	OK
1951	   0	82.9	82.9	 699	OK
1952	   0	82.2	82.2	 690	OK
1953	   0	77.7	77.7	 685	OK
1954	   0	82.7	82.7	 709	OK
1955	   0	77.7	77.7	 617	OK
1956	1000	80.4	80.4	 431	unbonded
1957	   0	79.8	79.8	 684	OK
1958	   0	84.3	84.3	 730	OK
1959	   0	80.8	80.8	 777	OK
1960	   0	85.4	85.4	 710	OK
1961	4000	87.3	87.3	 786	high noise
1962	   0	86.8	86.8	 735	OK
1963	   0	78.2	78.2	 743	OK
1964	   0	79.2	79.2	 566	OK
1965	   0	77.3	77.3	 766	OK
1966	   0	85.8	85.8	 687	OK
1967	   0	80.6	80.6	 751	OK
1968	   0	82.9	82.9	 679	OK
1969	   0	82.7	82.7	 639	OK
1970	1000	79.8	79.8	 486	unbonded
1971	   0	80.0	80.0	 734	OK
1972	   0	86.1	86.1	 705	OK
1973	   0	84.7	84.7	 661	OK
1974	   0	85.6	85.6	 658	OK
1975	   0	87.6	87.6	 718	OK
1976	   0	78.2	78.2	 636	OK
1977	   0	84.0	84.0	 665	OK
1978	   0	83.1	83.1	 672	OK
1979	   0	81.0	81.0	 698	OK
1980	1000	83.2	83.2	 533	unbonded
1981	   0	82.2	82.2	 556	OK
1982	   0	85.8	85.8	 644	OK
1983	   0	85.0	85.0	 760	OK
1984	   0	84.1	84.1	 718	OK
1985	   0	75.9	75.9	 760	OK
1986	   0	85.1	85.1	 737	OK
1987	   0	84.1	84.1	 649	OK
1988	   0	78.6	78.6	 722	OK
1989	   0	86.4	86.4	 619	OK
1990	   0	81.7	81.7	 749	OK
1991	   0	82.1	82.1	 678	OK
1992	4000	85.5	85.5	 786	high noise
1993	   0	86.9	86.9	 628	OK
1994	   0	76.5	76.5	 632	OK
1995	4000	81.9	81.9	 785	high noise
1996	   0	85.2	85.2	 694	OK
1997	   0	78.7	78.7	 668	OK
1998	   0	85.6	85.6	 758	OK
1999	   0	81.0	81.0	 594	OK
2000	   0	80.0	80.0	 734	OK
2001	4000	91.7	91.7	 837	high noise
2002	   0	85.6	85.6	 580	OK
2003	4000	75.7	75.7	 822	high noise
2004	4000	81.4	81.4	 801	high noise
2005	   0	80.2	80.2	 642	OK
2006	   0	78.7	78.7	 673	OK
2007	   0	83.1	83.1	 759	OK
2008	   0	81.7	81.7	 613	OK
2009	   0	85.5	85.5	 635	OK
2010	   0	89.8	89.8	 684	OK
2011	   0	85.9	85.9	 720	OK
2012	   0	78.6	78.6	 726	OK
2013	4000	77.9	77.9	 835	high noise
2014	   0	83.1	83.1	 565	OK
2015	   0	81.0	81.0	 675	OK
2016	   0	82.3	82.3	 703	OK
2017	   0	81.9	81.9	 658	OK
2018	   0	82.1	82.1	 619	OK
2019	   0	84.5	84.5	 745	OK
2020	   0	82.9	82.9	 656	OK
2021	1000	82.1	82.1	 520	unbonded
2022	   0	83.1	83.1	 607	OK
2023	   0	93.3	93.3	 713	OK
2024	   0	87.2	87.2	 619	OK
2025	   0	77.7	77.7	 627	OK
2026	   0	84.1	84.1	 766	OK
2027	   0	76.0	76.0	 663	OK
2028	   0	81.4	81.4	 642	OK
2029	   0	74.1	74.1	 567	OK
2030	   0	79.0	79.0	 765	OK
2031	   0	77.2	77.2	 772	OK
2032	   0	77.9	77.9	 674	OK
2033	4000	89.0	89.0	 837	high noise
2034	   0	82.2	82.2	 679	OK
2035	   0	74.9	74.9	 701	OK
2036	   0	77.3	77.3	 739	OK
2037	4000	80.3	80.3	 796	high noise
2038	   0	78.0	78.0	 572	OK
2039	   0	79.4	79.4	 564	OK
2040	   0	78.2	78.2	 609	OK
2041	   0	87.2	87.2	 590	OK
2042	   0	76.3	76.3	 554	OK
2043	   0	81.3	81.3	 656	OK
2044	   0	83.1	83.1	 650	OK
2045	   0	82.2	82.2	 776	OK
2046	   0	78.9	78.9	 759	OK
2047	   0	77.7	77.7	 556	OK
2048	4000	80.2	80.2	 727	high noise
2049	4000	85.6	85.6	 723	high noise
2050	   0	88.3	88.3	 586	OK
2051	   0	76.6	76.6	 605	OK
2052	   0	83.5	83.5	 588	OK
2053	   0	85.4	85.4	 564	OK
2054	   0	84.0	84.0	 659	OK
2055	   0	86.8	86.8	 636	OK
2056	   0	86.4	86.4	 611	OK
2057	   0	78.3	78.3	 579	OK
2058	   0	91.1	91.1	 604	OK
2059	   0	84.2	84.2	 619	OK
2060	   0	81.5	81.5	 567	OK
2061	   0	85.1	85.1	 667	OK
2062	   0	84.2	84.2	 594	OK
2063	   0	93.2	93.2	 666	OK
2064	   0	88.3	88.3	 557	OK
2065	   0	83.9	83.9	 627	OK
2066	1000	78.5	78.5	 474	unbonded
2067	   0	78.2	78.2	 637	OK
2068	   0	87.7	87.7	 680	OK
2069	   0	79.2	79.2	 662	OK
2070	   0	86.4	86.4	 628	OK
2071	4000	85.5	85.5	 748	high noise
2072	   0	86.0	86.0	 670	OK
2073	4000	86.2	86.2	 723	high noise
2074	   0	92.5	92.5	 613	OK
2075	   0	80.6	80.6	 593	OK
2076	   0	82.1	82.1	 566	OK
2077	   0	90.2	90.2	 687	OK
2078	   0	88.3	88.3	 630	OK
2079	   0	83.9	83.9	 700	OK
2080	   0	85.8	85.8	 712	OK
2081	   0	82.8	82.8	 691	OK
2082	   0	89.0	89.0	 575	OK
2083	   0	85.6	85.6	 680	OK
2084	   0	87.9	87.9	 604	OK
2085	   0	92.4	92.4	 604	OK
2086	   0	89.3	89.3	 605	OK
2087	   0	77.9	77.9	 612	OK
2088	   0	82.1	82.1	 664	OK
2089	   0	87.7	87.7	 648	OK
2090	   0	91.7	91.7	 558	OK
2091	   0	85.3	85.3	 720	OK
2092	   0	84.1	84.1	 608	OK
2093	   0	88.6	88.6	 716	OK
2094	   0	94.2	94.2	 684	OK
2095	   0	83.0	83.0	 585	OK
2096	   0	84.6	84.6	 579	OK
2097	   0	82.0	82.0	 553	OK
2098	1000	90.5	90.5	 486	unbonded
2099	   0	81.7	81.7	 656	OK
2100	   0	87.7	87.7	 629	OK
2101	   0	92.3	92.3	 648	OK
2102	   0	88.6	88.6	 582	OK
2103	1000	87.9	87.9	 539	unbonded
2104	   0	78.3	78.3	 576	OK
2105	   0	85.0	85.0	 716	OK
2106	   0	95.2	95.2	 586	OK
2107	   0	89.6	89.6	 552	OK
2108	   0	82.0	82.0	 624	OK
2109	   0	87.0	87.0	 703	OK
2110	   0	75.4	75.4	 695	OK
2111	   0	92.4	92.4	 655	OK
2112	   0	81.3	81.3	 641	OK
2113	4000	89.6	89.6	 736	high noise
2114	1000	85.0	85.0	 415	unbonded
2115	   0	81.7	81.7	 641	OK
2116	   0	80.4	80.4	 722	OK
2117	   0	87.5	87.5	 561	OK
2118	   0	81.1	81.1	 645	OK
2119	   0	80.1	80.1	 551	OK
2120	   0	84.3	84.3	 649	OK
2121	   0	88.1	88.1	 555	OK
2122	   0	85.4	85.4	 624	OK
2123	   0	78.4	78.4	 641	OK
2124	   0	80.6	80.6	 714	OK
2125	4000	79.2	79.2	 734	high noise
2126	   0	85.8	85.8	 675	OK
2127	4000	90.1	90.1	 739	high noise
2128	1000	81.4	81.4	 500	unbonded
2129	   0	87.2	87.2	 686	OK
2130	   0	83.6	83.6	 603	OK
2131	   0	84.3	84.3	 653	OK
2132	   0	85.1	85.1	 617	OK
2133	   0	75.7	75.7	 584	OK
2134	   0	93.0	93.0	 623	OK
2135	   0	79.4	79.4	 578	OK
2136	   0	86.6	86.6	 577	OK
2137	   0	80.8	80.8	 614	OK
2138	   0	79.4	79.4	 564	OK
2139	   0	83.9	83.9	 613	OK
2140	   0	86.4	86.4	 594	OK
2141	   0	78.6	78.6	 698	OK
2142	   0	90.7	90.7	 586	OK
2143	   0	87.7	87.7	 569	OK
2144	   0	85.7	85.7	 543	OK
2145	   0	79.5	79.5	 552	OK
2146	   0	84.3	84.3	 636	OK
2147	   0	88.5	88.5	 584	OK
2148	   0	79.6	79.6	 561	OK
2149	   0	83.7	83.7	 696	OK
2150	4000	82.6	82.6	 749	high noise
2151	   0	75.5	75.5	 680	OK
2152	   0	80.1	80.1	 646	OK
2153	   0	81.0	81.0	 580	OK
2154	   0	85.6	85.6	 613	OK
2155	   0	79.8	79.8	 647	OK
2156	   0	79.7	79.7	 574	OK
2157	   0	80.6	80.6	 722	OK
2158	   0	86.1	86.1	 619	OK
2159	   0	77.4	77.4	 660	OK
2160	   0	88.3	88.3	 683	OK
2161	   0	82.3	82.3	 692	OK
2162	1000	85.6	85.6	 453	unbonded
2163	4000	81.6	81.6	 732	high noise
2164	1000	79.3	79.3	 532	unbonded
2165	1000	79.4	79.4	 524	unbonded
2166	   0	89.5	89.5	 552	OK
2167	4000	76.0	76.0	 749	high noise
2168	   0	83.6	83.6	 630	OK
2169	4000	89.1	89.1	 725	high noise
2170	4000	75.5	75.5	 782	high noise
2171	   0	84.9	84.9	 635	OK
2172	   0	84.9	84.9	 580	OK
2173	4000	80.3	80.3	 730	high noise
2174	1000	88.4	88.4	 535	unbonded
2175	   0	81.2	81.2	 696	OK
2176	   0	84.7	84.7	 713	OK
2177	   0	88.3	88.3	 619	OK
2178	4000	82.0	82.0	 832	high noise
2179	4000	85.6	85.6	 751	high noise
2180	   0	78.2	78.2	 676	OK
2181	   0	90.2	90.2	 666	OK
2182	   0	86.4	86.4	 571	OK
2183	   0	86.5	86.5	 686	OK
2184	   0	84.0	84.0	 605	OK
2185	4000	83.2	83.2	 884	high noise
2186	   0	82.9	82.9	 746	OK
2187	   0	78.2	78.2	 679	OK
2188	   0	84.7	84.7	 661	OK
2189	   0	80.6	80.6	 657	OK
2190	1000	86.6	86.6	 540	unbonded
2191	   0	81.0	81.0	 729	OK
2192	   0	82.9	82.9	 544	OK
2193	   0	88.7	88.7	 642	OK
2194	   0	87.0	87.0	 577	OK
2195	   0	88.3	88.3	 629	OK
2196	   0	85.5	85.5	 676	OK
2197	4000	79.1	79.1	 757	high noise
2198	   0	86.3	86.3	 671	OK
2199	   0	90.1	90.1	 589	OK
2200	   0	86.4	86.4	 541	OK
2201	   0	83.2	83.2	 694	OK
2202	   0	82.1	82.1	 554	OK
2203	   0	90.4	90.4	 601	OK
2204	   0	85.8	85.8	 592	OK
2205	   0	85.8	85.8	 556	OK
2206	   0	84.4	84.4	 558	OK
2207	4000	84.6	84.6	 783	high noise
2208	   0	86.1	86.1	 582	OK
2209	   0	85.8	85.8	 609	OK
2210	   0	82.9	82.9	 667	OK
2211	   0	81.7	81.7	 603	OK
2212	   0	86.6	86.6	 681	OK
2213	4000	84.9	84.9	 756	high noise
2214	   0	84.0	84.0	 647	OK
2215	   0	81.1	81.1	 651	OK
2216	1000	87.6	87.6	 539	unbonded
2217	4000	90.5	90.5	 794	high noise
2218	1000	70.5	70.5	 482	unbonded
2219	1000	87.0	87.0	 528	unbonded
2220	   0	80.3	80.3	 643	OK
2221	   0	81.3	81.3	 637	OK
2222	   0	87.1	87.1	 640	OK
2223	   0	88.2	88.2	 706	OK
2224	   0	86.5	86.5	 690	OK
2225	4000	89.5	89.5	 849	high noise
2226	   0	84.9	84.9	 601	OK
2227	   0	85.4	85.4	 547	OK
2228	   0	86.7	86.7	 745	OK
2229	   0	83.4	83.4	 652	OK
2230	   0	88.0	88.0	 619	OK
2231	4000	82.8	82.8	 766	high noise
2232	   0	83.7	83.7	 610	OK
2233	   0	83.0	83.0	 721	OK
2234	4000	86.8	86.8	 896	high noise
2235	   0	84.9	84.9	 673	OK
2236	   0	82.7	82.7	 690	OK
2237	   0	84.7	84.7	 610	OK
2238	   0	84.9	84.9	 608	OK
2239	   0	85.9	85.9	 729	OK
2240	   0	84.8	84.8	 549	OK
2241	   0	90.5	90.5	 666	OK
2242	   0	84.0	84.0	 566	OK
2243	   0	79.8	79.8	 636	OK
2244	1000	77.5	77.5	 515	unbonded
2245	4000	95.8	95.8	 811	high noise
2246	   0	83.9	83.9	 749	OK
2247	1000	84.6	84.6	 469	unbonded
2248	   0	85.2	85.2	 686	OK
2249	1000	81.6	81.6	 490	unbonded
2250	   0	80.6	80.6	 744	OK
2251	   0	90.4	90.4	 601	OK
2252	   0	77.4	77.4	 684	OK
2253	1000	82.2	82.2	 534	unbonded
2254	   0	87.0	87.0	 606	OK
2255	   0	84.9	84.9	 599	OK
2256	   0	85.7	85.7	 708	OK
2257	   0	79.4	79.4	 695	OK
2258	1000	87.9	87.9	 525	unbonded
2259	   0	84.5	84.5	 719	OK
2260	   0	76.7	76.7	 719	OK
2261	1000	79.9	79.9	 532	unbonded
2262	   0	81.1	81.1	 587	OK
2263	   0	86.0	86.0	 613	OK
2264	   0	75.9	75.9	 671	OK
2265	   0	87.4	87.4	 650	OK
2266	   0	79.5	79.5	 612	OK
2267	4000	83.6	83.6	 762	high noise
2268	1000	85.5	85.5	 383	unbonded
2269	   0	81.4	81.4	 670	OK
2270	4000	84.6	84.6	 790	high noise
2271	4000	88.1	88.1	 765	high noise
2272	1000	78.9	78.9	 506	unbonded
2273	   0	83.2	83.2	 675	OK
2274	   0	79.8	79.8	 723	OK
2275	   0	86.7	86.7	 714	OK
2276	   0	76.9	76.9	 712	OK
2277	   0	82.5	82.5	 650	OK
2278	4000	78.3	78.3	 781	high noise
2279	   0	82.9	82.9	 556	OK
2280	   0	73.7	73.7	 635	OK
2281	   0	79.7	79.7	 590	OK
2282	   0	87.8	87.8	 733	OK
2283	   0	79.7	79.7	 655	OK
2284	   0	81.9	81.9	 597	OK
2285	   0	78.9	78.9	 744	OK
2286	1000	78.2	78.2	 536	unbonded
2287	4000	74.5	74.5	 771	high noise
2288	4000	79.3	79.3	 788	high noise
2289	   0	88.9	88.9	 732	OK
2290	   0	77.3	77.3	 618	OK
2291	4000	86.5	86.5	 758	high noise
2292	1000	74.0	74.0	 538	unbonded
2293	   0	82.4	82.4	 658	OK
2294	   0	82.8	82.8	 669	OK
2295	   0	78.3	78.3	 660	OK
2296	   0	78.9	78.9	 712	OK
2297	   0	79.0	79.0	 707	OK
2298	4000	82.2	82.2	 787	high noise
2299	1000	80.3	80.3	 528	unbonded
2300	1000	84.5	84.5	 474	unbonded
2301	   0	84.5	84.5	 601	OK
2302	1000	83.4	83.4	 527	unbonded
2303	4000	85.4	85.4	 786	high noise
2304	   0	109.5	109.5	 574	OK
2305	   0	96.6	96.6	 551	OK
2306	   0	102.5	102.5	 585	OK
2307	4000	100.5	100.5	 670	high noise
2308	1000	97.1	97.1	 456	unbonded
2309	   0	101.4	101.4	 620	OK
2310	   0	100.2	100.2	 611	OK
2311	   0	105.5	105.5	 544	OK
2312	4000	98.6	98.6	 695	high noise
2313	   0	101.0	101.0	 658	OK
2314	1000	107.1	107.1	 521	unbonded
2315	4000	104.1	104.1	 697	high noise
2316	   0	97.5	97.5	 605	OK
2317	   0	93.8	93.8	 588	OK
2318	1000	101.6	101.6	 470	unbonded
2319	1000	95.7	95.7	 536	unbonded
2320	   0	96.7	96.7	 554	OK
2321	   0	102.4	102.4	 601	OK
2322	1000	103.6	103.6	 538	unbonded
2323	   0	103.7	103.7	 588	OK
2324	1000	95.8	95.8	 482	unbonded
2325	   0	96.9	96.9	 608	OK
2326	   0	101.5	101.5	 658	OK
2327	   0	96.7	96.7	 642	OK
2328	   0	107.5	107.5	 638	OK
2329	   0	94.0	94.0	 603	OK
2330	   0	103.7	103.7	 548	OK
2331	   0	93.3	93.3	 645	OK
2332	   0	98.1	98.1	 566	OK
2333	   0	103.9	103.9	 589	OK
2334	   0	93.1	93.1	 638	OK
2335	   0	109.0	109.0	 585	OK
2336	1000	101.7	101.7	 487	unbonded
2337	   0	95.4	95.4	 643	OK
2338	   0	102.9	102.9	 541	OK
2339	   0	99.9	99.9	 617	OK
2340	1000	103.6	103.6	 481	unbonded
2341	   0	97.8	97.8	 624	OK
2342	1000	94.4	94.4	 516	unbonded
2343	1000	97.4	97.4	 536	unbonded
2344	   0	104.1	104.1	 648	OK
2345	   0	100.6	100.6	 665	OK
2346	1000	96.1	96.1	 540	unbonded
2347	4000	97.9	97.9	 732	high noise
2348	1000	103.4	103.4	 470	unbonded
2349	   0	98.2	98.2	 586	OK
2350	1000	104.2	104.2	 491	unbonded
2351	1000	97.5	97.5	 508	unbonded
2352	1000	100.1	100.1	 468	unbonded
2353	4000	96.4	96.4	 715	high noise
2354	1000	94.1	94.1	 479	unbonded
2355	   0	101.5	101.5	 601	OK
2356	1000	100.2	100.2	 478	unbonded
2357	   0	103.2	103.2	 567	OK
2358	1000	103.4	103.4	 474	unbonded
2359	4000	95.5	95.5	 719	high noise
2360	1000	101.7	101.7	 491	unbonded
2361	   0	95.6	95.6	 630	OK
2362	   0	97.8	97.8	 543	OK
2363	   0	87.8	87.8	 631	OK
2364	   0	102.3	102.3	 651	OK
2365	8000	104.5	104.5	 541	partbonded
2366	   0	98.7	98.7	 550	OK
2367	   0	98.7	98.7	 541	OK
2368	   0	97.1	97.1	 648	OK
2369	   0	99.7	99.7	 619	OK
2370	1000	96.4	96.4	 505	unbonded
2371	   0	96.1	96.1	 608	OK
2372	   0	97.5	97.5	 543	OK
2373	   0	105.1	105.1	 580	OK
2374	4000	97.5	97.5	 706	high noise
2375	4000	105.2	105.2	 704	high noise
2376	   0	96.8	96.8	 608	OK
2377	   0	95.0	95.0	 641	OK
2378	1000	89.3	89.3	 507	unbonded
2379	   0	99.9	99.9	 605	OK
2380	1000	105.1	105.1	 497	unbonded
2381	   0	95.7	95.7	 633	OK
2382	1000	106.9	106.9	 535	unbonded
2383	   0	92.7	92.7	 612	OK
2384	   0	93.3	93.3	 642	OK
2385	   0	98.7	98.7	 570	OK
2386	   0	94.7	94.7	 607	OK
2387	1000	104.7	104.7	 523	unbonded
2388	   0	98.2	98.2	 591	OK
2389	4000	94.6	94.6	 684	high noise
2390	1000	96.2	96.2	 499	unbonded
2391	   0	96.9	96.9	 614	OK
2392	   0	94.3	94.3	 610	OK
2393	   0	96.2	96.2	 570	OK
2394	1000	106.8	106.8	 515	unbonded
2395	1000	89.9	89.9	 475	unbonded
2396	   0	95.1	95.1	 551	OK
2397	   0	93.9	93.9	 664	OK
2398	1000	97.0	97.0	 405	unbonded
2399	   0	94.1	94.1	 658	OK
2400	   0	94.7	94.7	 571	OK
2401	   0	100.6	100.6	 636	OK
2402	   0	94.1	94.1	 644	OK
2403	1000	93.5	93.5	 533	unbonded
2404	   0	89.4	89.4	 549	OK
2405	   0	96.9	96.9	 662	OK
2406	   0	96.1	96.1	 614	OK
2407	   0	93.1	93.1	 581	OK
2408	   0	97.2	97.2	 555	OK
2409	   0	88.4	88.4	 620	OK
2410	1000	94.1	94.1	 533	unbonded
2411	1000	103.4	103.4	 493	unbonded
2412	   0	98.8	98.8	 612	OK
2413	   0	94.4	94.4	 567	OK
2414	1000	93.3	93.3	 492	unbonded
2415	1000	94.8	94.8	 525	unbonded
2416	   0	94.6	94.6	 617	OK
2417	1000	98.1	98.1	 508	unbonded
2418	1000	98.1	98.1	 509	unbonded
2419	   0	101.5	101.5	 543	OK
2420	   0	97.0	97.0	 559	OK
2421	   0	99.4	99.4	 593	OK
2422	   0	96.7	96.7	 546	OK
2423	   0	98.4	98.4	 639	OK
2424	   0	94.0	94.0	 572	OK
2425	   0	109.2	109.2	 652	OK
2426	4000	92.4	92.4	 709	high noise
2427	   0	102.8	102.8	 544	OK
2428	   0	90.4	90.4	 565	OK
2429	   0	90.7	90.7	 576	OK
2430	   0	102.9	102.9	 550	OK
2431	   0	93.1	93.1	 560	OK
2432	   0	89.9	89.9	 562	OK
2433	   0	94.5	94.5	 632	OK
2434	   0	93.1	93.1	 633	OK
2435	   0	88.6	88.6	 580	OK
2436	   0	100.6	100.6	 655	OK
2437	4000	98.2	98.2	 742	high noise
2438	   0	89.6	89.6	 648	OK
2439	   0	90.3	90.3	 604	OK
2440	   0	88.4	88.4	 545	OK
2441	   0	94.2	94.2	 570	OK
2442	   0	96.0	96.0	 547	OK
2443	   0	89.8	89.8	 607	OK
2444	1000	94.3	94.3	 489	unbonded
2445	   0	89.8	89.8	 547	OK
2446	1000	98.2	98.2	 458	unbonded
2447	4000	84.2	84.2	 785	high noise
2448	   0	92.2	92.2	 655	OK
2449	   0	91.6	91.6	 646	OK
2450	1000	98.2	98.2	 455	unbonded
2451	   0	91.7	91.7	 693	OK
2452	   0	97.7	97.7	 563	OK
2453	   0	92.7	92.7	 690	OK
2454	1000	94.6	94.6	 531	unbonded
2455	4000	87.4	87.4	 730	high noise
2456	   0	90.2	90.2	 641	OK
2457	   0	89.5	89.5	 579	OK
2458	   0	95.7	95.7	 596	OK
2459	   0	96.4	96.4	 656	OK
2460	1000	90.1	90.1	 488	unbonded
2461	   0	93.3	93.3	 560	OK
2462	   0	88.5	88.5	 545	OK
2463	   0	89.2	89.2	 580	OK
2464	   0	92.1	92.1	 556	OK
2465	   0	94.5	94.5	 663	OK
2466	   0	101.8	101.8	 576	OK
2467	   0	87.2	87.2	 653	OK
2468	   0	92.2	92.2	 567	OK
2469	   0	95.7	95.7	 594	OK
2470	   0	91.3	91.3	 632	OK
2471	1000	105.1	105.1	 523	unbonded
2472	   0	94.1	94.1	 574	OK
2473	   0	96.9	96.9	 636	OK
2474	   0	94.6	94.6	 544	OK
2475	4000	91.5	91.5	 732	high noise
2476	   0	88.6	88.6	 656	OK
2477	   0	91.3	91.3	 619	OK
2478	   0	84.0	84.0	 571	OK
2479	   0	89.8	89.8	 570	OK
2480	   0	98.8	98.8	 666	OK
2481	   0	90.3	90.3	 593	OK
2482	   0	93.4	93.4	 554	OK
2483	1000	91.0	91.0	 472	unbonded
2484	   0	91.4	91.4	 546	OK
2485	   0	87.3	87.3	 671	OK
2486	   0	105.2	105.2	 617	OK
2487	   0	94.2	94.2	 563	OK
2488	   0	88.7	88.7	 626	OK
2489	   0	97.4	97.4	 688	OK
2490	   0	95.6	95.6	 569	OK
2491	   0	100.1	100.1	 661	OK
2492	   0	101.6	101.6	 671	OK
2493	   0	87.0	87.0	 629	OK
2494	   0	96.1	96.1	 626	OK
2495	4000	96.8	96.8	 760	high noise
2496	   0	91.2	91.2	 613	OK
2497	4000	101.1	101.1	 742	high noise
2498	1000	97.4	97.4	 413	unbonded
2499	4000	89.2	89.2	 726	high noise
2500	   0	91.0	91.0	 700	OK
2501	4000	93.0	93.0	 717	high noise
2502	1000	95.8	95.8	 540	unbonded
2503	4000	103.2	103.2	 757	high noise
2504	   0	90.3	90.3	 599	OK
2505	   0	91.4	91.4	 705	OK
2506	   0	91.6	91.6	 685	OK
2507	4000	88.5	88.5	 848	high noise
2508	   0	94.6	94.6	 574	OK
2509	   0	93.5	93.5	 703	OK
2510	4000	92.6	92.6	 730	high noise
2511	   0	85.8	85.8	 647	OK
2512	   0	82.7	82.7	 651	OK
2513	   0	80.1	80.1	 681	OK
2514	   0	92.0	92.0	 591	OK
2515	   0	96.1	96.1	 678	OK
2516	   0	90.6	90.6	 581	OK
2517	   0	88.0	88.0	 643	OK
2518	   0	92.1	92.1	 632	OK
2519	   0	90.0	90.0	 683	OK
2520	   0	95.3	95.3	 635	OK
2521	   0	95.1	95.1	 565	OK
2522	   0	86.1	86.1	 573	OK
2523	   0	93.7	93.7	 630	OK
2524	   0	92.1	92.1	 572	OK
2525	4000	98.0	98.0	 752	high noise
2526	1000	88.8	88.8	 452	unbonded
2527	   0	96.8	96.8	 612	OK
2528	   0	89.6	89.6	 667	OK
2529	   0	100.0	100.0	 661	OK
2530	1000	90.8	90.8	 431	unbonded
2531	   0	86.6	86.6	 635	OK
2532	   0	86.5	86.5	 552	OK
2533	1000	84.1	84.1	 531	unbonded
2534	1000	85.9	85.9	 510	unbonded
2535	   0	86.0	86.0	 672	OK
2536	   0	82.1	82.1	 551	OK
2537	   0	85.9	85.9	 672	OK
2538	   0	84.1	84.1	 650	OK
2539	4000	89.6	89.6	 750	high noise
2540	   0	96.6	96.6	 587	OK
2541	   0	85.8	85.8	 572	OK
2542	1000	86.1	86.1	 493	unbonded
2543	   0	90.9	90.9	 674	OK
2544	   0	93.9	93.9	 619	OK
2545	   0	83.9	83.9	 570	OK
2546	1000	88.1	88.1	 534	unbonded
2547	   0	93.4	93.4	 657	OK
2548	   0	95.5	95.5	 606	OK
2549	   0	87.4	87.4	 649	OK
2550	1000	93.1	93.1	 528	unbonded
2551	   0	83.0	83.0	 657	OK
2552	   0	92.8	92.8	 652	OK
2553	4000	79.4	79.4	 802	high noise
2554	   0	92.5	92.5	 636	OK
2555	   0	93.7	93.7	 696	OK
2556	   0	91.0	91.0	 561	OK
2557	1000	89.0	89.0	 492	unbonded
2558	   0	88.5	88.5	 632	OK
2559	4000	94.4	94.4	 818	high noise
