#chan	code	gain	offset	innse	comment
   0	8000	92.4	92.4	 540	partbonded
   1	   0	95.8	95.8	 677	OK
   2	1000	93.0	93.0	 473	unbonded
   3	   0	92.4	92.4	 675	OK
   4	   0	92.1	92.1	 646	OK
   5	1000	97.4	97.4	 496	unbonded
   6	   0	96.3	96.3	 620	OK
   7	   0	91.5	91.5	 616	OK
   8	4000	93.3	93.3	 689	high noise
   9	   0	97.4	97.4	 603	OK
  10	4000	96.4	96.4	 686	high noise
  11	4000	89.1	89.1	 787	high noise
  12	   0	88.2	88.2	 552	OK
  13	   0	85.7	85.7	 553	OK
  14	   0	100.0	100.0	 590	OK
  15	   0	96.9	96.9	 625	OK
  16	4000	96.6	96.6	 730	high noise
  17	   0	95.6	95.6	 598	OK
  18	   0	90.8	90.8	 665	OK
  19	   0	96.4	96.4	 566	OK
  20	   0	98.7	98.7	 568	OK
  21	   0	92.9	92.9	 627	OK
  22	1000	97.0	97.0	 504	unbonded
  23	1000	92.5	92.5	 477	unbonded
  24	   0	92.5	92.5	 594	OK
  25	   0	97.1	97.1	 545	OK
  26	   0	93.4	93.4	 677	OK
  27	   0	98.8	98.8	 559	OK
  28	4000	84.4	84.4	 742	high noise
  29	   0	90.0	90.0	 599	OK
  30	   0	90.6	90.6	 612	OK
  31	   0	92.9	92.9	 597	OK
  32	1000	103.3	103.3	 532	unbonded
  33	   0	100.0	100.0	 653	OK
  34	   0	98.6	98.6	 587	OK
  35	   0	98.1	98.1	 605	OK
  36	4000	88.2	88.2	 715	high noise
  37	4000	91.9	91.9	 722	high noise
  38	4000	92.3	92.3	 769	high noise
  39	1000	95.3	95.3	 493	unbonded
  40	4000	96.1	96.1	 690	high noise
  41	1000	97.5	97.5	 514	unbonded
  42	   0	96.8	96.8	 641	OK
  43	   0	96.7	96.7	 671	OK
  44	1000	99.2	99.2	 352	unbonded
  45	   0	93.3	93.3	 582	OK
  46	   0	90.5	90.5	 624	OK
  47	4000	101.6	101.6	 720	high noise
  48	   0	98.0	98.0	 549	OK
  49	   0	97.7	97.7	 648	OK
  50	   0	100.2	100.2	 614	OK
  51	1000	97.5	97.5	 525	unbonded
  52	1000	97.4	97.4	 426	unbonded
  53	1000	96.6	96.6	 534	unbonded
  54	   0	94.5	94.5	 672	OK
  55	   0	103.5	103.5	 590	OK
  56	   0	101.9	101.9	 651	OK
  57	   0	100.9	100.9	 613	OK
  58	   0	99.6	99.6	 633	OK
  59	   0	108.0	108.0	 642	OK
  60	   0	96.3	96.3	 630	OK
  61	   0	108.6	108.6	 619	OK
  62	1000	98.2	98.2	 535	unbonded
  63	4000	100.8	100.8	 767	high noise
  64	1000	97.8	97.8	 436	unbonded
  65	1501	0.0	0.0	   0	dead
  66	   0	99.6	99.6	 632	OK
  67	   0	94.9	94.9	 602	OK
  68	4000	94.4	94.4	 722	high noise
  69	   0	95.8	95.8	 580	OK
  70	1000	100.2	100.2	 539	unbonded
  71	   0	107.3	107.3	 646	OK
  72	4000	93.0	93.0	 687	high noise
  73	   0	102.7	102.7	 590	OK
  74	   0	100.6	100.6	 625	OK
  75	   0	99.0	99.0	 678	OK
  76	4000	103.8	103.8	 752	high noise
  77	1000	98.6	98.6	 488	unbonded
  78	   0	90.3	90.3	 644	OK
  79	1501	0.0	0.0	   0	dead
  80	   0	97.5	97.5	 671	OK
  81	   0	99.0	99.0	 545	OK
  82	   0	100.0	100.0	 557	OK
  83	1000	97.5	97.5	 500	unbonded
  84	4000	93.5	93.5	 707	high noise
  85	4000	89.7	89.7	 693	high noise
  86	   0	102.9	102.9	 661	OK
  87	   0	100.1	100.1	 663	OK
  88	1501	0.0	0.0	   0	dead
  89	   0	95.2	95.2	 590	OK
  90	   0	93.6	93.6	 582	OK
  91	   0	96.6	96.6	 646	OK
  92	   0	91.0	91.0	 670	OK
  93	   0	106.4	106.4	 649	OK
  94	4000	96.8	96.8	 767	high noise
  95	1000	100.5	100.5	 527	unbonded
  96	   0	97.1	97.1	 617	OK
  97	   0	104.4	104.4	 639	OK
  98	   0	93.6	93.6	 637	OK
  99	4000	84.1	84.1	 745	high noise
 100	   0	102.1	102.1	 584	OK
 101	   0	100.8	100.8	 637	OK
 102	   0	96.8	96.8	 593	OK
 103	   0	99.9	99.9	 566	OK
 104	4000	96.4	96.4	 756	high noise
 105	   0	98.3	98.3	 617	OK
 106	1000	93.2	93.2	 494	unbonded
 107	4000	103.2	103.2	 717	high noise
 108	1000	98.9	98.9	 530	unbonded
 109	4000	99.8	99.8	 742	high noise
 110	4000	100.8	100.8	 759	high noise
 111	   0	102.5	102.5	 584	OK
 112	1000	99.7	99.7	 412	unbonded
 113	   0	101.0	101.0	 653	OK
 114	1000	97.4	97.4	 444	unbonded
 115	   0	87.2	87.2	 642	OK
 116	   0	96.3	96.3	 595	OK
 117	   0	100.3	100.3	 618	OK
 118	1501	0.0	0.0	   0	dead
 119	4000	96.4	96.4	 682	high noise
 120	4000	88.1	88.1	 712	high noise
 121	   0	99.3	99.3	 583	OK
 122	1000	98.5	98.5	 490	unbonded
 123	   0	95.7	95.7	 605	OK
 124	   0	99.7	99.7	 638	OK
 125	1000	105.1	105.1	 507	unbonded
 126	   0	89.4	89.4	 663	OK
 127	1501	0.0	0.0	   0	dead
 128	1000	87.5	87.5	 469	unbonded
 129	   0	84.2	84.2	 586	OK
 130	   0	77.8	77.8	 722	OK
 131	   0	86.2	86.2	 582	OK
 132	4000	83.3	83.3	 730	high noise
 133	   0	79.2	79.2	 665	OK
 134	4000	88.6	88.6	 758	high noise
 135	1000	87.7	87.7	 501	unbonded
 136	   0	81.5	81.5	 638	OK
 137	   0	81.9	81.9	 623	OK
 138	1000	85.9	85.9	 473	unbonded
 139	   0	82.0	82.0	 659	OK
 140	   0	87.7	87.7	 599	OK
 141	   0	81.2	81.2	 587	OK
 142	1000	81.1	81.1	 530	unbonded
 143	4000	81.1	81.1	 766	high noise
 144	1000	92.3	92.3	 520	unbonded
 145	   0	81.7	81.7	 674	OK
 146	   0	85.5	85.5	 598	OK
 147	   0	84.7	84.7	 715	OK
 148	1000	85.5	85.5	 506	unbonded
 149	   0	81.4	81.4	 647	OK
 150	   0	82.0	82.0	 629	OK
 151	   0	85.1	85.1	 564	OK
 152	   0	83.9	83.9	 698	OK
 153	   0	88.2	88.2	 615	OK
 154	   0	78.5	78.5	 726	OK
 155	   0	85.0	85.0	 659	OK
 156	   0	86.9	86.9	 626	OK
 157	4000	87.3	87.3	 732	high noise
 158	   0	82.8	82.8	 627	OK
 159	   0	79.8	79.8	 568	OK
 160	   0	88.4	88.4	 558	OK
 161	   0	86.0	86.0	 548	OK
 162	   0	92.9	92.9	 638	OK
 163	   0	85.2	85.2	 558	OK
 164	1000	89.5	89.5	 538	unbonded
 165	   0	82.5	82.5	 722	OK
 166	   0	83.3	83.3	 601	OK
 167	   0	81.2	81.2	 600	OK
 168	   0	91.6	91.6	 643	OK
 169	   0	86.1	86.1	 578	OK
 170	4000	91.7	91.7	 795	high noise
 171	   0	87.7	87.7	 603	OK
 172	   0	88.0	88.0	 584	OK
 173	   0	86.1	86.1	 582	OK
 174	1000	82.5	82.5	 534	unbonded
 175	   0	78.8	78.8	 664	OK
 176	4000	89.6	89.6	 741	high noise
 177	   0	84.1	84.1	 556	OK
 178	   0	87.9	87.9	 602	OK
 179	4000	76.2	76.2	 749	high noise
 180	1000	90.0	90.0	 517	unbonded
 181	   0	77.1	77.1	 589	OK
 182	   0	88.4	88.4	 670	OK
 183	   0	81.0	81.0	 592	OK
 184	   0	82.3	82.3	 548	OK
 185	   0	91.3	91.3	 683	OK
 186	   0	87.7	87.7	 697	OK
 187	   0	90.7	90.7	 598	OK
 188	   0	85.5	85.5	 680	OK
 189	   0	85.2	85.2	 658	OK
 190	   0	91.3	91.3	 635	OK
 191	   0	86.7	86.7	 587	OK
 192	   0	83.7	83.7	 617	OK
 193	   0	86.6	86.6	 584	OK
 194	   0	81.3	81.3	 575	OK
 195	4000	87.9	87.9	 752	high noise
 196	   0	88.2	88.2	 565	OK
 197	   0	87.4	87.4	 640	OK
 198	   0	93.8	93.8	 704	OK
 199	   0	84.0	84.0	 560	OK
 200	4000	93.3	93.3	 768	high noise
 201	   0	83.1	83.1	 552	OK
 202	1000	83.5	83.5	 496	unbonded
 203	   0	80.3	80.3	 660	OK
 204	   0	87.4	87.4	 646	OK
 205	   0	90.7	90.7	 680	OK
 206	   0	90.7	90.7	 669	OK
 207	1000	82.7	82.7	 510	unbonded
 208	   0	81.0	81.0	 661	OK
 209	   0	85.2	85.2	 635	OK
 210	   0	85.6	85.6	 591	OK
 211	   0	85.3	85.3	 585	OK
 212	   0	82.5	82.5	 626	OK
 213	   0	79.3	79.3	 570	OK
 214	   0	92.2	92.2	 608	OK
 215	   0	86.1	86.1	 711	OK
 216	   0	85.9	85.9	 654	OK
 217	   0	89.2	89.2	 687	OK
 218	   0	82.5	82.5	 573	OK
 219	4000	81.3	81.3	 733	high noise
 220	1000	83.1	83.1	 529	unbonded
 221	   0	97.7	97.7	 644	OK
 222	   0	80.3	80.3	 699	OK
 223	   0	93.7	93.7	 595	OK
 224	   0	87.1	87.1	 639	OK
 225	   0	84.1	84.1	 574	OK
 226	   0	83.9	83.9	 642	OK
 227	   0	79.2	79.2	 673	OK
 228	   0	84.9	84.9	 593	OK
 229	4000	80.1	80.1	 780	high noise
 230	   0	86.6	86.6	 673	OK
 231	   0	82.0	82.0	 581	OK
 232	   0	89.1	89.1	 636	OK
 233	   0	84.8	84.8	 603	OK
 234	   0	86.7	86.7	 650	OK
 235	   0	90.3	90.3	 651	OK
 236	   0	82.0	82.0	 572	OK
 237	   0	78.8	78.8	 663	OK
 238	4000	88.8	88.8	 785	high noise
 239	4000	86.0	86.0	 746	high noise
 240	   0	85.1	85.1	 622	OK
 241	   0	80.6	80.6	 620	OK
 242	   0	75.8	75.8	 693	OK
 243	4000	81.4	81.4	 738	high noise
 244	4000	86.2	86.2	 753	high noise
 245	   0	80.0	80.0	 684	OK
 246	   0	87.6	87.6	 566	OK
 247	   0	85.7	85.7	 660	OK
 248	   0	84.9	84.9	 579	OK
 249	   0	80.7	80.7	 596	OK
 250	4000	82.8	82.8	 747	high noise
 251	   0	81.2	81.2	 640	OK
 252	   0	75.8	75.8	 687	OK
 253	   0	84.6	84.6	 665	OK
 254	   0	80.6	80.6	 695	OK
 255	4000	85.3	85.3	 739	high noise
 256	1000	80.9	80.9	 531	unbonded
 257	   0	83.8	83.8	 665	OK
 258	1000	82.2	82.2	 537	unbonded
 259	   0	89.6	89.6	 717	OK
 260	   0	87.0	87.0	 669	OK
 261	   0	81.8	81.8	 600	OK
 262	   0	83.1	83.1	 692	OK
 263	1000	85.1	85.1	 531	unbonded
 264	   0	88.4	88.4	 647	OK
 265	   0	85.1	85.1	 717	OK
 266	   0	85.4	85.4	 701	OK
 267	   0	82.0	82.0	 665	OK
 268	1000	82.1	82.1	 531	unbonded
 269	4000	74.8	74.8	 740	high noise
 270	   0	88.7	88.7	 621	OK
 271	   0	83.7	83.7	 651	OK
 272	   0	82.0	82.0	 655	OK
 273	1000	86.7	86.7	 517	unbonded
 274	   0	85.7	85.7	 730	OK
 275	   0	83.1	83.1	 561	OK
 276	   0	92.8	92.8	 591	OK
 277	   0	85.5	85.5	 605	OK
 278	   0	86.9	86.9	 661	OK
 279	   0	82.4	82.4	 626	OK
 280	   0	87.8	87.8	 552	OK
 281	   0	83.8	83.8	 562	OK
 282	1000	89.4	89.4	 510	unbonded
 283	   0	86.0	86.0	 715	OK
 284	1000	89.1	89.1	 439	unbonded
 285	   0	87.8	87.8	 639	OK
 286	   0	79.8	79.8	 578	OK
 287	   0	84.1	84.1	 631	OK
 288	1000	88.1	88.1	 437	unbonded
 289	1000	87.8	87.8	 500	unbonded
 290	   0	86.0	86.0	 731	OK
 291	   0	89.2	89.2	 693	OK
 292	   0	90.7	90.7	 628	OK
 293	4000	84.5	84.5	 736	high noise
 294	   0	76.7	76.7	 678	OK
 295	   0	80.8	80.8	 630	OK
 296	   0	89.2	89.2	 696	OK
 297	   0	84.2	84.2	 684	OK
 298	1000	78.2	78.2	 527	unbonded
 299	   0	87.3	87.3	 583	OK
 300	   0	86.1	86.1	 628	OK
 301	   0	81.9	81.9	 617	OK
 302	   0	79.0	79.0	 665	OK
 303	   0	87.0	87.0	 670	OK
 304	4000	86.9	86.9	 802	high noise
 305	   0	87.3	87.3	 603	OK
 306	   0	81.2	81.2	 711	OK
 307	   0	82.9	82.9	 653	OK
 308	   0	93.6	93.6	 657	OK
 309	   0	89.6	89.6	 601	OK
 310	   0	81.2	81.2	 607	OK
 311	   0	87.7	87.7	 706	OK
 312	   0	77.5	77.5	 542	OK
 313	   0	82.7	82.7	 684	OK
 314	   0	94.4	94.4	 630	OK
 315	   0	86.6	86.6	 679	OK
 316	1000	83.1	83.1	 510	unbonded
 317	   0	89.3	89.3	 674	OK
 318	   0	79.1	79.1	 590	OK
 319	   0	88.8	88.8	 689	OK
 320	   0	88.7	88.7	 709	OK
 321	   0	86.4	86.4	 624	OK
 322	   0	82.4	82.4	 730	OK
 323	   0	90.8	90.8	 695	OK
 324	   0	89.3	89.3	 701	OK
 325	   0	88.1	88.1	 658	OK
 326	   0	82.2	82.2	 663	OK
 327	   0	79.7	79.7	 640	OK
 328	   0	81.2	81.2	 575	OK
 329	   0	83.2	83.2	 685	OK
 330	1000	85.3	85.3	 479	unbonded
 331	   0	85.5	85.5	 552	OK
 332	   0	85.4	85.4	 657	OK
 333	4000	77.9	77.9	 742	high noise
 334	   0	82.4	82.4	 620	OK
 335	   0	75.7	75.7	 648	OK
 336	   0	77.7	77.7	 641	OK
 337	   0	81.9	81.9	 666	OK
 338	1000	89.1	89.1	 525	unbonded
 339	4000	89.6	89.6	 786	high noise
 340	   0	88.7	88.7	 654	OK
 341	   0	86.2	86.2	 556	OK
 342	   0	85.8	85.8	 619	OK
 343	4000	79.5	79.5	 817	high noise
 344	4000	79.9	79.9	 761	high noise
 345	   0	83.2	83.2	 661	OK
 346	   0	82.2	82.2	 657	OK
 347	1000	87.1	87.1	 533	unbonded
 348	   0	75.5	75.5	 559	OK
 349	   0	78.6	78.6	 700	OK
 350	   0	75.8	75.8	 568	OK
 351	4000	79.4	79.4	 738	high noise
 352	   0	76.0	76.0	 715	OK
 353	   0	83.1	83.1	 711	OK
 354	4000	89.6	89.6	 774	high noise
 355	   0	87.8	87.8	 590	OK
 356	   0	88.0	88.0	 723	OK
 357	   0	88.5	88.5	 622	OK
 358	   0	87.4	87.4	 584	OK
 359	   0	84.2	84.2	 605	OK
 360	   0	76.5	76.5	 596	OK
 361	   0	82.9	82.9	 697	OK
 362	   0	79.7	79.7	 575	OK
 363	4000	85.1	85.1	 776	high noise
 364	   0	83.9	83.9	 625	OK
 365	   0	86.0	86.0	 645	OK
 366	   0	85.4	85.4	 682	OK
 367	   0	96.6	96.6	 599	OK
 368	   0	77.0	77.0	 614	OK
 369	   0	86.8	86.8	 639	OK
 370	   0	84.8	84.8	 710	OK
 371	   0	86.5	86.5	 661	OK
 372	   0	78.8	78.8	 668	OK
 373	4000	80.3	80.3	 843	high noise
 374	   0	77.0	77.0	 616	OK
 375	   0	81.7	81.7	 590	OK
 376	4000	87.7	87.7	 744	high noise
 377	1000	82.7	82.7	 478	unbonded
 378	   0	87.0	87.0	 597	OK
 379	   0	86.7	86.7	 644	OK
 380	   0	83.6	83.6	 619	OK
 381	1000	80.8	80.8	 510	unbonded
 382	   0	84.3	84.3	 639	OK
 383	   0	87.7	87.7	 589	OK
 384	   0	84.9	84.9	 656	OK
 385	   0	91.9	91.9	 638	OK
 386	4000	86.3	86.3	 744	high noise
 387	   0	85.8	85.8	 690	OK
 388	   0	86.0	86.0	 602	OK
 389	   0	83.5	83.5	 617	OK
 390	1000	90.9	90.9	 496	unbonded
 391	   0	91.8	91.8	 590	OK
 392	   0	94.3	94.3	 706	OK
 393	1000	92.5	92.5	 531	unbonded
 394	   0	85.0	85.0	 617	OK
 395	   0	89.3	89.3	 685	OK
 396	   0	85.1	85.1	 712	OK
 397	   0	92.5	92.5	 687	OK
 398	   0	90.6	90.6	 624	OK
 399	   0	88.9	88.9	 618	OK
 400	   0	87.2	87.2	 690	OK
 401	1000	90.4	90.4	 539	unbonded
 402	   0	86.7	86.7	 604	OK
 403	1000	91.3	91.3	 523	unbonded
 404	1000	86.8	86.8	 483	unbonded
 405	   0	94.7	94.7	 708	OK
 406	   0	91.7	91.7	 661	OK
 407	1000	85.9	85.9	 530	unbonded
 408	   0	82.1	82.1	 565	OK
 409	   0	83.6	83.6	 548	OK
 410	   0	95.6	95.6	 700	OK
 411	   0	83.5	83.5	 690	OK
 412	1000	86.1	86.1	 468	unbonded
 413	   0	86.3	86.3	 663	OK
 414	4000	80.6	80.6	 785	high noise
 415	   0	81.8	81.8	 589	OK
 416	   0	87.6	87.6	 579	OK
 417	   0	87.1	87.1	 638	OK
 418	   0	90.2	90.2	 659	OK
 419	   0	88.1	88.1	 620	OK
 420	   0	82.6	82.6	 685	OK
 421	   0	80.3	80.3	 699	OK
 422	   0	84.7	84.7	 579	OK
 423	   0	87.8	87.8	 674	OK
 424	   0	95.6	95.6	 628	OK
 425	   0	92.4	92.4	 634	OK
 426	   0	85.6	85.6	 605	OK
 427	4000	88.5	88.5	 790	high noise
 428	1000	85.0	85.0	 536	unbonded
 429	   0	93.1	93.1	 566	OK
 430	   0	86.0	86.0	 594	OK
 431	   0	91.6	91.6	 545	OK
 432	   0	87.5	87.5	 605	OK
 433	   0	87.1	87.1	 605	OK
 434	   0	89.4	89.4	 671	OK
 435	   0	88.5	88.5	 650	OK
 436	   0	87.2	87.2	 589	OK
 437	   0	87.5	87.5	 563	OK
 438	   0	85.2	85.2	 711	OK
 439	   0	92.8	92.8	 631	OK
 440	4000	83.2	83.2	 742	high noise
 441	   0	94.8	94.8	 625	OK
 442	   0	89.2	89.2	 640	OK
 443	   0	87.6	87.6	 693	OK
 444	   0	82.6	82.6	 696	OK
 445	   0	91.3	91.3	 598	OK
 446	4000	86.4	86.4	 757	high noise
 447	   0	80.3	80.3	 600	OK
 448	   0	91.6	91.6	 552	OK
 449	   0	93.5	93.5	 632	OK
 450	4000	93.2	93.2	 759	high noise
 451	   0	90.0	90.0	 556	OK
 452	   0	96.0	96.0	 698	OK
 453	   0	83.3	83.3	 598	OK
 454	   0	80.2	80.2	 673	OK
 455	   0	87.1	87.1	 644	OK
 456	   0	89.8	89.8	 632	OK
 457	   0	89.5	89.5	 703	OK
 458	   0	88.6	88.6	 546	OK
 459	4000	88.9	88.9	 742	high noise
 460	   0	82.8	82.8	 700	OK
 461	   0	85.8	85.8	 559	OK
 462	   0	86.8	86.8	 543	OK
 463	   0	87.8	87.8	 592	OK
 464	   0	86.4	86.4	 630	OK
 465	   0	87.5	87.5	 666	OK
 466	   0	87.1	87.1	 706	OK
 467	   0	81.0	81.0	 637	OK
 468	   0	93.7	93.7	 554	OK
 469	   0	92.3	92.3	 611	OK
 470	   0	88.2	88.2	 680	OK
 471	   0	90.8	90.8	 663	OK
 472	   0	82.4	82.4	 678	OK
 473	   0	82.3	82.3	 564	OK
 474	   0	80.6	80.6	 597	OK
 475	1000	83.4	83.4	 491	unbonded
 476	1000	86.4	86.4	 529	unbonded
 477	   0	84.4	84.4	 606	OK
 478	   0	85.4	85.4	 634	OK
 479	   0	92.1	92.1	 684	OK
 480	   0	85.5	85.5	 624	OK
 481	   0	90.9	90.9	 553	OK
 482	4000	86.5	86.5	 763	high noise
 483	   0	88.6	88.6	 642	OK
 484	4000	83.4	83.4	 744	high noise
 485	   0	88.2	88.2	 672	OK
 486	   0	87.2	87.2	 568	OK
 487	   0	90.2	90.2	 571	OK
 488	   0	87.7	87.7	 584	OK
 489	4000	85.2	85.2	 734	high noise
 490	1000	89.4	89.4	 471	unbonded
 491	   0	85.1	85.1	 636	OK
 492	   0	83.4	83.4	 582	OK
 493	   0	80.2	80.2	 557	OK
 494	   0	91.1	91.1	 630	OK
 495	   0	84.5	84.5	 550	OK
 496	   0	81.0	81.0	 618	OK
 497	1000	85.3	85.3	 471	unbonded
 498	   0	84.7	84.7	 634	OK
 499	   0	78.1	78.1	 572	OK
 500	1000	91.0	91.0	 528	unbonded
 501	   0	86.5	86.5	 649	OK
 502	   0	82.9	82.9	 663	OK
 503	   0	86.9	86.9	 660	OK
 504	   0	92.0	92.0	 633	OK
 505	   0	83.4	83.4	 543	OK
 506	   0	85.5	85.5	 606	OK
 507	4000	84.9	84.9	 745	high noise
 508	   0	83.7	83.7	 596	OK
 509	   0	80.1	80.1	 598	OK
 510	   0	81.2	81.2	 699	OK
 511	4000	83.6	83.6	 725	high noise
 512	4000	80.5	80.5	 777	high noise
 513	   0	84.9	84.9	 567	OK
 514	4000	79.1	79.1	 826	high noise
 515	   0	88.9	88.9	 598	OK
 516	   0	89.5	89.5	 656	OK
 517	   0	88.2	88.2	 565	OK
 518	   0	85.0	85.0	 556	OK
 519	   0	81.8	81.8	 680	OK
 520	1000	81.5	81.5	 533	unbonded
 521	1000	79.9	79.9	 519	unbonded
 522	   0	84.8	84.8	 643	OK
 523	   0	86.8	86.8	 638	OK
 524	   0	83.5	83.5	 632	OK
 525	   0	86.8	86.8	 571	OK
 526	   0	81.0	81.0	 756	OK
 527	   0	87.5	87.5	 643	OK
 528	   0	78.7	78.7	 541	OK
 529	   0	91.1	91.1	 642	OK
 530	   0	94.0	94.0	 746	OK
 531	   0	88.2	88.2	 715	OK
 532	   0	86.8	86.8	 658	OK
 533	   0	86.0	86.0	 652	OK
 534	   0	85.5	85.5	 591	OK
 535	   0	86.8	86.8	 755	OK
 536	   0	88.7	88.7	 572	OK
 537	   0	80.4	80.4	 710	OK
 538	4000	81.1	81.1	 779	high noise
 539	   0	86.6	86.6	 619	OK
 540	1000	84.2	84.2	 469	unbonded
 541	4000	80.6	80.6	 834	high noise
 542	1000	95.6	95.6	 494	unbonded
 543	4000	88.8	88.8	 781	high noise
 544	   0	86.5	86.5	 593	OK
 545	1000	83.1	83.1	 528	unbonded
 546	4000	89.3	89.3	 785	high noise
 547	   0	83.7	83.7	 678	OK
 548	   0	85.0	85.0	 627	OK
 549	   0	87.8	87.8	 653	OK
 550	   0	86.9	86.9	 681	OK
 551	   0	83.6	83.6	 689	OK
 552	   0	87.9	87.9	 712	OK
 553	   0	87.1	87.1	 714	OK
 554	   0	87.6	87.6	 577	OK
 555	   0	89.4	89.4	 611	OK
 556	   0	83.1	83.1	 744	OK
 557	4000	83.4	83.4	 767	high noise
 558	   0	84.6	84.6	 619	OK
 559	   0	96.7	96.7	 674	OK
 560	4000	91.2	91.2	 765	high noise
 561	   0	84.5	84.5	 643	OK
 562	1000	84.7	84.7	 524	unbonded
 563	8000	87.8	87.8	 541	partbonded
 564	   0	93.8	93.8	 664	OK
 565	   0	81.9	81.9	 663	OK
 566	4000	81.0	81.0	 841	high noise
 567	   0	88.0	88.0	 658	OK
 568	   0	89.8	89.8	 749	OK
 569	4000	87.1	87.1	 789	high noise
 570	   0	84.3	84.3	 732	OK
 571	   0	85.7	85.7	 633	OK
 572	4000	87.2	87.2	 765	high noise
 573	   0	90.7	90.7	 667	OK
 574	   0	94.2	94.2	 636	OK
 575	   0	88.5	88.5	 720	OK
 576	   0	93.4	93.4	 670	OK
 577	1000	92.6	92.6	 530	unbonded
 578	   0	89.9	89.9	 626	OK
 579	   0	88.9	88.9	 748	OK
 580	   0	88.9	88.9	 712	OK
 581	   0	82.4	82.4	 721	OK
 582	   0	85.9	85.9	 657	OK
 583	   0	85.4	85.4	 748	OK
 584	   0	89.6	89.6	 735	OK
 585	   0	88.2	88.2	 675	OK
 586	   0	87.7	87.7	 688	OK
 587	4000	84.5	84.5	 799	high noise
 588	1000	86.3	86.3	 496	unbonded
 589	   0	88.5	88.5	 669	OK
 590	4000	92.4	92.4	 798	high noise
 591	4000	92.7	92.7	 765	high noise
 592	   0	92.9	92.9	 627	OK
 593	   0	86.3	86.3	 642	OK
 594	   0	91.7	91.7	 733	OK
 595	   0	83.5	83.5	 602	OK
 596	   0	87.8	87.8	 591	OK
 597	   0	76.0	76.0	 680	OK
 598	   0	88.0	88.0	 655	OK
 599	   0	93.5	93.5	 631	OK
 600	1000	89.4	89.4	 507	unbonded
 601	   0	88.0	88.0	 592	OK
 602	   0	81.2	81.2	 701	OK
 603	   0	80.7	80.7	 680	OK
 604	   0	88.3	88.3	 613	OK
 605	   0	86.8	86.8	 728	OK
 606	4000	86.3	86.3	 831	high noise
 607	   0	79.8	79.8	 644	OK
 608	   0	82.7	82.7	 727	OK
 609	   0	82.4	82.4	 561	OK
 610	   0	90.6	90.6	 750	OK
 611	   0	79.0	79.0	 617	OK
 612	   0	85.4	85.4	 692	OK
 613	   0	86.9	86.9	 623	OK
 614	   0	85.1	85.1	 644	OK
 615	   0	85.9	85.9	 622	OK
 616	4000	86.7	86.7	 770	high noise
 617	4000	85.0	85.0	 849	high noise
 618	   0	93.7	93.7	 674	OK
 619	   0	93.7	93.7	 705	OK
 620	   0	92.0	92.0	 672	OK
 621	   0	90.9	90.9	 642	OK
 622	4000	87.7	87.7	 830	high noise
 623	   0	86.4	86.4	 641	OK
 624	   0	89.9	89.9	 694	OK
 625	   0	86.5	86.5	 638	OK
 626	   0	89.8	89.8	 549	OK
 627	   0	88.2	88.2	 671	OK
 628	   0	80.8	80.8	 674	OK
 629	   0	82.2	82.2	 585	OK
 630	   0	81.9	81.9	 663	OK
 631	   0	81.2	81.2	 670	OK
 632	   0	85.6	85.6	 666	OK
 633	4000	87.0	87.0	 792	high noise
 634	   0	83.2	83.2	 745	OK
 635	1000	88.7	88.7	 452	unbonded
 636	   0	86.6	86.6	 663	OK
 637	   0	86.2	86.2	 639	OK
 638	   0	92.2	92.2	 646	OK
 639	1000	84.3	84.3	 537	unbonded
 640	   0	88.5	88.5	 682	OK
 641	   0	86.1	86.1	 595	OK
 642	   0	88.0	88.0	 670	OK
 643	   0	83.5	83.5	 662	OK
 644	   0	93.8	93.8	 608	OK
 645	   0	85.6	85.6	 599	OK
 646	   0	84.2	84.2	 699	OK
 647	   0	84.0	84.0	 645	OK
 648	   0	88.4	88.4	 698	OK
 649	   0	77.5	77.5	 731	OK
 650	   0	80.6	80.6	 684	OK
 651	   0	88.0	88.0	 579	OK
 652	   0	80.7	80.7	 572	OK
 653	   0	83.8	83.8	 586	OK
 654	   0	79.9	79.9	 697	OK
 655	   0	87.5	87.5	 749	OK
 656	   0	78.0	78.0	 585	OK
 657	4000	86.8	86.8	 775	high noise
 658	   0	84.4	84.4	 674	OK
 659	4000	86.5	86.5	 833	high noise
 660	   0	89.8	89.8	 642	OK
 661	   0	80.2	80.2	 674	OK
 662	4000	83.4	83.4	 766	high noise
 663	   0	80.7	80.7	 604	OK
 664	   0	80.5	80.5	 656	OK
 665	   0	85.9	85.9	 623	OK
 666	   0	80.2	80.2	 557	OK
 667	   0	85.5	85.5	 742	OK
 668	   0	82.8	82.8	 727	OK
 669	   0	84.0	84.0	 626	OK
 670	   0	91.4	91.4	 563	OK
 671	4000	76.7	76.7	 775	high noise
 672	   0	86.5	86.5	 582	OK
 673	   0	91.3	91.3	 626	OK
 674	   0	79.2	79.2	 651	OK
 675	   0	86.2	86.2	 697	OK
 676	   0	85.1	85.1	 694	OK
 677	   0	74.9	74.9	 649	OK
 678	   0	88.1	88.1	 619	OK
 679	   0	82.1	82.1	 653	OK
 680	   0	87.0	87.0	 576	OK
 681	   0	80.8	80.8	 635	OK
 682	   0	77.1	77.1	 609	OK
 683	1000	84.2	84.2	 455	unbonded
 684	   0	80.8	80.8	 616	OK
 685	   0	80.7	80.7	 565	OK
 686	   0	91.5	91.5	 615	OK
 687	   0	79.9	79.9	 686	OK
 688	   0	84.4	84.4	 610	OK
 689	   0	81.2	81.2	 610	OK
 690	   0	86.8	86.8	 562	OK
 691	   0	85.4	85.4	 614	OK
 692	   0	82.3	82.3	 580	OK
 693	   0	78.3	78.3	 718	OK
 694	4000	83.0	83.0	 755	high noise
 695	   0	73.8	73.8	 586	OK
 696	   0	83.4	83.4	 671	OK
 697	   0	90.4	90.4	 684	OK
 698	   0	88.1	88.1	 631	OK
 699	   0	84.0	84.0	 595	OK
 700	   0	91.3	91.3	 600	OK
 701	   0	91.7	91.7	 734	OK
 702	4000	84.4	84.4	 832	high noise
 703	   0	88.0	88.0	 714	OK
 704	   0	90.3	90.3	 591	OK
 705	   0	83.0	83.0	 661	OK
 706	   0	80.9	80.9	 573	OK
 707	   0	76.5	76.5	 639	OK
 708	   0	85.4	85.4	 547	OK
 709	   0	85.2	85.2	 727	OK
 710	   0	88.7	88.7	 664	OK
 711	   0	81.7	81.7	 597	OK
 712	   0	79.9	79.9	 641	OK
 713	   0	77.6	77.6	 626	OK
 714	4000	84.7	84.7	 781	high noise
 715	1000	76.2	76.2	 455	unbonded
 716	   0	85.0	85.0	 643	OK
 717	   0	76.7	76.7	 672	OK
 718	   0	80.1	80.1	 730	OK
 719	   0	77.2	77.2	 691	OK
 720	   0	81.1	81.1	 722	OK
 721	   0	76.7	76.7	 722	OK
 722	   0	78.6	78.6	 567	OK
 723	   0	74.0	74.0	 679	OK
 724	   0	80.8	80.8	 673	OK
 725	4000	77.7	77.7	 768	high noise
 726	   0	74.2	74.2	 673	OK
 727	   0	78.8	78.8	 547	OK
 728	   0	77.1	77.1	 703	OK
 729	   0	80.9	80.9	 598	OK
 730	   0	75.1	75.1	 735	OK
 731	   0	77.1	77.1	 708	OK
 732	   0	85.2	85.2	 615	OK
 733	   0	77.2	77.2	 743	OK
 734	   0	84.5	84.5	 753	OK
 735	   0	78.0	78.0	 637	OK
 736	   0	74.5	74.5	 676	OK
 737	   0	74.6	74.6	 551	OK
 738	4000	74.2	74.2	 766	high noise
 739	1000	78.1	78.1	 535	unbonded
 740	1000	76.6	76.6	 522	unbonded
 741	   0	76.3	76.3	 737	OK
 742	   0	81.3	81.3	 642	OK
 743	   0	84.9	84.9	 593	OK
 744	   0	83.2	83.2	 616	OK
 745	   0	76.1	76.1	 704	OK
 746	4000	75.1	75.1	 756	high noise
 747	4000	76.9	76.9	 795	high noise
 748	   0	80.0	80.0	 723	OK
 749	   0	82.3	82.3	 717	OK
 750	   0	75.5	75.5	 580	OK
 751	4000	78.5	78.5	 762	high noise
 752	1000	80.2	80.2	 511	unbonded
 753	   0	72.7	72.7	 687	OK
 754	   0	80.8	80.8	 601	OK
 755	   0	78.1	78.1	 735	OK
 756	   0	83.1	83.1	 730	OK
 757	   0	79.9	79.9	 555	OK
 758	   0	68.0	68.0	 707	OK
 759	   0	78.1	78.1	 650	OK
 760	4000	74.7	74.7	 762	high noise
 761	   0	80.5	80.5	 636	OK
 762	   0	78.8	78.8	 621	OK
 763	   0	80.4	80.4	 730	OK
 764	   0	76.4	76.4	 632	OK
 765	   0	70.3	70.3	 602	OK
 766	   0	75.7	75.7	 619	OK
 767	   0	81.9	81.9	 643	OK
 768	   0	81.5	81.5	 653	OK
 769	   0	71.9	71.9	 689	OK
 770	   0	79.1	79.1	 588	OK
 771	   0	74.1	74.1	 765	OK
 772	   0	77.4	77.4	 629	OK
 773	   0	78.1	78.1	 593	OK
 774	4000	75.2	75.2	 790	high noise
 775	   0	82.0	82.0	 748	OK
 776	   0	72.0	72.0	 756	OK
 777	   0	75.3	75.3	 666	OK
 778	   0	81.0	81.0	 680	OK
 779	   0	76.7	76.7	 655	OK
 780	   0	73.6	73.6	 757	OK
 781	   0	76.2	76.2	 760	OK
 782	   0	77.4	77.4	 638	OK
 783	   0	80.8	80.8	 649	OK
 784	   0	75.4	75.4	 649	OK
 785	   0	76.7	76.7	 548	OK
 786	   0	78.0	78.0	 774	OK
 787	   0	74.0	74.0	 589	OK
 788	   0	78.3	78.3	 603	OK
 789	4000	80.4	80.4	 845	high noise
 790	   0	83.3	83.3	 612	OK
 791	   0	81.0	81.0	 568	OK
 792	   0	77.9	77.9	 672	OK
 793	   0	75.0	75.0	 731	OK
 794	   0	81.1	81.1	 754	OK
 795	   0	81.6	81.6	 647	OK
 796	   0	76.1	76.1	 576	OK
 797	4000	76.7	76.7	 801	high noise
 798	   0	76.6	76.6	 586	OK
 799	   0	79.4	79.4	 695	OK
 800	   0	78.2	78.2	 718	OK
 801	   0	82.1	82.1	 750	OK
 802	   0	74.9	74.9	 634	OK
 803	   0	76.5	76.5	 623	OK
 804	   0	77.2	77.2	 593	OK
 805	   0	79.9	79.9	 627	OK
 806	1000	77.7	77.7	 529	unbonded
 807	   0	82.4	82.4	 659	OK
 808	   0	78.4	78.4	 664	OK
 809	   0	79.2	79.2	 772	OK
 810	   0	81.5	81.5	 635	OK
 811	   0	75.5	75.5	 693	OK
 812	   0	81.1	81.1	 626	OK
 813	   0	74.0	74.0	 726	OK
 814	   0	70.7	70.7	 730	OK
 815	   0	78.5	78.5	 741	OK
 816	   0	80.1	80.1	 644	OK
 817	   0	74.4	74.4	 665	OK
 818	   0	85.9	85.9	 653	OK
 819	   0	81.1	81.1	 767	OK
 820	   0	82.8	82.8	 754	OK
 821	1000	76.4	76.4	 538	unbonded
 822	   0	77.8	77.8	 620	OK
 823	   0	83.2	83.2	 695	OK
 824	   0	77.5	77.5	 751	OK
 825	   0	78.2	78.2	 712	OK
 826	   0	74.6	74.6	 622	OK
 827	   0	86.2	86.2	 657	OK
 828	   0	81.8	81.8	 753	OK
 829	4000	69.1	69.1	 802	high noise
 830	   0	84.6	84.6	 771	OK
 831	   0	83.2	83.2	 646	OK
 832	   0	79.5	79.5	 744	OK
 833	   0	80.6	80.6	 730	OK
 834	   0	90.3	90.3	 779	OK
 835	   0	78.2	78.2	 694	OK
 836	4000	74.0	74.0	 880	high noise
 837	   0	75.5	75.5	 624	OK
 838	   0	72.7	72.7	 740	OK
 839	   0	74.5	74.5	 557	OK
 840	   0	75.6	75.6	 622	OK
 841	   0	71.4	71.4	 603	OK
 842	   0	81.1	81.1	 619	OK
 843	   0	69.3	69.3	 664	OK
 844	4000	78.6	78.6	 792	high noise
 845	   0	78.9	78.9	 685	OK
 846	   0	76.4	76.4	 732	OK
 847	   0	68.4	68.4	 616	OK
 848	   0	86.9	86.9	 669	OK
 849	   0	78.3	78.3	 625	OK
 850	   0	80.6	80.6	 760	OK
 851	   0	81.6	81.6	 615	OK
 852	   0	79.4	79.4	 738	OK
 853	   0	80.2	80.2	 732	OK
 854	   0	75.6	75.6	 655	OK
 855	   0	80.4	80.4	 594	OK
 856	   0	80.2	80.2	 714	OK
 857	4000	74.6	74.6	 829	high noise
 858	   0	78.3	78.3	 721	OK
 859	   0	74.8	74.8	 677	OK
 860	   0	72.7	72.7	 649	OK
 861	   0	81.5	81.5	 703	OK
 862	   0	75.2	75.2	 566	OK
 863	4000	75.0	75.0	 822	high noise
 864	   0	78.2	78.2	 732	OK
 865	   0	73.3	73.3	 644	OK
 866	   0	76.1	76.1	 673	OK
 867	   0	84.5	84.5	 669	OK
 868	   0	77.2	77.2	 694	OK
 869	   0	77.0	77.0	 719	OK
 870	   0	76.7	76.7	 678	OK
 871	   0	81.9	81.9	 620	OK
 872	   0	82.6	82.6	 670	OK
 873	   0	80.9	80.9	 747	OK
 874	   0	73.6	73.6	 568	OK
 875	   0	77.4	77.4	 595	OK
 876	   0	74.3	74.3	 764	OK
 877	   0	76.9	76.9	 561	OK
 878	   0	77.0	77.0	 674	OK
 879	   0	79.6	79.6	 650	OK
 880	   0	82.2	82.2	 652	OK
 881	   0	79.9	79.9	 707	OK
 882	   0	76.3	76.3	 670	OK
 883	   0	75.3	75.3	 759	OK
 884	   0	80.0	80.0	 774	OK
 885	   0	85.6	85.6	 586	OK
 886	4000	77.8	77.8	 808	high noise
 887	   0	75.0	75.0	 745	OK
 888	4000	69.3	69.3	 800	high noise
 889	   0	80.3	80.3	 628	OK
 890	   0	78.9	78.9	 722	OK
 891	4000	75.4	75.4	 789	high noise
 892	   0	70.1	70.1	 586	OK
 893	   0	80.6	80.6	 784	OK
 894	1000	70.6	70.6	 506	unbonded
 895	   0	80.6	80.6	 628	OK
 896	   0	78.0	78.0	 607	OK
 897	   0	79.4	79.4	 603	OK
 898	4000	83.5	83.5	 752	high noise
 899	   0	83.2	83.2	 650	OK
 900	1000	85.4	85.4	 514	unbonded
 901	   0	84.3	84.3	 546	OK
 902	   0	84.5	84.5	 578	OK
 903	   0	84.0	84.0	 605	OK
 904	   0	90.4	90.4	 631	OK
 905	   0	86.0	86.0	 676	OK
 906	   0	89.0	89.0	 632	OK
 907	   0	78.7	78.7	 658	OK
 908	   0	89.1	89.1	 687	OK
 909	   0	81.9	81.9	 546	OK
 910	   0	81.2	81.2	 613	OK
 911	   0	91.2	91.2	 652	OK
 912	   0	80.8	80.8	 620	OK
 913	4000	88.5	88.5	 823	high noise
 914	   0	83.4	83.4	 622	OK
 915	   0	91.6	91.6	 598	OK
 916	1000	83.0	83.0	 533	unbonded
 917	   0	90.8	90.8	 551	OK
 918	   0	90.3	90.3	 630	OK
 919	1000	84.7	84.7	 533	unbonded
 920	   0	85.9	85.9	 602	OK
 921	   0	81.3	81.3	 663	OK
 922	1000	83.8	83.8	 484	unbonded
 923	   0	84.7	84.7	 556	OK
 924	   0	84.2	84.2	 713	OK
 925	   0	92.1	92.1	 570	OK
 926	   0	85.3	85.3	 541	OK
 927	   0	89.2	89.2	 654	OK
 928	4000	87.2	87.2	 789	high noise
 929	4000	81.1	81.1	 740	high noise
 930	   0	88.4	88.4	 602	OK
 931	   0	89.3	89.3	 552	OK
 932	   0	87.2	87.2	 588	OK
 933	   0	87.8	87.8	 587	OK
 934	1000	83.3	83.3	 528	unbonded
 935	   0	88.8	88.8	 700	OK
 936	   0	80.5	80.5	 719	OK
 937	   0	87.6	87.6	 671	OK
 938	4000	88.1	88.1	 751	high noise
 939	   0	90.2	90.2	 548	OK
 940	   0	89.5	89.5	 614	OK
 941	   0	85.6	85.6	 541	OK
 942	   0	95.0	95.0	 650	OK
 943	   0	85.6	85.6	 685	OK
 944	4000	91.7	91.7	 721	high noise
 945	   0	92.7	92.7	 588	OK
 946	   0	92.8	92.8	 556	OK
 947	   0	83.5	83.5	 674	OK
 948	   0	89.0	89.0	 677	OK
 949	   0	81.8	81.8	 689	OK
 950	   0	83.6	83.6	 695	OK
 951	   0	95.3	95.3	 631	OK
 952	   0	81.3	81.3	 573	OK
 953	   0	84.9	84.9	 575	OK
 954	   0	95.3	95.3	 687	OK
 955	   0	85.1	85.1	 560	OK
 956	   0	86.8	86.8	 672	OK
 957	   0	95.4	95.4	 565	OK
 958	   0	95.4	95.4	 635	OK
 959	   0	93.5	93.5	 658	OK
 960	   0	89.7	89.7	 616	OK
 961	4000	85.0	85.0	 772	high noise
 962	   0	85.0	85.0	 633	OK
 963	   0	90.4	90.4	 612	OK
 964	   0	85.0	85.0	 643	OK
 965	   0	88.2	88.2	 593	OK
 966	   0	99.1	99.1	 564	OK
 967	4000	81.2	81.2	 727	high noise
 968	   0	88.7	88.7	 643	OK
 969	   0	93.1	93.1	 666	OK
 970	4000	90.0	90.0	 733	high noise
 971	   0	84.1	84.1	 609	OK
 972	4000	81.4	81.4	 800	high noise
 973	   0	88.8	88.8	 649	OK
 974	   0	86.1	86.1	 643	OK
 975	   0	86.5	86.5	 692	OK
 976	   0	93.3	93.3	 641	OK
 977	   0	85.8	85.8	 582	OK
 978	   0	93.0	93.0	 612	OK
 979	   0	85.8	85.8	 675	OK
 980	   0	84.3	84.3	 638	OK
 981	   0	86.1	86.1	 711	OK
 982	   0	90.0	90.0	 713	OK
 983	1000	80.9	80.9	 511	unbonded
 984	   0	81.3	81.3	 666	OK
 985	   0	88.3	88.3	 594	OK
 986	   0	90.1	90.1	 630	OK
 987	   0	85.9	85.9	 671	OK
 988	   0	79.5	79.5	 608	OK
 989	   0	91.9	91.9	 628	OK
 990	   0	87.2	87.2	 671	OK
 991	   0	78.7	78.7	 717	OK
 992	1000	87.7	87.7	 500	unbonded
 993	   0	85.8	85.8	 587	OK
 994	   0	96.7	96.7	 599	OK
 995	1000	90.1	90.1	 464	unbonded
 996	   0	91.2	91.2	 597	OK
 997	   0	94.2	94.2	 575	OK
 998	   0	87.7	87.7	 610	OK
 999	   0	90.3	90.3	 606	OK
1000	1000	82.2	82.2	 524	unbonded
1001	   0	76.2	76.2	 606	OK
1002	   0	94.0	94.0	 689	OK
1003	   0	81.7	81.7	 700	OK
1004	   0	87.7	87.7	 680	OK
1005	   0	85.9	85.9	 685	OK
1006	1000	85.7	85.7	 535	unbonded
1007	   0	91.7	91.7	 562	OK
1008	   0	89.6	89.6	 605	OK
1009	4000	79.4	79.4	 764	high noise
1010	   0	80.5	80.5	 634	OK
1011	1000	88.8	88.8	 525	unbonded
1012	4000	85.0	85.0	 744	high noise
1013	1000	90.3	90.3	 438	unbonded
1014	   0	88.0	88.0	 670	OK
1015	   0	86.4	86.4	 543	OK
1016	   0	84.8	84.8	 642	OK
1017	   0	87.7	87.7	 612	OK
1018	1000	91.3	91.3	 523	unbonded
1019	   0	93.0	93.0	 566	OK
1020	   0	91.7	91.7	 558	OK
1021	4000	85.6	85.6	 725	high noise
1022	   0	86.2	86.2	 611	OK
1023	   0	96.7	96.7	 605	OK
1024	   0	86.2	86.2	 640	OK
1025	   0	76.9	76.9	 634	OK
1026	   0	87.7	87.7	 667	OK
1027	   0	81.7	81.7	 596	OK
1028	4000	92.5	92.5	 791	high noise
1029	   0	79.7	79.7	 634	OK
1030	   0	83.0	83.0	 634	OK
1031	   0	82.6	82.6	 639	OK
1032	   0	76.8	76.8	 651	OK
1033	   0	82.5	82.5	 657	OK
1034	   0	90.9	90.9	 556	OK
1035	   0	87.0	87.0	 607	OK
1036	   0	81.5	81.5	 693	OK
1037	   0	88.5	88.5	 641	OK
1038	   0	86.3	86.3	 671	OK
1039	   0	86.1	86.1	 722	OK
1040	1000	87.2	87.2	 537	unbonded
1041	   0	85.8	85.8	 610	OK
1042	   0	81.9	81.9	 629	OK
1043	   0	81.5	81.5	 551	OK
1044	   0	89.8	89.8	 629	OK
1045	   0	80.5	80.5	 574	OK
1046	   0	81.2	81.2	 667	OK
1047	   0	84.6	84.6	 606	OK
1048	   0	87.2	87.2	 629	OK
1049	   0	82.9	82.9	 630	OK
1050	   0	75.4	75.4	 684	OK
1051	   0	85.7	85.7	 645	OK
1052	   0	82.6	82.6	 644	OK
1053	   0	84.8	84.8	 609	OK
1054	4000	77.9	77.9	 737	high noise
1055	4000	78.3	78.3	 761	high noise
1056	   0	78.4	78.4	 714	OK
1057	   0	87.0	87.0	 555	OK
1058	   0	87.2	87.2	 582	OK
1059	   0	82.7	82.7	 608	OK
1060	   0	82.0	82.0	 726	OK
1061	   0	79.9	79.9	 723	OK
1062	   0	78.0	78.0	 677	OK
1063	   0	90.3	90.3	 630	OK
1064	   0	82.0	82.0	 611	OK
1065	   0	77.3	77.3	 645	OK
1066	   0	81.5	81.5	 596	OK
1067	   0	79.6	79.6	 725	OK
1068	   0	84.4	84.4	 640	OK
1069	   0	86.4	86.4	 646	OK
1070	1000	88.4	88.4	 455	unbonded
1071	4000	96.6	96.6	 749	high noise
1072	4000	79.5	79.5	 737	high noise
1073	1000	86.4	86.4	 537	unbonded
1074	   0	89.5	89.5	 575	OK
1075	   0	87.2	87.2	 606	OK
1076	   0	75.1	75.1	 672	OK
1077	   0	84.5	84.5	 602	OK
1078	4000	89.5	89.5	 855	high noise
1079	1000	91.5	91.5	 514	unbonded
1080	   0	85.6	85.6	 683	OK
1081	   0	88.7	88.7	 647	OK
1082	   0	89.1	89.1	 620	OK
1083	   0	95.2	95.2	 595	OK
1084	1000	83.3	83.3	 540	unbonded
1085	1000	84.4	84.4	 532	unbonded
1086	   0	82.3	82.3	 721	OK
1087	4000	85.0	85.0	 735	high noise
1088	1000	90.8	90.8	 518	unbonded
1089	   0	86.9	86.9	 580	OK
1090	   0	83.5	83.5	 660	OK
1091	1000	85.8	85.8	 538	unbonded
1092	1000	85.4	85.4	 513	unbonded
1093	   0	84.3	84.3	 555	OK
1094	   0	80.5	80.5	 710	OK
1095	   0	87.6	87.6	 702	OK
1096	   0	88.0	88.0	 635	OK
1097	   0	86.8	86.8	 640	OK
1098	   0	84.0	84.0	 577	OK
1099	1000	92.8	92.8	 538	unbonded
1100	   0	86.9	86.9	 567	OK
1101	4000	85.7	85.7	 765	high noise
1102	   0	90.2	90.2	 724	OK
1103	   0	88.6	88.6	 619	OK
1104	   0	88.0	88.0	 695	OK
1105	   0	77.8	77.8	 575	OK
1106	   0	84.1	84.1	 693	OK
1107	4000	79.2	79.2	 737	high noise
1108	4000	90.6	90.6	 742	high noise
1109	   0	77.4	77.4	 640	OK
1110	   0	86.3	86.3	 664	OK
1111	   0	80.3	80.3	 704	OK
1112	1000	83.0	83.0	 513	unbonded
1113	   0	81.4	81.4	 576	OK
1114	4000	81.7	81.7	 738	high noise
1115	   0	78.2	78.2	 591	OK
1116	4000	80.5	80.5	 746	high noise
1117	1000	86.4	86.4	 538	unbonded
1118	   0	86.7	86.7	 656	OK
1119	   0	84.7	84.7	 694	OK
1120	   0	87.6	87.6	 639	OK
1121	   0	84.8	84.8	 562	OK
1122	   0	83.2	83.2	 658	OK
1123	   0	80.9	80.9	 623	OK
1124	   0	84.5	84.5	 677	OK
1125	   0	80.3	80.3	 597	OK
1126	   0	82.9	82.9	 641	OK
1127	   0	76.5	76.5	 607	OK
1128	   0	90.3	90.3	 552	OK
1129	   0	81.8	81.8	 591	OK
1130	   0	76.6	76.6	 670	OK
1131	   0	85.8	85.8	 598	OK
1132	   0	84.6	84.6	 727	OK
1133	   0	83.8	83.8	 601	OK
1134	   0	89.9	89.9	 555	OK
1135	   0	84.5	84.5	 553	OK
1136	1000	85.8	85.8	 484	unbonded
1137	   0	83.6	83.6	 580	OK
1138	   0	85.3	85.3	 633	OK
1139	1000	80.2	80.2	 530	unbonded
1140	1000	88.0	88.0	 523	unbonded
1141	   0	89.2	89.2	 620	OK
1142	   0	79.7	79.7	 618	OK
1143	   0	86.9	86.9	 607	OK
1144	   0	78.4	78.4	 707	OK
1145	   0	86.6	86.6	 650	OK
1146	   0	83.0	83.0	 703	OK
1147	   0	83.1	83.1	 557	OK
1148	   0	83.9	83.9	 684	OK
1149	   0	82.5	82.5	 642	OK
1150	   0	85.2	85.2	 679	OK
1151	   0	87.7	87.7	 586	OK
1152	   0	88.4	88.4	 686	OK
1153	1000	90.7	90.7	 497	unbonded
1154	1000	85.8	85.8	 520	unbonded
1155	4000	82.9	82.9	 714	high noise
1156	   0	86.1	86.1	 616	OK
1157	   0	93.2	93.2	 671	OK
1158	   0	80.7	80.7	 608	OK
1159	1000	87.7	87.7	 520	unbonded
1160	   0	89.0	89.0	 643	OK
1161	   0	83.2	83.2	 685	OK
1162	   0	86.3	86.3	 627	OK
1163	1000	88.3	88.3	 500	unbonded
1164	1000	91.5	91.5	 503	unbonded
1165	   0	82.0	82.0	 548	OK
1166	   0	84.5	84.5	 615	OK
1167	1000	82.3	82.3	 477	unbonded
1168	1000	97.4	97.4	 518	unbonded
1169	   0	84.9	84.9	 667	OK
1170	   0	89.8	89.8	 545	OK
1171	1000	85.4	85.4	 513	unbonded
1172	1000	98.5	98.5	 453	unbonded
1173	   0	78.1	78.1	 594	OK
1174	   0	84.3	84.3	 657	OK
1175	   0	89.2	89.2	 667	OK
1176	   0	88.1	88.1	 631	OK
1177	4000	87.6	87.6	 736	high noise
1178	   0	93.4	93.4	 621	OK
1179	   0	82.4	82.4	 624	OK
1180	   0	93.6	93.6	 608	OK
1181	   0	80.1	80.1	 618	OK
1182	   0	83.4	83.4	 586	OK
1183	1000	89.6	89.6	 497	unbonded
1184	   0	90.8	90.8	 628	OK
1185	   0	85.8	85.8	 599	OK
1186	   0	92.0	92.0	 543	OK
1187	   0	82.5	82.5	 590	OK
1188	4000	87.2	87.2	 736	high noise
1189	   0	88.0	88.0	 620	OK
1190	   0	87.6	87.6	 645	OK
1191	   0	85.2	85.2	 644	OK
1192	   0	87.2	87.2	 655	OK
1193	1000	85.5	85.5	 529	unbonded
1194	4000	82.2	82.2	 756	high noise
1195	   0	93.3	93.3	 655	OK
1196	   0	89.3	89.3	 649	OK
1197	   0	92.3	92.3	 606	OK
1198	   0	83.1	83.1	 649	OK
1199	   0	92.1	92.1	 585	OK
1200	4000	83.9	83.9	 710	high noise
1201	   0	91.3	91.3	 650	OK
1202	   0	85.9	85.9	 588	OK
1203	   0	89.0	89.0	 589	OK
1204	1000	86.1	86.1	 523	unbonded
1205	   0	84.4	84.4	 598	OK
1206	1000	87.5	87.5	 530	unbonded
1207	1000	92.7	92.7	 500	unbonded
1208	   0	83.9	83.9	 662	OK
1209	   0	93.3	93.3	 603	OK
1210	4000	77.0	77.0	 740	high noise
1211	1000	83.4	83.4	 503	unbonded
1212	4000	87.2	87.2	 698	high noise
1213	4000	96.5	96.5	 708	high noise
1214	   0	88.5	88.5	 640	OK
1215	1000	90.4	90.4	 443	unbonded
1216	   0	83.9	83.9	 674	OK
1217	   0	95.1	95.1	 542	OK
1218	1000	86.7	86.7	 491	unbonded
1219	   0	83.3	83.3	 684	OK
1220	   0	82.5	82.5	 621	OK
1221	1000	92.8	92.8	 446	unbonded
1222	4000	81.7	81.7	 788	high noise
1223	1000	89.6	89.6	 437	unbonded
1224	   0	90.7	90.7	 657	OK
1225	   0	87.7	87.7	 632	OK
1226	   0	89.5	89.5	 558	OK
1227	   0	88.2	88.2	 566	OK
1228	   0	85.6	85.6	 592	OK
1229	   0	96.7	96.7	 639	OK
1230	   0	88.0	88.0	 656	OK
1231	   0	90.7	90.7	 676	OK
1232	   0	80.4	80.4	 602	OK
1233	   0	79.0	79.0	 656	OK
1234	   0	86.7	86.7	 677	OK
1235	   0	89.0	89.0	 553	OK
1236	   0	78.9	78.9	 636	OK
1237	   0	82.8	82.8	 651	OK
1238	   0	80.6	80.6	 619	OK
1239	   0	90.3	90.3	 599	OK
1240	   0	85.0	85.0	 616	OK
1241	   0	82.0	82.0	 659	OK
1242	1000	86.4	86.4	 529	unbonded
1243	1000	90.2	90.2	 521	unbonded
1244	   0	90.4	90.4	 675	OK
1245	4000	88.5	88.5	 794	high noise
1246	1000	92.3	92.3	 529	unbonded
1247	   0	89.6	89.6	 651	OK
1248	   0	85.7	85.7	 634	OK
1249	   0	79.0	79.0	 650	OK
1250	   0	83.6	83.6	 605	OK
1251	   0	85.8	85.8	 556	OK
1252	   0	85.1	85.1	 639	OK
1253	   0	87.3	87.3	 609	OK
1254	1000	87.2	87.2	 519	unbonded
1255	8000	86.2	86.2	 540	partbonded
1256	   0	83.1	83.1	 624	OK
1257	   0	82.0	82.0	 629	OK
1258	1000	85.9	85.9	 492	unbonded
1259	1000	80.4	80.4	 474	unbonded
1260	   0	92.2	92.2	 662	OK
1261	   0	90.2	90.2	 634	OK
1262	   0	89.5	89.5	 604	OK
1263	1000	87.3	87.3	 510	unbonded
1264	   0	79.7	79.7	 579	OK
1265	   0	93.1	93.1	 578	OK
1266	   0	85.2	85.2	 567	OK
1267	   0	86.1	86.1	 567	OK
1268	   0	83.6	83.6	 602	OK
1269	1000	92.6	92.6	 487	unbonded
1270	   0	80.3	80.3	 648	OK
1271	   0	87.5	87.5	 611	OK
1272	   0	80.3	80.3	 618	OK
1273	   0	85.6	85.6	 574	OK
1274	   0	83.1	83.1	 563	OK
1275	   0	84.1	84.1	 616	OK
1276	   0	88.1	88.1	 637	OK
1277	   0	89.3	89.3	 586	OK
1278	   0	89.3	89.3	 574	OK
1279	   0	82.5	82.5	 585	OK
1280	4000	95.6	95.6	 722	high noise
1281	4000	100.7	100.7	 789	high noise
1282	   0	91.4	91.4	 553	OK
1283	1000	93.0	93.0	 469	unbonded
1284	   0	98.6	98.6	 694	OK
1285	   0	94.9	94.9	 577	OK
1286	1000	99.5	99.5	 513	unbonded
1287	   0	95.8	95.8	 642	OK
1288	   0	98.2	98.2	 610	OK
1289	1000	98.4	98.4	 363	unbonded
1290	   0	100.3	100.3	 587	OK
1291	4000	102.0	102.0	 760	high noise
1292	   0	99.1	99.1	 671	OK
1293	   0	104.5	104.5	 569	OK
1294	4000	100.8	100.8	 743	high noise
1295	4000	95.0	95.0	 800	high noise
1296	   0	99.0	99.0	 559	OK
1297	   0	95.3	95.3	 652	OK
1298	   0	96.7	96.7	 648	OK
1299	4000	103.5	103.5	 750	high noise
1300	1000	96.2	96.2	 507	unbonded
1301	4000	86.4	86.4	 782	high noise
1302	   0	99.2	99.2	 650	OK
1303	4000	90.7	90.7	 859	high noise
1304	   0	98.8	98.8	 609	OK
1305	   0	98.4	98.4	 655	OK
1306	1000	88.4	88.4	 525	unbonded
1307	   0	95.6	95.6	 672	OK
1308	   0	100.5	100.5	 629	OK
1309	4000	100.8	100.8	 796	high noise
1310	   0	99.5	99.5	 622	OK
1311	   0	100.7	100.7	 601	OK
1312	   0	103.7	103.7	 716	OK
1313	   0	91.5	91.5	 545	OK
1314	   0	96.1	96.1	 596	OK
1315	   0	94.3	94.3	 686	OK
1316	   0	94.0	94.0	 681	OK
1317	   0	99.7	99.7	 559	OK
1318	1000	96.2	96.2	 460	unbonded
1319	4000	98.0	98.0	 848	high noise
1320	   0	97.5	97.5	 597	OK
1321	8000	89.4	89.4	 541	partbonded
1322	   0	90.1	90.1	 654	OK
1323	   0	93.9	93.9	 680	OK
1324	   0	101.2	101.2	 661	OK
1325	   0	95.9	95.9	 571	OK
1326	   0	96.8	96.8	 627	OK
1327	4000	93.4	93.4	 728	high noise
1328	   0	90.8	90.8	 680	OK
1329	   0	95.4	95.4	 565	OK
1330	1000	98.8	98.8	 532	unbonded
1331	   0	102.4	102.4	 562	OK
1332	   0	91.3	91.3	 604	OK
1333	   0	92.5	92.5	 625	OK
1334	1000	107.8	107.8	 526	unbonded
1335	   0	98.2	98.2	 565	OK
1336	4000	90.9	90.9	 821	high noise
1337	   0	93.0	93.0	 616	OK
1338	   0	98.3	98.3	 611	OK
1339	   0	106.0	106.0	 666	OK
1340	   0	99.2	99.2	 583	OK
1341	   0	90.8	90.8	 698	OK
1342	   0	101.7	101.7	 658	OK
1343	   0	97.7	97.7	 712	OK
1344	1000	98.2	98.2	 320	unbonded
1345	   0	110.4	110.4	 567	OK
1346	   0	121.4	121.4	 620	OK
1347	4000	97.6	97.6	 756	high noise
1348	   0	90.4	90.4	 542	OK
1349	   0	98.5	98.5	 596	OK
1350	   0	98.1	98.1	 547	OK
1351	   0	94.9	94.9	 658	OK
1352	   0	98.4	98.4	 641	OK
1353	   0	92.3	92.3	 696	OK
1354	1000	95.3	95.3	 484	unbonded
1355	1000	97.1	97.1	 529	unbonded
1356	   0	95.6	95.6	 614	OK
1357	   0	96.3	96.3	 665	OK
1358	   0	92.8	92.8	 546	OK
1359	   0	96.0	96.0	 669	OK
1360	   0	93.9	93.9	 712	OK
1361	   0	106.6	106.6	 710	OK
1362	1000	95.0	95.0	 458	unbonded
1363	   0	101.0	101.0	 560	OK
1364	   0	94.2	94.2	 575	OK
1365	4000	90.7	90.7	 724	high noise
1366	   0	100.6	100.6	 694	OK
1367	   0	93.9	93.9	 647	OK
1368	1000	94.0	94.0	 513	unbonded
1369	4000	96.6	96.6	 770	high noise
1370	1000	98.6	98.6	 523	unbonded
1371	   0	98.6	98.6	 679	OK
1372	   0	91.6	91.6	 646	OK
1373	   0	111.0	111.0	 665	OK
1374	   0	90.8	90.8	 635	OK
1375	   0	100.5	100.5	 564	OK
1376	   0	99.6	99.6	 621	OK
1377	1000	95.7	95.7	 501	unbonded
1378	1000	96.8	96.8	 482	unbonded
1379	   0	93.4	93.4	 678	OK
1380	   0	98.1	98.1	 595	OK
1381	   0	97.2	97.2	 556	OK
1382	1000	102.7	102.7	 538	unbonded
1383	   0	95.5	95.5	 627	OK
1384	1000	93.8	93.8	 517	unbonded
1385	4000	93.7	93.7	 723	high noise
1386	   0	99.8	99.8	 648	OK
1387	4000	93.2	93.2	 744	high noise
1388	   0	107.9	107.9	 670	OK
1389	   0	94.9	94.9	 660	OK
1390	   0	91.7	91.7	 642	OK
1391	   0	101.2	101.2	 713	OK
1392	   0	98.7	98.7	 557	OK
1393	4000	107.4	107.4	 764	high noise
1394	1000	100.3	100.3	 499	unbonded
1395	4000	96.5	96.5	 771	high noise
1396	   0	97.7	97.7	 650	OK
1397	   0	95.6	95.6	 607	OK
1398	   0	97.0	97.0	 658	OK
1399	   0	93.4	93.4	 626	OK
1400	   0	90.9	90.9	 581	OK
1401	   0	95.3	95.3	 623	OK
1402	   0	98.3	98.3	 595	OK
1403	1000	97.9	97.9	 519	unbonded
1404	1000	98.0	98.0	 498	unbonded
1405	   0	94.6	94.6	 626	OK
1406	   0	102.3	102.3	 677	OK
1407	   0	95.7	95.7	 611	OK
1408	   0	83.8	83.8	 731	OK
1409	1000	87.4	87.4	 496	unbonded
1410	   0	81.2	81.2	 557	OK
1411	   0	83.9	83.9	 555	OK
1412	   0	91.1	91.1	 549	OK
1413	   0	81.9	81.9	 607	OK
1414	   0	90.4	90.4	 715	OK
1415	   0	79.9	79.9	 694	OK
1416	   0	88.4	88.4	 620	OK
1417	4000	85.5	85.5	 745	high noise
1418	4000	94.7	94.7	 742	high noise
1419	   0	81.3	81.3	 616	OK
1420	1000	87.9	87.9	 461	unbonded
1421	   0	86.7	86.7	 636	OK
1422	   0	86.0	86.0	 613	OK
1423	   0	85.3	85.3	 700	OK
1424	4000	88.7	88.7	 739	high noise
1425	   0	83.2	83.2	 703	OK
1426	   0	89.5	89.5	 729	OK
1427	   0	90.1	90.1	 648	OK
1428	1000	91.0	91.0	 466	unbonded
1429	4000	85.9	85.9	 747	high noise
1430	   0	82.6	82.6	 642	OK
1431	4000	75.2	75.2	 759	high noise
1432	1000	89.1	89.1	 536	unbonded
1433	4000	94.6	94.6	 739	high noise
1434	   0	85.8	85.8	 543	OK
1435	1000	86.6	86.6	 450	unbonded
1436	   0	90.7	90.7	 576	OK
1437	4000	87.0	87.0	 771	high noise
1438	   0	85.7	85.7	 595	OK
1439	   0	86.6	86.6	 706	OK
1440	   0	85.3	85.3	 555	OK
1441	   0	85.1	85.1	 657	OK
1442	   0	86.7	86.7	 549	OK
1443	   0	84.8	84.8	 709	OK
1444	   0	87.7	87.7	 592	OK
1445	4000	87.3	87.3	 788	high noise
1446	   0	87.8	87.8	 654	OK
1447	   0	88.5	88.5	 560	OK
1448	   0	88.6	88.6	 654	OK
1449	   0	89.4	89.4	 645	OK
1450	   0	85.0	85.0	 600	OK
1451	   0	90.1	90.1	 667	OK
1452	   0	81.3	81.3	 597	OK
1453	   0	82.8	82.8	 654	OK
1454	1000	94.4	94.4	 456	unbonded
1455	   0	86.4	86.4	 652	OK
1456	   0	83.9	83.9	 603	OK
1457	   0	87.9	87.9	 580	OK
1458	   0	91.0	91.0	 678	OK
1459	   0	83.2	83.2	 659	OK
1460	1000	95.2	95.2	 471	unbonded
1461	   0	92.3	92.3	 707	OK
1462	   0	86.9	86.9	 639	OK
1463	4000	87.5	87.5	 782	high noise
1464	   0	87.0	87.0	 664	OK
1465	   0	85.0	85.0	 651	OK
1466	   0	83.9	83.9	 611	OK
1467	   0	84.2	84.2	 710	OK
1468	   0	84.4	84.4	 676	OK
1469	1000	88.9	88.9	 536	unbonded
1470	   0	84.3	84.3	 663	OK
1471	   0	87.6	87.6	 635	OK
1472	   0	85.1	85.1	 626	OK
1473	1000	90.9	90.9	 471	unbonded
1474	   0	89.1	89.1	 673	OK
1475	   0	73.5	73.5	 718	OK
1476	   0	91.5	91.5	 542	OK
1477	   0	87.4	87.4	 706	OK
1478	   0	85.6	85.6	 635	OK
1479	   0	82.1	82.1	 589	OK
1480	   0	90.3	90.3	 621	OK
1481	   0	85.5	85.5	 672	OK
1482	4000	84.3	84.3	 758	high noise
1483	   0	91.1	91.1	 585	OK
1484	   0	88.1	88.1	 578	OK
1485	   0	86.7	86.7	 663	OK
1486	1000	81.3	81.3	 409	unbonded
1487	   0	86.9	86.9	 612	OK
1488	   0	87.6	87.6	 686	OK
1489	   0	84.6	84.6	 638	OK
1490	1000	90.5	90.5	 537	unbonded
1491	   0	85.9	85.9	 711	OK
1492	   0	88.5	88.5	 687	OK
1493	   0	92.3	92.3	 673	OK
1494	   0	85.2	85.2	 604	OK
1495	   0	90.7	90.7	 726	OK
1496	   0	80.9	80.9	 693	OK
1497	   0	83.3	83.3	 678	OK
1498	1000	80.7	80.7	 535	unbonded
1499	   0	85.8	85.8	 642	OK
1500	4000	78.2	78.2	 748	high noise
1501	   0	90.1	90.1	 590	OK
1502	   0	79.6	79.6	 564	OK
1503	4000	85.3	85.3	 768	high noise
1504	   0	88.5	88.5	 573	OK
1505	   0	83.2	83.2	 579	OK
1506	   0	90.3	90.3	 703	OK
1507	1000	86.9	86.9	 534	unbonded
1508	   0	86.2	86.2	 572	OK
1509	   0	82.3	82.3	 723	OK
1510	   0	92.7	92.7	 643	OK
1511	   0	84.1	84.1	 687	OK
1512	   0	88.4	88.4	 576	OK
1513	   0	84.5	84.5	 688	OK
1514	1000	89.9	89.9	 486	unbonded
1515	4000	85.3	85.3	 743	high noise
1516	   0	75.8	75.8	 662	OK
1517	4000	77.5	77.5	 746	high noise
1518	1000	87.7	87.7	 503	unbonded
1519	   0	83.5	83.5	 617	OK
1520	   0	81.7	81.7	 682	OK
1521	1000	81.1	81.1	 492	unbonded
1522	1000	78.5	78.5	 504	unbonded
1523	4000	79.9	79.9	 781	high noise
1524	   0	82.6	82.6	 625	OK
1525	   0	85.5	85.5	 670	OK
1526	   0	80.2	80.2	 600	OK
1527	   0	78.1	78.1	 686	OK
1528	   0	79.2	79.2	 626	OK
1529	   0	83.2	83.2	 708	OK
1530	   0	83.6	83.6	 622	OK
1531	   0	80.4	80.4	 691	OK
1532	4000	86.8	86.8	 786	high noise
1533	4000	84.9	84.9	 791	high noise
1534	4000	77.2	77.2	 780	high noise
1535	   0	83.6	83.6	 722	OK
1536	   0	86.2	86.2	 639	OK
1537	1000	83.7	83.7	 498	unbonded
1538	   0	91.6	91.6	 650	OK
1539	   0	90.0	90.0	 738	OK
1540	   0	80.3	80.3	 636	OK
1541	   0	90.9	90.9	 743	OK
1542	   0	90.0	90.0	 684	OK
1543	   0	74.9	74.9	 700	OK
1544	   0	85.8	85.8	 657	OK
1545	   0	87.3	87.3	 640	OK
1546	   0	87.5	87.5	 689	OK
1547	   0	82.5	82.5	 552	OK
1548	1000	84.4	84.4	 506	unbonded
1549	   0	84.8	84.8	 752	OK
1550	   0	83.0	83.0	 660	OK
1551	   0	85.7	85.7	 715	OK
1552	   0	88.7	88.7	 604	OK
1553	   0	87.9	87.9	 562	OK
1554	   0	88.6	88.6	 688	OK
1555	   0	78.0	78.0	 619	OK
1556	1000	88.4	88.4	 515	unbonded
1557	4000	83.5	83.5	 819	high noise
1558	4000	82.1	82.1	 775	high noise
1559	   0	88.2	88.2	 642	OK
1560	1000	86.6	86.6	 510	unbonded
1561	   0	90.7	90.7	 683	OK
1562	4000	79.9	79.9	 763	high noise
1563	   0	86.4	86.4	 594	OK
1564	1000	82.5	82.5	 530	unbonded
1565	   0	86.8	86.8	 615	OK
1566	   0	83.7	83.7	 621	OK
1567	   0	81.1	81.1	 687	OK
1568	1000	87.2	87.2	 490	unbonded
1569	4000	84.1	84.1	 787	high noise
1570	1000	84.7	84.7	 495	unbonded
1571	   0	79.3	79.3	 686	OK
1572	   0	84.9	84.9	 748	OK
1573	   0	84.9	84.9	 577	OK
1574	   0	86.6	86.6	 696	OK
1575	   0	88.0	88.0	 674	OK
1576	4000	87.0	87.0	 756	high noise
1577	   0	83.7	83.7	 649	OK
1578	   0	87.0	87.0	 588	OK
1579	   0	86.3	86.3	 699	OK
1580	   0	83.9	83.9	 569	OK
1581	   0	85.9	85.9	 693	OK
1582	   0	87.6	87.6	 628	OK
1583	   0	83.1	83.1	 734	OK
1584	4000	83.5	83.5	 819	high noise
1585	   0	81.0	81.0	 653	OK
1586	   0	84.8	84.8	 594	OK
1587	1000	88.0	88.0	 527	unbonded
1588	1000	87.7	87.7	 478	unbonded
1589	   0	80.6	80.6	 713	OK
1590	   0	87.6	87.6	 689	OK
1591	   0	81.0	81.0	 712	OK
1592	1000	94.3	94.3	 503	unbonded
1593	   0	93.8	93.8	 588	OK
1594	   0	85.0	85.0	 658	OK
1595	   0	87.6	87.6	 691	OK
1596	   0	85.5	85.5	 735	OK
1597	1000	94.6	94.6	 532	unbonded
1598	   0	92.6	92.6	 622	OK
1599	   0	85.2	85.2	 693	OK
1600	   0	88.4	88.4	 562	OK
1601	   0	87.0	87.0	 717	OK
1602	   0	84.4	84.4	 584	OK
1603	4000	84.0	84.0	 801	high noise
1604	   0	91.2	91.2	 666	OK
1605	4000	86.7	86.7	 806	high noise
1606	   0	85.3	85.3	 684	OK
1607	   0	87.1	87.1	 668	OK
1608	   0	86.6	86.6	 548	OK
1609	   0	86.0	86.0	 725	OK
1610	   0	86.0	86.0	 719	OK
1611	4000	77.1	77.1	 842	high noise
1612	   0	84.5	84.5	 544	OK
1613	   0	79.7	79.7	 579	OK
1614	4000	85.8	85.8	 832	high noise
1615	   0	79.2	79.2	 573	OK
1616	   0	78.5	78.5	 578	OK
1617	4000	81.1	81.1	 865	high noise
1618	   0	77.7	77.7	 648	OK
1619	   0	79.5	79.5	 615	OK
1620	1000	85.8	85.8	 464	unbonded
1621	   0	87.1	87.1	 633	OK
1622	   0	84.0	84.0	 621	OK
1623	   0	85.0	85.0	 664	OK
1624	1000	76.2	76.2	 517	unbonded
1625	   0	83.8	83.8	 583	OK
1626	   0	85.7	85.7	 632	OK
1627	4000	87.5	87.5	 798	high noise
1628	   0	78.9	78.9	 610	OK
1629	   0	83.8	83.8	 622	OK
1630	   0	89.2	89.2	 620	OK
1631	   0	80.0	80.0	 731	OK
1632	   0	90.6	90.6	 600	OK
1633	4000	85.4	85.4	 833	high noise
1634	   0	91.8	91.8	 617	OK
1635	   0	86.3	86.3	 704	OK
1636	   0	88.0	88.0	 698	OK
1637	   0	86.7	86.7	 647	OK
1638	   0	85.7	85.7	 593	OK
1639	4000	86.9	86.9	 763	high noise
1640	   0	83.9	83.9	 691	OK
1641	   0	83.3	83.3	 684	OK
1642	   0	85.2	85.2	 559	OK
1643	4000	89.7	89.7	 760	high noise
1644	   0	86.8	86.8	 549	OK
1645	   0	84.4	84.4	 721	OK
1646	   0	82.5	82.5	 670	OK
1647	   0	80.2	80.2	 672	OK
1648	1000	85.3	85.3	 493	unbonded
1649	   0	74.8	74.8	 712	OK
1650	   0	85.9	85.9	 548	OK
1651	   0	86.6	86.6	 748	OK
1652	1000	83.5	83.5	 527	unbonded
1653	4000	84.5	84.5	 822	high noise
1654	   0	85.6	85.6	 546	OK
1655	   0	82.0	82.0	 726	OK
1656	   0	76.2	76.2	 572	OK
1657	   0	82.0	82.0	 573	OK
1658	   0	83.8	83.8	 709	OK
1659	4000	76.6	76.6	 756	high noise
1660	   0	86.2	86.2	 731	OK
1661	   0	77.8	77.8	 689	OK
1662	   0	91.4	91.4	 678	OK
1663	4000	77.2	77.2	 784	high noise
1664	   0	85.9	85.9	 619	OK
1665	   0	82.7	82.7	 720	OK
1666	   0	87.9	87.9	 696	OK
1667	   0	79.5	79.5	 697	OK
1668	   0	90.4	90.4	 699	OK
1669	   0	88.5	88.5	 672	OK
1670	   0	88.3	88.3	 630	OK
1671	1000	83.5	83.5	 504	unbonded
1672	   0	85.1	85.1	 673	OK
1673	   0	91.4	91.4	 702	OK
1674	4000	84.1	84.1	 731	high noise
1675	   0	90.6	90.6	 669	OK
1676	1000	86.7	86.7	 508	unbonded
1677	   0	93.4	93.4	 610	OK
1678	   0	93.4	93.4	 686	OK
1679	1000	88.2	88.2	 537	unbonded
1680	   0	84.3	84.3	 636	OK
1681	   0	87.6	87.6	 623	OK
1682	   0	84.7	84.7	 602	OK
1683	   0	87.1	87.1	 567	OK
1684	4000	79.2	79.2	 761	high noise
1685	   0	84.1	84.1	 644	OK
1686	   0	78.4	78.4	 645	OK
1687	   0	86.6	86.6	 717	OK
1688	   0	89.0	89.0	 592	OK
1689	   0	90.6	90.6	 693	OK
1690	   0	84.7	84.7	 641	OK
1691	   0	87.7	87.7	 622	OK
1692	   0	91.1	91.1	 617	OK
1693	   0	85.2	85.2	 612	OK
1694	   0	84.3	84.3	 605	OK
1695	   0	89.9	89.9	 603	OK
1696	   0	79.5	79.5	 609	OK
1697	   0	82.3	82.3	 570	OK
1698	   0	82.5	82.5	 544	OK
1699	   0	84.8	84.8	 694	OK
1700	   0	84.9	84.9	 648	OK
1701	   0	83.3	83.3	 592	OK
1702	   0	90.5	90.5	 583	OK
1703	   0	92.9	92.9	 696	OK
1704	   0	82.1	82.1	 589	OK
1705	   0	85.2	85.2	 675	OK
1706	   0	85.4	85.4	 687	OK
1707	   0	88.8	88.8	 594	OK
1708	   0	87.8	87.8	 638	OK
1709	4000	85.7	85.7	 748	high noise
1710	   0	86.9	86.9	 613	OK
1711	   0	99.8	99.8	 583	OK
1712	   0	84.9	84.9	 578	OK
1713	   0	85.0	85.0	 722	OK
1714	   0	80.9	80.9	 701	OK
1715	   0	91.3	91.3	 697	OK
1716	   0	90.4	90.4	 549	OK
1717	   0	90.9	90.9	 675	OK
1718	   0	78.7	78.7	 631	OK
1719	   0	89.4	89.4	 573	OK
1720	   0	88.8	88.8	 545	OK
1721	   0	87.1	87.1	 682	OK
1722	   0	88.7	88.7	 614	OK
1723	   0	81.4	81.4	 675	OK
1724	   0	85.9	85.9	 611	OK
1725	   0	86.6	86.6	 702	OK
1726	   0	91.0	91.0	 638	OK
1727	4000	85.8	85.8	 738	high noise
1728	1000	79.6	79.6	 537	unbonded
1729	   0	92.7	92.7	 662	OK
1730	   0	86.0	86.0	 697	OK
1731	4000	84.1	84.1	 742	high noise
1732	4000	84.9	84.9	 729	high noise
1733	   0	81.4	81.4	 665	OK
1734	   0	85.3	85.3	 699	OK
1735	   0	87.7	87.7	 571	OK
1736	   0	85.9	85.9	 620	OK
1737	   0	93.5	93.5	 660	OK
1738	   0	85.2	85.2	 673	OK
1739	   0	88.1	88.1	 588	OK
1740	   0	93.9	93.9	 592	OK
1741	   0	86.3	86.3	 710	OK
1742	   0	84.1	84.1	 627	OK
1743	   0	87.0	87.0	 560	OK
1744	4000	91.8	91.8	 741	high noise
1745	   0	89.1	89.1	 645	OK
1746	   0	86.5	86.5	 645	OK
1747	1000	94.3	94.3	 506	unbonded
1748	   0	87.4	87.4	 636	OK
1749	   0	81.2	81.2	 620	OK
1750	   0	82.3	82.3	 665	OK
1751	   0	92.3	92.3	 553	OK
1752	   0	90.1	90.1	 585	OK
1753	   0	91.8	91.8	 614	OK
1754	1000	92.8	92.8	 522	unbonded
1755	   0	86.6	86.6	 606	OK
1756	   0	86.1	86.1	 604	OK
1757	   0	86.0	86.0	 646	OK
1758	   0	88.9	88.9	 598	OK
1759	   0	86.1	86.1	 643	OK
1760	   0	75.6	75.6	 644	OK
1761	1000	85.6	85.6	 519	unbonded
1762	1000	93.0	93.0	 520	unbonded
1763	   0	87.5	87.5	 613	OK
1764	   0	88.0	88.0	 637	OK
1765	   0	79.2	79.2	 605	OK
1766	   0	94.7	94.7	 659	OK
1767	4000	90.5	90.5	 770	high noise
1768	   0	85.0	85.0	 588	OK
1769	   0	90.1	90.1	 611	OK
1770	   0	79.3	79.3	 613	OK
1771	   0	84.5	84.5	 618	OK
1772	   0	83.9	83.9	 654	OK
1773	   0	86.4	86.4	 672	OK
1774	   0	93.6	93.6	 597	OK
1775	1000	86.1	86.1	 500	unbonded
1776	   0	89.9	89.9	 591	OK
1777	   0	87.5	87.5	 702	OK
1778	1000	91.3	91.3	 493	unbonded
1779	   0	84.1	84.1	 667	OK
1780	   0	87.7	87.7	 646	OK
1781	   0	83.4	83.4	 599	OK
1782	   0	89.6	89.6	 573	OK
1783	   0	87.5	87.5	 615	OK
1784	   0	86.9	86.9	 727	OK
1785	   0	87.1	87.1	 674	OK
1786	   0	88.4	88.4	 549	OK
1787	4000	86.7	86.7	 748	high noise
1788	   0	84.6	84.6	 607	OK
1789	4000	83.7	83.7	 787	high noise
1790	   0	74.6	74.6	 675	OK
1791	1000	84.7	84.7	 539	unbonded
1792	   0	86.2	86.2	 688	OK
1793	   0	81.9	81.9	 688	OK
1794	   0	83.1	83.1	 629	OK
1795	4000	80.8	80.8	 794	high noise
1796	   0	85.7	85.7	 716	OK
1797	   0	85.9	85.9	 613	OK
1798	   0	85.1	85.1	 633	OK
1799	   0	94.2	94.2	 551	OK
1800	   0	89.1	89.1	 700	OK
1801	   0	84.0	84.0	 680	OK
1802	   0	75.2	75.2	 706	OK
1803	   0	86.6	86.6	 701	OK
1804	   0	79.5	79.5	 577	OK
1805	   0	82.4	82.4	 606	OK
1806	   0	80.8	80.8	 621	OK
1807	4000	81.5	81.5	 912	high noise
1808	   0	85.0	85.0	 659	OK
1809	4000	84.1	84.1	 778	high noise
1810	   0	85.5	85.5	 612	OK
1811	   0	88.2	88.2	 650	OK
1812	1000	92.2	92.2	 463	unbonded
1813	   0	83.3	83.3	 666	OK
1814	   0	85.2	85.2	 683	OK
1815	   0	85.7	85.7	 592	OK
1816	   0	89.7	89.7	 588	OK
1817	   0	83.7	83.7	 670	OK
1818	   0	80.6	80.6	 694	OK
1819	   0	89.7	89.7	 692	OK
1820	   0	85.5	85.5	 585	OK
1821	4000	82.6	82.6	 766	high noise
1822	   0	81.6	81.6	 692	OK
1823	4000	83.7	83.7	 786	high noise
1824	1000	91.1	91.1	 468	unbonded
1825	   0	79.0	79.0	 647	OK
1826	   0	86.6	86.6	 557	OK
1827	   0	88.0	88.0	 587	OK
1828	   0	93.1	93.1	 619	OK
1829	   0	88.9	88.9	 635	OK
1830	1000	82.9	82.9	 519	unbonded
1831	   0	89.7	89.7	 705	OK
1832	1000	90.1	90.1	 479	unbonded
1833	   0	92.6	92.6	 703	OK
1834	1000	85.3	85.3	 480	unbonded
1835	   0	95.0	95.0	 552	OK
1836	   0	90.3	90.3	 621	OK
1837	   0	86.0	86.0	 631	OK
1838	   0	78.2	78.2	 728	OK
1839	   0	88.8	88.8	 568	OK
1840	   0	95.6	95.6	 621	OK
1841	   0	89.2	89.2	 611	OK
1842	   0	85.3	85.3	 618	OK
1843	   0	80.2	80.2	 613	OK
1844	1000	96.6	96.6	 524	unbonded
1845	4000	83.3	83.3	 782	high noise
1846	4000	82.0	82.0	 762	high noise
1847	   0	85.0	85.0	 693	OK
1848	   0	80.8	80.8	 698	OK
1849	1000	84.3	84.3	 466	unbonded
1850	4000	89.7	89.7	 752	high noise
1851	   0	89.7	89.7	 685	OK
1852	   0	88.1	88.1	 632	OK
1853	   0	94.4	94.4	 685	OK
1854	   0	87.8	87.8	 588	OK
1855	   0	88.7	88.7	 640	OK
1856	1000	91.1	91.1	 512	unbonded
1857	   0	92.3	92.3	 601	OK
1858	   0	80.9	80.9	 640	OK
1859	   0	82.0	82.0	 581	OK
1860	   0	75.1	75.1	 634	OK
1861	   0	91.8	91.8	 708	OK
1862	   0	83.0	83.0	 611	OK
1863	4000	87.3	87.3	 758	high noise
1864	4000	78.5	78.5	 766	high noise
1865	   0	86.1	86.1	 680	OK
1866	1000	80.7	80.7	 538	unbonded
1867	4000	79.3	79.3	 758	high noise
1868	   0	84.6	84.6	 550	OK
1869	   0	85.3	85.3	 690	OK
1870	   0	87.7	87.7	 725	OK
1871	4000	90.3	90.3	 803	high noise
1872	   0	90.1	90.1	 603	OK
1873	   0	85.1	85.1	 654	OK
1874	   0	96.2	96.2	 612	OK
1875	4000	90.0	90.0	 763	high noise
1876	   0	84.4	84.4	 688	OK
1877	4000	97.3	97.3	 752	high noise
1878	   0	84.6	84.6	 704	OK
1879	4000	83.8	83.8	 848	high noise
1880	   0	85.8	85.8	 570	OK
1881	   0	88.7	88.7	 690	OK
1882	   0	89.3	89.3	 611	OK
1883	   0	81.1	81.1	 586	OK
1884	   0	91.7	91.7	 593	OK
1885	   0	84.1	84.1	 735	OK
1886	4000	93.3	93.3	 781	high noise
1887	   0	94.1	94.1	 675	OK
1888	   0	78.3	78.3	 691	OK
1889	4000	81.6	81.6	 763	high noise
1890	   0	91.4	91.4	 616	OK
1891	   0	85.4	85.4	 604	OK
1892	   0	84.7	84.7	 607	OK
1893	   0	84.8	84.8	 606	OK
1894	   0	88.9	88.9	 613	OK
1895	   0	87.6	87.6	 657	OK
1896	   0	82.6	82.6	 654	OK
1897	   0	88.6	88.6	 719	OK
1898	   0	89.7	89.7	 718	OK
1899	   0	82.0	82.0	 607	OK
1900	   0	85.4	85.4	 741	OK
1901	   0	81.8	81.8	 639	OK
1902	4000	81.7	81.7	 759	high noise
1903	   0	89.5	89.5	 697	OK
1904	   0	82.3	82.3	 665	OK
1905	   0	80.6	80.6	 653	OK
1906	1000	87.3	87.3	 479	unbonded
1907	   0	89.0	89.0	 682	OK
1908	   0	94.8	94.8	 690	OK
1909	   0	81.3	81.3	 695	OK
1910	   0	85.4	85.4	 626	OK
1911	   0	81.0	81.0	 646	OK
1912	   0	91.7	91.7	 564	OK
1913	   0	92.3	92.3	 674	OK
1914	1000	83.1	83.1	 478	unbonded
1915	4000	97.9	97.9	 757	high noise
1916	   0	85.8	85.8	 659	OK
1917	   0	84.3	84.3	 646	OK
1918	   0	84.7	84.7	 562	OK
1919	   0	84.0	84.0	 683	OK
1920	   0	87.8	87.8	 582	OK
1921	   0	84.8	84.8	 583	OK
1922	   0	78.9	78.9	 740	OK
1923	   0	87.0	87.0	 707	OK
1924	   0	78.3	78.3	 639	OK
1925	   0	81.3	81.3	 566	OK
1926	   0	85.5	85.5	 726	OK
1927	4000	89.9	89.9	 754	high noise
1928	   0	78.5	78.5	 722	OK
1929	   0	76.6	76.6	 594	OK
1930	4000	84.9	84.9	 754	high noise
1931	4000	78.2	78.2	 751	high noise
1932	   0	86.5	86.5	 639	OK
1933	   0	79.8	79.8	 592	OK
1934	   0	84.7	84.7	 697	OK
1935	   0	78.6	78.6	 584	OK
1936	   0	76.7	76.7	 585	OK
1937	   0	82.0	82.0	 599	OK
1938	   0	88.5	88.5	 613	OK
1939	   0	79.0	79.0	 666	OK
1940	   0	84.8	84.8	 566	OK
1941	   0	81.3	81.3	 663	OK
1942	1000	83.7	83.7	 472	unbonded
1943	   0	87.1	87.1	 674	OK
1944	   0	86.2	86.2	 678	OK
1945	   0	88.9	88.9	 618	OK
1946	   0	80.4	80.4	 592	OK
1947	   0	80.7	80.7	 557	OK
1948	   0	81.6	81.6	 703	OK
1949	4000	80.0	80.0	 796	high noise
1950	   0	84.3	84.3	 574	OK
1951	   0	84.8	84.8	 592	OK
1952	   0	83.2	83.2	 589	OK
1953	   0	85.7	85.7	 660	OK
1954	   0	78.5	78.5	 585	OK
1955	   0	92.3	92.3	 684	OK
1956	   0	89.7	89.7	 629	OK
1957	   0	87.8	87.8	 578	OK
1958	   0	87.9	87.9	 637	OK
1959	   0	94.7	94.7	 584	OK
1960	4000	84.3	84.3	 761	high noise
1961	   0	83.2	83.2	 562	OK
1962	   0	86.0	86.0	 740	OK
1963	   0	89.3	89.3	 729	OK
1964	1000	90.5	90.5	 504	unbonded
1965	   0	77.3	77.3	 642	OK
1966	4000	79.6	79.6	 754	high noise
1967	4000	82.2	82.2	 746	high noise
1968	   0	87.1	87.1	 685	OK
1969	   0	80.3	80.3	 737	OK
1970	   0	82.0	82.0	 654	OK
1971	   0	84.0	84.0	 620	OK
1972	   0	77.4	77.4	 615	OK
1973	   0	87.1	87.1	 655	OK
1974	   0	86.3	86.3	 728	OK
1975	   0	80.4	80.4	 553	OK
1976	   0	79.0	79.0	 548	OK
1977	   0	87.2	87.2	 653	OK
1978	   0	88.8	88.8	 656	OK
1979	   0	81.4	81.4	 579	OK
1980	4000	90.3	90.3	 790	high noise
1981	   0	92.6	92.6	 703	OK
1982	   0	86.0	86.0	 668	OK
1983	   0	82.3	82.3	 708	OK
1984	1000	83.9	83.9	 514	unbonded
1985	   0	82.8	82.8	 721	OK
1986	   0	82.7	82.7	 576	OK
1987	1000	83.2	83.2	 426	unbonded
1988	   0	75.7	75.7	 637	OK
1989	   0	82.3	82.3	 728	OK
1990	4000	85.9	85.9	 748	high noise
1991	   0	79.2	79.2	 600	OK
1992	   0	90.4	90.4	 545	OK
1993	   0	82.7	82.7	 688	OK
1994	   0	78.5	78.5	 629	OK
1995	4000	77.4	77.4	 753	high noise
1996	   0	84.1	84.1	 661	OK
1997	   0	77.5	77.5	 661	OK
1998	   0	80.6	80.6	 549	OK
1999	   0	76.6	76.6	 645	OK
2000	   0	74.0	74.0	 663	OK
2001	   0	82.3	82.3	 563	OK
2002	1000	82.7	82.7	 519	unbonded
2003	   0	78.8	78.8	 696	OK
2004	   0	77.7	77.7	 701	OK
2005	4000	79.8	79.8	 763	high noise
2006	   0	82.9	82.9	 612	OK
2007	   0	89.2	89.2	 647	OK
2008	   0	80.2	80.2	 554	OK
2009	   0	72.7	72.7	 693	OK
2010	   0	81.2	81.2	 703	OK
2011	   0	73.0	73.0	 736	OK
2012	   0	78.1	78.1	 620	OK
2013	   0	78.1	78.1	 582	OK
2014	1000	84.5	84.5	 520	unbonded
2015	1000	83.3	83.3	 454	unbonded
2016	   0	80.1	80.1	 559	OK
2017	   0	72.1	72.1	 574	OK
2018	   0	80.0	80.0	 638	OK
2019	   0	74.2	74.2	 717	OK
2020	   0	80.2	80.2	 659	OK
2021	   0	72.8	72.8	 672	OK
2022	   0	77.8	77.8	 626	OK
2023	   0	85.8	85.8	 657	OK
2024	   0	74.4	74.4	 665	OK
2025	   0	81.0	81.0	 665	OK
2026	   0	80.9	80.9	 653	OK
2027	   0	76.8	76.8	 567	OK
2028	   0	75.7	75.7	 582	OK
2029	4000	76.8	76.8	 786	high noise
2030	   0	76.4	76.4	 618	OK
2031	   0	82.0	82.0	 614	OK
2032	   0	77.5	77.5	 602	OK
2033	   0	77.6	77.6	 674	OK
2034	4000	77.5	77.5	 904	high noise
2035	   0	73.5	73.5	 557	OK
2036	   0	75.7	75.7	 707	OK
2037	   0	74.6	74.6	 655	OK
2038	   0	81.1	81.1	 569	OK
2039	   0	77.3	77.3	 701	OK
2040	   0	76.8	76.8	 707	OK
2041	4000	78.3	78.3	 762	high noise
2042	   0	73.6	73.6	 691	OK
2043	   0	74.0	74.0	 721	OK
2044	   0	77.3	77.3	 617	OK
2045	   0	81.5	81.5	 640	OK
2046	   0	80.6	80.6	 554	OK
2047	   0	77.3	77.3	 701	OK
2048	   0	81.6	81.6	 712	OK
2049	4000	77.0	77.0	1045	high noise
2050	   0	80.0	80.0	 762	OK
2051	   0	73.8	73.8	 648	OK
2052	   0	78.5	78.5	 702	OK
2053	   0	77.1	77.1	 545	OK
2054	   0	73.4	73.4	 737	OK
2055	   0	76.9	76.9	 610	OK
2056	   0	75.3	75.3	 596	OK
2057	1000	78.8	78.8	 515	unbonded
2058	   0	77.3	77.3	 601	OK
2059	   0	75.0	75.0	 630	OK
2060	   0	78.6	78.6	 764	OK
2061	4000	74.3	74.3	 809	high noise
2062	   0	72.2	72.2	 659	OK
2063	   0	72.4	72.4	 705	OK
2064	   0	75.1	75.1	 629	OK
2065	   0	82.2	82.2	 592	OK
2066	4000	79.3	79.3	 849	high noise
2067	4000	73.2	73.2	 928	high noise
2068	   0	84.6	84.6	 579	OK
2069	   0	76.7	76.7	 674	OK
2070	   0	76.1	76.1	 600	OK
2071	   0	81.5	81.5	 589	OK
2072	4000	75.3	75.3	 819	high noise
2073	   0	81.2	81.2	 632	OK
2074	   0	82.3	82.3	 740	OK
2075	   0	77.9	77.9	 658	OK
2076	   0	77.6	77.6	 611	OK
2077	   0	79.6	79.6	 616	OK
2078	   0	79.3	79.3	 596	OK
2079	4000	79.9	79.9	 800	high noise
2080	   0	81.1	81.1	 636	OK
2081	   0	75.9	75.9	 689	OK
2082	   0	76.6	76.6	 670	OK
2083	4000	77.3	77.3	 810	high noise
2084	   0	81.9	81.9	 564	OK
2085	   0	80.6	80.6	 740	OK
2086	   0	73.4	73.4	 617	OK
2087	   0	72.9	72.9	 766	OK
2088	   0	77.0	77.0	 769	OK
2089	4000	78.9	78.9	 827	high noise
2090	   0	80.3	80.3	 677	OK
2091	4000	71.5	71.5	 825	high noise
2092	   0	78.0	78.0	 675	OK
2093	4000	82.1	82.1	 787	high noise
2094	   0	76.7	76.7	 628	OK
2095	   0	74.8	74.8	 747	OK
2096	   0	79.9	79.9	 649	OK
2097	   0	78.1	78.1	 730	OK
2098	   0	71.9	71.9	 673	OK
2099	   0	76.2	76.2	 699	OK
2100	   0	74.8	74.8	 566	OK
2101	   0	80.0	80.0	 715	OK
2102	   0	84.1	84.1	 558	OK
2103	1000	83.6	83.6	 491	unbonded
2104	   0	84.0	84.0	 672	OK
2105	1000	78.3	78.3	 523	unbonded
2106	   0	76.4	76.4	 665	OK
2107	   0	80.4	80.4	 679	OK
2108	   0	82.1	82.1	 582	OK
2109	   0	78.6	78.6	 638	OK
2110	   0	77.7	77.7	 693	OK
2111	4000	79.5	79.5	 811	high noise
2112	   0	73.7	73.7	 674	OK
2113	   0	74.0	74.0	 746	OK
2114	   0	77.5	77.5	 663	OK
2115	   0	80.9	80.9	 692	OK
2116	   0	91.8	91.8	 704	OK
2117	   0	82.1	82.1	 608	OK
2118	   0	79.7	79.7	 618	OK
2119	   0	75.1	75.1	 633	OK
2120	   0	83.0	83.0	 694	OK
2121	1000	75.0	75.0	 481	unbonded
2122	   0	81.9	81.9	 660	OK
2123	   0	77.0	77.0	 596	OK
2124	   0	79.4	79.4	 543	OK
2125	   0	88.1	88.1	 723	OK
2126	   0	76.4	76.4	 660	OK
2127	   0	72.6	72.6	 704	OK
2128	   0	80.2	80.2	 596	OK
2129	   0	78.1	78.1	 689	OK
2130	   0	72.9	72.9	 757	OK
2131	   0	74.9	74.9	 749	OK
2132	   0	82.3	82.3	 554	OK
2133	   0	76.6	76.6	 607	OK
2134	4000	76.2	76.2	 814	high noise
2135	   0	79.6	79.6	 616	OK
2136	   0	81.1	81.1	 716	OK
2137	   0	80.7	80.7	 733	OK
2138	1000	79.1	79.1	 492	unbonded
2139	   0	77.2	77.2	 694	OK
2140	   0	79.7	79.7	 586	OK
2141	   0	79.3	79.3	 600	OK
2142	   0	82.7	82.7	 560	OK
2143	   0	78.9	78.9	 576	OK
2144	   0	80.4	80.4	 569	OK
2145	   0	78.0	78.0	 668	OK
2146	   0	74.7	74.7	 593	OK
2147	4000	76.8	76.8	 783	high noise
2148	   0	79.8	79.8	 706	OK
2149	4000	75.7	75.7	 786	high noise
2150	   0	81.3	81.3	 666	OK
2151	   0	76.7	76.7	 673	OK
2152	   0	75.2	75.2	 586	OK
2153	   0	67.8	67.8	 676	OK
2154	4000	85.1	85.1	 789	high noise
2155	   0	80.1	80.1	 677	OK
2156	   0	81.1	81.1	 584	OK
2157	4000	71.3	71.3	 838	high noise
2158	   0	75.4	75.4	 656	OK
2159	   0	73.1	73.1	 583	OK
2160	   0	80.7	80.7	 668	OK
2161	   0	85.2	85.2	 619	OK
2162	   0	72.8	72.8	 652	OK
2163	   0	79.5	79.5	 616	OK
2164	   0	77.2	77.2	 735	OK
2165	   0	79.1	79.1	 625	OK
2166	   0	78.6	78.6	 655	OK
2167	   0	79.3	79.3	 675	OK
2168	   0	78.5	78.5	 647	OK
2169	   0	75.3	75.3	 563	OK
2170	   0	75.8	75.8	 752	OK
2171	   0	82.9	82.9	 752	OK
2172	   0	73.9	73.9	 656	OK
2173	4000	74.5	74.5	 899	high noise
2174	1000	76.8	76.8	 487	unbonded
2175	   0	78.9	78.9	 647	OK
2176	4000	87.8	87.8	 714	high noise
2177	4000	90.0	90.0	 757	high noise
2178	   0	81.5	81.5	 609	OK
2179	   0	90.7	90.7	 658	OK
2180	   0	85.3	85.3	 623	OK
2181	1000	88.8	88.8	 501	unbonded
2182	   0	84.7	84.7	 634	OK
2183	   0	91.4	91.4	 629	OK
2184	   0	89.8	89.8	 658	OK
2185	1000	88.4	88.4	 462	unbonded
2186	   0	88.6	88.6	 548	OK
2187	   0	89.7	89.7	 686	OK
2188	   0	87.0	87.0	 583	OK
2189	1000	87.4	87.4	 443	unbonded
2190	   0	85.1	85.1	 706	OK
2191	4000	87.1	87.1	 715	high noise
2192	1000	89.7	89.7	 401	unbonded
2193	   0	81.3	81.3	 587	OK
2194	4000	88.3	88.3	 721	high noise
2195	   0	87.7	87.7	 654	OK
2196	   0	81.9	81.9	 563	OK
2197	4000	94.4	94.4	 762	high noise
2198	   0	85.2	85.2	 615	OK
2199	   0	86.2	86.2	 709	OK
2200	   0	91.7	91.7	 629	OK
2201	1000	93.2	93.2	 470	unbonded
2202	   0	85.9	85.9	 604	OK
2203	   0	88.9	88.9	 676	OK
2204	4000	87.3	87.3	 718	high noise
2205	   0	81.7	81.7	 588	OK
2206	   0	85.7	85.7	 564	OK
2207	   0	78.3	78.3	 671	OK
2208	   0	89.4	89.4	 596	OK
2209	4000	85.4	85.4	 747	high noise
2210	1000	86.0	86.0	 540	unbonded
2211	4000	89.5	89.5	 728	high noise
2212	   0	90.6	90.6	 589	OK
2213	   0	78.7	78.7	 707	OK
2214	1000	88.3	88.3	 475	unbonded
2215	1000	88.8	88.8	 455	unbonded
2216	   0	82.3	82.3	 544	OK
2217	   0	84.1	84.1	 626	OK
2218	   0	84.0	84.0	 577	OK
2219	   0	84.0	84.0	 691	OK
2220	4000	80.8	80.8	 732	high noise
2221	   0	88.2	88.2	 711	OK
2222	   0	85.7	85.7	 592	OK
2223	   0	81.3	81.3	 711	OK
2224	   0	84.9	84.9	 591	OK
2225	1000	92.8	92.8	 531	unbonded
2226	   0	87.7	87.7	 633	OK
2227	   0	86.8	86.8	 607	OK
2228	   0	89.0	89.0	 654	OK
2229	   0	84.0	84.0	 653	OK
2230	   0	82.0	82.0	 708	OK
2231	   0	86.1	86.1	 602	OK
2232	   0	83.6	83.6	 591	OK
2233	4000	93.7	93.7	 814	high noise
2234	   0	87.4	87.4	 568	OK
2235	   0	89.5	89.5	 639	OK
2236	   0	93.2	93.2	 643	OK
2237	4000	88.1	88.1	 726	high noise
2238	   0	88.9	88.9	 608	OK
2239	   0	90.0	90.0	 646	OK
2240	   0	89.3	89.3	 617	OK
2241	   0	94.1	94.1	 651	OK
2242	1000	93.6	93.6	 491	unbonded
2243	1000	87.3	87.3	 508	unbonded
2244	1000	94.5	94.5	 538	unbonded
2245	4000	103.8	103.8	 777	high noise
2246	1000	96.1	96.1	 504	unbonded
2247	   0	86.7	86.7	 655	OK
2248	   0	92.1	92.1	 574	OK
2249	   0	85.3	85.3	 632	OK
2250	   0	87.8	87.8	 626	OK
2251	1000	85.2	85.2	 537	unbonded
2252	   0	90.7	90.7	 618	OK
2253	   0	88.8	88.8	 634	OK
2254	1000	84.2	84.2	 532	unbonded
2255	   0	86.9	86.9	 713	OK
2256	1000	81.7	81.7	 519	unbonded
2257	   0	80.4	80.4	 555	OK
2258	1000	91.0	91.0	 527	unbonded
2259	   0	85.9	85.9	 683	OK
2260	1000	88.0	88.0	 533	unbonded
2261	   0	81.0	81.0	 704	OK
2262	   0	86.1	86.1	 676	OK
2263	   0	86.5	86.5	 619	OK
2264	4000	89.6	89.6	 804	high noise
2265	   0	88.2	88.2	 575	OK
2266	1000	86.8	86.8	 446	unbonded
2267	   0	85.5	85.5	 693	OK
2268	   0	84.1	84.1	 592	OK
2269	   0	85.9	85.9	 665	OK
2270	   0	88.0	88.0	 619	OK
2271	   0	92.0	92.0	 683	OK
2272	   0	89.8	89.8	 603	OK
2273	   0	85.0	85.0	 561	OK
2274	   0	83.4	83.4	 634	OK
2275	   0	95.5	95.5	 653	OK
2276	   0	81.8	81.8	 655	OK
2277	   0	86.1	86.1	 618	OK
2278	   0	93.5	93.5	 624	OK
2279	   0	88.1	88.1	 605	OK
2280	   0	87.7	87.7	 561	OK
2281	   0	92.0	92.0	 608	OK
2282	1000	90.3	90.3	 473	unbonded
2283	   0	82.6	82.6	 624	OK
2284	   0	89.2	89.2	 693	OK
2285	   0	84.8	84.8	 681	OK
2286	   0	84.6	84.6	 606	OK
2287	   0	89.9	89.9	 645	OK
2288	   0	85.1	85.1	 636	OK
2289	   0	88.4	88.4	 681	OK
2290	   0	87.3	87.3	 567	OK
2291	4000	84.4	84.4	 754	high noise
2292	   0	92.0	92.0	 645	OK
2293	1000	84.2	84.2	 400	unbonded
2294	   0	85.6	85.6	 682	OK
2295	1000	84.2	84.2	 514	unbonded
2296	   0	81.9	81.9	 604	OK
2297	   0	87.3	87.3	 558	OK
2298	   0	78.6	78.6	 666	OK
2299	   0	86.8	86.8	 584	OK
2300	   0	85.0	85.0	 595	OK
2301	   0	77.8	77.8	 702	OK
2302	   0	88.7	88.7	 586	OK
2303	4000	87.4	87.4	 719	high noise
2304	   0	87.6	87.6	 718	OK
2305	   0	76.5	76.5	 638	OK
2306	   0	81.6	81.6	 559	OK
2307	1000	84.6	84.6	 510	unbonded
2308	   0	82.9	82.9	 557	OK
2309	1000	89.6	89.6	 516	unbonded
2310	   0	88.4	88.4	 692	OK
2311	   0	86.2	86.2	 615	OK
2312	   0	84.7	84.7	 669	OK
2313	4000	77.3	77.3	 831	high noise
2314	   0	85.2	85.2	 626	OK
2315	1000	85.2	85.2	 520	unbonded
2316	   0	89.8	89.8	 590	OK
2317	   0	87.4	87.4	 603	OK
2318	1000	85.7	85.7	 520	unbonded
2319	   0	85.3	85.3	 676	OK
2320	   0	84.8	84.8	 610	OK
2321	   0	88.0	88.0	 727	OK
2322	   0	83.3	83.3	 546	OK
2323	1000	86.3	86.3	 528	unbonded
2324	1000	89.9	89.9	 463	unbonded
2325	   0	86.2	86.2	 695	OK
2326	   0	78.1	78.1	 567	OK
2327	   0	85.8	85.8	 558	OK
2328	   0	81.5	81.5	 684	OK
2329	   0	78.9	78.9	 720	OK
2330	   0	84.4	84.4	 656	OK
2331	   0	88.0	88.0	 669	OK
2332	   0	84.2	84.2	 642	OK
2333	4000	85.3	85.3	 769	high noise
2334	   0	86.6	86.6	 664	OK
2335	1000	76.4	76.4	 527	unbonded
2336	   0	88.0	88.0	 626	OK
2337	   0	83.7	83.7	 656	OK
2338	   0	87.3	87.3	 699	OK
2339	   0	92.1	92.1	 603	OK
2340	   0	83.1	83.1	 621	OK
2341	   0	86.5	86.5	 598	OK
2342	   0	87.9	87.9	 570	OK
2343	4000	74.9	74.9	 731	high noise
2344	   0	86.5	86.5	 681	OK
2345	4000	78.4	78.4	 734	high noise
2346	   0	83.9	83.9	 650	OK
2347	4000	85.8	85.8	 764	high noise
2348	4000	86.1	86.1	 755	high noise
2349	   0	89.5	89.5	 689	OK
2350	1000	88.4	88.4	 497	unbonded
2351	4000	82.6	82.6	 780	high noise
2352	   0	84.2	84.2	 610	OK
2353	   0	86.4	86.4	 564	OK
2354	4000	80.0	80.0	 736	high noise
2355	   0	74.1	74.1	 555	OK
2356	4000	86.0	86.0	 786	high noise
2357	   0	86.2	86.2	 687	OK
2358	   0	80.6	80.6	 546	OK
2359	   0	87.3	87.3	 678	OK
2360	4000	89.1	89.1	 747	high noise
2361	   0	87.9	87.9	 670	OK
2362	   0	86.1	86.1	 645	OK
2363	   0	90.0	90.0	 627	OK
2364	   0	85.1	85.1	 692	OK
2365	   0	80.1	80.1	 665	OK
2366	4000	86.6	86.6	 760	high noise
2367	   0	88.0	88.0	 713	OK
2368	   0	83.6	83.6	 605	OK
2369	1000	87.7	87.7	 521	unbonded
2370	   0	82.7	82.7	 594	OK
2371	1000	80.4	80.4	 455	unbonded
2372	4000	85.5	85.5	 756	high noise
2373	   0	82.1	82.1	 679	OK
2374	   0	87.0	87.0	 667	OK
2375	1000	79.4	79.4	 426	unbonded
2376	   0	86.9	86.9	 562	OK
2377	1000	85.3	85.3	 458	unbonded
2378	   0	85.1	85.1	 603	OK
2379	   0	92.3	92.3	 622	OK
2380	   0	85.5	85.5	 713	OK
2381	   0	79.1	79.1	 683	OK
2382	   0	78.3	78.3	 580	OK
2383	   0	83.6	83.6	 568	OK
2384	   0	84.6	84.6	 565	OK
2385	4000	76.0	76.0	 787	high noise
2386	   0	84.9	84.9	 586	OK
2387	1000	88.2	88.2	 520	unbonded
2388	   0	85.1	85.1	 621	OK
2389	4000	87.5	87.5	 828	high noise
2390	   0	79.7	79.7	 547	OK
2391	   0	95.9	95.9	 550	OK
2392	   0	89.4	89.4	 626	OK
2393	1000	91.4	91.4	 536	unbonded
2394	   0	79.0	79.0	 717	OK
2395	   0	79.9	79.9	 650	OK
2396	   0	72.4	72.4	 652	OK
2397	   0	82.9	82.9	 603	OK
2398	4000	83.8	83.8	 774	high noise
2399	   0	74.7	74.7	 638	OK
2400	   0	94.9	94.9	 606	OK
2401	4000	81.5	81.5	 829	high noise
2402	   0	94.0	94.0	 575	OK
2403	   0	80.6	80.6	 721	OK
2404	1000	84.6	84.6	 513	unbonded
2405	   0	81.4	81.4	 666	OK
2406	1000	88.7	88.7	 465	unbonded
2407	   0	79.9	79.9	 711	OK
2408	   0	89.6	89.6	 587	OK
2409	   0	85.4	85.4	 562	OK
2410	   0	83.7	83.7	 644	OK
2411	   0	80.3	80.3	 654	OK
2412	4000	79.5	79.5	 738	high noise
2413	   0	77.0	77.0	 573	OK
2414	   0	91.7	91.7	 622	OK
2415	   0	81.8	81.8	 585	OK
2416	   0	82.4	82.4	 653	OK
2417	   0	77.2	77.2	 721	OK
2418	   0	79.2	79.2	 574	OK
2419	   0	82.5	82.5	 648	OK
2420	4000	82.2	82.2	 739	high noise
2421	   0	78.4	78.4	 624	OK
2422	   0	82.0	82.0	 713	OK
2423	   0	80.7	80.7	 605	OK
2424	4000	87.2	87.2	 782	high noise
2425	   0	81.6	81.6	 562	OK
2426	   0	85.4	85.4	 633	OK
2427	   0	86.2	86.2	 577	OK
2428	   0	78.3	78.3	 632	OK
2429	   0	86.8	86.8	 655	OK
2430	   0	80.8	80.8	 591	OK
2431	1000	84.8	84.8	 536	unbonded
2432	   0	84.7	84.7	 601	OK
2433	1000	93.0	93.0	 424	unbonded
2434	   0	92.9	92.9	 581	OK
2435	   0	82.9	82.9	 631	OK
2436	1000	98.3	98.3	 497	unbonded
2437	   0	88.7	88.7	 656	OK
2438	   0	91.2	91.2	 549	OK
2439	1000	85.3	85.3	 484	unbonded
2440	1000	85.0	85.0	 411	unbonded
2441	   0	77.3	77.3	 638	OK
2442	   0	92.4	92.4	 601	OK
2443	   0	84.9	84.9	 570	OK
2444	   0	92.3	92.3	 634	OK
2445	   0	90.1	90.1	 596	OK
2446	   0	87.8	87.8	 576	OK
2447	   0	84.6	84.6	 621	OK
2448	   0	90.8	90.8	 632	OK
2449	   0	85.2	85.2	 635	OK
2450	1000	95.5	95.5	 512	unbonded
2451	   0	90.0	90.0	 661	OK
2452	1000	91.6	91.6	 500	unbonded
2453	   0	90.4	90.4	 671	OK
2454	   0	83.3	83.3	 602	OK
2455	   0	86.4	86.4	 593	OK
2456	   0	86.7	86.7	 591	OK
2457	   0	89.7	89.7	 673	OK
2458	   0	83.6	83.6	 642	OK
2459	   0	87.4	87.4	 573	OK
2460	1000	90.5	90.5	 453	unbonded
2461	   0	93.7	93.7	 632	OK
2462	   0	86.5	86.5	 636	OK
2463	   0	88.9	88.9	 689	OK
2464	   0	79.8	79.8	 564	OK
2465	   0	86.8	86.8	 668	OK
2466	1000	86.1	86.1	 523	unbonded
2467	   0	88.4	88.4	 649	OK
2468	   0	89.4	89.4	 650	OK
2469	4000	85.6	85.6	 754	high noise
2470	   0	88.9	88.9	 646	OK
2471	   0	91.7	91.7	 601	OK
2472	   0	82.3	82.3	 593	OK
2473	4000	85.5	85.5	 805	high noise
2474	1000	82.1	82.1	 495	unbonded
2475	   0	86.2	86.2	 600	OK
2476	   0	86.5	86.5	 602	OK
2477	   0	77.2	77.2	 554	OK
2478	   0	88.6	88.6	 633	OK
2479	   0	83.1	83.1	 660	OK
2480	   0	87.0	87.0	 622	OK
2481	   0	92.3	92.3	 640	OK
2482	4000	89.1	89.1	 762	high noise
2483	   0	86.9	86.9	 551	OK
2484	   0	93.0	93.0	 663	OK
2485	   0	92.7	92.7	 632	OK
2486	   0	91.6	91.6	 586	OK
2487	   0	92.4	92.4	 687	OK
2488	1000	90.9	90.9	 511	unbonded
2489	   0	92.2	92.2	 589	OK
2490	1000	84.4	84.4	 530	unbonded
2491	   0	88.6	88.6	 569	OK
2492	   0	90.3	90.3	 547	OK
2493	4000	84.7	84.7	 733	high noise
2494	1000	89.5	89.5	 473	unbonded
2495	   0	85.2	85.2	 634	OK
2496	1000	90.7	90.7	 460	unbonded
2497	   0	93.0	93.0	 606	OK
2498	   0	90.4	90.4	 566	OK
2499	4000	81.6	81.6	 733	high noise
2500	   0	80.7	80.7	 614	OK
2501	   0	89.5	89.5	 584	OK
2502	   0	92.6	92.6	 595	OK
2503	   0	88.5	88.5	 652	OK
2504	1000	88.3	88.3	 533	unbonded
2505	   0	93.6	93.6	 687	OK
2506	   0	86.2	86.2	 541	OK
2507	   0	81.7	81.7	 620	OK
2508	   0	89.2	89.2	 579	OK
2509	   0	85.3	85.3	 590	OK
2510	1000	91.5	91.5	 535	unbonded
2511	1000	88.7	88.7	 532	unbonded
2512	1000	85.5	85.5	 486	unbonded
2513	   0	87.9	87.9	 621	OK
2514	1000	83.7	83.7	 507	unbonded
2515	   0	85.0	85.0	 657	OK
2516	   0	83.2	83.2	 586	OK
2517	4000	84.4	84.4	 698	high noise
2518	   0	88.2	88.2	 579	OK
2519	   0	82.5	82.5	 676	OK
2520	   0	82.8	82.8	 610	OK
2521	   0	86.0	86.0	 601	OK
2522	4000	80.1	80.1	 707	high noise
2523	   0	85.1	85.1	 623	OK
2524	   0	84.4	84.4	 591	OK
2525	   0	82.9	82.9	 543	OK
2526	1000	95.1	95.1	 477	unbonded
2527	   0	86.9	86.9	 610	OK
2528	   0	85.7	85.7	 610	OK
2529	   0	89.4	89.4	 584	OK
2530	   0	82.4	82.4	 573	OK
2531	   0	84.5	84.5	 639	OK
2532	1000	93.0	93.0	 508	unbonded
2533	4000	86.4	86.4	 739	high noise
2534	   0	81.2	81.2	 579	OK
2535	1000	84.9	84.9	 536	unbonded
2536	1000	85.6	85.6	 534	unbonded
2537	   0	87.3	87.3	 634	OK
2538	   0	90.6	90.6	 563	OK
2539	4000	89.8	89.8	 710	high noise
2540	   0	81.6	81.6	 573	OK
2541	   0	81.0	81.0	 591	OK
2542	   0	81.5	81.5	 585	OK
2543	   0	87.7	87.7	 594	OK
2544	   0	82.9	82.9	 614	OK
2545	   0	88.0	88.0	 621	OK
2546	   0	92.4	92.4	 679	OK
2547	4000	80.9	80.9	 730	high noise
2548	1000	83.3	83.3	 474	unbonded
2549	   0	80.8	80.8	 612	OK
2550	   0	88.6	88.6	 620	OK
2551	   0	88.9	88.9	 655	OK
2552	   0	85.9	85.9	 621	OK
2553	   0	90.5	90.5	 585	OK
2554	   0	83.9	83.9	 676	OK
2555	   0	84.5	84.5	 546	OK
2556	1000	88.1	88.1	 537	unbonded
2557	   0	91.3	91.3	 679	OK
2558	   0	83.2	83.2	 682	OK
2559	4000	84.5	84.5	 749	high noise
