#chan	code	gain	offset	innse	comment
   0	1000	91.1	91.1	 530	unbonded
   1	1000	93.0	93.0	 511	unbonded
   2	   0	100.3	100.3	 546	OK
   3	   0	94.6	94.6	 563	OK
   4	   0	99.9	99.9	 624	OK
   5	   0	94.2	94.2	 638	OK
   6	4000	104.9	104.9	 685	high noise
   7	1000	93.9	93.9	 441	unbonded
   8	   0	101.0	101.0	 634	OK
   9	   0	94.3	94.3	 582	OK
  10	1000	93.2	93.2	 485	unbonded
  11	   0	94.2	94.2	 658	OK
  12	   0	102.1	102.1	 610	OK
  13	1000	96.1	96.1	 522	unbonded
  14	   0	93.2	93.2	 582	OK
  15	1000	104.4	104.4	 540	unbonded
  16	   0	91.0	91.0	 655	OK
  17	1000	98.2	98.2	 535	unbonded
  18	4000	89.9	89.9	 697	high noise
  19	1000	104.2	104.2	 528	unbonded
  20	   0	101.5	101.5	 645	OK
  21	   0	89.7	89.7	 550	OK
  22	   0	98.5	98.5	 614	OK
  23	   0	93.3	93.3	 637	OK
  24	   0	90.7	90.7	 625	OK
  25	   0	89.9	89.9	 633	OK
  26	1000	92.4	92.4	 526	unbonded
  27	   0	96.3	96.3	 674	OK
  28	   0	94.8	94.8	 587	OK
  29	   0	100.8	100.8	 635	OK
  30	   0	90.0	90.0	 671	OK
  31	1000	94.1	94.1	 397	unbonded
  32	   0	101.8	101.8	 635	OK
  33	1000	96.2	96.2	 520	unbonded
  34	   0	87.3	87.3	 630	OK
  35	   0	88.4	88.4	 565	OK
  36	   0	98.9	98.9	 651	OK
  37	1000	102.1	102.1	 500	unbonded
  38	   0	90.6	90.6	 648	OK
  39	4000	95.4	95.4	 726	high noise
  40	   0	100.2	100.2	 614	OK
  41	   0	96.8	96.8	 652	OK
  42	   0	101.7	101.7	 677	OK
  43	1000	100.3	100.3	 480	unbonded
  44	4000	96.6	96.6	 686	high noise
  45	   0	94.3	94.3	 649	OK
  46	   0	96.6	96.6	 602	OK
  47	   0	102.4	102.4	 673	OK
  48	   0	101.5	101.5	 577	OK
  49	   0	90.8	90.8	 565	OK
  50	   0	98.1	98.1	 675	OK
  51	1000	92.0	92.0	 524	unbonded
  52	4000	96.9	96.9	 697	high noise
  53	1000	102.3	102.3	 445	unbonded
  54	   0	98.3	98.3	 551	OK
  55	   0	101.6	101.6	 633	OK
  56	   0	100.5	100.5	 645	OK
  57	4000	102.6	102.6	 770	high noise
  58	   0	97.2	97.2	 618	OK
  59	   0	99.8	99.8	 673	OK
  60	   0	99.5	99.5	 664	OK
  61	   0	99.0	99.0	 628	OK
  62	4000	92.8	92.8	 747	high noise
  63	   0	86.3	86.3	 568	OK
  64	1000	97.9	97.9	 535	unbonded
  65	   0	107.8	107.8	 564	OK
  66	   0	94.2	94.2	 599	OK
  67	   0	105.2	105.2	 584	OK
  68	   0	107.7	107.7	 616	OK
  69	4000	102.6	102.6	 687	high noise
  70	   0	102.8	102.8	 554	OK
  71	   0	105.5	105.5	 619	OK
  72	   0	104.4	104.4	 581	OK
  73	   0	103.5	103.5	 549	OK
  74	1000	104.2	104.2	 463	unbonded
  75	   0	93.8	93.8	 560	OK
  76	   0	98.0	98.0	 643	OK
  77	   0	91.9	91.9	 649	OK
  78	1000	104.1	104.1	 507	unbonded
  79	   0	103.8	103.8	 576	OK
  80	1501	0.0	0.0	   0	dead
  81	1501	0.0	0.0	   0	dead
  82	4000	98.5	98.5	 693	high noise
  83	   0	105.5	105.5	 632	OK
  84	1000	98.8	98.8	 490	unbonded
  85	4000	96.7	96.7	 688	high noise
  86	   0	91.8	91.8	 608	OK
  87	4000	94.6	94.6	 688	high noise
  88	   0	93.9	93.9	 605	OK
  89	   0	99.1	99.1	 629	OK
  90	   0	93.3	93.3	 666	OK
  91	   0	97.2	97.2	 666	OK
  92	   0	94.9	94.9	 589	OK
  93	   0	107.6	107.6	 619	OK
  94	   0	96.4	96.4	 641	OK
  95	   0	93.7	93.7	 587	OK
  96	   0	99.4	99.4	 618	OK
  97	4000	101.4	101.4	 717	high noise
  98	1000	89.9	89.9	 510	unbonded
  99	4000	100.6	100.6	 756	high noise
 100	   0	99.8	99.8	 582	OK
 101	4000	108.2	108.2	 710	high noise
 102	   0	101.0	101.0	 634	OK
 103	4000	99.4	99.4	 693	high noise
 104	   0	99.4	99.4	 680	OK
 105	   0	94.7	94.7	 649	OK
 106	   0	100.1	100.1	 562	OK
 107	   0	99.8	99.8	 638	OK
 108	   0	95.5	95.5	 543	OK
 109	   0	102.8	102.8	 642	OK
 110	1000	100.4	100.4	 508	unbonded
 111	1000	100.5	100.5	 528	unbonded
 112	   0	97.9	97.9	 542	OK
 113	   0	97.6	97.6	 582	OK
 114	   0	92.9	92.9	 604	OK
 115	1000	96.8	96.8	 539	unbonded
 116	   0	102.4	102.4	 646	OK
 117	4000	103.9	103.9	 761	high noise
 118	   0	97.7	97.7	 669	OK
 119	4000	101.5	101.5	 766	high noise
 120	1000	102.1	102.1	 519	unbonded
 121	   0	102.0	102.0	 650	OK
 122	   0	103.9	103.9	 586	OK
 123	1000	94.9	94.9	 520	unbonded
 124	   0	93.6	93.6	 641	OK
 125	1501	0.0	0.0	   0	dead
 126	   0	93.9	93.9	 601	OK
 127	   0	96.7	96.7	 638	OK
 128	   0	82.5	82.5	 575	OK
 129	   0	79.3	79.3	 632	OK
 130	   0	74.0	74.0	 602	OK
 131	4000	78.0	78.0	 787	high noise
 132	   0	73.3	73.3	 703	OK
 133	   0	79.5	79.5	 745	OK
 134	   0	81.0	81.0	 558	OK
 135	   0	76.5	76.5	 683	OK
 136	   0	83.6	83.6	 733	OK
 137	   0	78.7	78.7	 629	OK
 138	   0	78.8	78.8	 632	OK
 139	   0	84.0	84.0	 635	OK
 140	4000	74.8	74.8	 781	high noise
 141	1000	84.1	84.1	 509	unbonded
 142	   0	85.3	85.3	 691	OK
 143	   0	84.4	84.4	 706	OK
 144	   0	85.0	85.0	 607	OK
 145	   0	78.6	78.6	 721	OK
 146	   0	72.9	72.9	 593	OK
 147	4000	78.0	78.0	 758	high noise
 148	   0	81.7	81.7	 660	OK
 149	   0	79.3	79.3	 662	OK
 150	4000	80.4	80.4	 814	high noise
 151	   0	78.5	78.5	 631	OK
 152	   0	76.6	76.6	 668	OK
 153	   0	75.0	75.0	 596	OK
 154	   0	83.3	83.3	 575	OK
 155	4000	78.3	78.3	 805	high noise
 156	   0	77.4	77.4	 639	OK
 157	1000	82.2	82.2	 508	unbonded
 158	4000	71.6	71.6	 843	high noise
 159	1000	78.0	78.0	 515	unbonded
 160	   0	81.0	81.0	 736	OK
 161	   0	75.7	75.7	 744	OK
 162	   0	78.5	78.5	 605	OK
 163	   0	94.6	94.6	 669	OK
 164	   0	85.9	85.9	 694	OK
 165	4000	79.8	79.8	 768	high noise
 166	   0	77.6	77.6	 629	OK
 167	1000	80.6	80.6	 529	unbonded
 168	   0	80.4	80.4	 690	OK
 169	   0	77.5	77.5	 718	OK
 170	   0	73.7	73.7	 645	OK
 171	   0	87.1	87.1	 681	OK
 172	   0	80.8	80.8	 701	OK
 173	   0	86.8	86.8	 613	OK
 174	   0	82.6	82.6	 652	OK
 175	   0	81.5	81.5	 547	OK
 176	   0	79.8	79.8	 675	OK
 177	   0	86.1	86.1	 585	OK
 178	   0	81.8	81.8	 613	OK
 179	1000	81.5	81.5	 458	unbonded
 180	   0	81.4	81.4	 565	OK
 181	4000	80.4	80.4	 776	high noise
 182	   0	81.4	81.4	 672	OK
 183	   0	86.4	86.4	 569	OK
 184	   0	80.5	80.5	 621	OK
 185	1000	83.8	83.8	 535	unbonded
 186	   0	78.0	78.0	 676	OK
 187	   0	81.9	81.9	 596	OK
 188	   0	82.6	82.6	 728	OK
 189	   0	88.2	88.2	 619	OK
 190	4000	83.8	83.8	 817	high noise
 191	4000	82.9	82.9	 782	high noise
 192	   0	82.1	82.1	 697	OK
 193	   0	91.7	91.7	 563	OK
 194	1000	80.0	80.0	 516	unbonded
 195	   0	79.4	79.4	 589	OK
 196	   0	77.9	77.9	 641	OK
 197	   0	82.7	82.7	 626	OK
 198	   0	75.3	75.3	 675	OK
 199	   0	82.4	82.4	 672	OK
 200	   0	77.8	77.8	 604	OK
 201	   0	84.5	84.5	 592	OK
 202	   0	80.4	80.4	 681	OK
 203	   0	82.3	82.3	 636	OK
 204	   0	84.7	84.7	 685	OK
 205	   0	82.1	82.1	 701	OK
 206	   0	81.7	81.7	 681	OK
 207	   0	78.6	78.6	 705	OK
 208	   0	86.5	86.5	 651	OK
 209	   0	81.2	81.2	 686	OK
 210	   0	88.3	88.3	 658	OK
 211	1000	91.5	91.5	 503	unbonded
 212	4000	78.8	78.8	 792	high noise
 213	   0	79.2	79.2	 647	OK
 214	   0	87.5	87.5	 550	OK
 215	   0	84.9	84.9	 676	OK
 216	   0	83.3	83.3	 692	OK
 217	4000	76.8	76.8	 847	high noise
 218	   0	76.0	76.0	 691	OK
 219	   0	74.1	74.1	 639	OK
 220	   0	82.5	82.5	 751	OK
 221	1000	81.3	81.3	 506	unbonded
 222	   0	81.9	81.9	 646	OK
 223	   0	77.4	77.4	 634	OK
 224	   0	80.8	80.8	 574	OK
 225	   0	80.5	80.5	 617	OK
 226	   0	84.9	84.9	 559	OK
 227	   0	82.6	82.6	 581	OK
 228	   0	80.5	80.5	 668	OK
 229	   0	81.6	81.6	 702	OK
 230	   0	81.8	81.8	 670	OK
 231	   0	81.6	81.6	 682	OK
 232	4000	74.8	74.8	 768	high noise
 233	   0	75.9	75.9	 623	OK
 234	4000	78.6	78.6	 802	high noise
 235	   0	78.6	78.6	 721	OK
 236	   0	80.9	80.9	 575	OK
 237	   0	80.0	80.0	 730	OK
 238	   0	87.9	87.9	 563	OK
 239	   0	85.0	85.0	 648	OK
 240	   0	76.7	76.7	 688	OK
 241	   0	83.5	83.5	 741	OK
 242	   0	85.0	85.0	 709	OK
 243	   0	81.3	81.3	 670	OK
 244	   0	79.3	79.3	 734	OK
 245	   0	79.7	79.7	 549	OK
 246	   0	80.0	80.0	 602	OK
 247	1000	83.3	83.3	 430	unbonded
 248	   0	77.0	77.0	 711	OK
 249	   0	85.4	85.4	 748	OK
 250	   0	83.5	83.5	 683	OK
 251	   0	84.0	84.0	 586	OK
 252	   0	82.0	82.0	 663	OK
 253	   0	82.7	82.7	 690	OK
 254	   0	78.2	78.2	 568	OK
 255	   0	84.3	84.3	 694	OK
 256	   0	78.9	78.9	 681	OK
 257	   0	82.3	82.3	 742	OK
 258	   0	83.0	83.0	 613	OK
 259	   0	77.7	77.7	 603	OK
 260	   0	87.4	87.4	 679	OK
 261	   0	81.2	81.2	 728	OK
 262	   0	79.7	79.7	 601	OK
 263	   0	82.4	82.4	 702	OK
 264	1000	86.6	86.6	 496	unbonded
 265	   0	77.6	77.6	 649	OK
 266	   0	85.7	85.7	 648	OK
 267	   0	80.1	80.1	 544	OK
 268	4000	77.8	77.8	 783	high noise
 269	4000	87.8	87.8	 777	high noise
 270	4000	83.6	83.6	 786	high noise
 271	   0	77.0	77.0	 553	OK
 272	   0	78.6	78.6	 657	OK
 273	   0	80.9	80.9	 739	OK
 274	   0	81.9	81.9	 743	OK
 275	1000	81.4	81.4	 512	unbonded
 276	   0	88.6	88.6	 736	OK
 277	   0	79.1	79.1	 613	OK
 278	   0	86.4	86.4	 668	OK
 279	   0	85.9	85.9	 589	OK
 280	   0	78.1	78.1	 683	OK
 281	   0	80.4	80.4	 719	OK
 282	   0	86.8	86.8	 598	OK
 283	1000	79.2	79.2	 511	unbonded
 284	   0	74.0	74.0	 648	OK
 285	   0	72.9	72.9	 684	OK
 286	   0	84.8	84.8	 727	OK
 287	   0	79.2	79.2	 608	OK
 288	1000	88.1	88.1	 460	unbonded
 289	   0	84.5	84.5	 725	OK
 290	   0	84.4	84.4	 596	OK
 291	   0	82.3	82.3	 588	OK
 292	1000	88.8	88.8	 449	unbonded
 293	   0	84.1	84.1	 548	OK
 294	   0	87.5	87.5	 681	OK
 295	   0	83.2	83.2	 581	OK
 296	   0	79.4	79.4	 654	OK
 297	   0	81.8	81.8	 691	OK
 298	   0	79.2	79.2	 584	OK
 299	   0	83.4	83.4	 631	OK
 300	   0	82.2	82.2	 682	OK
 301	4000	80.0	80.0	 762	high noise
 302	   0	78.4	78.4	 573	OK
 303	   0	75.8	75.8	 611	OK
 304	   0	79.1	79.1	 596	OK
 305	   0	87.3	87.3	 683	OK
 306	4000	85.6	85.6	 753	high noise
 307	   0	76.3	76.3	 576	OK
 308	   0	83.1	83.1	 574	OK
 309	   0	84.7	84.7	 641	OK
 310	   0	80.3	80.3	 680	OK
 311	   0	80.2	80.2	 619	OK
 312	   0	79.3	79.3	 686	OK
 313	   0	84.1	84.1	 694	OK
 314	   0	85.9	85.9	 598	OK
 315	4000	80.7	80.7	 796	high noise
 316	   0	84.0	84.0	 636	OK
 317	   0	83.2	83.2	 595	OK
 318	   0	83.1	83.1	 580	OK
 319	   0	82.1	82.1	 686	OK
 320	4000	83.4	83.4	 855	high noise
 321	   0	78.1	78.1	 680	OK
 322	   0	85.7	85.7	 715	OK
 323	   0	87.3	87.3	 673	OK
 324	4000	78.1	78.1	 793	high noise
 325	   0	85.8	85.8	 586	OK
 326	   0	82.5	82.5	 645	OK
 327	   0	75.8	75.8	 611	OK
 328	   0	82.8	82.8	 679	OK
 329	   0	78.3	78.3	 616	OK
 330	   0	81.6	81.6	 696	OK
 331	1000	78.3	78.3	 500	unbonded
 332	   0	74.3	74.3	 623	OK
 333	   0	80.0	80.0	 644	OK
 334	   0	77.9	77.9	 612	OK
 335	   0	79.4	79.4	 708	OK
 336	4000	81.6	81.6	 765	high noise
 337	   0	79.5	79.5	 633	OK
 338	   0	80.7	80.7	 660	OK
 339	4000	75.9	75.9	 792	high noise
 340	   0	84.5	84.5	 645	OK
 341	   0	85.5	85.5	 642	OK
 342	   0	87.1	87.1	 643	OK
 343	   0	82.8	82.8	 699	OK
 344	   0	82.9	82.9	 608	OK
 345	   0	79.8	79.8	 626	OK
 346	   0	74.7	74.7	 618	OK
 347	   0	80.2	80.2	 628	OK
 348	   0	79.7	79.7	 748	OK
 349	1000	82.9	82.9	 497	unbonded
 350	1000	82.2	82.2	 529	unbonded
 351	   0	85.2	85.2	 586	OK
 352	   0	76.9	76.9	 646	OK
 353	   0	89.6	89.6	 694	OK
 354	   0	82.6	82.6	 730	OK
 355	   0	79.8	79.8	 665	OK
 356	   0	83.9	83.9	 656	OK
 357	4000	78.3	78.3	 756	high noise
 358	   0	80.2	80.2	 693	OK
 359	   0	81.4	81.4	 650	OK
 360	   0	80.2	80.2	 670	OK
 361	   0	82.0	82.0	 742	OK
 362	   0	84.1	84.1	 642	OK
 363	4000	83.2	83.2	 879	high noise
 364	   0	81.6	81.6	 640	OK
 365	   0	82.2	82.2	 659	OK
 366	4000	82.2	82.2	 828	high noise
 367	   0	86.4	86.4	 659	OK
 368	1000	85.0	85.0	 520	unbonded
 369	   0	82.2	82.2	 717	OK
 370	4000	85.8	85.8	 757	high noise
 371	   0	86.4	86.4	 565	OK
 372	   0	80.7	80.7	 579	OK
 373	   0	81.1	81.1	 560	OK
 374	   0	85.3	85.3	 653	OK
 375	1000	82.5	82.5	 532	unbonded
 376	   0	78.6	78.6	 733	OK
 377	   0	81.9	81.9	 618	OK
 378	   0	80.8	80.8	 704	OK
 379	   0	81.9	81.9	 688	OK
 380	   0	86.5	86.5	 660	OK
 381	   0	80.5	80.5	 631	OK
 382	   0	78.4	78.4	 732	OK
 383	   0	84.6	84.6	 641	OK
 384	4000	82.3	82.3	 724	high noise
 385	   0	90.1	90.1	 607	OK
 386	1000	88.4	88.4	 484	unbonded
 387	1000	92.5	92.5	 520	unbonded
 388	   0	82.4	82.4	 589	OK
 389	   0	82.9	82.9	 617	OK
 390	   0	91.9	91.9	 627	OK
 391	   0	99.0	99.0	 548	OK
 392	   0	90.6	90.6	 546	OK
 393	   0	87.9	87.9	 631	OK
 394	   0	87.7	87.7	 637	OK
 395	   0	90.9	90.9	 658	OK
 396	   0	91.4	91.4	 658	OK
 397	1000	84.3	84.3	 489	unbonded
 398	   0	91.3	91.3	 597	OK
 399	1000	90.9	90.9	 481	unbonded
 400	1000	87.5	87.5	 408	unbonded
 401	4000	84.8	84.8	 812	high noise
 402	   0	90.0	90.0	 630	OK
 403	   0	86.7	86.7	 597	OK
 404	   0	95.2	95.2	 592	OK
 405	   0	79.8	79.8	 591	OK
 406	   0	89.0	89.0	 685	OK
 407	1000	85.0	85.0	 516	unbonded
 408	1000	96.8	96.8	 450	unbonded
 409	   0	86.9	86.9	 662	OK
 410	   0	88.3	88.3	 634	OK
 411	   0	87.7	87.7	 712	OK
 412	1000	83.5	83.5	 540	unbonded
 413	   0	84.4	84.4	 657	OK
 414	   0	88.4	88.4	 644	OK
 415	   0	93.1	93.1	 671	OK
 416	1000	78.2	78.2	 529	unbonded
 417	4000	86.2	86.2	 726	high noise
 418	1000	96.2	96.2	 488	unbonded
 419	1000	88.0	88.0	 523	unbonded
 420	   0	82.4	82.4	 620	OK
 421	   0	90.6	90.6	 648	OK
 422	4000	89.3	89.3	 761	high noise
 423	   0	84.6	84.6	 544	OK
 424	   0	88.5	88.5	 675	OK
 425	4000	83.2	83.2	 815	high noise
 426	   0	87.0	87.0	 568	OK
 427	   0	88.2	88.2	 554	OK
 428	   0	83.9	83.9	 687	OK
 429	   0	86.1	86.1	 626	OK
 430	   0	89.2	89.2	 563	OK
 431	   0	79.7	79.7	 698	OK
 432	   0	86.1	86.1	 717	OK
 433	   0	86.8	86.8	 599	OK
 434	   0	93.9	93.9	 682	OK
 435	   0	85.3	85.3	 549	OK
 436	   0	94.6	94.6	 599	OK
 437	   0	85.9	85.9	 686	OK
 438	1000	92.7	92.7	 494	unbonded
 439	1000	95.3	95.3	 516	unbonded
 440	   0	96.0	96.0	 549	OK
 441	   0	88.1	88.1	 711	OK
 442	1000	89.0	89.0	 483	unbonded
 443	   0	87.3	87.3	 640	OK
 444	   0	90.1	90.1	 656	OK
 445	4000	89.3	89.3	 742	high noise
 446	   0	86.2	86.2	 664	OK
 447	   0	90.7	90.7	 632	OK
 448	   0	86.6	86.6	 607	OK
 449	   0	85.6	85.6	 679	OK
 450	   0	91.0	91.0	 664	OK
 451	   0	87.1	87.1	 691	OK
 452	   0	85.6	85.6	 692	OK
 453	   0	89.3	89.3	 693	OK
 454	4000	92.8	92.8	 725	high noise
 455	1000	90.0	90.0	 530	unbonded
 456	   0	87.8	87.8	 691	OK
 457	4000	84.8	84.8	 796	high noise
 458	1000	94.8	94.8	 505	unbonded
 459	   0	86.0	86.0	 705	OK
 460	   0	87.7	87.7	 693	OK
 461	1000	93.3	93.3	 512	unbonded
 462	4000	88.4	88.4	 783	high noise
 463	   0	82.5	82.5	 635	OK
 464	4000	88.7	88.7	 726	high noise
 465	   0	82.1	82.1	 695	OK
 466	   0	87.5	87.5	 655	OK
 467	   0	86.6	86.6	 713	OK
 468	4000	94.3	94.3	 732	high noise
 469	   0	83.6	83.6	 713	OK
 470	   0	86.0	86.0	 676	OK
 471	   0	93.7	93.7	 650	OK
 472	   0	88.7	88.7	 636	OK
 473	   0	84.8	84.8	 670	OK
 474	   0	84.5	84.5	 704	OK
 475	   0	93.2	93.2	 592	OK
 476	   0	92.7	92.7	 657	OK
 477	   0	87.8	87.8	 609	OK
 478	   0	93.7	93.7	 632	OK
 479	   0	87.3	87.3	 695	OK
 480	   0	84.2	84.2	 616	OK
 481	   0	97.2	97.2	 591	OK
 482	   0	97.2	97.2	 661	OK
 483	   0	84.0	84.0	 567	OK
 484	   0	88.2	88.2	 608	OK
 485	   0	91.0	91.0	 630	OK
 486	   0	88.1	88.1	 551	OK
 487	   0	86.5	86.5	 702	OK
 488	   0	88.2	88.2	 684	OK
 489	   0	91.1	91.1	 622	OK
 490	   0	80.6	80.6	 595	OK
 491	   0	96.0	96.0	 551	OK
 492	   0	90.2	90.2	 604	OK
 493	1000	94.3	94.3	 514	unbonded
 494	   0	84.6	84.6	 611	OK
 495	   0	90.7	90.7	 703	OK
 496	1000	86.5	86.5	 505	unbonded
 497	   0	91.5	91.5	 667	OK
 498	   0	83.5	83.5	 640	OK
 499	   0	85.4	85.4	 668	OK
 500	1000	94.2	94.2	 538	unbonded
 501	   0	85.5	85.5	 668	OK
 502	   0	86.2	86.2	 700	OK
 503	4000	90.0	90.0	 752	high noise
 504	   0	88.7	88.7	 653	OK
 505	   0	87.4	87.4	 555	OK
 506	   0	89.0	89.0	 635	OK
 507	   0	98.2	98.2	 625	OK
 508	   0	89.4	89.4	 559	OK
 509	1000	94.7	94.7	 444	unbonded
 510	   0	92.3	92.3	 567	OK
 511	1000	94.5	94.5	 514	unbonded
 512	   0	69.6	69.6	 685	OK
 513	   0	72.9	72.9	 668	OK
 514	   0	69.1	69.1	 623	OK
 515	   0	72.5	72.5	 781	OK
 516	   0	74.7	74.7	 655	OK
 517	   0	76.2	76.2	 662	OK
 518	   0	75.6	75.6	 719	OK
 519	   0	74.8	74.8	 668	OK
 520	   0	73.5	73.5	 741	OK
 521	   0	75.2	75.2	 724	OK
 522	   0	77.0	77.0	 733	OK
 523	   0	80.5	80.5	 561	OK
 524	   0	75.8	75.8	 656	OK
 525	   0	74.6	74.6	 818	OK
 526	4000	72.3	72.3	 832	high noise
 527	   0	74.3	74.3	 598	OK
 528	   0	73.1	73.1	 797	OK
 529	   0	86.3	86.3	 787	OK
 530	   0	85.7	85.7	 763	OK
 531	   0	76.2	76.2	 727	OK
 532	   0	82.2	82.2	 756	OK
 533	   0	82.1	82.1	 685	OK
 534	   0	72.9	72.9	 716	OK
 535	   0	72.6	72.6	 649	OK
 536	   0	76.8	76.8	 808	OK
 537	   0	78.5	78.5	 619	OK
 538	   0	74.0	74.0	 708	OK
 539	   0	74.2	74.2	 646	OK
 540	   0	71.1	71.1	 802	OK
 541	   0	73.3	73.3	 773	OK
 542	   0	76.7	76.7	 647	OK
 543	   0	77.1	77.1	 781	OK
 544	   0	82.1	82.1	 598	OK
 545	   0	80.8	80.8	 609	OK
 546	   0	67.8	67.8	 720	OK
 547	4000	71.4	71.4	 878	high noise
 548	4000	70.3	70.3	 900	high noise
 549	   0	78.1	78.1	 648	OK
 550	   0	74.5	74.5	 809	OK
 551	   0	75.4	75.4	 642	OK
 552	   0	80.7	80.7	 820	OK
 553	   0	77.9	77.9	 645	OK
 554	4000	74.0	74.0	 964	high noise
 555	   0	75.1	75.1	 737	OK
 556	   0	74.2	74.2	 678	OK
 557	4000	70.6	70.6	 841	high noise
 558	   0	86.1	86.1	 774	OK
 559	   0	70.6	70.6	 808	OK
 560	   0	78.5	78.5	 649	OK
 561	   0	77.8	77.8	 698	OK
 562	   0	70.1	70.1	 742	OK
 563	   0	75.8	75.8	 764	OK
 564	   0	83.1	83.1	 755	OK
 565	   0	77.7	77.7	 647	OK
 566	4000	76.6	76.6	 833	high noise
 567	1000	75.5	75.5	 525	unbonded
 568	   0	74.2	74.2	 733	OK
 569	   0	80.0	80.0	 688	OK
 570	   0	74.5	74.5	 662	OK
 571	   0	76.4	76.4	 790	OK
 572	   0	76.3	76.3	 814	OK
 573	4000	79.9	79.9	 837	high noise
 574	   0	79.6	79.6	 666	OK
 575	1000	78.6	78.6	 371	unbonded
 576	   0	70.5	70.5	 660	OK
 577	   0	74.9	74.9	 676	OK
 578	   0	73.3	73.3	 766	OK
 579	4000	71.1	71.1	 833	high noise
 580	   0	67.6	67.6	 580	OK
 581	   0	72.5	72.5	 687	OK
 582	   0	77.9	77.9	 729	OK
 583	   0	73.9	73.9	 622	OK
 584	   0	72.7	72.7	 737	OK
 585	4000	66.7	66.7	 942	high noise
 586	   0	76.4	76.4	 743	OK
 587	4000	71.5	71.5	 843	high noise
 588	   0	69.4	69.4	 772	OK
 589	4000	73.9	73.9	 849	high noise
 590	   0	75.2	75.2	 602	OK
 591	   0	70.2	70.2	 658	OK
 592	   0	76.0	76.0	 687	OK
 593	   0	69.5	69.5	 745	OK
 594	   0	75.4	75.4	 591	OK
 595	   0	71.5	71.5	 829	OK
 596	4000	73.8	73.8	 837	high noise
 597	   0	75.1	75.1	 808	OK
 598	4000	76.2	76.2	 890	high noise
 599	   0	74.5	74.5	 728	OK
 600	   0	72.4	72.4	 659	OK
 601	   0	76.4	76.4	 670	OK
 602	   0	73.8	73.8	 720	OK
 603	   0	72.5	72.5	 653	OK
 604	   0	71.0	71.0	 746	OK
 605	4000	72.3	72.3	 849	high noise
 606	   0	74.1	74.1	 700	OK
 607	   0	70.6	70.6	 678	OK
 608	   0	74.0	74.0	 638	OK
 609	   0	76.2	76.2	 772	OK
 610	   0	84.4	84.4	 690	OK
 611	4000	72.9	72.9	 844	high noise
 612	   0	81.0	81.0	 775	OK
 613	   0	77.3	77.3	 610	OK
 614	   0	73.3	73.3	 783	OK
 615	   0	77.5	77.5	 656	OK
 616	4000	71.4	71.4	 866	high noise
 617	   0	70.9	70.9	 769	OK
 618	   0	76.3	76.3	 686	OK
 619	   0	72.4	72.4	 758	OK
 620	   0	76.7	76.7	 723	OK
 621	   0	75.0	75.0	 760	OK
 622	   0	78.6	78.6	 650	OK
 623	   0	72.0	72.0	 638	OK
 624	   0	72.6	72.6	 637	OK
 625	   0	71.7	71.7	 777	OK
 626	   0	71.3	71.3	 547	OK
 627	   0	72.1	72.1	 677	OK
 628	   0	73.7	73.7	 682	OK
 629	   0	78.5	78.5	 601	OK
 630	   0	72.9	72.9	 786	OK
 631	   0	82.1	82.1	 751	OK
 632	   0	72.3	72.3	 823	OK
 633	   0	76.6	76.6	 668	OK
 634	   0	76.2	76.2	 734	OK
 635	   0	78.0	78.0	 731	OK
 636	   0	78.9	78.9	 791	OK
 637	   0	76.3	76.3	 657	OK
 638	   0	73.6	73.6	 742	OK
 639	   0	74.8	74.8	 660	OK
 640	   0	91.7	91.7	 550	OK
 641	   0	87.0	87.0	 717	OK
 642	   0	85.1	85.1	 669	OK
 643	   0	84.2	84.2	 598	OK
 644	1000	89.0	89.0	 488	unbonded
 645	1000	83.6	83.6	 519	unbonded
 646	   0	87.6	87.6	 714	OK
 647	   0	92.2	92.2	 649	OK
 648	1000	79.2	79.2	 462	unbonded
 649	   0	82.5	82.5	 552	OK
 650	1000	86.6	86.6	 490	unbonded
 651	   0	93.3	93.3	 664	OK
 652	   0	83.2	83.2	 705	OK
 653	4000	88.9	88.9	 742	high noise
 654	   0	86.6	86.6	 707	OK
 655	   0	92.4	92.4	 567	OK
 656	   0	84.2	84.2	 621	OK
 657	   0	90.6	90.6	 552	OK
 658	1000	88.4	88.4	 536	unbonded
 659	   0	83.4	83.4	 650	OK
 660	1000	87.0	87.0	 521	unbonded
 661	   0	83.2	83.2	 558	OK
 662	4000	83.7	83.7	 743	high noise
 663	   0	85.0	85.0	 611	OK
 664	1000	77.8	77.8	 509	unbonded
 665	   0	80.2	80.2	 644	OK
 666	   0	93.0	93.0	 653	OK
 667	   0	83.0	83.0	 635	OK
 668	   0	86.4	86.4	 551	OK
 669	   0	89.8	89.8	 575	OK
 670	   0	87.1	87.1	 675	OK
 671	   0	84.7	84.7	 582	OK
 672	   0	86.2	86.2	 581	OK
 673	1000	92.4	92.4	 538	unbonded
 674	4000	86.3	86.3	 732	high noise
 675	   0	83.5	83.5	 583	OK
 676	1000	76.4	76.4	 537	unbonded
 677	   0	80.6	80.6	 661	OK
 678	4000	80.3	80.3	 776	high noise
 679	   0	89.1	89.1	 673	OK
 680	   0	83.3	83.3	 546	OK
 681	1000	84.6	84.6	 484	unbonded
 682	   0	82.8	82.8	 621	OK
 683	8000	83.9	83.9	 540	partbonded
 684	1000	79.5	79.5	 529	unbonded
 685	   0	85.9	85.9	 677	OK
 686	   0	87.8	87.8	 598	OK
 687	4000	88.0	88.0	 786	high noise
 688	   0	76.6	76.6	 707	OK
 689	   0	80.5	80.5	 588	OK
 690	   0	91.3	91.3	 601	OK
 691	   0	85.6	85.6	 558	OK
 692	   0	90.7	90.7	 690	OK
 693	4000	85.7	85.7	 796	high noise
 694	4000	83.7	83.7	 783	high noise
 695	   0	91.4	91.4	 575	OK
 696	   0	82.4	82.4	 627	OK
 697	1000	93.8	93.8	 502	unbonded
 698	4000	84.4	84.4	 756	high noise
 699	   0	86.2	86.2	 642	OK
 700	   0	85.5	85.5	 622	OK
 701	   0	87.9	87.9	 691	OK
 702	   0	84.4	84.4	 661	OK
 703	   0	80.2	80.2	 587	OK
 704	   0	89.4	89.4	 693	OK
 705	   0	91.3	91.3	 613	OK
 706	   0	86.2	86.2	 669	OK
 707	4000	92.3	92.3	 747	high noise
 708	4000	78.7	78.7	 834	high noise
 709	   0	86.1	86.1	 695	OK
 710	   0	80.4	80.4	 641	OK
 711	   0	88.6	88.6	 717	OK
 712	   0	80.4	80.4	 713	OK
 713	   0	89.7	89.7	 705	OK
 714	   0	89.3	89.3	 610	OK
 715	1000	83.3	83.3	 540	unbonded
 716	   0	89.8	89.8	 585	OK
 717	   0	86.3	86.3	 702	OK
 718	   0	89.3	89.3	 622	OK
 719	   0	81.9	81.9	 702	OK
 720	   0	91.0	91.0	 710	OK
 721	   0	77.7	77.7	 602	OK
 722	1000	84.0	84.0	 538	unbonded
 723	   0	87.9	87.9	 591	OK
 724	   0	81.8	81.8	 674	OK
 725	1000	84.7	84.7	 536	unbonded
 726	   0	88.2	88.2	 671	OK
 727	1000	85.6	85.6	 533	unbonded
 728	4000	87.6	87.6	 720	high noise
 729	   0	86.5	86.5	 663	OK
 730	   0	77.1	77.1	 648	OK
 731	   0	79.1	79.1	 658	OK
 732	   0	87.4	87.4	 607	OK
 733	   0	83.3	83.3	 573	OK
 734	4000	74.5	74.5	 735	high noise
 735	   0	89.5	89.5	 656	OK
 736	   0	83.8	83.8	 677	OK
 737	   0	88.1	88.1	 589	OK
 738	   0	87.4	87.4	 556	OK
 739	4000	78.8	78.8	 747	high noise
 740	8000	89.4	89.4	 540	partbonded
 741	   0	80.8	80.8	 568	OK
 742	   0	94.8	94.8	 542	OK
 743	   0	83.8	83.8	 708	OK
 744	   0	82.5	82.5	 591	OK
 745	   0	79.6	79.6	 693	OK
 746	   0	76.5	76.5	 666	OK
 747	   0	82.6	82.6	 594	OK
 748	   0	76.5	76.5	 644	OK
 749	   0	82.5	82.5	 626	OK
 750	   0	86.5	86.5	 622	OK
 751	   0	87.8	87.8	 601	OK
 752	   0	83.7	83.7	 666	OK
 753	   0	85.9	85.9	 609	OK
 754	   0	80.5	80.5	 586	OK
 755	   0	83.3	83.3	 582	OK
 756	1000	89.9	89.9	 530	unbonded
 757	   0	82.8	82.8	 651	OK
 758	   0	89.9	89.9	 542	OK
 759	   0	93.4	93.4	 653	OK
 760	   0	89.5	89.5	 661	OK
 761	1000	74.4	74.4	 522	unbonded
 762	1000	75.4	75.4	 521	unbonded
 763	   0	87.7	87.7	 646	OK
 764	   0	88.4	88.4	 589	OK
 765	1000	97.9	97.9	 518	unbonded
 766	   0	79.5	79.5	 713	OK
 767	   0	83.8	83.8	 615	OK
 768	4000	73.8	73.8	 815	high noise
 769	   0	74.0	74.0	 620	OK
 770	   0	76.1	76.1	 703	OK
 771	1000	79.6	79.6	 503	unbonded
 772	   0	74.6	74.6	 705	OK
 773	   0	80.2	80.2	 704	OK
 774	   0	75.6	75.6	 657	OK
 775	   0	75.6	75.6	 735	OK
 776	   0	73.0	73.0	 674	OK
 777	   0	76.0	76.0	 656	OK
 778	   0	81.9	81.9	 609	OK
 779	   0	80.0	80.0	 668	OK
 780	4000	75.9	75.9	 836	high noise
 781	1000	78.1	78.1	 509	unbonded
 782	   0	76.7	76.7	 555	OK
 783	   0	74.1	74.1	 779	OK
 784	1000	73.1	73.1	 494	unbonded
 785	   0	79.0	79.0	 740	OK
 786	   0	74.9	74.9	 572	OK
 787	   0	77.3	77.3	 734	OK
 788	   0	80.9	80.9	 687	OK
 789	   0	79.9	79.9	 574	OK
 790	   0	80.1	80.1	 660	OK
 791	   0	79.6	79.6	 780	OK
 792	   0	77.8	77.8	 681	OK
 793	   0	78.8	78.8	 542	OK
 794	   0	82.0	82.0	 634	OK
 795	   0	82.1	82.1	 785	OK
 796	1000	75.8	75.8	 482	unbonded
 797	   0	85.0	85.0	 607	OK
 798	   0	73.8	73.8	 704	OK
 799	   0	72.3	72.3	 664	OK
 800	   0	78.2	78.2	 685	OK
 801	   0	85.2	85.2	 636	OK
 802	   0	77.0	77.0	 726	OK
 803	   0	82.5	82.5	 670	OK
 804	   0	82.7	82.7	 600	OK
 805	   0	72.4	72.4	 745	OK
 806	   0	79.0	79.0	 547	OK
 807	   0	74.3	74.3	 740	OK
 808	   0	78.9	78.9	 680	OK
 809	   0	80.9	80.9	 804	OK
 810	   0	73.8	73.8	 578	OK
 811	   0	83.5	83.5	 725	OK
 812	   0	72.7	72.7	 671	OK
 813	   0	84.0	84.0	 691	OK
 814	   0	79.7	79.7	 736	OK
 815	   0	79.7	79.7	 758	OK
 816	   0	84.5	84.5	 736	OK
 817	   0	75.8	75.8	 665	OK
 818	   0	83.6	83.6	 746	OK
 819	4000	73.6	73.6	 873	high noise
 820	   0	78.0	78.0	 731	OK
 821	   0	77.5	77.5	 695	OK
 822	   0	72.7	72.7	 739	OK
 823	4000	82.2	82.2	 868	high noise
 824	   0	73.1	73.1	 666	OK
 825	   0	84.2	84.2	 731	OK
 826	   0	80.3	80.3	 799	OK
 827	   0	75.3	75.3	 781	OK
 828	   0	85.7	85.7	 682	OK
 829	4000	82.1	82.1	 835	high noise
 830	   0	83.1	83.1	 653	OK
 831	   0	87.7	87.7	 641	OK
 832	1000	79.9	79.9	 529	unbonded
 833	   0	83.9	83.9	 601	OK
 834	   0	87.5	87.5	 740	OK
 835	   0	88.8	88.8	 693	OK
 836	   0	77.5	77.5	 704	OK
 837	   0	82.0	82.0	 705	OK
 838	   0	75.1	75.1	 767	OK
 839	   0	85.9	85.9	 740	OK
 840	   0	83.0	83.0	 690	OK
 841	   0	77.1	77.1	 761	OK
 842	4000	75.9	75.9	 862	high noise
 843	   0	75.4	75.4	 630	OK
 844	   0	76.7	76.7	 722	OK
 845	4000	74.8	74.8	 827	high noise
 846	   0	84.9	84.9	 713	OK
 847	   0	75.9	75.9	 753	OK
 848	   0	82.9	82.9	 680	OK
 849	   0	78.9	78.9	 619	OK
 850	4000	77.9	77.9	 818	high noise
 851	   0	78.1	78.1	 676	OK
 852	   0	80.4	80.4	 732	OK
 853	   0	80.4	80.4	 757	OK
 854	   0	78.1	78.1	 781	OK
 855	   0	75.3	75.3	 692	OK
 856	4000	77.6	77.6	 813	high noise
 857	4000	79.9	79.9	 843	high noise
 858	   0	77.5	77.5	 671	OK
 859	   0	77.8	77.8	 763	OK
 860	   0	72.9	72.9	 748	OK
 861	4000	81.4	81.4	 830	high noise
 862	4000	81.8	81.8	 845	high noise
 863	   0	80.8	80.8	 759	OK
 864	   0	75.3	75.3	 697	OK
 865	   0	75.0	75.0	 697	OK
 866	   0	79.1	79.1	 798	OK
 867	4000	83.3	83.3	 859	high noise
 868	   0	76.6	76.6	 783	OK
 869	   0	82.0	82.0	 719	OK
 870	   0	86.2	86.2	 640	OK
 871	   0	75.2	75.2	 777	OK
 872	   0	72.3	72.3	 721	OK
 873	   0	81.3	81.3	 794	OK
 874	4000	77.1	77.1	 825	high noise
 875	   0	78.9	78.9	 670	OK
 876	   0	82.2	82.2	 732	OK
 877	   0	76.3	76.3	 673	OK
 878	   0	84.9	84.9	 645	OK
 879	   0	80.8	80.8	 775	OK
 880	   0	81.0	81.0	 661	OK
 881	   0	79.6	79.6	 608	OK
 882	4000	78.7	78.7	 849	high noise
 883	1000	79.1	79.1	 488	unbonded
 884	   0	72.4	72.4	 703	OK
 885	   0	77.5	77.5	 633	OK
 886	   0	77.4	77.4	 806	OK
 887	   0	77.5	77.5	 698	OK
 888	1000	73.9	73.9	 480	unbonded
 889	   0	88.5	88.5	 637	OK
 890	   0	77.3	77.3	 719	OK
 891	   0	78.2	78.2	 723	OK
 892	4000	80.5	80.5	 815	high noise
 893	   0	74.8	74.8	 718	OK
 894	   0	81.5	81.5	 747	OK
 895	   0	75.8	75.8	 674	OK
 896	   0	86.1	86.1	 690	OK
 897	   0	83.3	83.3	 717	OK
 898	   0	91.2	91.2	 698	OK
 899	4000	87.9	87.9	 788	high noise
 900	4000	78.1	78.1	 798	high noise
 901	   0	82.4	82.4	 751	OK
 902	   0	97.6	97.6	 560	OK
 903	   0	83.7	83.7	 693	OK
 904	   0	81.3	81.3	 736	OK
 905	4000	84.5	84.5	 764	high noise
 906	   0	81.4	81.4	 704	OK
 907	   0	76.7	76.7	 648	OK
 908	4000	83.4	83.4	 773	high noise
 909	   0	82.3	82.3	 750	OK
 910	   0	93.1	93.1	 641	OK
 911	   0	82.9	82.9	 716	OK
 912	   0	84.8	84.8	 639	OK
 913	   0	85.4	85.4	 701	OK
 914	   0	84.4	84.4	 658	OK
 915	   0	76.1	76.1	 666	OK
 916	1000	81.6	81.6	 517	unbonded
 917	   0	79.3	79.3	 632	OK
 918	   0	76.4	76.4	 653	OK
 919	   0	83.9	83.9	 674	OK
 920	1000	78.9	78.9	 480	unbonded
 921	   0	84.6	84.6	 634	OK
 922	4000	69.1	69.1	 784	high noise
 923	   0	82.3	82.3	 564	OK
 924	   0	78.0	78.0	 668	OK
 925	   0	74.6	74.6	 701	OK
 926	   0	80.3	80.3	 726	OK
 927	   0	82.8	82.8	 636	OK
 928	4000	81.8	81.8	 780	high noise
 929	   0	81.1	81.1	 581	OK
 930	4000	83.7	83.7	 801	high noise
 931	   0	81.4	81.4	 582	OK
 932	   0	76.5	76.5	 663	OK
 933	   0	73.8	73.8	 641	OK
 934	4000	85.4	85.4	 781	high noise
 935	   0	82.9	82.9	 646	OK
 936	   0	78.1	78.1	 597	OK
 937	   0	82.5	82.5	 668	OK
 938	4000	80.1	80.1	 841	high noise
 939	   0	80.6	80.6	 664	OK
 940	   0	88.6	88.6	 652	OK
 941	4000	76.0	76.0	 800	high noise
 942	   0	77.6	77.6	 571	OK
 943	   0	85.0	85.0	 697	OK
 944	   0	87.9	87.9	 551	OK
 945	4000	80.2	80.2	 778	high noise
 946	4000	85.8	85.8	 767	high noise
 947	   0	85.3	85.3	 586	OK
 948	4000	80.5	80.5	 833	high noise
 949	   0	81.1	81.1	 571	OK
 950	4000	85.7	85.7	 863	high noise
 951	   0	90.3	90.3	 682	OK
 952	4000	85.3	85.3	 787	high noise
 953	   0	76.6	76.6	 585	OK
 954	   0	74.8	74.8	 730	OK
 955	   0	81.7	81.7	 686	OK
 956	   0	88.1	88.1	 724	OK
 957	   0	89.9	89.9	 637	OK
 958	   0	80.6	80.6	 562	OK
 959	   0	93.6	93.6	 646	OK
 960	4000	81.5	81.5	 763	high noise
 961	4000	77.8	77.8	 804	high noise
 962	   0	75.1	75.1	 726	OK
 963	   0	76.4	76.4	 683	OK
 964	   0	82.6	82.6	 687	OK
 965	4000	76.4	76.4	 791	high noise
 966	   0	80.0	80.0	 645	OK
 967	   0	77.4	77.4	 651	OK
 968	   0	73.4	73.4	 610	OK
 969	   0	84.1	84.1	 707	OK
 970	   0	82.9	82.9	 566	OK
 971	   0	81.9	81.9	 694	OK
 972	   0	80.2	80.2	 635	OK
 973	   0	81.0	81.0	 698	OK
 974	1000	83.8	83.8	 539	unbonded
 975	1000	86.5	86.5	 501	unbonded
 976	   0	81.0	81.0	 732	OK
 977	   0	73.3	73.3	 627	OK
 978	   0	83.5	83.5	 670	OK
 979	   0	76.2	76.2	 666	OK
 980	4000	75.3	75.3	 776	high noise
 981	   0	77.7	77.7	 679	OK
 982	   0	80.3	80.3	 664	OK
 983	   0	79.1	79.1	 673	OK
 984	   0	77.7	77.7	 567	OK
 985	   0	84.1	84.1	 655	OK
 986	   0	81.0	81.0	 611	OK
 987	   0	74.0	74.0	 627	OK
 988	   0	72.7	72.7	 647	OK
 989	   0	79.5	79.5	 673	OK
 990	1000	79.1	79.1	 528	unbonded
 991	   0	85.2	85.2	 652	OK
 992	   0	74.2	74.2	 657	OK
 993	   0	75.5	75.5	 689	OK
 994	1000	71.7	71.7	 539	unbonded
 995	   0	75.3	75.3	 668	OK
 996	   0	76.1	76.1	 573	OK
 997	   0	84.2	84.2	 673	OK
 998	1000	78.3	78.3	 506	unbonded
 999	   0	86.3	86.3	 615	OK
1000	   0	84.0	84.0	 685	OK
1001	   0	79.1	79.1	 586	OK
1002	1000	79.2	79.2	 465	unbonded
1003	   0	74.9	74.9	 551	OK
1004	4000	75.9	75.9	 816	high noise
1005	   0	75.2	75.2	 614	OK
1006	   0	76.7	76.7	 586	OK
1007	1000	78.1	78.1	 536	unbonded
1008	   0	75.9	75.9	 699	OK
1009	   0	71.3	71.3	 604	OK
1010	   0	81.5	81.5	 560	OK
1011	4000	74.5	74.5	 772	high noise
1012	   0	78.0	78.0	 546	OK
1013	   0	78.8	78.8	 699	OK
1014	   0	74.4	74.4	 624	OK
1015	   0	77.8	77.8	 596	OK
1016	   0	85.5	85.5	 662	OK
1017	1000	81.5	81.5	 500	unbonded
1018	   0	75.6	75.6	 590	OK
1019	   0	73.1	73.1	 612	OK
1020	   0	83.6	83.6	 634	OK
1021	4000	74.2	74.2	 772	high noise
1022	   0	77.5	77.5	 556	OK
1023	4000	79.6	79.6	 829	high noise
1024	   0	89.0	89.0	 673	OK
1025	   0	84.1	84.1	 617	OK
1026	   0	89.9	89.9	 569	OK
1027	   0	89.8	89.8	 684	OK
1028	   0	83.6	83.6	 595	OK
1029	4000	86.0	86.0	 702	high noise
1030	1000	85.1	85.1	 471	unbonded
1031	   0	87.8	87.8	 614	OK
1032	   0	92.6	92.6	 579	OK
1033	   0	84.5	84.5	 677	OK
1034	   0	86.0	86.0	 676	OK
1035	   0	76.7	76.7	 636	OK
1036	   0	88.6	88.6	 632	OK
1037	   0	81.1	81.1	 632	OK
1038	   0	93.5	93.5	 583	OK
1039	   0	90.0	90.0	 547	OK
1040	   0	93.3	93.3	 672	OK
1041	   0	88.2	88.2	 622	OK
1042	   0	88.1	88.1	 609	OK
1043	   0	81.2	81.2	 577	OK
1044	   0	81.6	81.6	 591	OK
1045	1000	86.0	86.0	 539	unbonded
1046	   0	87.0	87.0	 659	OK
1047	   0	79.5	79.5	 601	OK
1048	   0	83.0	83.0	 574	OK
1049	1000	85.8	85.8	 459	unbonded
1050	1000	98.9	98.9	 507	unbonded
1051	   0	87.9	87.9	 582	OK
1052	   0	89.8	89.8	 585	OK
1053	1000	76.5	76.5	 439	unbonded
1054	   0	85.0	85.0	 549	OK
1055	   0	83.9	83.9	 655	OK
1056	   0	91.5	91.5	 559	OK
1057	   0	85.2	85.2	 554	OK
1058	   0	78.5	78.5	 591	OK
1059	1000	81.2	81.2	 521	unbonded
1060	4000	78.9	78.9	 690	high noise
1061	   0	87.1	87.1	 545	OK
1062	   0	89.9	89.9	 571	OK
1063	1000	83.6	83.6	 510	unbonded
1064	   0	88.1	88.1	 680	OK
1065	1000	86.3	86.3	 482	unbonded
1066	   0	79.8	79.8	 553	OK
1067	   0	83.2	83.2	 575	OK
1068	   0	94.1	94.1	 588	OK
1069	4000	84.3	84.3	 702	high noise
1070	4000	87.9	87.9	 751	high noise
1071	   0	83.4	83.4	 559	OK
1072	1000	89.4	89.4	 540	unbonded
1073	   0	78.6	78.6	 612	OK
1074	   0	86.7	86.7	 570	OK
1075	   0	89.1	89.1	 605	OK
1076	   0	87.4	87.4	 618	OK
1077	   0	80.4	80.4	 635	OK
1078	   0	87.6	87.6	 597	OK
1079	   0	83.6	83.6	 665	OK
1080	   0	87.9	87.9	 543	OK
1081	1000	85.2	85.2	 539	unbonded
1082	   0	87.9	87.9	 550	OK
1083	   0	84.7	84.7	 664	OK
1084	   0	97.6	97.6	 648	OK
1085	   0	90.8	90.8	 672	OK
1086	   0	82.2	82.2	 609	OK
1087	   0	87.4	87.4	 639	OK
1088	   0	75.3	75.3	 671	OK
1089	   0	95.4	95.4	 589	OK
1090	   0	91.0	91.0	 581	OK
1091	   0	92.4	92.4	 680	OK
1092	   0	83.7	83.7	 653	OK
1093	4000	78.0	78.0	 698	high noise
1094	4000	82.5	82.5	 720	high noise
1095	4000	87.6	87.6	 688	high noise
1096	1000	93.5	93.5	 481	unbonded
1097	   0	83.4	83.4	 589	OK
1098	   0	87.4	87.4	 568	OK
1099	   0	83.4	83.4	 639	OK
1100	   0	79.1	79.1	 570	OK
1101	   0	88.2	88.2	 613	OK
1102	   0	85.9	85.9	 542	OK
1103	   0	86.4	86.4	 584	OK
1104	1000	81.5	81.5	 527	unbonded
1105	1000	88.0	88.0	 526	unbonded
1106	   0	82.8	82.8	 594	OK
1107	8000	90.3	90.3	 540	partbonded
1108	   0	83.7	83.7	 676	OK
1109	   0	79.6	79.6	 592	OK
1110	4000	90.1	90.1	 754	high noise
1111	   0	81.7	81.7	 554	OK
1112	1000	92.6	92.6	 425	unbonded
1113	   0	87.1	87.1	 636	OK
1114	   0	85.1	85.1	 649	OK
1115	   0	85.9	85.9	 638	OK
1116	   0	89.0	89.0	 558	OK
1117	4000	82.3	82.3	 709	high noise
1118	   0	86.0	86.0	 566	OK
1119	4000	87.1	87.1	 736	high noise
1120	   0	81.5	81.5	 582	OK
1121	   0	86.2	86.2	 647	OK
1122	   0	91.9	91.9	 552	OK
1123	4000	84.9	84.9	 721	high noise
1124	1000	82.9	82.9	 477	unbonded
1125	4000	86.5	86.5	 704	high noise
1126	1000	86.5	86.5	 507	unbonded
1127	4000	88.8	88.8	 688	high noise
1128	   0	85.5	85.5	 617	OK
1129	4000	92.9	92.9	 694	high noise
1130	   0	86.3	86.3	 549	OK
1131	   0	72.1	72.1	 645	OK
1132	1000	88.9	88.9	 464	unbonded
1133	1000	83.9	83.9	 489	unbonded
1134	   0	88.2	88.2	 646	OK
1135	   0	87.7	87.7	 587	OK
1136	   0	84.2	84.2	 572	OK
1137	   0	75.2	75.2	 599	OK
1138	   0	87.4	87.4	 571	OK
1139	   0	91.0	91.0	 568	OK
1140	1000	81.9	81.9	 454	unbonded
1141	   0	82.2	82.2	 594	OK
1142	   0	83.6	83.6	 680	OK
1143	   0	85.9	85.9	 566	OK
1144	   0	82.1	82.1	 650	OK
1145	   0	82.7	82.7	 686	OK
1146	1000	91.1	91.1	 504	unbonded
1147	   0	83.2	83.2	 626	OK
1148	   0	79.8	79.8	 684	OK
1149	1000	80.7	80.7	 421	unbonded
1150	   0	87.2	87.2	 622	OK
1151	1000	89.8	89.8	 360	unbonded
1152	   0	75.2	75.2	 633	OK
1153	1000	97.7	97.7	 456	unbonded
1154	   0	81.2	81.2	 646	OK
1155	   0	86.5	86.5	 650	OK
1156	   0	90.0	90.0	 684	OK
1157	   0	80.1	80.1	 605	OK
1158	   0	88.2	88.2	 650	OK
1159	1000	92.4	92.4	 539	unbonded
1160	   0	90.3	90.3	 664	OK
1161	1000	89.3	89.3	 537	unbonded
1162	4000	88.8	88.8	 724	high noise
1163	1000	85.7	85.7	 483	unbonded
1164	   0	95.2	95.2	 669	OK
1165	   0	84.1	84.1	 576	OK
1166	   0	85.3	85.3	 606	OK
1167	4000	83.9	83.9	 755	high noise
1168	1000	86.0	86.0	 500	unbonded
1169	4000	87.7	87.7	 727	high noise
1170	4000	89.6	89.6	 691	high noise
1171	1000	88.4	88.4	 501	unbonded
1172	   0	90.0	90.0	 553	OK
1173	   0	82.7	82.7	 630	OK
1174	   0	88.0	88.0	 602	OK
1175	1000	91.2	91.2	 503	unbonded
1176	   0	94.5	94.5	 617	OK
1177	4000	77.5	77.5	 698	high noise
1178	   0	87.4	87.4	 622	OK
1179	   0	83.5	83.5	 609	OK
1180	   0	90.8	90.8	 571	OK
1181	   0	89.4	89.4	 635	OK
1182	   0	83.3	83.3	 674	OK
1183	1000	88.8	88.8	 538	unbonded
1184	   0	85.6	85.6	 672	OK
1185	   0	86.9	86.9	 588	OK
1186	   0	88.4	88.4	 666	OK
1187	   0	84.3	84.3	 619	OK
1188	   0	85.9	85.9	 679	OK
1189	   0	84.8	84.8	 660	OK
1190	   0	89.5	89.5	 609	OK
1191	   0	81.5	81.5	 610	OK
1192	   0	84.4	84.4	 596	OK
1193	   0	89.6	89.6	 552	OK
1194	   0	86.6	86.6	 653	OK
1195	   0	82.1	82.1	 544	OK
1196	   0	88.0	88.0	 634	OK
1197	   0	86.9	86.9	 611	OK
1198	   0	91.8	91.8	 636	OK
1199	   0	94.5	94.5	 597	OK
1200	   0	84.7	84.7	 652	OK
1201	1000	84.1	84.1	 469	unbonded
1202	   0	89.1	89.1	 676	OK
1203	   0	91.4	91.4	 611	OK
1204	4000	88.0	88.0	 724	high noise
1205	   0	87.1	87.1	 614	OK
1206	   0	87.3	87.3	 614	OK
1207	1000	86.7	86.7	 434	unbonded
1208	   0	99.6	99.6	 610	OK
1209	   0	90.1	90.1	 615	OK
1210	4000	86.8	86.8	 695	high noise
1211	4000	96.2	96.2	 713	high noise
1212	   0	91.4	91.4	 608	OK
1213	   0	81.4	81.4	 639	OK
1214	4000	90.6	90.6	 712	high noise
1215	   0	87.3	87.3	 679	OK
1216	   0	88.3	88.3	 569	OK
1217	   0	94.8	94.8	 626	OK
1218	4000	86.0	86.0	 692	high noise
1219	1000	83.5	83.5	 499	unbonded
1220	1000	88.3	88.3	 530	unbonded
1221	   0	94.7	94.7	 548	OK
1222	   0	94.1	94.1	 634	OK
1223	   0	99.2	99.2	 552	OK
1224	   0	86.6	86.6	 555	OK
1225	   0	91.2	91.2	 580	OK
1226	4000	91.5	91.5	 691	high noise
1227	   0	90.5	90.5	 652	OK
1228	   0	92.4	92.4	 570	OK
1229	   0	91.7	91.7	 545	OK
1230	   0	82.1	82.1	 655	OK
1231	   0	93.9	93.9	 674	OK
1232	   0	83.8	83.8	 679	OK
1233	   0	87.5	87.5	 617	OK
1234	4000	84.0	84.0	 724	high noise
1235	   0	96.9	96.9	 603	OK
1236	1000	99.0	99.0	 448	unbonded
1237	4000	86.2	86.2	 711	high noise
1238	   0	80.2	80.2	 580	OK
1239	   0	88.7	88.7	 685	OK
1240	4000	87.3	87.3	 693	high noise
1241	1000	95.9	95.9	 489	unbonded
1242	   0	92.3	92.3	 616	OK
1243	   0	82.8	82.8	 590	OK
1244	1000	88.2	88.2	 528	unbonded
1245	   0	90.3	90.3	 669	OK
1246	   0	84.0	84.0	 682	OK
1247	1000	91.6	91.6	 420	unbonded
1248	   0	84.6	84.6	 676	OK
1249	   0	91.3	91.3	 563	OK
1250	   0	85.1	85.1	 688	OK
1251	   0	91.9	91.9	 598	OK
1252	   0	91.2	91.2	 660	OK
1253	   0	87.9	87.9	 570	OK
1254	   0	84.0	84.0	 568	OK
1255	4000	81.5	81.5	 793	high noise
1256	1000	79.8	79.8	 530	unbonded
1257	   0	87.8	87.8	 585	OK
1258	4000	86.7	86.7	 709	high noise
1259	   0	80.4	80.4	 603	OK
1260	1000	86.4	86.4	 240	unbonded
1261	1000	88.4	88.4	 379	unbonded
1262	   0	83.9	83.9	 651	OK
1263	1000	85.7	85.7	 475	unbonded
1264	1000	86.3	86.3	 416	unbonded
1265	   0	83.7	83.7	 631	OK
1266	1000	92.1	92.1	 538	unbonded
1267	   0	86.0	86.0	 621	OK
1268	1000	86.0	86.0	 518	unbonded
1269	   0	81.5	81.5	 619	OK
1270	4000	78.4	78.4	 758	high noise
1271	   0	86.9	86.9	 575	OK
1272	   0	88.2	88.2	 651	OK
1273	   0	87.9	87.9	 580	OK
1274	1000	86.7	86.7	 501	unbonded
1275	1000	84.5	84.5	   7	unbonded
1276	1000	83.1	83.1	 536	unbonded
1277	1000	88.3	88.3	 311	unbonded
1278	   0	84.6	84.6	 684	OK
1279	   0	93.8	93.8	 601	OK
1280	   0	96.0	96.0	 681	OK
1281	4000	89.2	89.2	 762	high noise
1282	   0	96.5	96.5	 643	OK
1283	   0	97.0	97.0	 681	OK
1284	   0	93.6	93.6	 597	OK
1285	   0	88.3	88.3	 594	OK
1286	1000	94.4	94.4	 538	unbonded
1287	   0	90.4	90.4	 620	OK
1288	4000	100.6	100.6	 719	high noise
1289	1000	103.2	103.2	 509	unbonded
1290	   0	94.5	94.5	 649	OK
1291	   0	99.5	99.5	 642	OK
1292	   0	99.4	99.4	 653	OK
1293	   0	96.7	96.7	 589	OK
1294	   0	91.4	91.4	 556	OK
1295	   0	94.7	94.7	 583	OK
1296	   0	103.8	103.8	 581	OK
1297	   0	94.3	94.3	 623	OK
1298	   0	90.2	90.2	 549	OK
1299	   0	101.1	101.1	 549	OK
1300	4000	94.8	94.8	 714	high noise
1301	   0	98.7	98.7	 551	OK
1302	   0	99.5	99.5	 567	OK
1303	   0	94.7	94.7	 676	OK
1304	   0	100.5	100.5	 589	OK
1305	   0	92.6	92.6	 613	OK
1306	   0	99.4	99.4	 635	OK
1307	   0	95.0	95.0	 568	OK
1308	   0	92.5	92.5	 552	OK
1309	   0	102.2	102.2	 560	OK
1310	   0	102.4	102.4	 575	OK
1311	4000	95.6	95.6	 698	high noise
1312	   0	101.4	101.4	 668	OK
1313	1000	104.0	104.0	 489	unbonded
1314	1000	97.5	97.5	 502	unbonded
1315	   0	99.1	99.1	 588	OK
1316	   0	93.4	93.4	 591	OK
1317	   0	94.6	94.6	 587	OK
1318	   0	96.9	96.9	 602	OK
1319	1000	100.3	100.3	 536	unbonded
1320	   0	98.6	98.6	 598	OK
1321	   0	95.2	95.2	 671	OK
1322	1000	100.2	100.2	 482	unbonded
1323	   0	101.6	101.6	 650	OK
1324	   0	98.7	98.7	 593	OK
1325	4000	93.3	93.3	 779	high noise
1326	   0	101.0	101.0	 679	OK
1327	   0	96.2	96.2	 578	OK
1328	   0	92.6	92.6	 636	OK
1329	   0	109.6	109.6	 662	OK
1330	   0	86.8	86.8	 580	OK
1331	   0	102.3	102.3	 634	OK
1332	   0	96.7	96.7	 589	OK
1333	   0	89.2	89.2	 608	OK
1334	4000	97.7	97.7	 707	high noise
1335	   0	95.3	95.3	 673	OK
1336	   0	95.1	95.1	 559	OK
1337	1000	99.5	99.5	 526	unbonded
1338	1000	97.5	97.5	 531	unbonded
1339	   0	88.4	88.4	 692	OK
1340	   0	106.4	106.4	 555	OK
1341	   0	102.9	102.9	 619	OK
1342	1000	99.6	99.6	 384	unbonded
1343	1000	96.4	96.4	 514	unbonded
1344	1000	95.3	95.3	 524	unbonded
1345	   0	98.0	98.0	 640	OK
1346	1000	97.6	97.6	 467	unbonded
1347	   0	97.4	97.4	 576	OK
1348	4000	97.0	97.0	 712	high noise
1349	   0	96.5	96.5	 581	OK
1350	   0	102.5	102.5	 544	OK
1351	   0	104.8	104.8	 580	OK
1352	1000	100.0	100.0	 498	unbonded
1353	4000	90.9	90.9	 723	high noise
1354	1000	96.3	96.3	 538	unbonded
1355	   0	102.3	102.3	 615	OK
1356	   0	97.4	97.4	 653	OK
1357	   0	95.4	95.4	 557	OK
1358	1000	93.3	93.3	 537	unbonded
1359	4000	101.8	101.8	 697	high noise
1360	   0	106.2	106.2	 579	OK
1361	   0	98.7	98.7	 665	OK
1362	   0	101.0	101.0	 594	OK
1363	   0	98.2	98.2	 549	OK
1364	   0	98.2	98.2	 544	OK
1365	   0	103.0	103.0	 640	OK
1366	   0	93.8	93.8	 600	OK
1367	   0	96.7	96.7	 600	OK
1368	   0	98.7	98.7	 674	OK
1369	   0	97.2	97.2	 646	OK
1370	1000	97.8	97.8	 522	unbonded
1371	   0	104.9	104.9	 647	OK
1372	   0	102.2	102.2	 575	OK
1373	   0	103.9	103.9	 630	OK
1374	   0	103.6	103.6	 680	OK
1375	   0	102.6	102.6	 542	OK
1376	4000	97.9	97.9	 777	high noise
1377	   0	104.2	104.2	 625	OK
1378	   0	101.9	101.9	 666	OK
1379	   0	102.6	102.6	 595	OK
1380	   0	98.8	98.8	 574	OK
1381	1000	90.5	90.5	 507	unbonded
1382	   0	104.2	104.2	 592	OK
1383	   0	94.4	94.4	 596	OK
1384	   0	99.8	99.8	 561	OK
1385	   0	102.0	102.0	 571	OK
1386	   0	95.7	95.7	 580	OK
1387	4000	97.5	97.5	 700	high noise
1388	1000	99.0	99.0	 470	unbonded
1389	   0	104.3	104.3	 592	OK
1390	   0	94.4	94.4	 662	OK
1391	   0	98.4	98.4	 627	OK
1392	   0	105.5	105.5	 627	OK
1393	1000	97.4	97.4	 505	unbonded
1394	1000	100.3	100.3	 538	unbonded
1395	   0	101.0	101.0	 558	OK
1396	   0	93.1	93.1	 692	OK
1397	   0	99.8	99.8	 642	OK
1398	   0	105.8	105.8	 612	OK
1399	   0	100.5	100.5	 637	OK
1400	   0	99.6	99.6	 576	OK
1401	1000	93.5	93.5	 411	unbonded
1402	   0	93.9	93.9	 647	OK
1403	   0	104.6	104.6	 642	OK
1404	1000	109.2	109.2	 528	unbonded
1405	   0	91.8	91.8	 679	OK
1406	4000	100.5	100.5	 701	high noise
1407	   0	95.6	95.6	 546	OK
1408	   0	83.5	83.5	 691	OK
1409	4000	83.3	83.3	 766	high noise
1410	   0	81.5	81.5	 620	OK
1411	4000	78.6	78.6	 776	high noise
1412	   0	84.8	84.8	 690	OK
1413	   0	77.8	77.8	 709	OK
1414	   0	75.9	75.9	 698	OK
1415	   0	84.3	84.3	 724	OK
1416	   0	79.6	79.6	 642	OK
1417	   0	85.7	85.7	 635	OK
1418	   0	79.2	79.2	 674	OK
1419	   0	84.4	84.4	 711	OK
1420	   0	83.2	83.2	 618	OK
1421	   0	81.2	81.2	 675	OK
1422	   0	77.9	77.9	 690	OK
1423	   0	80.4	80.4	 621	OK
1424	   0	73.5	73.5	 714	OK
1425	   0	83.5	83.5	 739	OK
1426	   0	77.1	77.1	 700	OK
1427	   0	86.9	86.9	 669	OK
1428	   0	84.1	84.1	 551	OK
1429	   0	84.6	84.6	 634	OK
1430	   0	81.0	81.0	 588	OK
1431	   0	80.6	80.6	 688	OK
1432	4000	83.9	83.9	 765	high noise
1433	   0	70.3	70.3	 627	OK
1434	   0	73.0	73.0	 666	OK
1435	1000	79.8	79.8	 497	unbonded
1436	   0	87.9	87.9	 588	OK
1437	8000	81.6	81.6	 540	partbonded
1438	   0	72.9	72.9	 571	OK
1439	   0	89.7	89.7	 582	OK
1440	   0	77.2	77.2	 727	OK
1441	   0	78.7	78.7	 719	OK
1442	   0	88.4	88.4	 684	OK
1443	   0	83.5	83.5	 582	OK
1444	   0	78.7	78.7	 693	OK
1445	   0	81.1	81.1	 647	OK
1446	   0	79.5	79.5	 713	OK
1447	   0	80.4	80.4	 638	OK
1448	   0	81.3	81.3	 670	OK
1449	   0	70.5	70.5	 665	OK
1450	4000	83.4	83.4	 948	high noise
1451	   0	83.1	83.1	 623	OK
1452	   0	88.0	88.0	 658	OK
1453	   0	84.5	84.5	 636	OK
1454	   0	81.7	81.7	 550	OK
1455	4000	85.3	85.3	 839	high noise
1456	   0	77.1	77.1	 693	OK
1457	   0	85.4	85.4	 594	OK
1458	   0	77.7	77.7	 665	OK
1459	   0	80.4	80.4	 677	OK
1460	   0	90.0	90.0	 712	OK
1461	   0	77.5	77.5	 652	OK
1462	   0	84.1	84.1	 693	OK
1463	   0	78.7	78.7	 621	OK
1464	   0	81.5	81.5	 714	OK
1465	4000	83.4	83.4	 786	high noise
1466	   0	78.9	78.9	 616	OK
1467	   0	79.6	79.6	 631	OK
1468	1000	75.4	75.4	 539	unbonded
1469	   0	93.0	93.0	 747	OK
1470	4000	81.5	81.5	 776	high noise
1471	   0	83.0	83.0	 687	OK
1472	   0	80.4	80.4	 748	OK
1473	   0	78.2	78.2	 645	OK
1474	   0	81.0	81.0	 687	OK
1475	   0	86.5	86.5	 685	OK
1476	1000	79.8	79.8	 533	unbonded
1477	   0	77.3	77.3	 607	OK
1478	   0	86.2	86.2	 691	OK
1479	   0	81.1	81.1	 705	OK
1480	   0	82.4	82.4	 564	OK
1481	   0	88.9	88.9	 651	OK
1482	   0	78.5	78.5	 720	OK
1483	1000	77.4	77.4	 521	unbonded
1484	   0	81.0	81.0	 633	OK
1485	   0	85.4	85.4	 590	OK
1486	   0	81.1	81.1	 733	OK
1487	1000	85.6	85.6	 458	unbonded
1488	   0	85.9	85.9	 665	OK
1489	   0	79.9	79.9	 644	OK
1490	   0	81.7	81.7	 756	OK
1491	   0	82.8	82.8	 545	OK
1492	   0	84.2	84.2	 631	OK
1493	   0	79.3	79.3	 700	OK
1494	   0	75.8	75.8	 746	OK
1495	   0	83.5	83.5	 575	OK
1496	   0	83.6	83.6	 627	OK
1497	   0	77.3	77.3	 643	OK
1498	   0	82.7	82.7	 615	OK
1499	   0	80.2	80.2	 710	OK
1500	4000	84.0	84.0	 769	high noise
1501	   0	90.2	90.2	 718	OK
1502	   0	83.7	83.7	 630	OK
1503	4000	73.1	73.1	 782	high noise
1504	   0	82.1	82.1	 662	OK
1505	4000	84.0	84.0	 782	high noise
1506	4000	86.6	86.6	 759	high noise
1507	   0	82.1	82.1	 697	OK
1508	   0	79.8	79.8	 606	OK
1509	   0	83.6	83.6	 756	OK
1510	   0	88.2	88.2	 662	OK
1511	   0	86.1	86.1	 621	OK
1512	   0	80.4	80.4	 584	OK
1513	   0	79.9	79.9	 667	OK
1514	   0	79.9	79.9	 683	OK
1515	   0	86.3	86.3	 546	OK
1516	   0	83.4	83.4	 698	OK
1517	1000	75.3	75.3	 519	unbonded
1518	   0	80.1	80.1	 601	OK
1519	   0	87.0	87.0	 596	OK
1520	   0	86.0	86.0	 626	OK
1521	   0	81.5	81.5	 594	OK
1522	   0	79.8	79.8	 617	OK
1523	   0	80.1	80.1	 686	OK
1524	   0	80.8	80.8	 653	OK
1525	1000	83.0	83.0	 537	unbonded
1526	   0	81.1	81.1	 635	OK
1527	   0	80.4	80.4	 635	OK
1528	   0	80.6	80.6	 672	OK
1529	1000	83.0	83.0	 514	unbonded
1530	   0	76.6	76.6	 623	OK
1531	1000	88.3	88.3	 479	unbonded
1532	   0	82.0	82.0	 746	OK
1533	   0	80.4	80.4	 588	OK
1534	   0	79.6	79.6	 752	OK
1535	4000	81.1	81.1	 809	high noise
1536	   0	81.0	81.0	 598	OK
1537	4000	78.4	78.4	 767	high noise
1538	   0	79.4	79.4	 634	OK
1539	   0	83.9	83.9	 691	OK
1540	   0	81.0	81.0	 567	OK
1541	   0	82.9	82.9	 657	OK
1542	   0	83.3	83.3	 610	OK
1543	   0	75.6	75.6	 687	OK
1544	4000	79.8	79.8	 758	high noise
1545	   0	87.4	87.4	 543	OK
1546	   0	77.4	77.4	 615	OK
1547	   0	74.0	74.0	 601	OK
1548	   0	74.0	74.0	 570	OK
1549	   0	79.8	79.8	 552	OK
1550	   0	78.2	78.2	 558	OK
1551	4000	72.9	72.9	 766	high noise
1552	   0	78.0	78.0	 619	OK
1553	   0	80.1	80.1	 636	OK
1554	   0	78.8	78.8	 650	OK
1555	1000	81.8	81.8	 444	unbonded
1556	   0	83.6	83.6	 655	OK
1557	   0	79.0	79.0	 718	OK
1558	   0	79.0	79.0	 662	OK
1559	   0	81.3	81.3	 705	OK
1560	   0	78.0	78.0	 737	OK
1561	1000	78.8	78.8	 480	unbonded
1562	   0	81.9	81.9	 587	OK
1563	   0	72.7	72.7	 717	OK
1564	1000	80.3	80.3	 538	unbonded
1565	   0	75.8	75.8	 561	OK
1566	4000	81.5	81.5	 783	high noise
1567	   0	81.4	81.4	 659	OK
1568	   0	84.5	84.5	 734	OK
1569	   0	89.5	89.5	 622	OK
1570	   0	81.7	81.7	 683	OK
1571	   0	78.3	78.3	 669	OK
1572	1000	80.6	80.6	 509	unbonded
1573	   0	80.1	80.1	 717	OK
1574	   0	75.6	75.6	 703	OK
1575	   0	82.3	82.3	 717	OK
1576	   0	79.9	79.9	 580	OK
1577	   0	82.3	82.3	 643	OK
1578	   0	80.7	80.7	 687	OK
1579	   0	81.0	81.0	 688	OK
1580	   0	84.4	84.4	 637	OK
1581	   0	81.1	81.1	 724	OK
1582	   0	85.6	85.6	 607	OK
1583	1000	78.5	78.5	 501	unbonded
1584	   0	82.9	82.9	 589	OK
1585	4000	77.9	77.9	 829	high noise
1586	   0	83.7	83.7	 612	OK
1587	   0	74.4	74.4	 679	OK
1588	   0	82.8	82.8	 591	OK
1589	   0	85.2	85.2	 561	OK
1590	   0	81.7	81.7	 644	OK
1591	   0	80.6	80.6	 662	OK
1592	   0	79.5	79.5	 696	OK
1593	   0	84.2	84.2	 685	OK
1594	   0	76.1	76.1	 658	OK
1595	   0	82.9	82.9	 639	OK
1596	4000	82.4	82.4	 773	high noise
1597	   0	79.5	79.5	 543	OK
1598	   0	87.9	87.9	 653	OK
1599	   0	81.3	81.3	 584	OK
1600	   0	83.6	83.6	 693	OK
1601	   0	86.5	86.5	 601	OK
1602	   0	82.7	82.7	 659	OK
1603	   0	80.3	80.3	 617	OK
1604	   0	87.1	87.1	 719	OK
1605	   0	89.2	89.2	 675	OK
1606	1000	86.6	86.6	 476	unbonded
1607	   0	79.3	79.3	 720	OK
1608	4000	80.3	80.3	 748	high noise
1609	4000	80.3	80.3	 764	high noise
1610	   0	85.5	85.5	 619	OK
1611	   0	77.3	77.3	 652	OK
1612	   0	82.2	82.2	 656	OK
1613	   0	80.5	80.5	 587	OK
1614	1000	80.8	80.8	 510	unbonded
1615	   0	85.2	85.2	 697	OK
1616	   0	85.2	85.2	 635	OK
1617	4000	82.7	82.7	 823	high noise
1618	   0	87.6	87.6	 618	OK
1619	   0	82.9	82.9	 630	OK
1620	   0	72.7	72.7	 678	OK
1621	   0	81.0	81.0	 585	OK
1622	   0	76.6	76.6	 707	OK
1623	   0	81.5	81.5	 617	OK
1624	   0	92.7	92.7	 571	OK
1625	   0	80.1	80.1	 583	OK
1626	   0	74.2	74.2	 626	OK
1627	   0	74.7	74.7	 674	OK
1628	   0	82.2	82.2	 591	OK
1629	4000	82.2	82.2	 744	high noise
1630	   0	84.7	84.7	 682	OK
1631	   0	86.3	86.3	 679	OK
1632	   0	88.3	88.3	 720	OK
1633	4000	81.1	81.1	 754	high noise
1634	   0	79.3	79.3	 625	OK
1635	1000	78.4	78.4	 486	unbonded
1636	   0	79.6	79.6	 630	OK
1637	4000	81.1	81.1	 748	high noise
1638	   0	82.0	82.0	 680	OK
1639	   0	76.7	76.7	 644	OK
1640	   0	78.1	78.1	 600	OK
1641	1000	76.3	76.3	 519	unbonded
1642	4000	86.1	86.1	 798	high noise
1643	   0	75.1	75.1	 629	OK
1644	   0	86.3	86.3	 576	OK
1645	   0	78.7	78.7	 582	OK
1646	   0	85.6	85.6	 648	OK
1647	   0	84.0	84.0	 593	OK
1648	   0	76.0	76.0	 661	OK
1649	   0	83.2	83.2	 628	OK
1650	   0	81.5	81.5	 641	OK
1651	   0	81.9	81.9	 609	OK
1652	1000	86.3	86.3	 505	unbonded
1653	   0	78.8	78.8	 732	OK
1654	   0	81.4	81.4	 621	OK
1655	   0	82.2	82.2	 713	OK
1656	   0	92.6	92.6	 702	OK
1657	   0	74.2	74.2	 681	OK
1658	   0	81.0	81.0	 670	OK
1659	   0	76.9	76.9	 593	OK
1660	1000	85.2	85.2	 499	unbonded
1661	   0	86.1	86.1	 672	OK
1662	   0	83.5	83.5	 695	OK
1663	4000	83.0	83.0	 745	high noise
1664	   0	78.7	78.7	 601	OK
1665	   0	86.2	86.2	 627	OK
1666	1000	85.6	85.6	 504	unbonded
1667	   0	91.3	91.3	 555	OK
1668	   0	82.3	82.3	 676	OK
1669	1000	90.1	90.1	 520	unbonded
1670	4000	89.3	89.3	 695	high noise
1671	4000	86.2	86.2	 703	high noise
1672	   0	82.9	82.9	 570	OK
1673	1000	92.6	92.6	 530	unbonded
1674	   0	95.3	95.3	 548	OK
1675	   0	87.1	87.1	 606	OK
1676	   0	81.9	81.9	 640	OK
1677	   0	88.1	88.1	 667	OK
1678	   0	87.8	87.8	 550	OK
1679	1000	93.3	93.3	 515	unbonded
1680	   0	82.1	82.1	 580	OK
1681	   0	89.6	89.6	 625	OK
1682	   0	81.9	81.9	 549	OK
1683	   0	83.2	83.2	 617	OK
1684	1000	88.9	88.9	 532	unbonded
1685	   0	87.2	87.2	 625	OK
1686	   0	95.0	95.0	 630	OK
1687	1000	83.3	83.3	 540	unbonded
1688	1000	86.3	86.3	 516	unbonded
1689	   0	86.5	86.5	 568	OK
1690	   0	90.0	90.0	 609	OK
1691	   0	80.9	80.9	 636	OK
1692	   0	90.4	90.4	 672	OK
1693	   0	80.8	80.8	 567	OK
1694	   0	84.5	84.5	 570	OK
1695	   0	80.4	80.4	 552	OK
1696	   0	90.5	90.5	 607	OK
1697	   0	91.3	91.3	 631	OK
1698	   0	92.4	92.4	 633	OK
1699	   0	90.2	90.2	 662	OK
1700	   0	90.9	90.9	 597	OK
1701	   0	81.0	81.0	 693	OK
1702	4000	89.4	89.4	 727	high noise
1703	   0	82.2	82.2	 607	OK
1704	   0	87.3	87.3	 544	OK
1705	   0	90.4	90.4	 582	OK
1706	   0	84.3	84.3	 634	OK
1707	   0	89.0	89.0	 649	OK
1708	1000	86.4	86.4	 514	unbonded
1709	   0	83.0	83.0	 656	OK
1710	   0	86.8	86.8	 682	OK
1711	4000	86.1	86.1	 728	high noise
1712	   0	86.7	86.7	 656	OK
1713	4000	86.4	86.4	 793	high noise
1714	   0	88.6	88.6	 578	OK
1715	1000	88.4	88.4	 512	unbonded
1716	   0	84.2	84.2	 553	OK
1717	1000	85.1	85.1	 539	unbonded
1718	   0	94.9	94.9	 618	OK
1719	   0	91.0	91.0	 626	OK
1720	   0	91.3	91.3	 600	OK
1721	   0	89.6	89.6	 666	OK
1722	   0	83.7	83.7	 591	OK
1723	4000	84.1	84.1	 711	high noise
1724	   0	88.1	88.1	 614	OK
1725	   0	94.3	94.3	 546	OK
1726	   0	92.9	92.9	 667	OK
1727	   0	92.9	92.9	 640	OK
1728	   0	87.3	87.3	 584	OK
1729	4000	93.6	93.6	 706	high noise
1730	   0	91.1	91.1	 634	OK
1731	1000	86.8	86.8	 513	unbonded
1732	1000	87.6	87.6	 529	unbonded
1733	   0	91.3	91.3	 661	OK
1734	4000	81.0	81.0	 755	high noise
1735	   0	97.1	97.1	 651	OK
1736	   0	84.2	84.2	 685	OK
1737	1000	89.2	89.2	 516	unbonded
1738	   0	91.4	91.4	 566	OK
1739	1000	83.3	83.3	 441	unbonded
1740	   0	84.9	84.9	 595	OK
1741	1000	83.7	83.7	 483	unbonded
1742	1000	95.5	95.5	 433	unbonded
1743	   0	91.8	91.8	 583	OK
1744	   0	86.4	86.4	 618	OK
1745	   0	95.1	95.1	 581	OK
1746	   0	93.3	93.3	 544	OK
1747	   0	92.0	92.0	 678	OK
1748	   0	92.7	92.7	 583	OK
1749	   0	86.9	86.9	 636	OK
1750	   0	84.3	84.3	 623	OK
1751	   0	83.4	83.4	 585	OK
1752	1000	97.0	97.0	 453	unbonded
1753	1000	92.0	92.0	 523	unbonded
1754	   0	90.0	90.0	 636	OK
1755	1000	89.9	89.9	 470	unbonded
1756	   0	85.7	85.7	 649	OK
1757	   0	94.9	94.9	 686	OK
1758	   0	90.6	90.6	 653	OK
1759	1000	94.6	94.6	 528	unbonded
1760	4000	88.4	88.4	 701	high noise
1761	1000	88.3	88.3	 490	unbonded
1762	   0	92.0	92.0	 585	OK
1763	   0	95.7	95.7	 661	OK
1764	   0	91.0	91.0	 655	OK
1765	   0	89.4	89.4	 635	OK
1766	   0	80.2	80.2	 670	OK
1767	   0	90.3	90.3	 649	OK
1768	1000	88.7	88.7	 443	unbonded
1769	   0	87.4	87.4	 597	OK
1770	   0	84.6	84.6	 621	OK
1771	1000	85.6	85.6	 529	unbonded
1772	   0	84.8	84.8	 606	OK
1773	   0	90.3	90.3	 581	OK
1774	   0	91.1	91.1	 545	OK
1775	4000	84.1	84.1	 727	high noise
1776	   0	93.3	93.3	 603	OK
1777	1000	85.4	85.4	 498	unbonded
1778	1000	90.3	90.3	 531	unbonded
1779	   0	85.0	85.0	 641	OK
1780	4000	77.8	77.8	 703	high noise
1781	   0	87.0	87.0	 624	OK
1782	   0	92.1	92.1	 603	OK
1783	1000	80.9	80.9	 527	unbonded
1784	   0	92.9	92.9	 562	OK
1785	   0	87.3	87.3	 608	OK
1786	4000	87.2	87.2	 706	high noise
1787	4000	90.2	90.2	 715	high noise
1788	4000	90.3	90.3	 721	high noise
1789	1000	88.7	88.7	 500	unbonded
1790	1000	86.9	86.9	 529	unbonded
1791	   0	84.5	84.5	 641	OK
1792	   0	72.4	72.4	 607	OK
1793	   0	69.5	69.5	 739	OK
1794	   0	79.8	79.8	 567	OK
1795	   0	79.9	79.9	 590	OK
1796	4000	73.7	73.7	 779	high noise
1797	1000	76.9	76.9	 535	unbonded
1798	   0	84.9	84.9	 605	OK
1799	   0	75.0	75.0	 697	OK
1800	   0	65.5	65.5	 716	OK
1801	   0	87.5	87.5	 662	OK
1802	   0	73.0	73.0	 580	OK
1803	4000	80.8	80.8	 792	high noise
1804	   0	74.2	74.2	 588	OK
1805	4000	76.0	76.0	 785	high noise
1806	   0	71.5	71.5	 576	OK
1807	   0	74.8	74.8	 574	OK
1808	   0	78.2	78.2	 746	OK
1809	1000	73.7	73.7	 537	unbonded
1810	   0	79.5	79.5	 697	OK
1811	   0	75.0	75.0	 712	OK
1812	4000	72.3	72.3	 869	high noise
1813	   0	78.5	78.5	 749	OK
1814	   0	73.6	73.6	 668	OK
1815	   0	77.9	77.9	 688	OK
1816	   0	80.2	80.2	 681	OK
1817	   0	72.1	72.1	 646	OK
1818	   0	73.2	73.2	 671	OK
1819	   0	72.1	72.1	 731	OK
1820	   0	77.4	77.4	 704	OK
1821	   0	74.7	74.7	 583	OK
1822	   0	76.7	76.7	 591	OK
1823	   0	71.1	71.1	 709	OK
1824	   0	75.4	75.4	 617	OK
1825	   0	70.5	70.5	 560	OK
1826	   0	74.2	74.2	 642	OK
1827	   0	73.2	73.2	 734	OK
1828	   0	75.2	75.2	 657	OK
1829	   0	78.2	78.2	 672	OK
1830	   0	79.5	79.5	 667	OK
1831	   0	76.9	76.9	 603	OK
1832	4000	74.6	74.6	 803	high noise
1833	   0	83.2	83.2	 747	OK
1834	   0	78.9	78.9	 668	OK
1835	   0	69.4	69.4	 716	OK
1836	   0	80.3	80.3	 680	OK
1837	   0	78.5	78.5	 685	OK
1838	   0	77.1	77.1	 712	OK
1839	   0	83.3	83.3	 743	OK
1840	   0	78.0	78.0	 757	OK
1841	   0	72.0	72.0	 685	OK
1842	   0	78.5	78.5	 640	OK
1843	   0	71.4	71.4	 756	OK
1844	   0	75.6	75.6	 775	OK
1845	   0	74.6	74.6	 552	OK
1846	   0	73.1	73.1	 637	OK
1847	   0	77.2	77.2	 555	OK
1848	4000	76.4	76.4	 814	high noise
1849	   0	75.1	75.1	 696	OK
1850	   0	79.1	79.1	 614	OK
1851	   0	86.1	86.1	 543	OK
1852	   0	77.3	77.3	 611	OK
1853	   0	80.6	80.6	 584	OK
1854	   0	85.3	85.3	 606	OK
1855	1000	78.7	78.7	 494	unbonded
1856	   0	73.9	73.9	 697	OK
1857	   0	73.0	73.0	 770	OK
1858	1000	77.2	77.2	 461	unbonded
1859	4000	74.9	74.9	 798	high noise
1860	   0	72.9	72.9	 741	OK
1861	   0	72.2	72.2	 650	OK
1862	   0	76.1	76.1	 569	OK
1863	4000	70.6	70.6	 779	high noise
1864	   0	73.0	73.0	 735	OK
1865	   0	75.5	75.5	 673	OK
1866	   0	70.6	70.6	 624	OK
1867	   0	72.9	72.9	 647	OK
1868	   0	77.0	77.0	 650	OK
1869	   0	81.2	81.2	 705	OK
1870	   0	78.6	78.6	 657	OK
1871	   0	72.5	72.5	 762	OK
1872	   0	75.6	75.6	 741	OK
1873	4000	66.0	66.0	 784	high noise
1874	   0	73.2	73.2	 683	OK
1875	   0	72.5	72.5	 676	OK
1876	   0	71.8	71.8	 610	OK
1877	   0	76.6	76.6	 650	OK
1878	   0	66.6	66.6	 754	OK
1879	   0	79.5	79.5	 670	OK
1880	   0	74.1	74.1	 675	OK
1881	   0	77.7	77.7	 600	OK
1882	   0	77.3	77.3	 626	OK
1883	   0	72.1	72.1	 688	OK
1884	4000	69.7	69.7	 837	high noise
1885	   0	70.0	70.0	 729	OK
1886	   0	76.5	76.5	 569	OK
1887	   0	73.4	73.4	 707	OK
1888	   0	72.3	72.3	 597	OK
1889	   0	77.0	77.0	 603	OK
1890	   0	71.0	71.0	 728	OK
1891	   0	74.0	74.0	 693	OK
1892	   0	74.7	74.7	 655	OK
1893	4000	78.1	78.1	 808	high noise
1894	   0	71.9	71.9	 688	OK
1895	   0	73.6	73.6	 592	OK
1896	   0	82.8	82.8	 662	OK
1897	   0	79.5	79.5	 692	OK
1898	   0	73.4	73.4	 682	OK
1899	1000	77.9	77.9	 513	unbonded
1900	   0	71.2	71.2	 751	OK
1901	   0	79.2	79.2	 700	OK
1902	   0	76.3	76.3	 735	OK
1903	   0	71.9	71.9	 650	OK
1904	   0	71.3	71.3	 685	OK
1905	4000	69.9	69.9	 824	high noise
1906	   0	69.6	69.6	 694	OK
1907	   0	70.4	70.4	 614	OK
1908	   0	75.4	75.4	 725	OK
1909	   0	73.1	73.1	 598	OK
1910	   0	74.9	74.9	 565	OK
1911	   0	68.0	68.0	 723	OK
1912	   0	70.2	70.2	 673	OK
1913	4000	77.0	77.0	 785	high noise
1914	4000	73.8	73.8	 808	high noise
1915	   0	71.3	71.3	 713	OK
1916	1000	75.1	75.1	 531	unbonded
1917	   0	75.9	75.9	 652	OK
1918	   0	70.8	70.8	 716	OK
1919	   0	69.3	69.3	 768	OK
1920	1000	86.4	86.4	 528	unbonded
1921	   0	85.6	85.6	 667	OK
1922	   0	90.2	90.2	 554	OK
1923	1000	86.2	86.2	 514	unbonded
1924	1000	89.1	89.1	 503	unbonded
1925	   0	98.7	98.7	 600	OK
1926	   0	79.5	79.5	 584	OK
1927	1000	89.7	89.7	 531	unbonded
1928	   0	80.5	80.5	 582	OK
1929	   0	84.2	84.2	 599	OK
1930	4000	91.0	91.0	 695	high noise
1931	1000	86.4	86.4	 515	unbonded
1932	   0	85.3	85.3	 578	OK
1933	1000	77.7	77.7	 532	unbonded
1934	1000	88.8	88.8	 489	unbonded
1935	4000	92.1	92.1	 730	high noise
1936	1000	88.2	88.2	 514	unbonded
1937	   0	85.7	85.7	 575	OK
1938	   0	89.8	89.8	 565	OK
1939	1000	85.7	85.7	 453	unbonded
1940	   0	84.4	84.4	 608	OK
1941	   0	84.6	84.6	 657	OK
1942	   0	84.0	84.0	 588	OK
1943	   0	83.8	83.8	 636	OK
1944	   0	84.8	84.8	 614	OK
1945	   0	72.6	72.6	 619	OK
1946	   0	93.5	93.5	 645	OK
1947	   0	91.3	91.3	 628	OK
1948	   0	83.0	83.0	 555	OK
1949	4000	90.0	90.0	 726	high noise
1950	   0	75.6	75.6	 634	OK
1951	1000	85.7	85.7	 523	unbonded
1952	   0	81.4	81.4	 584	OK
1953	4000	86.4	86.4	 724	high noise
1954	   0	92.4	92.4	 582	OK
1955	1000	81.3	81.3	 475	unbonded
1956	   0	76.7	76.7	 625	OK
1957	1000	87.1	87.1	 526	unbonded
1958	   0	85.1	85.1	 640	OK
1959	   0	86.0	86.0	 601	OK
1960	   0	87.4	87.4	 582	OK
1961	   0	81.2	81.2	 588	OK
1962	   0	79.4	79.4	 629	OK
1963	   0	83.7	83.7	 585	OK
1964	4000	81.5	81.5	 719	high noise
1965	1000	85.6	85.6	 534	unbonded
1966	   0	80.6	80.6	 605	OK
1967	4000	84.7	84.7	 682	high noise
1968	1000	88.0	88.0	 515	unbonded
1969	   0	86.8	86.8	 572	OK
1970	1000	87.2	87.2	 533	unbonded
1971	4000	85.3	85.3	 705	high noise
1972	   0	84.5	84.5	 544	OK
1973	   0	84.0	84.0	 628	OK
1974	   0	91.6	91.6	 544	OK
1975	   0	89.2	89.2	 566	OK
1976	   0	87.4	87.4	 593	OK
1977	   0	83.6	83.6	 573	OK
1978	   0	88.6	88.6	 628	OK
1979	   0	87.2	87.2	 634	OK
1980	   0	85.7	85.7	 576	OK
1981	   0	83.2	83.2	 670	OK
1982	1000	91.6	91.6	 509	unbonded
1983	   0	90.7	90.7	 608	OK
1984	   0	85.8	85.8	 554	OK
1985	   0	78.9	78.9	 553	OK
1986	   0	84.1	84.1	 640	OK
1987	1000	81.3	81.3	 483	unbonded
1988	1000	87.8	87.8	 494	unbonded
1989	   0	88.6	88.6	 629	OK
1990	   0	77.7	77.7	 602	OK
1991	   0	88.4	88.4	 597	OK
1992	1000	82.6	82.6	 492	unbonded
1993	   0	93.0	93.0	 573	OK
1994	   0	89.8	89.8	 597	OK
1995	   0	82.8	82.8	 629	OK
1996	   0	80.7	80.7	 664	OK
1997	   0	84.9	84.9	 681	OK
1998	   0	85.1	85.1	 614	OK
1999	   0	90.5	90.5	 643	OK
2000	   0	89.8	89.8	 547	OK
2001	   0	88.9	88.9	 654	OK
2002	   0	76.3	76.3	 595	OK
2003	   0	86.3	86.3	 622	OK
2004	   0	80.2	80.2	 562	OK
2005	   0	84.8	84.8	 589	OK
2006	1000	87.2	87.2	 533	unbonded
2007	   0	80.1	80.1	 638	OK
2008	   0	87.8	87.8	 675	OK
2009	1000	86.0	86.0	 515	unbonded
2010	4000	80.8	80.8	 716	high noise
2011	   0	82.7	82.7	 556	OK
2012	   0	82.1	82.1	 625	OK
2013	   0	85.5	85.5	 548	OK
2014	   0	84.3	84.3	 578	OK
2015	4000	85.8	85.8	 683	high noise
2016	   0	89.4	89.4	 669	OK
2017	1000	84.8	84.8	 490	unbonded
2018	1000	80.0	80.0	 509	unbonded
2019	4000	80.4	80.4	 727	high noise
2020	   0	80.3	80.3	 619	OK
2021	   0	81.4	81.4	 608	OK
2022	   0	80.4	80.4	 573	OK
2023	   0	86.7	86.7	 567	OK
2024	1000	84.5	84.5	 414	unbonded
2025	   0	78.4	78.4	 634	OK
2026	1000	83.9	83.9	 517	unbonded
2027	   0	85.9	85.9	 659	OK
2028	1000	87.9	87.9	 515	unbonded
2029	1000	87.3	87.3	 534	unbonded
2030	1000	90.5	90.5	 485	unbonded
2031	   0	78.9	78.9	 612	OK
2032	1000	94.9	94.9	 500	unbonded
2033	4000	85.9	85.9	 695	high noise
2034	4000	86.3	86.3	 693	high noise
2035	1000	85.9	85.9	 465	unbonded
2036	4000	83.8	83.8	 835	high noise
2037	   0	90.7	90.7	 622	OK
2038	1000	88.0	88.0	 457	unbonded
2039	   0	83.6	83.6	 574	OK
2040	   0	89.7	89.7	 657	OK
2041	8000	84.3	84.3	 540	partbonded
2042	   0	85.4	85.4	 676	OK
2043	   0	90.4	90.4	 644	OK
2044	8000	88.5	88.5	 541	partbonded
2045	   0	84.9	84.9	 658	OK
2046	   0	88.6	88.6	 611	OK
2047	   0	77.7	77.7	 613	OK
2048	   0	76.7	76.7	 647	OK
2049	   0	72.9	72.9	 689	OK
2050	   0	78.1	78.1	 705	OK
2051	4000	77.2	77.2	 816	high noise
2052	   0	82.8	82.8	 656	OK
2053	   0	78.4	78.4	 716	OK
2054	   0	81.6	81.6	 642	OK
2055	   0	82.6	82.6	 640	OK
2056	4000	80.9	80.9	 782	high noise
2057	   0	77.3	77.3	 585	OK
2058	   0	83.1	83.1	 649	OK
2059	   0	82.5	82.5	 676	OK
2060	   0	75.8	75.8	 720	OK
2061	   0	89.9	89.9	 658	OK
2062	   0	77.9	77.9	 617	OK
2063	   0	74.4	74.4	 756	OK
2064	   0	77.5	77.5	 752	OK
2065	   0	78.2	78.2	 697	OK
2066	   0	78.4	78.4	 667	OK
2067	   0	78.8	78.8	 671	OK
2068	   0	79.3	79.3	 639	OK
2069	   0	77.0	77.0	 679	OK
2070	   0	79.5	79.5	 619	OK
2071	   0	79.8	79.8	 736	OK
2072	   0	81.6	81.6	 644	OK
2073	   0	74.8	74.8	 644	OK
2074	   0	76.1	76.1	 698	OK
2075	   0	80.6	80.6	 682	OK
2076	   0	73.2	73.2	 713	OK
2077	1000	77.8	77.8	 498	unbonded
2078	   0	82.3	82.3	 665	OK
2079	   0	73.9	73.9	 744	OK
2080	   0	70.6	70.6	 685	OK
2081	   0	78.0	78.0	 619	OK
2082	   0	80.9	80.9	 628	OK
2083	   0	74.7	74.7	 689	OK
2084	   0	78.4	78.4	 578	OK
2085	   0	78.7	78.7	 610	OK
2086	   0	77.0	77.0	 598	OK
2087	   0	84.6	84.6	 665	OK
2088	   0	77.8	77.8	 592	OK
2089	   0	79.6	79.6	 620	OK
2090	   0	77.7	77.7	 565	OK
2091	   0	80.1	80.1	 698	OK
2092	   0	76.0	76.0	 658	OK
2093	   0	80.7	80.7	 706	OK
2094	   0	78.1	78.1	 696	OK
2095	   0	81.7	81.7	 561	OK
2096	   0	77.6	77.6	 568	OK
2097	   0	75.7	75.7	 688	OK
2098	1000	80.8	80.8	 502	unbonded
2099	   0	79.7	79.7	 668	OK
2100	   0	82.1	82.1	 599	OK
2101	1000	79.4	79.4	 466	unbonded
2102	4000	78.1	78.1	 821	high noise
2103	   0	79.9	79.9	 688	OK
2104	   0	83.3	83.3	 671	OK
2105	   0	82.2	82.2	 701	OK
2106	   0	87.7	87.7	 694	OK
2107	   0	81.4	81.4	 597	OK
2108	   0	86.8	86.8	 559	OK
2109	   0	75.7	75.7	 687	OK
2110	4000	78.5	78.5	 831	high noise
2111	   0	88.0	88.0	 613	OK
2112	   0	73.2	73.2	 736	OK
2113	   0	77.3	77.3	 723	OK
2114	   0	72.2	72.2	 709	OK
2115	   0	80.0	80.0	 705	OK
2116	   0	76.6	76.6	 655	OK
2117	   0	78.9	78.9	 574	OK
2118	   0	77.8	77.8	 570	OK
2119	   0	77.2	77.2	 696	OK
2120	   0	79.4	79.4	 671	OK
2121	   0	75.3	75.3	 691	OK
2122	   0	76.6	76.6	 570	OK
2123	   0	72.8	72.8	 617	OK
2124	   0	73.0	73.0	 631	OK
2125	   0	88.5	88.5	 593	OK
2126	   0	81.0	81.0	 574	OK
2127	   0	82.1	82.1	 648	OK
2128	   0	83.1	83.1	 700	OK
2129	4000	68.3	68.3	 764	high noise
2130	4000	77.6	77.6	 783	high noise
2131	   0	78.3	78.3	 643	OK
2132	4000	77.2	77.2	 810	high noise
2133	   0	84.0	84.0	 625	OK
2134	4000	76.8	76.8	 786	high noise
2135	   0	74.0	74.0	 630	OK
2136	   0	73.7	73.7	 636	OK
2137	   0	70.7	70.7	 711	OK
2138	   0	79.9	79.9	 701	OK
2139	4000	74.8	74.8	 796	high noise
2140	   0	85.3	85.3	 712	OK
2141	   0	81.4	81.4	 638	OK
2142	   0	82.7	82.7	 639	OK
2143	   0	83.7	83.7	 689	OK
2144	   0	75.9	75.9	 622	OK
2145	4000	79.8	79.8	 787	high noise
2146	1000	79.9	79.9	 509	unbonded
2147	   0	73.3	73.3	 688	OK
2148	   0	73.6	73.6	 585	OK
2149	   0	71.0	71.0	 600	OK
2150	   0	73.7	73.7	 595	OK
2151	   0	74.1	74.1	 673	OK
2152	   0	72.5	72.5	 554	OK
2153	   0	73.7	73.7	 696	OK
2154	   0	79.6	79.6	 646	OK
2155	   0	81.6	81.6	 598	OK
2156	4000	72.2	72.2	 794	high noise
2157	   0	72.4	72.4	 689	OK
2158	4000	72.6	72.6	 838	high noise
2159	   0	75.9	75.9	 642	OK
2160	   0	77.0	77.0	 729	OK
2161	   0	72.3	72.3	 618	OK
2162	   0	73.3	73.3	 625	OK
2163	   0	78.0	78.0	 656	OK
2164	   0	79.5	79.5	 632	OK
2165	   0	78.4	78.4	 664	OK
2166	   0	74.2	74.2	 683	OK
2167	   0	83.6	83.6	 639	OK
2168	   0	72.6	72.6	 718	OK
2169	   0	79.3	79.3	 575	OK
2170	   0	71.7	71.7	 747	OK
2171	   0	86.1	86.1	 632	OK
2172	   0	72.9	72.9	 579	OK
2173	   0	76.7	76.7	 696	OK
2174	   0	78.8	78.8	 686	OK
2175	   0	82.9	82.9	 751	OK
2176	1000	77.2	77.2	 536	unbonded
2177	   0	75.0	75.0	 631	OK
2178	   0	82.2	82.2	 696	OK
2179	   0	79.0	79.0	 608	OK
2180	   0	79.2	79.2	 665	OK
2181	4000	77.8	77.8	 793	high noise
2182	   0	82.4	82.4	 652	OK
2183	   0	90.8	90.8	 598	OK
2184	   0	80.4	80.4	 542	OK
2185	   0	81.5	81.5	 696	OK
2186	   0	85.5	85.5	 565	OK
2187	   0	85.3	85.3	 559	OK
2188	   0	78.2	78.2	 622	OK
2189	1000	83.3	83.3	 516	unbonded
2190	   0	79.1	79.1	 687	OK
2191	   0	86.9	86.9	 675	OK
2192	   0	85.4	85.4	 600	OK
2193	   0	83.2	83.2	 692	OK
2194	   0	81.9	81.9	 681	OK
2195	   0	83.5	83.5	 593	OK
2196	   0	70.4	70.4	 598	OK
2197	   0	87.9	87.9	 680	OK
2198	1000	82.0	82.0	 520	unbonded
2199	   0	79.4	79.4	 636	OK
2200	1000	79.3	79.3	 532	unbonded
2201	   0	83.7	83.7	 600	OK
2202	   0	80.9	80.9	 592	OK
2203	   0	83.2	83.2	 656	OK
2204	   0	81.4	81.4	 645	OK
2205	   0	82.8	82.8	 619	OK
2206	   0	79.2	79.2	 731	OK
2207	   0	81.9	81.9	 554	OK
2208	   0	80.5	80.5	 568	OK
2209	   0	91.6	91.6	 684	OK
2210	1000	81.2	81.2	 531	unbonded
2211	   0	78.7	78.7	 622	OK
2212	   0	77.2	77.2	 701	OK
2213	   0	87.6	87.6	 573	OK
2214	   0	81.4	81.4	 604	OK
2215	   0	78.7	78.7	 548	OK
2216	4000	77.9	77.9	 842	high noise
2217	   0	87.9	87.9	 674	OK
2218	1000	84.9	84.9	 515	unbonded
2219	4000	85.8	85.8	 773	high noise
2220	1000	75.4	75.4	 537	unbonded
2221	   0	77.5	77.5	 687	OK
2222	   0	91.3	91.3	 678	OK
2223	   0	85.5	85.5	 678	OK
2224	   0	82.0	82.0	 625	OK
2225	   0	82.5	82.5	 704	OK
2226	   0	77.9	77.9	 544	OK
2227	4000	83.6	83.6	 746	high noise
2228	   0	84.0	84.0	 721	OK
2229	   0	77.4	77.4	 656	OK
2230	   0	89.4	89.4	 607	OK
2231	   0	79.4	79.4	 586	OK
2232	   0	81.9	81.9	 671	OK
2233	   0	83.1	83.1	 705	OK
2234	   0	85.9	85.9	 709	OK
2235	   0	91.4	91.4	 644	OK
2236	   0	83.7	83.7	 608	OK
2237	   0	83.8	83.8	 656	OK
2238	1000	82.3	82.3	 528	unbonded
2239	4000	82.7	82.7	 742	high noise
2240	   0	83.1	83.1	 618	OK
2241	   0	79.9	79.9	 578	OK
2242	   0	77.6	77.6	 700	OK
2243	   0	80.1	80.1	 724	OK
2244	   0	87.3	87.3	 546	OK
2245	   0	77.1	77.1	 588	OK
2246	   0	83.1	83.1	 614	OK
2247	   0	85.4	85.4	 734	OK
2248	   0	77.5	77.5	 590	OK
2249	   0	80.4	80.4	 691	OK
2250	   0	78.2	78.2	 704	OK
2251	   0	72.8	72.8	 621	OK
2252	   0	84.9	84.9	 547	OK
2253	   0	76.2	76.2	 566	OK
2254	1000	80.0	80.0	 536	unbonded
2255	4000	75.9	75.9	 783	high noise
2256	   0	85.5	85.5	 633	OK
2257	   0	77.7	77.7	 605	OK
2258	   0	79.0	79.0	 589	OK
2259	4000	80.0	80.0	 792	high noise
2260	1000	83.7	83.7	 530	unbonded
2261	4000	80.4	80.4	 857	high noise
2262	   0	81.4	81.4	 577	OK
2263	1000	76.4	76.4	 537	unbonded
2264	   0	69.0	69.0	 682	OK
2265	1000	76.7	76.7	 538	unbonded
2266	   0	79.4	79.4	 556	OK
2267	   0	75.7	75.7	 722	OK
2268	   0	81.7	81.7	 700	OK
2269	   0	83.1	83.1	 679	OK
2270	1000	76.0	76.0	 531	unbonded
2271	   0	81.9	81.9	 609	OK
2272	   0	73.4	73.4	 668	OK
2273	4000	78.7	78.7	 758	high noise
2274	4000	79.8	79.8	 795	high noise
2275	   0	76.5	76.5	 580	OK
2276	   0	76.8	76.8	 683	OK
2277	   0	73.3	73.3	 677	OK
2278	   0	82.9	82.9	 732	OK
2279	   0	78.3	78.3	 614	OK
2280	   0	76.9	76.9	 561	OK
2281	   0	83.6	83.6	 653	OK
2282	   0	79.9	79.9	 674	OK
2283	   0	85.1	85.1	 622	OK
2284	   0	81.2	81.2	 676	OK
2285	   0	75.2	75.2	 667	OK
2286	   0	81.3	81.3	 665	OK
2287	   0	80.6	80.6	 711	OK
2288	   0	81.8	81.8	 628	OK
2289	4000	79.7	79.7	 786	high noise
2290	   0	84.8	84.8	 673	OK
2291	   0	86.4	86.4	 583	OK
2292	4000	85.8	85.8	 741	high noise
2293	   0	80.8	80.8	 655	OK
2294	   0	79.0	79.0	 599	OK
2295	   0	66.9	66.9	 706	OK
2296	   0	78.9	78.9	 617	OK
2297	   0	77.6	77.6	 664	OK
2298	   0	71.9	71.9	 723	OK
2299	   0	79.7	79.7	 699	OK
2300	   0	77.3	77.3	 620	OK
2301	1000	79.6	79.6	 521	unbonded
2302	   0	81.2	81.2	 616	OK
2303	   0	79.3	79.3	 707	OK
2304	4000	86.5	86.5	 785	high noise
2305	   0	87.0	87.0	 569	OK
2306	   0	77.5	77.5	 563	OK
2307	   0	92.6	92.6	 634	OK
2308	   0	88.6	88.6	 676	OK
2309	1000	84.6	84.6	 522	unbonded
2310	   0	84.6	84.6	 678	OK
2311	1000	86.6	86.6	 534	unbonded
2312	   0	79.5	79.5	 660	OK
2313	4000	86.0	86.0	 716	high noise
2314	   0	89.9	89.9	 662	OK
2315	   0	78.5	78.5	 671	OK
2316	1000	82.9	82.9	 528	unbonded
2317	4000	87.7	87.7	 705	high noise
2318	   0	85.7	85.7	 618	OK
2319	   0	79.9	79.9	 578	OK
2320	1000	93.2	93.2	 531	unbonded
2321	   0	90.3	90.3	 635	OK
2322	1000	91.7	91.7	 524	unbonded
2323	   0	91.6	91.6	 553	OK
2324	   0	89.8	89.8	 573	OK
2325	   0	80.2	80.2	 637	OK
2326	   0	87.2	87.2	 618	OK
2327	1000	81.0	81.0	 522	unbonded
2328	   0	92.4	92.4	 552	OK
2329	1000	93.1	93.1	 452	unbonded
2330	   0	80.3	80.3	 567	OK
2331	   0	89.3	89.3	 648	OK
2332	4000	83.0	83.0	 702	high noise
2333	1000	85.0	85.0	 505	unbonded
2334	1000	83.3	83.3	 479	unbonded
2335	   0	85.4	85.4	 594	OK
2336	   0	86.1	86.1	 549	OK
2337	   0	87.9	87.9	 589	OK
2338	   0	79.2	79.2	 662	OK
2339	   0	90.4	90.4	 612	OK
2340	   0	90.5	90.5	 606	OK
2341	   0	79.5	79.5	 667	OK
2342	1000	86.3	86.3	 462	unbonded
2343	1000	89.6	89.6	 512	unbonded
2344	4000	90.7	90.7	 761	high noise
2345	4000	78.6	78.6	 769	high noise
2346	   0	90.7	90.7	 604	OK
2347	   0	87.0	87.0	 655	OK
2348	   0	76.8	76.8	 647	OK
2349	   0	83.0	83.0	 598	OK
2350	   0	86.8	86.8	 568	OK
2351	   0	81.9	81.9	 659	OK
2352	   0	89.0	89.0	 547	OK
2353	   0	83.6	83.6	 698	OK
2354	   0	83.5	83.5	 633	OK
2355	1000	84.4	84.4	 486	unbonded
2356	1000	82.7	82.7	 525	unbonded
2357	   0	83.1	83.1	 624	OK
2358	   0	82.9	82.9	 578	OK
2359	1000	85.9	85.9	 426	unbonded
2360	   0	89.9	89.9	 559	OK
2361	4000	90.4	90.4	 713	high noise
2362	1000	90.3	90.3	 513	unbonded
2363	   0	86.3	86.3	 557	OK
2364	   0	85.6	85.6	 622	OK
2365	4000	81.3	81.3	 732	high noise
2366	   0	91.6	91.6	 587	OK
2367	   0	90.5	90.5	 600	OK
2368	   0	85.3	85.3	 686	OK
2369	4000	82.3	82.3	 721	high noise
2370	   0	86.7	86.7	 558	OK
2371	   0	80.0	80.0	 642	OK
2372	   0	91.4	91.4	 653	OK
2373	1000	85.9	85.9	 417	unbonded
2374	1000	91.7	91.7	 527	unbonded
2375	   0	88.8	88.8	 588	OK
2376	   0	92.5	92.5	 615	OK
2377	1000	83.8	83.8	 481	unbonded
2378	1000	89.4	89.4	 439	unbonded
2379	   0	78.2	78.2	 592	OK
2380	4000	84.8	84.8	 703	high noise
2381	   0	88.4	88.4	 610	OK
2382	1000	88.9	88.9	 496	unbonded
2383	   0	84.1	84.1	 631	OK
2384	   0	86.7	86.7	 575	OK
2385	   0	83.0	83.0	 650	OK
2386	1000	86.5	86.5	 533	unbonded
2387	   0	82.5	82.5	 559	OK
2388	   0	78.5	78.5	 562	OK
2389	   0	79.8	79.8	 648	OK
2390	   0	83.3	83.3	 547	OK
2391	1000	85.0	85.0	 523	unbonded
2392	   0	79.3	79.3	 560	OK
2393	1000	83.5	83.5	 514	unbonded
2394	4000	88.1	88.1	 749	high noise
2395	   0	80.5	80.5	 693	OK
2396	   0	79.3	79.3	 678	OK
2397	   0	90.0	90.0	 567	OK
2398	   0	81.8	81.8	 655	OK
2399	   0	84.8	84.8	 615	OK
2400	1000	74.3	74.3	 517	unbonded
2401	   0	81.8	81.8	 554	OK
2402	4000	85.0	85.0	 744	high noise
2403	   0	90.6	90.6	 563	OK
2404	   0	92.7	92.7	 642	OK
2405	   0	83.4	83.4	 592	OK
2406	   0	84.0	84.0	 602	OK
2407	   0	90.7	90.7	 686	OK
2408	1000	80.4	80.4	 527	unbonded
2409	   0	77.8	77.8	 657	OK
2410	   0	80.8	80.8	 675	OK
2411	4000	76.4	76.4	 718	high noise
2412	   0	83.9	83.9	 641	OK
2413	   0	86.3	86.3	 602	OK
2414	   0	86.7	86.7	 589	OK
2415	   0	78.1	78.1	 645	OK
2416	1000	86.5	86.5	 535	unbonded
2417	4000	76.6	76.6	 825	high noise
2418	   0	80.2	80.2	 685	OK
2419	   0	83.5	83.5	 604	OK
2420	   0	84.4	84.4	 635	OK
2421	   0	87.7	87.7	 635	OK
2422	   0	86.0	86.0	 558	OK
2423	   0	75.5	75.5	 668	OK
2424	   0	86.9	86.9	 658	OK
2425	4000	83.1	83.1	 702	high noise
2426	   0	84.5	84.5	 663	OK
2427	   0	85.9	85.9	 639	OK
2428	   0	83.7	83.7	 654	OK
2429	   0	87.5	87.5	 553	OK
2430	   0	78.2	78.2	 587	OK
2431	   0	87.9	87.9	 690	OK
2432	   0	93.2	93.2	 556	OK
2433	   0	84.3	84.3	 625	OK
2434	   0	83.7	83.7	 645	OK
2435	   0	86.0	86.0	 595	OK
2436	   0	77.1	77.1	 611	OK
2437	   0	84.9	84.9	 657	OK
2438	   0	90.6	90.6	 633	OK
2439	4000	89.5	89.5	 736	high noise
2440	1000	94.4	94.4	 498	unbonded
2441	   0	86.1	86.1	 577	OK
2442	   0	94.3	94.3	 559	OK
2443	1000	89.0	89.0	 483	unbonded
2444	   0	83.6	83.6	 646	OK
2445	   0	89.5	89.5	 606	OK
2446	   0	92.0	92.0	 624	OK
2447	   0	83.3	83.3	 630	OK
2448	   0	94.2	94.2	 632	OK
2449	   0	86.7	86.7	 595	OK
2450	   0	86.1	86.1	 542	OK
2451	4000	93.6	93.6	 702	high noise
2452	1000	82.2	82.2	 480	unbonded
2453	4000	83.1	83.1	 719	high noise
2454	8000	88.7	88.7	 541	partbonded
2455	1000	84.3	84.3	 521	unbonded
2456	   0	88.2	88.2	 644	OK
2457	1000	85.8	85.8	 515	unbonded
2458	   0	84.4	84.4	 633	OK
2459	   0	78.6	78.6	 561	OK
2460	   0	85.7	85.7	 694	OK
2461	   0	91.4	91.4	 546	OK
2462	   0	84.3	84.3	 640	OK
2463	1000	89.3	89.3	 511	unbonded
2464	   0	79.0	79.0	 634	OK
2465	1000	96.2	96.2	 381	unbonded
2466	   0	84.3	84.3	 542	OK
2467	   0	96.4	96.4	 643	OK
2468	4000	87.7	87.7	 840	high noise
2469	4000	84.7	84.7	 884	high noise
2470	   0	87.7	87.7	 681	OK
2471	   0	88.0	88.0	 670	OK
2472	   0	85.3	85.3	 636	OK
2473	   0	93.3	93.3	 643	OK
2474	4000	89.1	89.1	 708	high noise
2475	   0	89.9	89.9	 622	OK
2476	   0	83.2	83.2	 597	OK
2477	   0	94.2	94.2	 601	OK
2478	1000	91.2	91.2	 513	unbonded
2479	   0	91.5	91.5	 605	OK
2480	   0	84.9	84.9	 635	OK
2481	1000	89.7	89.7	 535	unbonded
2482	1000	86.5	86.5	 429	unbonded
2483	   0	89.4	89.4	 620	OK
2484	   0	90.3	90.3	 633	OK
2485	1000	79.7	79.7	 498	unbonded
2486	   0	87.3	87.3	 671	OK
2487	   0	90.2	90.2	 645	OK
2488	1000	79.2	79.2	 449	unbonded
2489	   0	87.2	87.2	 681	OK
2490	1000	87.8	87.8	 488	unbonded
2491	   0	87.8	87.8	 600	OK
2492	   0	98.4	98.4	 549	OK
2493	   0	93.4	93.4	 628	OK
2494	1000	94.9	94.9	 507	unbonded
2495	   0	88.5	88.5	 578	OK
2496	   0	94.1	94.1	 612	OK
2497	   0	89.2	89.2	 607	OK
2498	1000	90.9	90.9	 470	unbonded
2499	   0	93.0	93.0	 632	OK
2500	   0	91.0	91.0	 564	OK
2501	   0	93.2	93.2	 647	OK
2502	4000	86.5	86.5	 719	high noise
2503	1000	86.0	86.0	 527	unbonded
2504	   0	83.9	83.9	 629	OK
2505	   0	92.8	92.8	 583	OK
2506	1000	88.4	88.4	 416	unbonded
2507	   0	88.4	88.4	 601	OK
2508	   0	87.5	87.5	 609	OK
2509	   0	88.6	88.6	 625	OK
2510	   0	80.4	80.4	 696	OK
2511	1000	86.9	86.9	 458	unbonded
2512	   0	84.8	84.8	 558	OK
2513	   0	86.9	86.9	 684	OK
2514	1000	91.6	91.6	 413	unbonded
2515	   0	97.3	97.3	 647	OK
2516	1000	91.5	91.5	 536	unbonded
2517	   0	85.8	85.8	 687	OK
2518	   0	86.2	86.2	 583	OK
2519	1000	92.1	92.1	 516	unbonded
2520	   0	85.1	85.1	 688	OK
2521	   0	90.1	90.1	 581	OK
2522	   0	89.1	89.1	 596	OK
2523	1000	86.5	86.5	 527	unbonded
2524	   0	82.2	82.2	 664	OK
2525	   0	83.3	83.3	 625	OK
2526	   0	93.1	93.1	 590	OK
2527	   0	92.9	92.9	 641	OK
2528	   0	87.3	87.3	 571	OK
2529	4000	88.0	88.0	 707	high noise
2530	1000	81.9	81.9	 491	unbonded
2531	   0	81.5	81.5	 570	OK
2532	4000	93.5	93.5	 712	high noise
2533	   0	88.2	88.2	 588	OK
2534	   0	85.0	85.0	 563	OK
2535	4000	91.5	91.5	 800	high noise
2536	   0	90.3	90.3	 576	OK
2537	4000	86.4	86.4	 731	high noise
2538	   0	97.5	97.5	 638	OK
2539	   0	91.2	91.2	 626	OK
2540	1000	90.3	90.3	 522	unbonded
2541	   0	85.6	85.6	 661	OK
2542	4000	86.7	86.7	 717	high noise
2543	   0	93.6	93.6	 645	OK
2544	   0	89.1	89.1	 630	OK
2545	   0	87.3	87.3	 638	OK
2546	   0	95.8	95.8	 625	OK
2547	   0	96.3	96.3	 613	OK
2548	   0	96.5	96.5	 553	OK
2549	   0	94.2	94.2	 592	OK
2550	   0	87.5	87.5	 630	OK
2551	   0	92.2	92.2	 604	OK
2552	   0	85.5	85.5	 639	OK
2553	   0	91.5	91.5	 670	OK
2554	   0	78.9	78.9	 619	OK
2555	   0	91.9	91.9	 662	OK
2556	1000	85.9	85.9	 436	unbonded
2557	   0	85.0	85.0	 654	OK
2558	4000	90.6	90.6	 718	high noise
2559	   0	78.0	78.0	 643	OK
