#chan	code	gain	offset	innse	comment
   0	   0	78.3	78.3	 572	OK
   1	1000	93.4	93.4	 503	unbonded
   2	   0	88.6	88.6	 571	OK
   3	8000	84.8	84.8	 541	partbonded
   4	   0	80.5	80.5	 561	OK
   5	   0	89.3	89.3	 566	OK
   6	   0	81.8	81.8	 607	OK
   7	   0	82.5	82.5	 657	OK
   8	1000	88.2	88.2	 539	unbonded
   9	   0	88.0	88.0	 663	OK
  10	   0	83.7	83.7	 597	OK
  11	   0	86.7	86.7	 672	OK
  12	1000	92.3	92.3	 518	unbonded
  13	1000	88.3	88.3	 516	unbonded
  14	   0	89.7	89.7	 595	OK
  15	   0	87.5	87.5	 610	OK
  16	1000	80.1	80.1	 535	unbonded
  17	   0	77.3	77.3	 635	OK
  18	   0	84.4	84.4	 605	OK
  19	4000	82.7	82.7	 702	high noise
  20	   0	84.7	84.7	 589	OK
  21	   0	90.1	90.1	 575	OK
  22	   0	85.0	85.0	 585	OK
  23	   0	81.1	81.1	 648	OK
  24	1000	89.4	89.4	 507	unbonded
  25	   0	89.6	89.6	 580	OK
  26	   0	81.7	81.7	 622	OK
  27	   0	91.8	91.8	 545	OK
  28	   0	79.6	79.6	 597	OK
  29	1000	94.2	94.2	 523	unbonded
  30	1000	90.9	90.9	 444	unbonded
  31	   0	90.3	90.3	 681	OK
  32	   0	87.7	87.7	 601	OK
  33	1000	87.0	87.0	 522	unbonded
  34	1000	94.4	94.4	 473	unbonded
  35	   0	82.6	82.6	 673	OK
  36	   0	87.7	87.7	 610	OK
  37	   0	86.9	86.9	 591	OK
  38	   0	84.3	84.3	 605	OK
  39	   0	88.2	88.2	 639	OK
  40	4000	90.1	90.1	 686	high noise
  41	   0	80.8	80.8	 570	OK
  42	   0	82.4	82.4	 646	OK
  43	   0	81.3	81.3	 565	OK
  44	   0	90.2	90.2	 633	OK
  45	   0	90.6	90.6	 572	OK
  46	1000	90.3	90.3	 518	unbonded
  47	   0	85.5	85.5	 588	OK
  48	   0	80.0	80.0	 603	OK
  49	   0	90.4	90.4	 580	OK
  50	   0	85.2	85.2	 542	OK
  51	1000	78.4	78.4	 518	unbonded
  52	   0	89.2	89.2	 666	OK
  53	   0	81.5	81.5	 619	OK
  54	1000	94.9	94.9	 516	unbonded
  55	   0	84.7	84.7	 638	OK
  56	   0	83.0	83.0	 619	OK
  57	1000	96.4	96.4	 536	unbonded
  58	   0	89.9	89.9	 640	OK
  59	   0	91.3	91.3	 571	OK
  60	   0	85.2	85.2	 657	OK
  61	1000	86.8	86.8	 514	unbonded
  62	   0	91.7	91.7	 596	OK
  63	   0	86.1	86.1	 567	OK
  64	4000	89.2	89.2	 698	high noise
  65	   0	90.4	90.4	 606	OK
  66	1000	92.5	92.5	 523	unbonded
  67	   0	92.4	92.4	 554	OK
  68	   0	91.5	91.5	 666	OK
  69	   0	90.6	90.6	 638	OK
  70	1000	94.4	94.4	 351	unbonded
  71	   0	91.7	91.7	 677	OK
  72	4000	86.3	86.3	 728	high noise
  73	   0	87.4	87.4	 615	OK
  74	   0	86.8	86.8	 598	OK
  75	1000	86.5	86.5	 521	unbonded
  76	   0	89.6	89.6	 580	OK
  77	   0	84.4	84.4	 680	OK
  78	1000	95.9	95.9	 530	unbonded
  79	   0	83.1	83.1	 640	OK
  80	   0	87.5	87.5	 600	OK
  81	   0	89.4	89.4	 542	OK
  82	1000	85.5	85.5	 505	unbonded
  83	4000	93.3	93.3	 719	high noise
  84	   0	87.9	87.9	 639	OK
  85	1000	86.2	86.2	 539	unbonded
  86	   0	91.3	91.3	 583	OK
  87	   0	89.3	89.3	 583	OK
  88	1000	88.3	88.3	 522	unbonded
  89	   0	89.4	89.4	 598	OK
  90	   0	89.7	89.7	 562	OK
  91	   0	84.4	84.4	 666	OK
  92	1000	85.4	85.4	 517	unbonded
  93	   0	86.6	86.6	 653	OK
  94	1000	91.4	91.4	 500	unbonded
  95	1000	83.5	83.5	 465	unbonded
  96	   0	89.7	89.7	 643	OK
  97	   0	87.4	87.4	 630	OK
  98	4000	90.1	90.1	 724	high noise
  99	   0	88.5	88.5	 563	OK
 100	4000	82.0	82.0	 708	high noise
 101	   0	92.5	92.5	 573	OK
 102	4000	86.8	86.8	 780	high noise
 103	   0	80.4	80.4	 610	OK
 104	   0	86.7	86.7	 562	OK
 105	   0	81.2	81.2	 573	OK
 106	   0	95.4	95.4	 670	OK
 107	4000	86.0	86.0	 704	high noise
 108	   0	84.9	84.9	 685	OK
 109	   0	80.3	80.3	 547	OK
 110	   0	92.8	92.8	 650	OK
 111	4000	94.1	94.1	 732	high noise
 112	   0	92.6	92.6	 644	OK
 113	1000	90.9	90.9	 425	unbonded
 114	   0	89.6	89.6	 616	OK
 115	   0	87.8	87.8	 644	OK
 116	1000	86.4	86.4	 523	unbonded
 117	1000	85.2	85.2	 538	unbonded
 118	   0	84.2	84.2	 604	OK
 119	   0	90.0	90.0	 624	OK
 120	4000	82.0	82.0	 713	high noise
 121	   0	78.2	78.2	 599	OK
 122	   0	86.0	86.0	 632	OK
 123	   0	88.0	88.0	 626	OK
 124	4000	83.0	83.0	 699	high noise
 125	1000	95.2	95.2	 403	unbonded
 126	   0	86.8	86.8	 679	OK
 127	   0	93.5	93.5	 586	OK
 128	1000	90.0	90.0	 492	unbonded
 129	   0	85.6	85.6	 550	OK
 130	1000	85.8	85.8	 462	unbonded
 131	   0	83.5	83.5	 618	OK
 132	1000	98.6	98.6	 520	unbonded
 133	4000	86.6	86.6	 683	high noise
 134	   0	96.3	96.3	 634	OK
 135	   0	90.3	90.3	 558	OK
 136	   0	85.8	85.8	 598	OK
 137	4000	87.6	87.6	 681	high noise
 138	   0	98.9	98.9	 549	OK
 139	   0	90.7	90.7	 641	OK
 140	   0	91.1	91.1	 626	OK
 141	   0	95.5	95.5	 593	OK
 142	1000	96.3	96.3	 493	unbonded
 143	   0	90.8	90.8	 588	OK
 144	1000	94.5	94.5	 526	unbonded
 145	   0	85.5	85.5	 592	OK
 146	4000	87.8	87.8	 667	high noise
 147	   0	84.0	84.0	 603	OK
 148	   0	86.7	86.7	 597	OK
 149	4000	88.1	88.1	 673	high noise
 150	   0	90.2	90.2	 599	OK
 151	4000	90.1	90.1	 667	high noise
 152	   0	88.3	88.3	 614	OK
 153	   0	90.3	90.3	 622	OK
 154	   0	84.4	84.4	 548	OK
 155	4000	98.1	98.1	 687	high noise
 156	   0	90.0	90.0	 599	OK
 157	   0	100.2	100.2	 639	OK
 158	   0	90.3	90.3	 549	OK
 159	1000	93.7	93.7	 492	unbonded
 160	1000	101.7	101.7	 524	unbonded
 161	1000	81.2	81.2	 522	unbonded
 162	4000	92.2	92.2	 673	high noise
 163	   0	86.5	86.5	 551	OK
 164	   0	87.4	87.4	 641	OK
 165	   0	90.2	90.2	 657	OK
 166	   0	86.7	86.7	 560	OK
 167	1000	94.7	94.7	 520	unbonded
 168	   0	91.1	91.1	 589	OK
 169	4000	89.8	89.8	 681	high noise
 170	4000	85.2	85.2	 672	high noise
 171	   0	90.2	90.2	 585	OK
 172	   0	86.7	86.7	 570	OK
 173	   0	88.5	88.5	 595	OK
 174	4000	94.2	94.2	 684	high noise
 175	   0	80.9	80.9	 567	OK
 176	1000	94.0	94.0	 527	unbonded
 177	   0	87.1	87.1	 600	OK
 178	1000	91.3	91.3	 411	unbonded
 179	1000	95.7	95.7	 523	unbonded
 180	1000	85.6	85.6	 535	unbonded
 181	4000	94.7	94.7	 672	high noise
 182	   0	90.7	90.7	 589	OK
 183	   0	87.0	87.0	 631	OK
 184	4000	90.5	90.5	 686	high noise
 185	1000	82.8	82.8	 536	unbonded
 186	1000	90.5	90.5	 424	unbonded
 187	1000	92.5	92.5	 514	unbonded
 188	1000	95.4	95.4	 515	unbonded
 189	4000	91.0	91.0	 693	high noise
 190	   0	88.7	88.7	 571	OK
 191	1000	96.3	96.3	 484	unbonded
 192	4000	91.2	91.2	 670	high noise
 193	   0	86.6	86.6	 565	OK
 194	   0	97.6	97.6	 637	OK
 195	1000	95.9	95.9	 472	unbonded
 196	   0	92.3	92.3	 623	OK
 197	1000	91.2	91.2	 480	unbonded
 198	1000	97.2	97.2	 539	unbonded
 199	   0	91.0	91.0	 648	OK
 200	   0	95.6	95.6	 663	OK
 201	1000	93.4	93.4	 510	unbonded
 202	1000	85.7	85.7	 491	unbonded
 203	   0	95.5	95.5	 563	OK
 204	   0	102.3	102.3	 623	OK
 205	   0	94.3	94.3	 574	OK
 206	4000	88.3	88.3	 748	high noise
 207	   0	89.8	89.8	 562	OK
 208	   0	91.2	91.2	 577	OK
 209	4000	83.6	83.6	 696	high noise
 210	   0	92.6	92.6	 624	OK
 211	   0	82.6	82.6	 613	OK
 212	   0	85.1	85.1	 606	OK
 213	1000	93.8	93.8	 507	unbonded
 214	4000	84.3	84.3	 683	high noise
 215	   0	93.1	93.1	 551	OK
 216	   0	89.0	89.0	 560	OK
 217	4000	87.6	87.6	 694	high noise
 218	1000	86.6	86.6	 522	unbonded
 219	   0	82.5	82.5	 650	OK
 220	   0	91.3	91.3	 546	OK
 221	   0	95.9	95.9	 596	OK
 222	   0	93.0	93.0	 591	OK
 223	1000	88.1	88.1	 490	unbonded
 224	1000	89.1	89.1	 525	unbonded
 225	   0	94.2	94.2	 560	OK
 226	   0	93.0	93.0	 631	OK
 227	   0	88.2	88.2	 555	OK
 228	1000	86.5	86.5	 527	unbonded
 229	1000	89.3	89.3	 499	unbonded
 230	   0	89.8	89.8	 554	OK
 231	   0	87.0	87.0	 584	OK
 232	   0	92.7	92.7	 564	OK
 233	   0	88.2	88.2	 581	OK
 234	1000	94.2	94.2	 505	unbonded
 235	1000	90.8	90.8	 514	unbonded
 236	   0	86.9	86.9	 562	OK
 237	   0	92.1	92.1	 611	OK
 238	1000	82.7	82.7	 530	unbonded
 239	1000	96.8	96.8	 510	unbonded
 240	   0	93.3	93.3	 569	OK
 241	   0	79.9	79.9	 611	OK
 242	   0	86.7	86.7	 655	OK
 243	1000	89.8	89.8	 505	unbonded
 244	   0	88.9	88.9	 573	OK
 245	   0	90.0	90.0	 586	OK
 246	1000	91.4	91.4	 446	unbonded
 247	   0	99.3	99.3	 577	OK
 248	1000	88.4	88.4	 443	unbonded
 249	1000	89.9	89.9	 524	unbonded
 250	   0	90.1	90.1	 548	OK
 251	1000	86.3	86.3	 530	unbonded
 252	   0	94.6	94.6	 629	OK
 253	   0	89.2	89.2	 571	OK
 254	   0	85.0	85.0	 563	OK
 255	   0	82.2	82.2	 572	OK
 256	   0	76.9	76.9	 651	OK
 257	4000	72.8	72.8	 783	high noise
 258	   0	69.6	69.6	 743	OK
 259	   0	78.8	78.8	 583	OK
 260	4000	68.0	68.0	 829	high noise
 261	   0	81.0	81.0	 559	OK
 262	   0	79.5	79.5	 626	OK
 263	   0	76.6	76.6	 655	OK
 264	   0	75.4	75.4	 624	OK
 265	   0	76.4	76.4	 678	OK
 266	   0	77.8	77.8	 637	OK
 267	   0	76.8	76.8	 635	OK
 268	   0	79.2	79.2	 744	OK
 269	   0	74.9	74.9	 691	OK
 270	   0	75.4	75.4	 677	OK
 271	   0	83.0	83.0	 590	OK
 272	   0	79.0	79.0	 591	OK
 273	   0	72.8	72.8	 690	OK
 274	   0	80.6	80.6	 655	OK
 275	   0	72.9	72.9	 610	OK
 276	   0	78.5	78.5	 721	OK
 277	4000	76.9	76.9	 794	high noise
 278	   0	75.2	75.2	 608	OK
 279	   0	80.2	80.2	 721	OK
 280	   0	74.1	74.1	 711	OK
 281	   0	77.2	77.2	 769	OK
 282	4000	81.6	81.6	 788	high noise
 283	   0	81.0	81.0	 648	OK
 284	   0	76.5	76.5	 687	OK
 285	   0	77.6	77.6	 756	OK
 286	   0	75.8	75.8	 709	OK
 287	   0	73.4	73.4	 747	OK
 288	   0	76.2	76.2	 732	OK
 289	   0	76.4	76.4	 710	OK
 290	   0	73.5	73.5	 751	OK
 291	   0	80.1	80.1	 564	OK
 292	   0	74.8	74.8	 724	OK
 293	   0	74.2	74.2	 651	OK
 294	   0	79.6	79.6	 726	OK
 295	   0	83.0	83.0	 573	OK
 296	   0	81.5	81.5	 544	OK
 297	4000	82.0	82.0	 771	high noise
 298	   0	75.5	75.5	 666	OK
 299	   0	79.5	79.5	 633	OK
 300	   0	80.5	80.5	 571	OK
 301	   0	79.6	79.6	 769	OK
 302	   0	78.0	78.0	 746	OK
 303	   0	82.5	82.5	 657	OK
 304	   0	80.2	80.2	 601	OK
 305	   0	71.5	71.5	 663	OK
 306	   0	84.0	84.0	 586	OK
 307	   0	83.8	83.8	 769	OK
 308	4000	75.7	75.7	 785	high noise
 309	   0	78.6	78.6	 641	OK
 310	   0	68.7	68.7	 744	OK
 311	   0	79.0	79.0	 663	OK
 312	   0	85.9	85.9	 702	OK
 313	   0	77.5	77.5	 693	OK
 314	   0	76.2	76.2	 691	OK
 315	   0	76.8	76.8	 604	OK
 316	1000	75.0	75.0	 476	unbonded
 317	   0	78.3	78.3	 552	OK
 318	   0	80.9	80.9	 691	OK
 319	   0	80.4	80.4	 650	OK
 320	   0	76.7	76.7	 647	OK
 321	4000	90.4	90.4	 778	high noise
 322	   0	77.9	77.9	 607	OK
 323	   0	75.9	75.9	 594	OK
 324	   0	82.6	82.6	 724	OK
 325	4000	71.2	71.2	 772	high noise
 326	4000	74.7	74.7	 904	high noise
 327	   0	78.4	78.4	 718	OK
 328	   0	79.0	79.0	 687	OK
 329	4000	76.1	76.1	 842	high noise
 330	   0	83.7	83.7	 641	OK
 331	   0	78.0	78.0	 632	OK
 332	   0	78.9	78.9	 654	OK
 333	   0	72.3	72.3	 656	OK
 334	   0	79.1	79.1	 690	OK
 335	   0	80.9	80.9	 696	OK
 336	   0	83.6	83.6	 633	OK
 337	   0	68.3	68.3	 666	OK
 338	   0	81.3	81.3	 624	OK
 339	   0	81.5	81.5	 661	OK
 340	   0	75.6	75.6	 589	OK
 341	   0	80.5	80.5	 616	OK
 342	   0	86.5	86.5	 718	OK
 343	   0	74.9	74.9	 634	OK
 344	   0	77.8	77.8	 694	OK
 345	   0	77.3	77.3	 662	OK
 346	   0	77.5	77.5	 686	OK
 347	1000	79.3	79.3	 434	unbonded
 348	   0	75.7	75.7	 690	OK
 349	   0	78.6	78.6	 652	OK
 350	   0	78.9	78.9	 673	OK
 351	   0	82.3	82.3	 695	OK
 352	4000	77.3	77.3	 839	high noise
 353	   0	73.0	73.0	 729	OK
 354	4000	81.9	81.9	 780	high noise
 355	   0	77.3	77.3	 741	OK
 356	   0	77.1	77.1	 643	OK
 357	   0	77.9	77.9	 650	OK
 358	   0	77.5	77.5	 716	OK
 359	1000	83.7	83.7	 530	unbonded
 360	   0	75.2	75.2	 743	OK
 361	   0	76.0	76.0	 682	OK
 362	   0	78.8	78.8	 635	OK
 363	   0	84.6	84.6	 655	OK
 364	   0	82.0	82.0	 692	OK
 365	   0	83.5	83.5	 635	OK
 366	   0	81.6	81.6	 546	OK
 367	   0	77.7	77.7	 614	OK
 368	   0	81.2	81.2	 651	OK
 369	   0	78.4	78.4	 679	OK
 370	   0	80.9	80.9	 727	OK
 371	   0	71.5	71.5	 629	OK
 372	1000	79.0	79.0	 534	unbonded
 373	   0	78.9	78.9	 591	OK
 374	   0	79.3	79.3	 697	OK
 375	1000	84.0	84.0	 528	unbonded
 376	1000	76.3	76.3	 495	unbonded
 377	   0	80.7	80.7	 631	OK
 378	4000	79.5	79.5	 800	high noise
 379	   0	81.7	81.7	 546	OK
 380	   0	69.2	69.2	 734	OK
 381	   0	81.5	81.5	 640	OK
 382	   0	79.8	79.8	 582	OK
 383	   0	79.2	79.2	 699	OK
 384	4000	82.6	82.6	 733	high noise
 385	   0	85.7	85.7	 664	OK
 386	1000	90.7	90.7	 513	unbonded
 387	   0	90.6	90.6	 690	OK
 388	4000	88.4	88.4	 735	high noise
 389	1000	87.6	87.6	 437	unbonded
 390	   0	87.0	87.0	 685	OK
 391	4000	89.3	89.3	 713	high noise
 392	1000	91.8	91.8	 516	unbonded
 393	   0	84.6	84.6	 630	OK
 394	   0	85.5	85.5	 704	OK
 395	4000	85.5	85.5	 741	high noise
 396	   0	84.4	84.4	 566	OK
 397	   0	84.8	84.8	 691	OK
 398	   0	81.0	81.0	 640	OK
 399	   0	82.3	82.3	 562	OK
 400	   0	90.3	90.3	 672	OK
 401	4000	85.2	85.2	 756	high noise
 402	1000	89.3	89.3	 509	unbonded
 403	   0	85.0	85.0	 604	OK
 404	   0	87.9	87.9	 667	OK
 405	   0	90.7	90.7	 685	OK
 406	   0	87.8	87.8	 644	OK
 407	   0	89.2	89.2	 627	OK
 408	   0	77.9	77.9	 612	OK
 409	   0	85.8	85.8	 557	OK
 410	   0	89.2	89.2	 667	OK
 411	   0	89.5	89.5	 556	OK
 412	   0	84.2	84.2	 662	OK
 413	   0	82.9	82.9	 654	OK
 414	   0	89.7	89.7	 647	OK
 415	   0	82.4	82.4	 585	OK
 416	   0	86.0	86.0	 581	OK
 417	   0	87.9	87.9	 609	OK
 418	   0	85.7	85.7	 543	OK
 419	   0	87.9	87.9	 600	OK
 420	   0	92.4	92.4	 635	OK
 421	   0	92.1	92.1	 548	OK
 422	   0	84.8	84.8	 573	OK
 423	1000	86.6	86.6	 520	unbonded
 424	   0	87.8	87.8	 593	OK
 425	   0	79.9	79.9	 648	OK
 426	1000	93.6	93.6	 531	unbonded
 427	4000	91.7	91.7	 715	high noise
 428	1000	90.1	90.1	 539	unbonded
 429	   0	88.5	88.5	 625	OK
 430	1000	90.7	90.7	 534	unbonded
 431	1000	87.8	87.8	 507	unbonded
 432	   0	86.0	86.0	 624	OK
 433	   0	94.9	94.9	 613	OK
 434	   0	83.8	83.8	 629	OK
 435	   0	87.2	87.2	 630	OK
 436	   0	95.4	95.4	 567	OK
 437	   0	85.5	85.5	 640	OK
 438	   0	97.0	97.0	 569	OK
 439	   0	81.3	81.3	 648	OK
 440	   0	87.8	87.8	 622	OK
 441	   0	86.8	86.8	 601	OK
 442	1000	95.8	95.8	 530	unbonded
 443	   0	88.1	88.1	 665	OK
 444	1000	84.9	84.9	 477	unbonded
 445	   0	96.6	96.6	 568	OK
 446	   0	94.8	94.8	 554	OK
 447	   0	84.3	84.3	 565	OK
 448	   0	91.7	91.7	 568	OK
 449	   0	85.1	85.1	 601	OK
 450	   0	87.0	87.0	 601	OK
 451	   0	80.5	80.5	 549	OK
 452	   0	84.3	84.3	 640	OK
 453	1000	92.0	92.0	 524	unbonded
 454	   0	91.1	91.1	 590	OK
 455	   0	84.9	84.9	 584	OK
 456	   0	88.5	88.5	 701	OK
 457	1000	92.0	92.0	 498	unbonded
 458	   0	88.0	88.0	 648	OK
 459	   0	92.8	92.8	 592	OK
 460	1000	84.8	84.8	 526	unbonded
 461	1000	88.7	88.7	 476	unbonded
 462	4000	85.1	85.1	 719	high noise
 463	   0	78.7	78.7	 590	OK
 464	4000	90.6	90.6	 712	high noise
 465	   0	96.6	96.6	 574	OK
 466	   0	85.6	85.6	 647	OK
 467	   0	87.9	87.9	 641	OK
 468	   0	82.2	82.2	 542	OK
 469	4000	80.8	80.8	 712	high noise
 470	   0	87.0	87.0	 649	OK
 471	   0	88.2	88.2	 682	OK
 472	   0	87.0	87.0	 652	OK
 473	   0	89.0	89.0	 652	OK
 474	1000	89.1	89.1	 509	unbonded
 475	4000	89.0	89.0	 771	high noise
 476	1000	81.5	81.5	 522	unbonded
 477	   0	86.7	86.7	 592	OK
 478	1000	90.6	90.6	 528	unbonded
 479	   0	94.6	94.6	 608	OK
 480	4000	91.4	91.4	 711	high noise
 481	   0	80.9	80.9	 567	OK
 482	4000	89.9	89.9	 715	high noise
 483	   0	83.8	83.8	 638	OK
 484	1000	91.3	91.3	 452	unbonded
 485	   0	90.4	90.4	 579	OK
 486	   0	88.1	88.1	 644	OK
 487	   0	84.4	84.4	 548	OK
 488	   0	89.7	89.7	 635	OK
 489	   0	93.7	93.7	 662	OK
 490	1000	87.1	87.1	 443	unbonded
 491	   0	84.4	84.4	 658	OK
 492	   0	84.3	84.3	 573	OK
 493	   0	81.5	81.5	 659	OK
 494	   0	86.7	86.7	 611	OK
 495	4000	81.7	81.7	 757	high noise
 496	   0	84.5	84.5	 634	OK
 497	   0	91.5	91.5	 611	OK
 498	   0	85.0	85.0	 663	OK
 499	   0	94.1	94.1	 596	OK
 500	   0	86.9	86.9	 695	OK
 501	   0	84.9	84.9	 558	OK
 502	4000	81.0	81.0	 728	high noise
 503	   0	91.2	91.2	 641	OK
 504	   0	89.9	89.9	 684	OK
 505	1000	94.3	94.3	 482	unbonded
 506	1000	91.1	91.1	 498	unbonded
 507	   0	83.9	83.9	 629	OK
 508	   0	85.9	85.9	 663	OK
 509	   0	82.0	82.0	 547	OK
 510	   0	92.5	92.5	 692	OK
 511	4000	82.4	82.4	 722	high noise
 512	   0	85.3	85.3	 583	OK
 513	   0	82.6	82.6	 680	OK
 514	   0	77.4	77.4	 613	OK
 515	4000	74.8	74.8	 861	high noise
 516	   0	81.2	81.2	 720	OK
 517	   0	76.9	76.9	 595	OK
 518	   0	81.6	81.6	 702	OK
 519	   0	85.0	85.0	 643	OK
 520	   0	79.1	79.1	 607	OK
 521	4000	82.8	82.8	 841	high noise
 522	   0	74.5	74.5	 673	OK
 523	4000	77.5	77.5	 761	high noise
 524	   0	87.9	87.9	 730	OK
 525	   0	75.8	75.8	 636	OK
 526	   0	87.2	87.2	 633	OK
 527	   0	79.6	79.6	 668	OK
 528	4000	81.0	81.0	 782	high noise
 529	   0	83.7	83.7	 561	OK
 530	   0	78.7	78.7	 542	OK
 531	4000	83.3	83.3	 780	high noise
 532	   0	87.8	87.8	 621	OK
 533	   0	78.3	78.3	 730	OK
 534	   0	80.0	80.0	 692	OK
 535	   0	84.3	84.3	 712	OK
 536	   0	78.6	78.6	 651	OK
 537	   0	80.7	80.7	 749	OK
 538	   0	83.9	83.9	 686	OK
 539	   0	86.6	86.6	 729	OK
 540	4000	80.4	80.4	 764	high noise
 541	4000	82.2	82.2	 826	high noise
 542	   0	79.7	79.7	 684	OK
 543	   0	77.4	77.4	 651	OK
 544	   0	78.6	78.6	 742	OK
 545	   0	78.7	78.7	 727	OK
 546	   0	81.4	81.4	 689	OK
 547	   0	87.9	87.9	 633	OK
 548	   0	83.6	83.6	 633	OK
 549	   0	84.9	84.9	 613	OK
 550	   0	87.5	87.5	 659	OK
 551	   0	81.4	81.4	 649	OK
 552	   0	76.3	76.3	 682	OK
 553	1000	83.5	83.5	 482	unbonded
 554	   0	79.5	79.5	 718	OK
 555	   0	81.6	81.6	 612	OK
 556	   0	85.8	85.8	 718	OK
 557	   0	88.4	88.4	 698	OK
 558	   0	82.1	82.1	 660	OK
 559	   0	87.0	87.0	 579	OK
 560	   0	77.0	77.0	 667	OK
 561	   0	80.1	80.1	 736	OK
 562	   0	81.7	81.7	 710	OK
 563	   0	77.2	77.2	 653	OK
 564	   0	80.9	80.9	 614	OK
 565	   0	86.5	86.5	 674	OK
 566	   0	82.4	82.4	 713	OK
 567	4000	80.8	80.8	 779	high noise
 568	   0	78.3	78.3	 631	OK
 569	1000	88.1	88.1	 353	unbonded
 570	   0	88.8	88.8	 617	OK
 571	   0	88.4	88.4	 615	OK
 572	1000	82.4	82.4	 495	unbonded
 573	   0	85.9	85.9	 678	OK
 574	   0	76.3	76.3	 589	OK
 575	4000	82.6	82.6	 807	high noise
 576	   0	82.9	82.9	 656	OK
 577	   0	89.9	89.9	 541	OK
 578	   0	89.2	89.2	 611	OK
 579	4000	78.9	78.9	 785	high noise
 580	   0	82.8	82.8	 587	OK
 581	   0	85.2	85.2	 596	OK
 582	   0	91.0	91.0	 583	OK
 583	   0	86.3	86.3	 594	OK
 584	   0	92.1	92.1	 578	OK
 585	   0	85.7	85.7	 706	OK
 586	   0	84.8	84.8	 560	OK
 587	   0	86.3	86.3	 601	OK
 588	   0	85.1	85.1	 624	OK
 589	   0	79.5	79.5	 561	OK
 590	   0	81.0	81.0	 702	OK
 591	   0	83.0	83.0	 553	OK
 592	   0	81.9	81.9	 556	OK
 593	   0	81.5	81.5	 547	OK
 594	   0	80.0	80.0	 592	OK
 595	   0	76.0	76.0	 718	OK
 596	   0	86.4	86.4	 656	OK
 597	   0	83.9	83.9	 645	OK
 598	   0	81.4	81.4	 607	OK
 599	   0	77.7	77.7	 660	OK
 600	   0	91.3	91.3	 665	OK
 601	   0	75.8	75.8	 550	OK
 602	4000	78.2	78.2	 758	high noise
 603	   0	83.6	83.6	 677	OK
 604	   0	75.3	75.3	 679	OK
 605	   0	82.5	82.5	 691	OK
 606	   0	82.8	82.8	 638	OK
 607	   0	76.3	76.3	 713	OK
 608	   0	83.2	83.2	 557	OK
 609	   0	81.0	81.0	 652	OK
 610	   0	81.1	81.1	 698	OK
 611	   0	82.2	82.2	 621	OK
 612	   0	84.0	84.0	 613	OK
 613	   0	82.0	82.0	 687	OK
 614	   0	78.6	78.6	 604	OK
 615	   0	82.0	82.0	 576	OK
 616	   0	79.9	79.9	 660	OK
 617	   0	78.6	78.6	 701	OK
 618	   0	81.6	81.6	 642	OK
 619	   0	82.9	82.9	 601	OK
 620	   0	85.8	85.8	 643	OK
 621	   0	82.1	82.1	 563	OK
 622	1000	78.1	78.1	 500	unbonded
 623	   0	80.8	80.8	 641	OK
 624	   0	83.5	83.5	 694	OK
 625	   0	81.2	81.2	 694	OK
 626	   0	78.4	78.4	 568	OK
 627	   0	82.6	82.6	 666	OK
 628	   0	80.4	80.4	 599	OK
 629	   0	82.4	82.4	 677	OK
 630	   0	80.2	80.2	 552	OK
 631	   0	77.8	77.8	 607	OK
 632	   0	83.7	83.7	 626	OK
 633	4000	79.7	79.7	 775	high noise
 634	   0	78.8	78.8	 596	OK
 635	4000	80.0	80.0	 784	high noise
 636	   0	75.2	75.2	 640	OK
 637	   0	79.3	79.3	 663	OK
 638	4000	80.9	80.9	 766	high noise
 639	   0	77.8	77.8	 632	OK
 640	   0	90.0	90.0	 563	OK
 641	   0	79.8	79.8	 566	OK
 642	1000	84.1	84.1	 422	unbonded
 643	   0	89.2	89.2	 542	OK
 644	   0	79.1	79.1	 702	OK
 645	4000	82.1	82.1	 737	high noise
 646	4000	82.5	82.5	 732	high noise
 647	4000	83.4	83.4	 736	high noise
 648	   0	86.2	86.2	 645	OK
 649	   0	90.3	90.3	 561	OK
 650	1000	89.5	89.5	 524	unbonded
 651	   0	77.7	77.7	 617	OK
 652	   0	78.7	78.7	 657	OK
 653	   0	80.5	80.5	 704	OK
 654	   0	92.6	92.6	 564	OK
 655	   0	81.7	81.7	 638	OK
 656	   0	83.3	83.3	 696	OK
 657	4000	92.1	92.1	 720	high noise
 658	   0	87.8	87.8	 649	OK
 659	   0	88.6	88.6	 639	OK
 660	1000	86.3	86.3	 526	unbonded
 661	   0	84.8	84.8	 578	OK
 662	   0	82.6	82.6	 649	OK
 663	   0	91.9	91.9	 717	OK
 664	   0	84.8	84.8	 597	OK
 665	   0	77.4	77.4	 598	OK
 666	4000	84.8	84.8	 730	high noise
 667	   0	82.5	82.5	 605	OK
 668	   0	89.7	89.7	 639	OK
 669	   0	81.4	81.4	 621	OK
 670	   0	80.8	80.8	 568	OK
 671	   0	87.8	87.8	 607	OK
 672	4000	77.7	77.7	 730	high noise
 673	   0	81.8	81.8	 676	OK
 674	   0	88.3	88.3	 575	OK
 675	   0	86.5	86.5	 569	OK
 676	   0	89.3	89.3	 610	OK
 677	   0	84.2	84.2	 598	OK
 678	   0	76.6	76.6	 562	OK
 679	   0	85.1	85.1	 631	OK
 680	   0	83.3	83.3	 709	OK
 681	   0	84.1	84.1	 636	OK
 682	1000	89.8	89.8	 499	unbonded
 683	4000	82.5	82.5	 759	high noise
 684	   0	92.7	92.7	 673	OK
 685	   0	87.9	87.9	 627	OK
 686	   0	85.1	85.1	 626	OK
 687	   0	80.5	80.5	 574	OK
 688	   0	93.6	93.6	 633	OK
 689	1000	87.8	87.8	 442	unbonded
 690	   0	90.4	90.4	 693	OK
 691	1000	83.2	83.2	 507	unbonded
 692	4000	88.9	88.9	 786	high noise
 693	   0	83.7	83.7	 588	OK
 694	   0	81.6	81.6	 605	OK
 695	   0	84.9	84.9	 582	OK
 696	   0	79.4	79.4	 580	OK
 697	4000	87.1	87.1	 745	high noise
 698	4000	81.6	81.6	 725	high noise
 699	1000	91.5	91.5	 478	unbonded
 700	   0	83.6	83.6	 611	OK
 701	   0	86.4	86.4	 601	OK
 702	   0	83.8	83.8	 649	OK
 703	   0	92.3	92.3	 560	OK
 704	   0	92.8	92.8	 594	OK
 705	   0	81.5	81.5	 652	OK
 706	   0	88.9	88.9	 674	OK
 707	   0	90.6	90.6	 636	OK
 708	   0	88.8	88.8	 618	OK
 709	   0	87.6	87.6	 641	OK
 710	   0	89.9	89.9	 635	OK
 711	   0	89.3	89.3	 600	OK
 712	   0	93.6	93.6	 607	OK
 713	4000	83.2	83.2	 756	high noise
 714	   0	83.3	83.3	 590	OK
 715	1000	91.7	91.7	 521	unbonded
 716	   0	84.0	84.0	 635	OK
 717	1000	84.0	84.0	 509	unbonded
 718	   0	85.9	85.9	 658	OK
 719	   0	84.3	84.3	 584	OK
 720	   0	88.9	88.9	 659	OK
 721	1000	89.8	89.8	 519	unbonded
 722	1000	86.6	86.6	 512	unbonded
 723	   0	85.3	85.3	 626	OK
 724	   0	85.5	85.5	 555	OK
 725	   0	78.2	78.2	 678	OK
 726	   0	81.3	81.3	 717	OK
 727	   0	88.1	88.1	 638	OK
 728	   0	79.8	79.8	 618	OK
 729	   0	88.5	88.5	 585	OK
 730	   0	82.0	82.0	 634	OK
 731	   0	80.7	80.7	 612	OK
 732	1000	87.0	87.0	 520	unbonded
 733	   0	87.2	87.2	 605	OK
 734	   0	83.7	83.7	 676	OK
 735	   0	84.4	84.4	 568	OK
 736	4000	78.6	78.6	 767	high noise
 737	   0	85.0	85.0	 549	OK
 738	   0	87.5	87.5	 627	OK
 739	   0	86.2	86.2	 632	OK
 740	   0	81.8	81.8	 710	OK
 741	   0	78.6	78.6	 650	OK
 742	   0	86.6	86.6	 644	OK
 743	   0	87.2	87.2	 569	OK
 744	4000	81.0	81.0	 735	high noise
 745	   0	78.7	78.7	 582	OK
 746	   0	85.2	85.2	 544	OK
 747	   0	88.7	88.7	 586	OK
 748	   0	78.5	78.5	 599	OK
 749	   0	88.7	88.7	 680	OK
 750	4000	81.1	81.1	 754	high noise
 751	4000	87.2	87.2	 733	high noise
 752	1000	83.8	83.8	 516	unbonded
 753	   0	85.5	85.5	 632	OK
 754	4000	83.1	83.1	 779	high noise
 755	   0	85.1	85.1	 586	OK
 756	   0	82.2	82.2	 702	OK
 757	   0	77.3	77.3	 602	OK
 758	   0	79.9	79.9	 667	OK
 759	   0	84.0	84.0	 702	OK
 760	   0	88.0	88.0	 577	OK
 761	   0	82.3	82.3	 656	OK
 762	4000	81.8	81.8	 733	high noise
 763	   0	83.1	83.1	 582	OK
 764	   0	81.8	81.8	 616	OK
 765	   0	83.7	83.7	 585	OK
 766	4000	82.6	82.6	 726	high noise
 767	1000	86.1	86.1	 490	unbonded
 768	   0	89.3	89.3	 673	OK
 769	1000	93.5	93.5	 507	unbonded
 770	   0	101.0	101.0	 557	OK
 771	   0	92.0	92.0	 669	OK
 772	   0	95.9	95.9	 670	OK
 773	   0	99.4	99.4	 616	OK
 774	   0	88.6	88.6	 580	OK
 775	   0	96.7	96.7	 649	OK
 776	1000	91.4	91.4	 539	unbonded
 777	1000	96.7	96.7	 531	unbonded
 778	   0	99.0	99.0	 562	OK
 779	   0	87.7	87.7	 705	OK
 780	1000	102.1	102.1	 531	unbonded
 781	1000	93.3	93.3	 531	unbonded
 782	   0	91.4	91.4	 610	OK
 783	   0	87.1	87.1	 704	OK
 784	   0	90.3	90.3	 626	OK
 785	   0	90.8	90.8	 613	OK
 786	   0	93.5	93.5	 632	OK
 787	   0	98.0	98.0	 691	OK
 788	   0	95.7	95.7	 569	OK
 789	   0	89.6	89.6	 631	OK
 790	   0	96.7	96.7	 607	OK
 791	   0	93.8	93.8	 594	OK
 792	   0	89.7	89.7	 583	OK
 793	   0	94.0	94.0	 584	OK
 794	   0	95.8	95.8	 547	OK
 795	   0	91.9	91.9	 587	OK
 796	   0	96.8	96.8	 607	OK
 797	   0	95.0	95.0	 615	OK
 798	4000	89.8	89.8	 793	high noise
 799	4000	90.3	90.3	 731	high noise
 800	4000	92.4	92.4	 725	high noise
 801	1000	85.4	85.4	 530	unbonded
 802	   0	87.1	87.1	 686	OK
 803	1000	91.7	91.7	 431	unbonded
 804	   0	96.7	96.7	 663	OK
 805	   0	92.6	92.6	 600	OK
 806	1000	98.1	98.1	 511	unbonded
 807	1000	97.2	97.2	 535	unbonded
 808	   0	95.8	95.8	 664	OK
 809	   0	98.4	98.4	 577	OK
 810	   0	103.2	103.2	 633	OK
 811	   0	94.9	94.9	 649	OK
 812	   0	102.8	102.8	 594	OK
 813	4000	92.9	92.9	 723	high noise
 814	   0	90.0	90.0	 589	OK
 815	4000	89.6	89.6	 824	high noise
 816	1000	91.2	91.2	 537	unbonded
 817	   0	101.2	101.2	 621	OK
 818	   0	101.1	101.1	 619	OK
 819	   0	101.3	101.3	 582	OK
 820	   0	101.4	101.4	 635	OK
 821	   0	97.3	97.3	 659	OK
 822	   0	94.1	94.1	 660	OK
 823	1000	95.6	95.6	 519	unbonded
 824	   0	99.6	99.6	 698	OK
 825	   0	92.0	92.0	 637	OK
 826	   0	94.2	94.2	 694	OK
 827	   0	91.3	91.3	 696	OK
 828	   0	95.3	95.3	 617	OK
 829	   0	102.1	102.1	 680	OK
 830	   0	93.9	93.9	 681	OK
 831	   0	98.3	98.3	 714	OK
 832	1000	91.1	91.1	 522	unbonded
 833	   0	88.5	88.5	 620	OK
 834	   0	94.2	94.2	 579	OK
 835	   0	92.0	92.0	 650	OK
 836	   0	95.8	95.8	 675	OK
 837	   0	96.3	96.3	 562	OK
 838	   0	97.9	97.9	 678	OK
 839	4000	86.7	86.7	 733	high noise
 840	   0	87.2	87.2	 674	OK
 841	   0	93.6	93.6	 671	OK
 842	   0	91.5	91.5	 685	OK
 843	   0	86.7	86.7	 677	OK
 844	   0	87.9	87.9	 668	OK
 845	4000	92.2	92.2	 723	high noise
 846	   0	92.0	92.0	 697	OK
 847	   0	95.9	95.9	 594	OK
 848	   0	92.4	92.4	 691	OK
 849	   0	94.0	94.0	 564	OK
 850	   0	96.1	96.1	 709	OK
 851	   0	88.2	88.2	 630	OK
 852	   0	95.4	95.4	 600	OK
 853	   0	98.1	98.1	 576	OK
 854	   0	88.8	88.8	 656	OK
 855	   0	90.4	90.4	 561	OK
 856	   0	95.9	95.9	 621	OK
 857	   0	100.6	100.6	 619	OK
 858	   0	101.0	101.0	 635	OK
 859	   0	97.2	97.2	 708	OK
 860	   0	93.3	93.3	 703	OK
 861	   0	94.8	94.8	 663	OK
 862	4000	91.7	91.7	 740	high noise
 863	   0	101.2	101.2	 618	OK
 864	   0	90.2	90.2	 620	OK
 865	   0	88.8	88.8	 568	OK
 866	   0	99.5	99.5	 684	OK
 867	4000	90.3	90.3	 771	high noise
 868	   0	93.6	93.6	 583	OK
 869	   0	91.4	91.4	 556	OK
 870	4000	92.5	92.5	 731	high noise
 871	   0	93.0	93.0	 631	OK
 872	   0	99.1	99.1	 675	OK
 873	   0	91.5	91.5	 607	OK
 874	   0	97.6	97.6	 587	OK
 875	   0	85.2	85.2	 699	OK
 876	   0	103.3	103.3	 608	OK
 877	   0	86.8	86.8	 614	OK
 878	1000	94.2	94.2	 529	unbonded
 879	1000	91.1	91.1	 373	unbonded
 880	1000	96.6	96.6	 512	unbonded
 881	   0	94.3	94.3	 644	OK
 882	   0	95.8	95.8	 579	OK
 883	   0	96.9	96.9	 567	OK
 884	   0	97.8	97.8	 579	OK
 885	   0	88.1	88.1	 696	OK
 886	   0	100.5	100.5	 551	OK
 887	   0	87.7	87.7	 620	OK
 888	   0	95.0	95.0	 581	OK
 889	   0	90.0	90.0	 568	OK
 890	   0	92.9	92.9	 654	OK
 891	1000	87.8	87.8	 511	unbonded
 892	   0	91.2	91.2	 614	OK
 893	   0	103.9	103.9	 594	OK
 894	   0	95.0	95.0	 552	OK
 895	   0	103.5	103.5	 570	OK
 896	   0	83.3	83.3	 694	OK
 897	1000	90.9	90.9	 516	unbonded
 898	   0	83.7	83.7	 589	OK
 899	   0	85.9	85.9	 616	OK
 900	   0	93.3	93.3	 585	OK
 901	   0	87.3	87.3	 581	OK
 902	   0	89.5	89.5	 647	OK
 903	   0	80.9	80.9	 713	OK
 904	4000	82.2	82.2	 745	high noise
 905	4000	95.3	95.3	 776	high noise
 906	   0	89.5	89.5	 700	OK
 907	   0	90.3	90.3	 568	OK
 908	1000	91.5	91.5	 525	unbonded
 909	4000	87.9	87.9	 751	high noise
 910	   0	93.2	93.2	 586	OK
 911	   0	87.9	87.9	 567	OK
 912	   0	90.7	90.7	 605	OK
 913	   0	82.0	82.0	 672	OK
 914	   0	84.2	84.2	 611	OK
 915	   0	94.2	94.2	 579	OK
 916	1000	86.0	86.0	 463	unbonded
 917	   0	92.5	92.5	 698	OK
 918	   0	81.8	81.8	 703	OK
 919	   0	86.7	86.7	 683	OK
 920	   0	89.8	89.8	 705	OK
 921	   0	88.2	88.2	 688	OK
 922	4000	85.9	85.9	 801	high noise
 923	   0	86.1	86.1	 713	OK
 924	   0	85.1	85.1	 677	OK
 925	   0	89.4	89.4	 704	OK
 926	   0	86.2	86.2	 703	OK
 927	   0	80.0	80.0	 600	OK
 928	   0	94.3	94.3	 553	OK
 929	4000	84.6	84.6	 747	high noise
 930	1000	83.3	83.3	 521	unbonded
 931	   0	80.7	80.7	 706	OK
 932	4000	91.0	91.0	 737	high noise
 933	   0	82.3	82.3	 654	OK
 934	   0	89.5	89.5	 641	OK
 935	   0	85.9	85.9	 653	OK
 936	   0	85.9	85.9	 694	OK
 937	   0	86.4	86.4	 603	OK
 938	   0	85.3	85.3	 603	OK
 939	   0	93.4	93.4	 634	OK
 940	   0	85.1	85.1	 547	OK
 941	   0	84.7	84.7	 603	OK
 942	   0	83.0	83.0	 620	OK
 943	1000	88.3	88.3	 454	unbonded
 944	   0	83.8	83.8	 697	OK
 945	   0	83.7	83.7	 629	OK
 946	   0	96.9	96.9	 565	OK
 947	1000	93.4	93.4	 485	unbonded
 948	1000	82.0	82.0	 490	unbonded
 949	   0	93.2	93.2	 564	OK
 950	   0	78.9	78.9	 631	OK
 951	   0	90.1	90.1	 598	OK
 952	   0	93.7	93.7	 646	OK
 953	1000	82.0	82.0	 528	unbonded
 954	   0	87.7	87.7	 642	OK
 955	   0	86.3	86.3	 556	OK
 956	   0	90.4	90.4	 547	OK
 957	   0	88.1	88.1	 600	OK
 958	   0	97.9	97.9	 684	OK
 959	   0	89.8	89.8	 629	OK
 960	   0	90.9	90.9	 543	OK
 961	4000	88.1	88.1	 766	high noise
 962	   0	84.7	84.7	 645	OK
 963	   0	87.4	87.4	 564	OK
 964	   0	91.7	91.7	 591	OK
 965	   0	98.1	98.1	 661	OK
 966	   0	92.8	92.8	 693	OK
 967	   0	82.2	82.2	 658	OK
 968	4000	86.0	86.0	 738	high noise
 969	   0	88.8	88.8	 559	OK
 970	1000	94.1	94.1	 496	unbonded
 971	   0	89.4	89.4	 683	OK
 972	   0	88.5	88.5	 695	OK
 973	   0	86.1	86.1	 549	OK
 974	   0	87.9	87.9	 722	OK
 975	4000	84.1	84.1	 743	high noise
 976	   0	86.6	86.6	 564	OK
 977	   0	80.6	80.6	 662	OK
 978	   0	94.2	94.2	 542	OK
 979	   0	88.9	88.9	 672	OK
 980	1000	86.2	86.2	 514	unbonded
 981	   0	91.5	91.5	 546	OK
 982	   0	88.8	88.8	 612	OK
 983	   0	84.8	84.8	 636	OK
 984	   0	89.0	89.0	 630	OK
 985	8000	92.2	92.2	 541	partbonded
 986	   0	88.4	88.4	 605	OK
 987	4000	89.4	89.4	 759	high noise
 988	   0	83.4	83.4	 653	OK
 989	4000	83.9	83.9	 761	high noise
 990	4000	85.7	85.7	 729	high noise
 991	   0	94.4	94.4	 661	OK
 992	1000	88.7	88.7	 529	unbonded
 993	   0	87.6	87.6	 651	OK
 994	   0	95.7	95.7	 683	OK
 995	   0	88.2	88.2	 555	OK
 996	   0	88.4	88.4	 692	OK
 997	   0	83.2	83.2	 588	OK
 998	   0	87.4	87.4	 634	OK
 999	   0	89.4	89.4	 573	OK
1000	   0	90.4	90.4	 652	OK
1001	   0	93.4	93.4	 723	OK
1002	   0	85.5	85.5	 556	OK
1003	   0	87.3	87.3	 577	OK
1004	   0	98.1	98.1	 614	OK
1005	   0	92.9	92.9	 691	OK
1006	   0	84.0	84.0	 635	OK
1007	   0	80.5	80.5	 600	OK
1008	   0	90.3	90.3	 590	OK
1009	   0	85.7	85.7	 587	OK
1010	4000	87.4	87.4	 752	high noise
1011	   0	80.9	80.9	 683	OK
1012	   0	91.2	91.2	 620	OK
1013	   0	83.0	83.0	 710	OK
1014	4000	83.7	83.7	 773	high noise
1015	   0	87.9	87.9	 565	OK
1016	1000	84.0	84.0	 461	unbonded
1017	   0	81.2	81.2	 689	OK
1018	   0	77.5	77.5	 661	OK
1019	   0	92.5	92.5	 595	OK
1020	   0	83.1	83.1	 605	OK
1021	   0	87.2	87.2	 671	OK
1022	1000	86.2	86.2	 408	unbonded
1023	1000	89.0	89.0	 529	unbonded
1024	   0	83.4	83.4	 620	OK
1025	   0	83.2	83.2	 633	OK
1026	   0	83.5	83.5	 609	OK
1027	1000	84.4	84.4	 540	unbonded
1028	   0	87.4	87.4	 683	OK
1029	4000	86.4	86.4	 757	high noise
1030	   0	81.1	81.1	 640	OK
1031	   0	81.7	81.7	 567	OK
1032	4000	78.2	78.2	 785	high noise
1033	   0	83.3	83.3	 637	OK
1034	   0	80.1	80.1	 701	OK
1035	   0	81.5	81.5	 586	OK
1036	   0	78.4	78.4	 643	OK
1037	   0	86.0	86.0	 613	OK
1038	1000	81.2	81.2	 496	unbonded
1039	1000	81.6	81.6	 510	unbonded
1040	   0	81.1	81.1	 554	OK
1041	4000	83.3	83.3	 723	high noise
1042	   0	87.9	87.9	 583	OK
1043	1000	80.4	80.4	 476	unbonded
1044	   0	87.2	87.2	 625	OK
1045	   0	83.9	83.9	 549	OK
1046	1000	84.0	84.0	 522	unbonded
1047	4000	86.6	86.6	 704	high noise
1048	1000	84.3	84.3	 482	unbonded
1049	   0	83.9	83.9	 552	OK
1050	4000	82.4	82.4	 810	high noise
1051	   0	90.9	90.9	 619	OK
1052	   0	87.6	87.6	 580	OK
1053	1000	91.4	91.4	 504	unbonded
1054	   0	80.8	80.8	 626	OK
1055	   0	84.7	84.7	 667	OK
1056	   0	88.2	88.2	 607	OK
1057	   0	85.4	85.4	 645	OK
1058	   0	80.1	80.1	 541	OK
1059	   0	86.2	86.2	 593	OK
1060	1000	87.4	87.4	 514	unbonded
1061	   0	79.8	79.8	 595	OK
1062	   0	81.6	81.6	 582	OK
1063	1000	83.1	83.1	 531	unbonded
1064	   0	89.8	89.8	 645	OK
1065	   0	91.5	91.5	 675	OK
1066	   0	83.3	83.3	 599	OK
1067	   0	90.2	90.2	 683	OK
1068	4000	80.5	80.5	 717	high noise
1069	   0	84.6	84.6	 630	OK
1070	1000	85.4	85.4	 503	unbonded
1071	4000	83.6	83.6	 745	high noise
1072	   0	82.3	82.3	 638	OK
1073	   0	80.1	80.1	 663	OK
1074	1000	90.8	90.8	 483	unbonded
1075	1000	91.7	91.7	 538	unbonded
1076	   0	88.0	88.0	 625	OK
1077	   0	81.5	81.5	 613	OK
1078	   0	89.8	89.8	 578	OK
1079	1000	95.0	95.0	 529	unbonded
1080	4000	82.4	82.4	 725	high noise
1081	4000	91.6	91.6	 783	high noise
1082	   0	89.7	89.7	 574	OK
1083	1000	86.8	86.8	 534	unbonded
1084	1000	82.0	82.0	 526	unbonded
1085	   0	85.7	85.7	 568	OK
1086	   0	88.6	88.6	 575	OK
1087	   0	88.0	88.0	 686	OK
1088	   0	84.5	84.5	 552	OK
1089	   0	90.3	90.3	 585	OK
1090	   0	92.1	92.1	 678	OK
1091	   0	95.4	95.4	 605	OK
1092	   0	92.1	92.1	 563	OK
1093	4000	89.0	89.0	 709	high noise
1094	4000	77.6	77.6	 717	high noise
1095	   0	95.0	95.0	 604	OK
1096	   0	90.2	90.2	 664	OK
1097	   0	92.0	92.0	 584	OK
1098	4000	86.4	86.4	 713	high noise
1099	   0	86.2	86.2	 645	OK
1100	   0	85.2	85.2	 568	OK
1101	   0	86.8	86.8	 630	OK
1102	   0	79.4	79.4	 689	OK
1103	   0	92.2	92.2	 541	OK
1104	   0	87.5	87.5	 669	OK
1105	   0	88.6	88.6	 656	OK
1106	   0	92.6	92.6	 633	OK
1107	   0	91.1	91.1	 689	OK
1108	   0	91.6	91.6	 564	OK
1109	   0	86.9	86.9	 608	OK
1110	   0	95.4	95.4	 693	OK
1111	   0	88.5	88.5	 656	OK
1112	   0	88.9	88.9	 681	OK
1113	   0	91.4	91.4	 614	OK
1114	   0	92.8	92.8	 623	OK
1115	   0	85.7	85.7	 586	OK
1116	   0	87.5	87.5	 559	OK
1117	   0	83.5	83.5	 664	OK
1118	1000	90.8	90.8	 539	unbonded
1119	   0	81.9	81.9	 604	OK
1120	   0	95.9	95.9	 542	OK
1121	   0	85.4	85.4	 563	OK
1122	   0	90.9	90.9	 557	OK
1123	   0	87.7	87.7	 686	OK
1124	1000	97.3	97.3	 490	unbonded
1125	1000	92.4	92.4	 453	unbonded
1126	   0	86.8	86.8	 693	OK
1127	   0	90.6	90.6	 595	OK
1128	   0	86.9	86.9	 574	OK
1129	   0	92.4	92.4	 609	OK
1130	   0	90.6	90.6	 686	OK
1131	   0	88.9	88.9	 695	OK
1132	   0	91.7	91.7	 696	OK
1133	   0	92.4	92.4	 603	OK
1134	1000	90.3	90.3	 440	unbonded
1135	   0	90.9	90.9	 571	OK
1136	   0	91.0	91.0	 647	OK
1137	   0	85.5	85.5	 640	OK
1138	4000	88.5	88.5	 711	high noise
1139	1000	93.4	93.4	 501	unbonded
1140	   0	82.8	82.8	 685	OK
1141	   0	85.0	85.0	 605	OK
1142	   0	95.7	95.7	 583	OK
1143	4000	91.0	91.0	 748	high noise
1144	1000	90.2	90.2	 464	unbonded
1145	   0	90.1	90.1	 649	OK
1146	   0	90.5	90.5	 641	OK
1147	1000	83.4	83.4	 511	unbonded
1148	   0	90.2	90.2	 641	OK
1149	   0	93.0	93.0	 589	OK
1150	1000	92.4	92.4	 536	unbonded
1151	   0	87.2	87.2	 608	OK
1152	4000	81.7	81.7	 736	high noise
1153	1000	81.9	81.9	 521	unbonded
1154	   0	87.7	87.7	 660	OK
1155	   0	78.8	78.8	 541	OK
1156	   0	79.8	79.8	 660	OK
1157	   0	81.5	81.5	 648	OK
1158	   0	77.8	77.8	 669	OK
1159	   0	88.2	88.2	 599	OK
1160	   0	79.7	79.7	 683	OK
1161	   0	77.8	77.8	 703	OK
1162	1000	81.4	81.4	 462	unbonded
1163	   0	86.3	86.3	 625	OK
1164	   0	78.2	78.2	 556	OK
1165	   0	83.2	83.2	 642	OK
1166	   0	84.2	84.2	 675	OK
1167	   0	84.7	84.7	 628	OK
1168	   0	81.7	81.7	 643	OK
1169	   0	77.6	77.6	 658	OK
1170	1000	87.0	87.0	 538	unbonded
1171	   0	82.3	82.3	 704	OK
1172	   0	83.5	83.5	 619	OK
1173	   0	82.2	82.2	 555	OK
1174	   0	79.2	79.2	 583	OK
1175	   0	82.0	82.0	 552	OK
1176	   0	80.7	80.7	 687	OK
1177	1000	84.1	84.1	 453	unbonded
1178	4000	81.0	81.0	 757	high noise
1179	1000	84.4	84.4	 528	unbonded
1180	   0	84.0	84.0	 650	OK
1181	4000	76.2	76.2	 792	high noise
1182	   0	81.0	81.0	 678	OK
1183	1000	90.2	90.2	 538	unbonded
1184	   0	78.8	78.8	 631	OK
1185	   0	85.2	85.2	 624	OK
1186	1000	87.2	87.2	 475	unbonded
1187	1000	90.4	90.4	 536	unbonded
1188	   0	86.1	86.1	 711	OK
1189	   0	78.0	78.0	 689	OK
1190	   0	83.2	83.2	 635	OK
1191	4000	78.7	78.7	 763	high noise
1192	   0	82.5	82.5	 614	OK
1193	   0	78.4	78.4	 675	OK
1194	   0	82.8	82.8	 721	OK
1195	1000	87.7	87.7	 437	unbonded
1196	   0	83.3	83.3	 565	OK
1197	   0	87.2	87.2	 617	OK
1198	   0	86.7	86.7	 629	OK
1199	   0	82.9	82.9	 581	OK
1200	   0	80.5	80.5	 592	OK
1201	   0	86.4	86.4	 597	OK
1202	4000	88.4	88.4	 767	high noise
1203	   0	84.9	84.9	 608	OK
1204	4000	92.4	92.4	 739	high noise
1205	1000	77.3	77.3	 456	unbonded
1206	   0	85.9	85.9	 660	OK
1207	   0	82.5	82.5	 585	OK
1208	   0	85.9	85.9	 573	OK
1209	   0	81.7	81.7	 724	OK
1210	   0	84.5	84.5	 653	OK
1211	   0	79.6	79.6	 553	OK
1212	   0	86.4	86.4	 698	OK
1213	   0	84.3	84.3	 649	OK
1214	4000	83.8	83.8	 749	high noise
1215	4000	80.7	80.7	 754	high noise
1216	   0	83.6	83.6	 612	OK
1217	4000	90.3	90.3	 777	high noise
1218	   0	86.3	86.3	 705	OK
1219	   0	84.5	84.5	 703	OK
1220	   0	83.8	83.8	 642	OK
1221	   0	86.3	86.3	 700	OK
1222	1000	83.1	83.1	 522	unbonded
1223	   0	80.4	80.4	 658	OK
1224	   0	88.3	88.3	 599	OK
1225	   0	81.4	81.4	 691	OK
1226	   0	81.9	81.9	 622	OK
1227	   0	76.1	76.1	 698	OK
1228	   0	91.2	91.2	 666	OK
1229	   0	82.1	82.1	 630	OK
1230	   0	82.6	82.6	 632	OK
1231	1000	87.7	87.7	 523	unbonded
1232	   0	88.0	88.0	 706	OK
1233	   0	91.0	91.0	 642	OK
1234	   0	84.6	84.6	 556	OK
1235	4000	90.0	90.0	 742	high noise
1236	   0	77.9	77.9	 654	OK
1237	   0	75.9	75.9	 636	OK
1238	   0	93.7	93.7	 635	OK
1239	   0	80.1	80.1	 699	OK
1240	   0	88.9	88.9	 564	OK
1241	   0	84.0	84.0	 624	OK
1242	   0	87.4	87.4	 640	OK
1243	   0	83.8	83.8	 636	OK
1244	   0	80.3	80.3	 567	OK
1245	   0	87.8	87.8	 721	OK
1246	1000	87.9	87.9	 506	unbonded
1247	   0	84.5	84.5	 684	OK
1248	   0	82.7	82.7	 567	OK
1249	   0	77.5	77.5	 644	OK
1250	   0	83.0	83.0	 639	OK
1251	   0	83.6	83.6	 557	OK
1252	   0	86.2	86.2	 622	OK
1253	   0	79.9	79.9	 653	OK
1254	   0	82.6	82.6	 674	OK
1255	   0	82.7	82.7	 597	OK
1256	   0	90.3	90.3	 566	OK
1257	   0	88.0	88.0	 680	OK
1258	   0	93.2	93.2	 623	OK
1259	   0	81.5	81.5	 575	OK
1260	   0	84.7	84.7	 625	OK
1261	   0	86.0	86.0	 561	OK
1262	   0	84.5	84.5	 633	OK
1263	   0	93.2	93.2	 712	OK
1264	1000	84.2	84.2	 521	unbonded
1265	4000	82.5	82.5	 730	high noise
1266	   0	80.9	80.9	 659	OK
1267	   0	85.5	85.5	 568	OK
1268	1000	83.0	83.0	 509	unbonded
1269	4000	83.8	83.8	 784	high noise
1270	1000	90.5	90.5	 468	unbonded
1271	   0	86.9	86.9	 638	OK
1272	   0	82.4	82.4	 649	OK
1273	   0	84.5	84.5	 676	OK
1274	   0	88.9	88.9	 563	OK
1275	   0	86.8	86.8	 624	OK
1276	   0	77.9	77.9	 705	OK
1277	   0	91.6	91.6	 631	OK
1278	   0	88.5	88.5	 672	OK
1279	   0	94.7	94.7	 627	OK
1280	   0	85.7	85.7	 657	OK
1281	4000	87.1	87.1	 719	high noise
1282	1000	83.1	83.1	 494	unbonded
1283	   0	85.8	85.8	 686	OK
1284	   0	81.8	81.8	 675	OK
1285	   0	84.7	84.7	 703	OK
1286	8000	87.4	87.4	 541	partbonded
1287	4000	88.5	88.5	 731	high noise
1288	1000	79.8	79.8	 502	unbonded
1289	   0	86.1	86.1	 614	OK
1290	   0	85.8	85.8	 612	OK
1291	4000	80.6	80.6	 753	high noise
1292	   0	89.0	89.0	 555	OK
1293	   0	83.5	83.5	 591	OK
1294	   0	81.2	81.2	 567	OK
1295	   0	84.5	84.5	 568	OK
1296	   0	85.1	85.1	 582	OK
1297	4000	85.9	85.9	 758	high noise
1298	   0	86.3	86.3	 586	OK
1299	   0	82.0	82.0	 691	OK
1300	   0	84.5	84.5	 598	OK
1301	   0	91.8	91.8	 642	OK
1302	1000	87.1	87.1	 458	unbonded
1303	   0	86.3	86.3	 663	OK
1304	   0	89.1	89.1	 562	OK
1305	   0	91.1	91.1	 661	OK
1306	4000	83.9	83.9	 774	high noise
1307	   0	83.7	83.7	 562	OK
1308	   0	90.2	90.2	 674	OK
1309	   0	87.6	87.6	 601	OK
1310	   0	77.9	77.9	 571	OK
1311	   0	84.1	84.1	 578	OK
1312	   0	94.6	94.6	 572	OK
1313	   0	90.9	90.9	 610	OK
1314	   0	91.9	91.9	 680	OK
1315	   0	88.4	88.4	 567	OK
1316	   0	94.3	94.3	 555	OK
1317	   0	89.0	89.0	 631	OK
1318	   0	88.7	88.7	 593	OK
1319	   0	91.5	91.5	 620	OK
1320	4000	96.1	96.1	 710	high noise
1321	1000	81.1	81.1	 444	unbonded
1322	1000	86.7	86.7	 514	unbonded
1323	4000	85.4	85.4	 713	high noise
1324	1000	90.8	90.8	 422	unbonded
1325	   0	83.1	83.1	 543	OK
1326	   0	87.5	87.5	 563	OK
1327	4000	88.7	88.7	 836	high noise
1328	   0	87.4	87.4	 655	OK
1329	   0	87.6	87.6	 602	OK
1330	   0	85.7	85.7	 576	OK
1331	   0	86.7	86.7	 587	OK
1332	   0	90.1	90.1	 614	OK
1333	4000	83.2	83.2	 741	high noise
1334	4000	88.0	88.0	 769	high noise
1335	1000	93.1	93.1	 492	unbonded
1336	   0	94.1	94.1	 586	OK
1337	   0	92.4	92.4	 645	OK
1338	   0	86.1	86.1	 542	OK
1339	   0	88.8	88.8	 612	OK
1340	   0	83.1	83.1	 612	OK
1341	1000	89.6	89.6	 533	unbonded
1342	   0	90.1	90.1	 623	OK
1343	4000	84.1	84.1	 710	high noise
1344	   0	90.9	90.9	 636	OK
1345	   0	87.5	87.5	 638	OK
1346	   0	88.8	88.8	 599	OK
1347	4000	92.0	92.0	 728	high noise
1348	   0	91.8	91.8	 610	OK
1349	1000	101.5	101.5	 390	unbonded
1350	   0	84.1	84.1	 652	OK
1351	   0	92.0	92.0	 621	OK
1352	   0	86.7	86.7	 557	OK
1353	   0	93.6	93.6	 663	OK
1354	   0	95.4	95.4	 634	OK
1355	   0	89.5	89.5	 688	OK
1356	   0	83.5	83.5	 574	OK
1357	   0	84.9	84.9	 627	OK
1358	   0	86.5	86.5	 573	OK
1359	   0	81.2	81.2	 689	OK
1360	1000	83.7	83.7	 539	unbonded
1361	   0	85.5	85.5	 556	OK
1362	   0	91.7	91.7	 682	OK
1363	1000	92.6	92.6	 519	unbonded
1364	   0	85.2	85.2	 566	OK
1365	   0	82.7	82.7	 663	OK
1366	   0	92.1	92.1	 686	OK
1367	1000	83.4	83.4	 486	unbonded
1368	   0	90.5	90.5	 641	OK
1369	   0	84.8	84.8	 603	OK
1370	   0	80.7	80.7	 623	OK
1371	   0	91.8	91.8	 702	OK
1372	   0	89.8	89.8	 614	OK
1373	   0	92.4	92.4	 627	OK
1374	1000	87.5	87.5	 521	unbonded
1375	1000	82.1	82.1	 527	unbonded
1376	   0	92.2	92.2	 595	OK
1377	   0	92.3	92.3	 595	OK
1378	   0	80.4	80.4	 613	OK
1379	   0	85.7	85.7	 633	OK
1380	   0	82.6	82.6	 593	OK
1381	   0	82.3	82.3	 643	OK
1382	   0	89.1	89.1	 609	OK
1383	   0	89.3	89.3	 662	OK
1384	1000	92.4	92.4	 469	unbonded
1385	   0	86.7	86.7	 644	OK
1386	   0	90.0	90.0	 591	OK
1387	   0	87.2	87.2	 646	OK
1388	1000	87.2	87.2	 490	unbonded
1389	   0	85.5	85.5	 595	OK
1390	   0	88.9	88.9	 574	OK
1391	1000	86.5	86.5	 480	unbonded
1392	   0	94.2	94.2	 702	OK
1393	   0	92.4	92.4	 678	OK
1394	   0	89.3	89.3	 570	OK
1395	   0	83.5	83.5	 623	OK
1396	   0	86.9	86.9	 638	OK
1397	   0	85.3	85.3	 615	OK
1398	4000	85.4	85.4	 709	high noise
1399	   0	83.2	83.2	 567	OK
1400	4000	90.5	90.5	 783	high noise
1401	   0	75.7	75.7	 580	OK
1402	   0	86.8	86.8	 638	OK
1403	   0	91.0	91.0	 665	OK
1404	   0	88.8	88.8	 586	OK
1405	   0	91.2	91.2	 641	OK
1406	   0	90.3	90.3	 579	OK
1407	   0	94.9	94.9	 632	OK
1408	   0	91.6	91.6	 621	OK
1409	1000	101.5	101.5	 495	unbonded
1410	   0	97.8	97.8	 571	OK
1411	   0	82.2	82.2	 570	OK
1412	1000	92.6	92.6	 498	unbonded
1413	   0	86.8	86.8	 624	OK
1414	1000	97.2	97.2	 426	unbonded
1415	1000	90.6	90.6	 529	unbonded
1416	   0	94.2	94.2	 576	OK
1417	   0	89.3	89.3	 589	OK
1418	   0	92.2	92.2	 637	OK
1419	   0	84.5	84.5	 549	OK
1420	   0	90.2	90.2	 594	OK
1421	1000	84.8	84.8	 474	unbonded
1422	   0	90.4	90.4	 546	OK
1423	   0	92.8	92.8	 613	OK
1424	1000	94.4	94.4	 416	unbonded
1425	4000	92.7	92.7	 708	high noise
1426	1000	95.4	95.4	 539	unbonded
1427	1000	96.1	96.1	 515	unbonded
1428	   0	85.8	85.8	 556	OK
1429	   0	87.0	87.0	 545	OK
1430	1000	86.8	86.8	 506	unbonded
1431	   0	99.9	99.9	 639	OK
1432	   0	90.3	90.3	 644	OK
1433	   0	89.7	89.7	 557	OK
1434	   0	97.2	97.2	 598	OK
1435	   0	84.3	84.3	 581	OK
1436	1000	89.5	89.5	 523	unbonded
1437	1000	90.4	90.4	 505	unbonded
1438	   0	87.9	87.9	 593	OK
1439	1000	97.6	97.6	 513	unbonded
1440	1000	89.9	89.9	 493	unbonded
1441	   0	101.0	101.0	 556	OK
1442	1000	89.1	89.1	 529	unbonded
1443	4000	87.8	87.8	 732	high noise
1444	1000	99.8	99.8	 396	unbonded
1445	   0	92.0	92.0	 595	OK
1446	   0	97.9	97.9	 606	OK
1447	1000	83.9	83.9	 532	unbonded
1448	   0	86.1	86.1	 569	OK
1449	4000	90.3	90.3	 686	high noise
1450	4000	90.1	90.1	 667	high noise
1451	1000	83.3	83.3	 472	unbonded
1452	   0	85.8	85.8	 580	OK
1453	   0	88.5	88.5	 566	OK
1454	   0	90.4	90.4	 571	OK
1455	   0	100.1	100.1	 608	OK
1456	   0	85.2	85.2	 609	OK
1457	   0	87.4	87.4	 572	OK
1458	1000	86.5	86.5	 499	unbonded
1459	4000	86.8	86.8	 676	high noise
1460	1000	96.9	96.9	 505	unbonded
1461	   0	93.9	93.9	 571	OK
1462	   0	84.7	84.7	 598	OK
1463	4000	90.8	90.8	 711	high noise
1464	   0	91.1	91.1	 605	OK
1465	1000	84.5	84.5	 494	unbonded
1466	   0	88.2	88.2	 580	OK
1467	   0	89.6	89.6	 605	OK
1468	   0	96.1	96.1	 637	OK
1469	1000	94.3	94.3	 518	unbonded
1470	   0	86.7	86.7	 598	OK
1471	1000	88.0	88.0	 472	unbonded
1472	   0	88.3	88.3	 604	OK
1473	   0	81.5	81.5	 569	OK
1474	   0	86.5	86.5	 564	OK
1475	   0	100.1	100.1	 658	OK
1476	   0	85.0	85.0	 622	OK
1477	4000	88.4	88.4	 666	high noise
1478	   0	98.0	98.0	 631	OK
1479	1000	81.4	81.4	 502	unbonded
1480	1000	91.6	91.6	 523	unbonded
1481	   0	90.2	90.2	 600	OK
1482	   0	94.8	94.8	 555	OK
1483	1000	94.9	94.9	 495	unbonded
1484	   0	91.2	91.2	 646	OK
1485	1000	92.6	92.6	 529	unbonded
1486	1000	81.8	81.8	 528	unbonded
1487	   0	93.0	93.0	 648	OK
1488	   0	84.4	84.4	 605	OK
1489	   0	90.4	90.4	 643	OK
1490	   0	91.3	91.3	 620	OK
1491	4000	89.2	89.2	 683	high noise
1492	1000	85.5	85.5	 475	unbonded
1493	   0	91.2	91.2	 645	OK
1494	   0	81.7	81.7	 599	OK
1495	   0	86.2	86.2	 591	OK
1496	4000	94.8	94.8	 709	high noise
1497	   0	86.1	86.1	 556	OK
1498	   0	88.1	88.1	 543	OK
1499	   0	90.7	90.7	 619	OK
1500	   0	89.3	89.3	 569	OK
1501	   0	82.0	82.0	 607	OK
1502	   0	86.6	86.6	 554	OK
1503	   0	93.6	93.6	 633	OK
1504	   0	87.9	87.9	 613	OK
1505	   0	82.4	82.4	 555	OK
1506	1000	87.3	87.3	 481	unbonded
1507	   0	85.2	85.2	 653	OK
1508	   0	85.3	85.3	 633	OK
1509	   0	91.7	91.7	 603	OK
1510	1000	87.3	87.3	 467	unbonded
1511	   0	94.2	94.2	 557	OK
1512	   0	94.2	94.2	 569	OK
1513	   0	90.2	90.2	 565	OK
1514	   0	81.0	81.0	 567	OK
1515	   0	99.7	99.7	 654	OK
1516	   0	92.4	92.4	 651	OK
1517	   0	91.8	91.8	 551	OK
1518	1000	88.5	88.5	 508	unbonded
1519	   0	90.9	90.9	 585	OK
1520	1000	91.8	91.8	 487	unbonded
1521	   0	87.7	87.7	 657	OK
1522	   0	82.2	82.2	 546	OK
1523	   0	83.9	83.9	 581	OK
1524	   0	95.6	95.6	 631	OK
1525	   0	92.9	92.9	 564	OK
1526	4000	86.2	86.2	 667	high noise
1527	   0	88.5	88.5	 650	OK
1528	   0	93.1	93.1	 547	OK
1529	4000	88.9	88.9	 669	high noise
1530	1000	97.0	97.0	 517	unbonded
1531	   0	87.3	87.3	 561	OK
1532	   0	85.1	85.1	 542	OK
1533	4000	80.7	80.7	 771	high noise
1534	   0	88.6	88.6	 555	OK
1535	   0	91.9	91.9	 630	OK
1536	   0	74.1	74.1	 647	OK
1537	   0	78.6	78.6	 613	OK
1538	   0	80.6	80.6	 573	OK
1539	4000	75.2	75.2	 767	high noise
1540	   0	79.6	79.6	 612	OK
1541	4000	77.7	77.7	 810	high noise
1542	1000	74.5	74.5	 487	unbonded
1543	4000	72.7	72.7	 789	high noise
1544	   0	78.2	78.2	 571	OK
1545	   0	76.2	76.2	 697	OK
1546	   0	79.9	79.9	 617	OK
1547	   0	84.5	84.5	 586	OK
1548	   0	77.1	77.1	 730	OK
1549	4000	75.4	75.4	 754	high noise
1550	   0	71.7	71.7	 696	OK
1551	4000	76.7	76.7	 752	high noise
1552	   0	79.8	79.8	 641	OK
1553	4000	79.9	79.9	 748	high noise
1554	   0	81.5	81.5	 736	OK
1555	   0	80.1	80.1	 719	OK
1556	   0	85.4	85.4	 561	OK
1557	   0	72.3	72.3	 699	OK
1558	   0	80.7	80.7	 572	OK
1559	   0	78.2	78.2	 651	OK
1560	   0	80.1	80.1	 726	OK
1561	1000	77.7	77.7	 531	unbonded
1562	4000	83.2	83.2	 753	high noise
1563	   0	75.2	75.2	 648	OK
1564	   0	76.4	76.4	 647	OK
1565	   0	81.0	81.0	 579	OK
1566	   0	74.8	74.8	 653	OK
1567	   0	79.2	79.2	 623	OK
1568	   0	79.3	79.3	 724	OK
1569	   0	76.6	76.6	 631	OK
1570	   0	80.6	80.6	 725	OK
1571	1000	79.9	79.9	 533	unbonded
1572	   0	79.3	79.3	 722	OK
1573	   0	76.8	76.8	 707	OK
1574	   0	74.7	74.7	 627	OK
1575	   0	81.6	81.6	 652	OK
1576	   0	80.8	80.8	 619	OK
1577	   0	81.0	81.0	 685	OK
1578	   0	78.7	78.7	 659	OK
1579	4000	76.4	76.4	 753	high noise
1580	   0	76.0	76.0	 689	OK
1581	   0	80.2	80.2	 685	OK
1582	1000	75.4	75.4	 508	unbonded
1583	   0	75.0	75.0	 668	OK
1584	1000	82.9	82.9	 518	unbonded
1585	   0	78.8	78.8	 557	OK
1586	   0	80.6	80.6	 721	OK
1587	   0	77.5	77.5	 549	OK
1588	   0	77.9	77.9	 663	OK
1589	   0	78.1	78.1	 556	OK
1590	1000	83.1	83.1	 523	unbonded
1591	   0	77.6	77.6	 707	OK
1592	   0	76.8	76.8	 541	OK
1593	   0	74.9	74.9	 717	OK
1594	1000	83.9	83.9	 492	unbonded
1595	   0	78.2	78.2	 657	OK
1596	   0	76.9	76.9	 709	OK
1597	   0	83.0	83.0	 641	OK
1598	4000	81.7	81.7	 743	high noise
1599	   0	83.3	83.3	 679	OK
1600	8000	78.3	78.3	 541	partbonded
1601	   0	80.5	80.5	 641	OK
1602	   0	73.2	73.2	 653	OK
1603	   0	86.6	86.6	 667	OK
1604	   0	81.0	81.0	 631	OK
1605	   0	79.1	79.1	 582	OK
1606	   0	87.1	87.1	 596	OK
1607	   0	81.3	81.3	 673	OK
1608	   0	76.4	76.4	 658	OK
1609	   0	77.4	77.4	 556	OK
1610	   0	86.7	86.7	 572	OK
1611	   0	72.9	72.9	 711	OK
1612	   0	78.6	78.6	 666	OK
1613	   0	82.4	82.4	 629	OK
1614	4000	82.5	82.5	 745	high noise
1615	4000	75.0	75.0	 761	high noise
1616	   0	74.4	74.4	 727	OK
1617	   0	80.3	80.3	 633	OK
1618	4000	80.7	80.7	 788	high noise
1619	4000	75.4	75.4	 758	high noise
1620	   0	80.8	80.8	 603	OK
1621	   0	79.4	79.4	 651	OK
1622	1000	80.5	80.5	 452	unbonded
1623	   0	76.9	76.9	 740	OK
1624	   0	84.3	84.3	 662	OK
1625	   0	80.8	80.8	 575	OK
1626	   0	77.2	77.2	 718	OK
1627	   0	77.8	77.8	 620	OK
1628	   0	81.7	81.7	 568	OK
1629	   0	81.9	81.9	 639	OK
1630	   0	76.1	76.1	 598	OK
1631	   0	77.4	77.4	 609	OK
1632	   0	74.9	74.9	 571	OK
1633	   0	77.1	77.1	 594	OK
1634	   0	80.9	80.9	 676	OK
1635	   0	80.8	80.8	 610	OK
1636	   0	76.7	76.7	 622	OK
1637	   0	79.1	79.1	 620	OK
1638	   0	80.4	80.4	 649	OK
1639	   0	73.1	73.1	 625	OK
1640	   0	74.8	74.8	 594	OK
1641	4000	71.3	71.3	 755	high noise
1642	   0	78.0	78.0	 607	OK
1643	   0	76.1	76.1	 707	OK
1644	   0	74.7	74.7	 636	OK
1645	4000	82.0	82.0	 756	high noise
1646	   0	77.5	77.5	 600	OK
1647	   0	77.6	77.6	 651	OK
1648	   0	80.1	80.1	 647	OK
1649	   0	79.2	79.2	 681	OK
1650	   0	79.7	79.7	 607	OK
1651	   0	75.0	75.0	 545	OK
1652	   0	76.6	76.6	 591	OK
1653	8000	73.4	73.4	 541	partbonded
1654	1000	74.6	74.6	 534	unbonded
1655	   0	80.1	80.1	 588	OK
1656	   0	79.0	79.0	 674	OK
1657	   0	80.8	80.8	 683	OK
1658	   0	73.4	73.4	 642	OK
1659	   0	79.5	79.5	 659	OK
1660	   0	77.4	77.4	 679	OK
1661	1000	86.8	86.8	 537	unbonded
1662	   0	83.2	83.2	 682	OK
1663	   0	72.9	72.9	 605	OK
1664	   0	90.3	90.3	 571	OK
1665	   0	93.7	93.7	 617	OK
1666	   0	85.5	85.5	 663	OK
1667	   0	85.2	85.2	 632	OK
1668	   0	85.6	85.6	 555	OK
1669	   0	93.0	93.0	 586	OK
1670	   0	89.5	89.5	 613	OK
1671	   0	88.6	88.6	 645	OK
1672	   0	83.7	83.7	 578	OK
1673	4000	82.5	82.5	 717	high noise
1674	1000	84.2	84.2	 517	unbonded
1675	   0	88.4	88.4	 599	OK
1676	4000	85.7	85.7	 767	high noise
1677	   0	87.2	87.2	 655	OK
1678	1000	87.9	87.9	 519	unbonded
1679	4000	93.3	93.3	 762	high noise
1680	   0	83.7	83.7	 586	OK
1681	4000	89.6	89.6	 739	high noise
1682	   0	83.6	83.6	 574	OK
1683	4000	81.6	81.6	 740	high noise
1684	   0	92.4	92.4	 641	OK
1685	1000	86.6	86.6	 457	unbonded
1686	   0	91.3	91.3	 650	OK
1687	   0	94.1	94.1	 579	OK
1688	   0	91.8	91.8	 684	OK
1689	   0	87.6	87.6	 649	OK
1690	   0	84.9	84.9	 672	OK
1691	1000	84.0	84.0	 514	unbonded
1692	   0	81.1	81.1	 697	OK
1693	1000	81.8	81.8	 514	unbonded
1694	4000	93.0	93.0	 717	high noise
1695	   0	88.2	88.2	 671	OK
1696	   0	89.3	89.3	 564	OK
1697	   0	83.9	83.9	 654	OK
1698	   0	79.9	79.9	 564	OK
1699	   0	89.2	89.2	 638	OK
1700	4000	86.3	86.3	 712	high noise
1701	1000	85.4	85.4	 485	unbonded
1702	   0	84.2	84.2	 586	OK
1703	4000	83.7	83.7	 745	high noise
1704	   0	86.4	86.4	 593	OK
1705	4000	80.3	80.3	 711	high noise
1706	   0	90.6	90.6	 652	OK
1707	   0	89.8	89.8	 670	OK
1708	   0	84.8	84.8	 611	OK
1709	   0	87.3	87.3	 562	OK
1710	4000	89.6	89.6	 732	high noise
1711	4000	80.1	80.1	 746	high noise
1712	   0	85.6	85.6	 605	OK
1713	   0	94.7	94.7	 600	OK
1714	4000	84.0	84.0	 732	high noise
1715	   0	91.1	91.1	 699	OK
1716	   0	86.5	86.5	 577	OK
1717	1000	82.3	82.3	 473	unbonded
1718	   0	92.0	92.0	 636	OK
1719	   0	88.3	88.3	 611	OK
1720	   0	93.3	93.3	 664	OK
1721	   0	84.9	84.9	 613	OK
1722	   0	92.7	92.7	 625	OK
1723	   0	92.2	92.2	 665	OK
1724	1000	91.7	91.7	 487	unbonded
1725	1000	84.5	84.5	 520	unbonded
1726	4000	89.1	89.1	 774	high noise
1727	   0	92.5	92.5	 629	OK
1728	   0	87.7	87.7	 591	OK
1729	   0	88.0	88.0	 561	OK
1730	   0	82.1	82.1	 637	OK
1731	1000	94.3	94.3	 505	unbonded
1732	1000	88.0	88.0	 539	unbonded
1733	   0	85.1	85.1	 672	OK
1734	   0	85.3	85.3	 676	OK
1735	   0	93.6	93.6	 627	OK
1736	   0	91.6	91.6	 547	OK
1737	1000	88.5	88.5	 529	unbonded
1738	   0	89.3	89.3	 586	OK
1739	   0	87.8	87.8	 609	OK
1740	1000	87.7	87.7	 540	unbonded
1741	   0	83.5	83.5	 678	OK
1742	   0	84.6	84.6	 613	OK
1743	1000	89.6	89.6	 514	unbonded
1744	   0	88.0	88.0	 597	OK
1745	1000	83.6	83.6	 483	unbonded
1746	   0	86.5	86.5	 594	OK
1747	   0	83.6	83.6	 643	OK
1748	   0	85.5	85.5	 623	OK
1749	1000	82.2	82.2	 516	unbonded
1750	1000	85.0	85.0	 489	unbonded
1751	   0	86.1	86.1	 625	OK
1752	   0	86.4	86.4	 603	OK
1753	   0	83.6	83.6	 594	OK
1754	1000	89.7	89.7	 469	unbonded
1755	4000	86.6	86.6	 714	high noise
1756	   0	85.3	85.3	 585	OK
1757	   0	88.4	88.4	 578	OK
1758	   0	91.3	91.3	 641	OK
1759	   0	90.1	90.1	 687	OK
1760	   0	85.4	85.4	 674	OK
1761	1000	92.8	92.8	 463	unbonded
1762	   0	86.0	86.0	 615	OK
1763	   0	84.9	84.9	 639	OK
1764	   0	85.2	85.2	 654	OK
1765	   0	84.6	84.6	 558	OK
1766	   0	85.3	85.3	 575	OK
1767	   0	85.1	85.1	 556	OK
1768	   0	83.3	83.3	 602	OK
1769	   0	74.2	74.2	 547	OK
1770	   0	89.9	89.9	 611	OK
1771	   0	83.7	83.7	 623	OK
1772	   0	81.6	81.6	 673	OK
1773	   0	85.1	85.1	 646	OK
1774	1000	83.8	83.8	 540	unbonded
1775	   0	83.1	83.1	 708	OK
1776	   0	86.3	86.3	 679	OK
1777	   0	78.3	78.3	 635	OK
1778	   0	83.2	83.2	 620	OK
1779	   0	92.6	92.6	 684	OK
1780	   0	84.7	84.7	 542	OK
1781	   0	82.9	82.9	 685	OK
1782	   0	90.3	90.3	 590	OK
1783	   0	84.5	84.5	 602	OK
1784	   0	82.9	82.9	 591	OK
1785	   0	89.2	89.2	 638	OK
1786	   0	79.3	79.3	 702	OK
1787	   0	87.5	87.5	 673	OK
1788	   0	82.3	82.3	 610	OK
1789	   0	90.1	90.1	 573	OK
1790	   0	80.6	80.6	 669	OK
1791	   0	92.3	92.3	 600	OK
1792	1000	76.3	76.3	 496	unbonded
1793	   0	78.0	78.0	 669	OK
1794	   0	82.4	82.4	 618	OK
1795	   0	76.1	76.1	 691	OK
1796	   0	76.3	76.3	 548	OK
1797	   0	83.8	83.8	 651	OK
1798	   0	78.4	78.4	 553	OK
1799	   0	89.4	89.4	 644	OK
1800	1000	86.4	86.4	 527	unbonded
1801	1000	79.8	79.8	 481	unbonded
1802	   0	80.7	80.7	 596	OK
1803	   0	78.1	78.1	 669	OK
1804	   0	88.9	88.9	 608	OK
1805	   0	83.6	83.6	 543	OK
1806	4000	81.7	81.7	 730	high noise
1807	   0	79.5	79.5	 593	OK
1808	   0	82.1	82.1	 562	OK
1809	   0	81.3	81.3	 652	OK
1810	   0	78.0	78.0	 545	OK
1811	4000	82.8	82.8	 811	high noise
1812	   0	80.2	80.2	 595	OK
1813	1000	78.0	78.0	 526	unbonded
1814	   0	76.5	76.5	 619	OK
1815	   0	82.9	82.9	 705	OK
1816	   0	84.9	84.9	 708	OK
1817	   0	80.1	80.1	 579	OK
1818	   0	81.8	81.8	 617	OK
1819	4000	75.7	75.7	 754	high noise
1820	   0	79.7	79.7	 586	OK
1821	4000	79.4	79.4	 728	high noise
1822	1000	77.5	77.5	 534	unbonded
1823	   0	80.4	80.4	 672	OK
1824	   0	77.1	77.1	 683	OK
1825	   0	80.8	80.8	 596	OK
1826	   0	80.0	80.0	 601	OK
1827	   0	78.0	78.0	 583	OK
1828	   0	86.5	86.5	 715	OK
1829	   0	83.7	83.7	 566	OK
1830	   0	76.6	76.6	 650	OK
1831	   0	82.1	82.1	 670	OK
1832	   0	79.3	79.3	 545	OK
1833	   0	75.5	75.5	 559	OK
1834	   0	83.3	83.3	 687	OK
1835	   0	81.2	81.2	 588	OK
1836	   0	81.9	81.9	 670	OK
1837	   0	82.7	82.7	 585	OK
1838	   0	75.8	75.8	 703	OK
1839	   0	87.4	87.4	 610	OK
1840	   0	83.4	83.4	 693	OK
1841	   0	77.4	77.4	 542	OK
1842	   0	82.0	82.0	 693	OK
1843	   0	79.9	79.9	 701	OK
1844	1000	84.2	84.2	 521	unbonded
1845	   0	75.6	75.6	 591	OK
1846	   0	80.3	80.3	 684	OK
1847	   0	78.9	78.9	 647	OK
1848	1000	85.5	85.5	 533	unbonded
1849	   0	74.2	74.2	 623	OK
1850	   0	84.3	84.3	 700	OK
1851	   0	88.8	88.8	 593	OK
1852	4000	85.5	85.5	 771	high noise
1853	   0	84.7	84.7	 595	OK
1854	4000	74.5	74.5	 781	high noise
1855	   0	81.4	81.4	 612	OK
1856	   0	83.2	83.2	 595	OK
1857	4000	77.2	77.2	 740	high noise
1858	   0	80.8	80.8	 580	OK
1859	   0	86.1	86.1	 576	OK
1860	   0	82.3	82.3	 652	OK
1861	4000	79.3	79.3	 733	high noise
1862	   0	82.2	82.2	 689	OK
1863	4000	81.1	81.1	 736	high noise
1864	   0	83.5	83.5	 641	OK
1865	   0	76.2	76.2	 654	OK
1866	1000	86.4	86.4	 507	unbonded
1867	   0	83.2	83.2	 711	OK
1868	   0	93.0	93.0	 643	OK
1869	   0	79.4	79.4	 559	OK
1870	   0	73.5	73.5	 663	OK
1871	   0	83.1	83.1	 678	OK
1872	   0	92.3	92.3	 653	OK
1873	   0	82.6	82.6	 595	OK
1874	   0	89.9	89.9	 633	OK
1875	   0	76.8	76.8	 633	OK
1876	   0	77.6	77.6	 693	OK
1877	   0	86.3	86.3	 634	OK
1878	   0	75.9	75.9	 651	OK
1879	   0	80.0	80.0	 663	OK
1880	   0	83.3	83.3	 659	OK
1881	   0	77.5	77.5	 577	OK
1882	   0	80.8	80.8	 672	OK
1883	   0	86.3	86.3	 715	OK
1884	   0	83.4	83.4	 632	OK
1885	4000	80.6	80.6	 725	high noise
1886	   0	82.8	82.8	 712	OK
1887	1000	88.9	88.9	 484	unbonded
1888	   0	77.4	77.4	 624	OK
1889	1000	79.6	79.6	 498	unbonded
1890	   0	78.1	78.1	 657	OK
1891	   0	74.4	74.4	 637	OK
1892	1000	79.7	79.7	 467	unbonded
1893	   0	77.8	77.8	 657	OK
1894	1000	76.7	76.7	 475	unbonded
1895	   0	82.1	82.1	 628	OK
1896	4000	76.0	76.0	 748	high noise
1897	   0	83.9	83.9	 703	OK
1898	   0	82.5	82.5	 567	OK
1899	   0	90.9	90.9	 596	OK
1900	   0	79.5	79.5	 603	OK
1901	   0	80.5	80.5	 588	OK
1902	   0	88.0	88.0	 631	OK
1903	   0	79.2	79.2	 574	OK
1904	   0	86.5	86.5	 578	OK
1905	1000	74.7	74.7	 506	unbonded
1906	1000	81.1	81.1	 496	unbonded
1907	   0	82.8	82.8	 652	OK
1908	   0	83.3	83.3	 686	OK
1909	   0	75.4	75.4	 636	OK
1910	   0	80.5	80.5	 615	OK
1911	1000	86.0	86.0	 505	unbonded
1912	1000	80.3	80.3	 460	unbonded
1913	4000	76.4	76.4	 729	high noise
1914	4000	77.4	77.4	 794	high noise
1915	   0	79.1	79.1	 713	OK
1916	   0	76.5	76.5	 671	OK
1917	   0	80.4	80.4	 683	OK
1918	   0	80.6	80.6	 690	OK
1919	   0	74.7	74.7	 652	OK
1920	   0	89.9	89.9	 609	OK
1921	1000	88.0	88.0	 501	unbonded
1922	   0	86.5	86.5	 556	OK
1923	   0	86.2	86.2	 660	OK
1924	   0	84.4	84.4	 579	OK
1925	   0	90.0	90.0	 612	OK
1926	   0	81.9	81.9	 639	OK
1927	   0	83.2	83.2	 614	OK
1928	4000	83.9	83.9	 697	high noise
1929	   0	80.8	80.8	 641	OK
1930	1000	90.5	90.5	 503	unbonded
1931	   0	85.7	85.7	 561	OK
1932	1000	80.7	80.7	 486	unbonded
1933	   0	79.0	79.0	 641	OK
1934	1000	84.2	84.2	 530	unbonded
1935	1000	86.1	86.1	 515	unbonded
1936	   0	81.7	81.7	 635	OK
1937	   0	82.8	82.8	 673	OK
1938	4000	75.4	75.4	 704	high noise
1939	1000	86.9	86.9	 460	unbonded
1940	4000	81.5	81.5	 727	high noise
1941	   0	82.5	82.5	 553	OK
1942	   0	84.5	84.5	 653	OK
1943	   0	79.6	79.6	 686	OK
1944	   0	97.6	97.6	 598	OK
1945	   0	79.5	79.5	 661	OK
1946	   0	87.1	87.1	 691	OK
1947	   0	86.7	86.7	 650	OK
1948	   0	87.7	87.7	 547	OK
1949	4000	81.6	81.6	 710	high noise
1950	1000	91.5	91.5	 488	unbonded
1951	   0	81.7	81.7	 610	OK
1952	   0	81.3	81.3	 612	OK
1953	   0	87.7	87.7	 574	OK
1954	   0	83.9	83.9	 555	OK
1955	   0	83.4	83.4	 638	OK
1956	1000	78.1	78.1	 515	unbonded
1957	   0	81.9	81.9	 550	OK
1958	   0	84.9	84.9	 637	OK
1959	1000	88.0	88.0	 516	unbonded
1960	   0	81.5	81.5	 630	OK
1961	   0	82.0	82.0	 600	OK
1962	1000	85.3	85.3	 524	unbonded
1963	   0	80.0	80.0	 648	OK
1964	   0	81.2	81.2	 634	OK
1965	   0	80.0	80.0	 560	OK
1966	4000	83.2	83.2	 728	high noise
1967	8000	83.7	83.7	 540	partbonded
1968	   0	88.0	88.0	 610	OK
1969	   0	83.6	83.6	 613	OK
1970	   0	86.6	86.6	 563	OK
1971	4000	85.7	85.7	 719	high noise
1972	   0	83.7	83.7	 547	OK
1973	   0	79.8	79.8	 683	OK
1974	   0	80.8	80.8	 590	OK
1975	   0	87.4	87.4	 589	OK
1976	   0	83.2	83.2	 565	OK
1977	   0	81.9	81.9	 610	OK
1978	1000	84.1	84.1	 526	unbonded
1979	   0	81.7	81.7	 542	OK
1980	   0	89.6	89.6	 606	OK
1981	   0	81.3	81.3	 669	OK
1982	   0	93.5	93.5	 576	OK
1983	   0	81.5	81.5	 656	OK
1984	   0	86.4	86.4	 571	OK
1985	1000	86.5	86.5	 538	unbonded
1986	1000	91.0	91.0	 538	unbonded
1987	4000	86.4	86.4	 803	high noise
1988	   0	82.2	82.2	 636	OK
1989	4000	81.6	81.6	 733	high noise
1990	   0	82.7	82.7	 636	OK
1991	   0	92.3	92.3	 586	OK
1992	   0	79.7	79.7	 616	OK
1993	   0	90.1	90.1	 635	OK
1994	1000	83.7	83.7	 421	unbonded
1995	   0	80.7	80.7	 621	OK
1996	1000	81.5	81.5	 504	unbonded
1997	   0	79.2	79.2	 626	OK
1998	   0	90.0	90.0	 566	OK
1999	   0	79.0	79.0	 634	OK
2000	   0	82.1	82.1	 587	OK
2001	1000	80.3	80.3	 532	unbonded
2002	   0	87.8	87.8	 623	OK
2003	   0	93.2	93.2	 601	OK
2004	4000	84.3	84.3	 718	high noise
2005	   0	83.3	83.3	 578	OK
2006	1000	89.5	89.5	 510	unbonded
2007	4000	80.4	80.4	 806	high noise
2008	1000	95.5	95.5	 501	unbonded
2009	1000	84.2	84.2	 435	unbonded
2010	4000	80.4	80.4	 708	high noise
2011	   0	85.0	85.0	 634	OK
2012	1000	87.8	87.8	 484	unbonded
2013	   0	85.3	85.3	 586	OK
2014	   0	78.7	78.7	 547	OK
2015	   0	82.8	82.8	 666	OK
2016	   0	85.6	85.6	 566	OK
2017	   0	90.0	90.0	 580	OK
2018	   0	84.9	84.9	 681	OK
2019	1000	89.4	89.4	 471	unbonded
2020	   0	82.8	82.8	 636	OK
2021	   0	76.6	76.6	 674	OK
2022	   0	87.1	87.1	 586	OK
2023	   0	76.1	76.1	 651	OK
2024	4000	82.7	82.7	 736	high noise
2025	1000	88.0	88.0	 508	unbonded
2026	4000	86.7	86.7	 698	high noise
2027	   0	82.5	82.5	 585	OK
2028	1000	83.2	83.2	 497	unbonded
2029	1000	78.6	78.6	 524	unbonded
2030	   0	85.1	85.1	 542	OK
2031	1000	85.1	85.1	 516	unbonded
2032	1000	88.4	88.4	 445	unbonded
2033	   0	84.1	84.1	 668	OK
2034	   0	84.5	84.5	 571	OK
2035	1000	88.5	88.5	 503	unbonded
2036	4000	85.0	85.0	 838	high noise
2037	   0	91.9	91.9	 651	OK
2038	   0	85.1	85.1	 567	OK
2039	   0	81.0	81.0	 560	OK
2040	   0	84.0	84.0	 547	OK
2041	   0	79.4	79.4	 686	OK
2042	   0	85.7	85.7	 561	OK
2043	4000	86.6	86.6	 695	high noise
2044	   0	82.9	82.9	 611	OK
2045	   0	77.5	77.5	 683	OK
2046	   0	85.0	85.0	 573	OK
2047	   0	82.0	82.0	 683	OK
2048	   0	102.5	102.5	 547	OK
2049	   0	97.3	97.3	 608	OK
2050	   0	96.2	96.2	 655	OK
2051	   0	86.5	86.5	 579	OK
2052	   0	91.3	91.3	 648	OK
2053	   0	89.3	89.3	 546	OK
2054	   0	94.1	94.1	 557	OK
2055	1000	93.7	93.7	 492	unbonded
2056	4000	92.9	92.9	 690	high noise
2057	   0	99.4	99.4	 585	OK
2058	   0	95.4	95.4	 616	OK
2059	1000	94.3	94.3	 478	unbonded
2060	4000	90.0	90.0	 720	high noise
2061	   0	93.9	93.9	 619	OK
2062	   0	91.9	91.9	 634	OK
2063	   0	97.6	97.6	 655	OK
2064	   0	92.7	92.7	 630	OK
2065	1000	103.0	103.0	 493	unbonded
2066	   0	91.4	91.4	 613	OK
2067	1000	87.7	87.7	 490	unbonded
2068	   0	87.5	87.5	 624	OK
2069	   0	88.4	88.4	 612	OK
2070	1000	92.5	92.5	 463	unbonded
2071	1000	91.5	91.5	 529	unbonded
2072	   0	95.8	95.8	 601	OK
2073	   0	103.5	103.5	 565	OK
2074	   0	90.0	90.0	 543	OK
2075	   0	91.3	91.3	 592	OK
2076	1000	96.2	96.2	 503	unbonded
2077	   0	86.5	86.5	 550	OK
2078	   0	93.9	93.9	 574	OK
2079	   0	97.0	97.0	 567	OK
2080	   0	93.8	93.8	 633	OK
2081	   0	91.7	91.7	 627	OK
2082	   0	96.9	96.9	 565	OK
2083	   0	88.5	88.5	 618	OK
2084	1000	93.2	93.2	 529	unbonded
2085	1000	97.9	97.9	 508	unbonded
2086	   0	96.1	96.1	 642	OK
2087	   0	87.1	87.1	 627	OK
2088	   0	86.0	86.0	 613	OK
2089	   0	102.5	102.5	 593	OK
2090	   0	97.0	97.0	 652	OK
2091	   0	92.1	92.1	 602	OK
2092	1000	88.2	88.2	 480	unbonded
2093	   0	96.6	96.6	 552	OK
2094	   0	89.0	89.0	 603	OK
2095	   0	94.2	94.2	 657	OK
2096	1000	95.0	95.0	 495	unbonded
2097	   0	98.5	98.5	 650	OK
2098	   0	99.3	99.3	 605	OK
2099	   0	94.9	94.9	 609	OK
2100	   0	93.7	93.7	 654	OK
2101	   0	98.1	98.1	 555	OK
2102	   0	99.3	99.3	 570	OK
2103	   0	98.2	98.2	 585	OK
2104	1000	92.7	92.7	 539	unbonded
2105	   0	96.3	96.3	 636	OK
2106	   0	99.7	99.7	 544	OK
2107	4000	94.2	94.2	 705	high noise
2108	   0	93.6	93.6	 611	OK
2109	1000	93.0	93.0	 440	unbonded
2110	1000	99.6	99.6	 497	unbonded
2111	4000	97.1	97.1	 690	high noise
2112	1000	92.6	92.6	 528	unbonded
2113	   0	93.7	93.7	 617	OK
2114	   0	98.1	98.1	 597	OK
2115	   0	104.6	104.6	 651	OK
2116	   0	94.0	94.0	 625	OK
2117	1000	96.4	96.4	 424	unbonded
2118	   0	95.1	95.1	 636	OK
2119	1000	96.1	96.1	 504	unbonded
2120	   0	95.4	95.4	 618	OK
2121	   0	90.0	90.0	 641	OK
2122	   0	85.9	85.9	 591	OK
2123	   0	81.7	81.7	 646	OK
2124	   0	93.3	93.3	 551	OK
2125	   0	85.5	85.5	 589	OK
2126	   0	96.2	96.2	 560	OK
2127	   0	93.3	93.3	 552	OK
2128	4000	88.4	88.4	 694	high noise
2129	   0	91.5	91.5	 574	OK
2130	   0	94.7	94.7	 621	OK
2131	   0	97.6	97.6	 559	OK
2132	   0	84.5	84.5	 636	OK
2133	   0	96.6	96.6	 591	OK
2134	   0	91.1	91.1	 603	OK
2135	   0	91.4	91.4	 630	OK
2136	1000	95.6	95.6	 508	unbonded
2137	   0	94.8	94.8	 640	OK
2138	   0	96.6	96.6	 659	OK
2139	   0	95.6	95.6	 662	OK
2140	1000	94.6	94.6	 495	unbonded
2141	1000	93.3	93.3	 506	unbonded
2142	   0	90.4	90.4	 653	OK
2143	   0	98.0	98.0	 634	OK
2144	   0	92.1	92.1	 644	OK
2145	   0	102.0	102.0	 599	OK
2146	   0	93.4	93.4	 574	OK
2147	1000	97.8	97.8	 481	unbonded
2148	   0	97.2	97.2	 591	OK
2149	   0	91.0	91.0	 590	OK
2150	   0	92.7	92.7	 589	OK
2151	   0	93.7	93.7	 649	OK
2152	   0	91.1	91.1	 543	OK
2153	1000	98.2	98.2	 525	unbonded
2154	   0	93.9	93.9	 616	OK
2155	   0	91.2	91.2	 637	OK
2156	   0	88.6	88.6	 600	OK
2157	   0	88.1	88.1	 615	OK
2158	   0	87.3	87.3	 656	OK
2159	1000	99.5	99.5	 457	unbonded
2160	1000	99.9	99.9	 517	unbonded
2161	   0	89.3	89.3	 556	OK
2162	4000	91.5	91.5	 694	high noise
2163	   0	89.1	89.1	 587	OK
2164	1000	96.7	96.7	 528	unbonded
2165	   0	93.0	93.0	 623	OK
2166	1000	89.7	89.7	 412	unbonded
2167	   0	98.6	98.6	 643	OK
2168	1000	97.6	97.6	 484	unbonded
2169	4000	91.0	91.0	 731	high noise
2170	   0	91.9	91.9	 674	OK
2171	1000	87.2	87.2	 508	unbonded
2172	4000	84.4	84.4	 701	high noise
2173	1000	93.9	93.9	 500	unbonded
2174	   0	93.9	93.9	 610	OK
2175	   0	99.0	99.0	 637	OK
2176	   0	96.0	96.0	 676	OK
2177	   0	92.5	92.5	 654	OK
2178	   0	90.2	90.2	 690	OK
2179	1000	87.4	87.4	 482	unbonded
2180	   0	85.8	85.8	 639	OK
2181	4000	89.1	89.1	 705	high noise
2182	1000	76.3	76.3	 536	unbonded
2183	1000	86.0	86.0	 497	unbonded
2184	   0	93.2	93.2	 671	OK
2185	   0	87.0	87.0	 595	OK
2186	   0	94.1	94.1	 660	OK
2187	4000	83.8	83.8	 717	high noise
2188	   0	90.1	90.1	 629	OK
2189	   0	90.7	90.7	 582	OK
2190	   0	96.8	96.8	 543	OK
2191	   0	89.3	89.3	 586	OK
2192	   0	88.2	88.2	 604	OK
2193	   0	86.6	86.6	 593	OK
2194	1000	87.4	87.4	 504	unbonded
2195	   0	88.4	88.4	 604	OK
2196	1000	89.0	89.0	 539	unbonded
2197	   0	89.1	89.1	 593	OK
2198	1000	94.1	94.1	 510	unbonded
2199	   0	85.3	85.3	 662	OK
2200	   0	86.0	86.0	 649	OK
2201	   0	90.7	90.7	 689	OK
2202	   0	86.4	86.4	 632	OK
2203	   0	85.4	85.4	 659	OK
2204	   0	88.3	88.3	 598	OK
2205	   0	89.6	89.6	 613	OK
2206	1000	89.4	89.4	 475	unbonded
2207	   0	93.1	93.1	 650	OK
2208	   0	87.3	87.3	 623	OK
2209	   0	77.0	77.0	 595	OK
2210	4000	86.7	86.7	 705	high noise
2211	1000	83.0	83.0	 532	unbonded
2212	   0	81.4	81.4	 611	OK
2213	   0	87.5	87.5	 676	OK
2214	   0	86.1	86.1	 605	OK
2215	4000	90.6	90.6	 697	high noise
2216	   0	87.7	87.7	 597	OK
2217	4000	85.4	85.4	 732	high noise
2218	4000	84.2	84.2	 724	high noise
2219	   0	89.3	89.3	 684	OK
2220	   0	81.7	81.7	 623	OK
2221	   0	91.1	91.1	 562	OK
2222	   0	95.6	95.6	 670	OK
2223	   0	97.1	97.1	 659	OK
2224	   0	88.1	88.1	 582	OK
2225	   0	85.5	85.5	 650	OK
2226	1000	88.1	88.1	 500	unbonded
2227	1000	82.1	82.1	 534	unbonded
2228	1000	89.8	89.8	 507	unbonded
2229	1000	84.9	84.9	 515	unbonded
2230	   0	81.1	81.1	 642	OK
2231	1000	87.7	87.7	 483	unbonded
2232	   0	86.9	86.9	 688	OK
2233	   0	92.9	92.9	 566	OK
2234	   0	90.4	90.4	 586	OK
2235	   0	92.7	92.7	 609	OK
2236	   0	89.5	89.5	 617	OK
2237	   0	91.7	91.7	 551	OK
2238	   0	86.8	86.8	 599	OK
2239	1000	94.4	94.4	 537	unbonded
2240	   0	91.4	91.4	 570	OK
2241	   0	92.9	92.9	 635	OK
2242	   0	94.5	94.5	 651	OK
2243	   0	86.7	86.7	 585	OK
2244	   0	83.9	83.9	 611	OK
2245	1000	84.6	84.6	 524	unbonded
2246	   0	85.9	85.9	 654	OK
2247	4000	88.8	88.8	 709	high noise
2248	   0	89.9	89.9	 582	OK
2249	   0	84.2	84.2	 580	OK
2250	1000	88.2	88.2	 470	unbonded
2251	1000	94.1	94.1	 495	unbonded
2252	4000	87.0	87.0	 708	high noise
2253	1000	84.4	84.4	 518	unbonded
2254	   0	90.0	90.0	 647	OK
2255	   0	90.1	90.1	 568	OK
2256	   0	85.9	85.9	 544	OK
2257	   0	87.3	87.3	 541	OK
2258	4000	85.6	85.6	 739	high noise
2259	   0	87.0	87.0	 566	OK
2260	   0	90.8	90.8	 575	OK
2261	   0	83.8	83.8	 551	OK
2262	   0	78.7	78.7	 567	OK
2263	   0	89.9	89.9	 651	OK
2264	   0	87.7	87.7	 634	OK
2265	   0	88.5	88.5	 617	OK
2266	   0	88.3	88.3	 559	OK
2267	   0	93.7	93.7	 604	OK
2268	   0	86.1	86.1	 685	OK
2269	   0	89.1	89.1	 619	OK
2270	   0	91.5	91.5	 580	OK
2271	   0	89.2	89.2	 632	OK
2272	4000	84.8	84.8	 707	high noise
2273	1000	83.9	83.9	 513	unbonded
2274	1000	93.2	93.2	 440	unbonded
2275	   0	77.5	77.5	 581	OK
2276	   0	89.6	89.6	 581	OK
2277	   0	87.4	87.4	 688	OK
2278	   0	84.0	84.0	 596	OK
2279	   0	84.0	84.0	 622	OK
2280	   0	88.2	88.2	 691	OK
2281	   0	96.2	96.2	 671	OK
2282	   0	79.4	79.4	 596	OK
2283	   0	87.9	87.9	 613	OK
2284	1000	98.0	98.0	 527	unbonded
2285	   0	79.0	79.0	 654	OK
2286	   0	83.2	83.2	 629	OK
2287	   0	92.0	92.0	 605	OK
2288	   0	83.9	83.9	 572	OK
2289	4000	89.7	89.7	 697	high noise
2290	   0	82.9	82.9	 680	OK
2291	   0	88.3	88.3	 547	OK
2292	   0	84.7	84.7	 581	OK
2293	   0	96.7	96.7	 560	OK
2294	1000	90.4	90.4	 488	unbonded
2295	   0	80.7	80.7	 634	OK
2296	   0	92.3	92.3	 632	OK
2297	1000	85.8	85.8	 489	unbonded
2298	   0	91.8	91.8	 626	OK
2299	1000	84.8	84.8	 451	unbonded
2300	   0	83.5	83.5	 593	OK
2301	   0	87.4	87.4	 652	OK
2302	   0	84.3	84.3	 690	OK
2303	   0	88.0	88.0	 575	OK
2304	   0	88.6	88.6	 587	OK
2305	   0	89.9	89.9	 580	OK
2306	1000	84.5	84.5	 523	unbonded
2307	   0	84.3	84.3	 644	OK
2308	   0	80.8	80.8	 614	OK
2309	   0	97.5	97.5	 585	OK
2310	   0	80.5	80.5	 569	OK
2311	   0	82.7	82.7	 657	OK
2312	1000	89.5	89.5	 469	unbonded
2313	   0	80.8	80.8	 613	OK
2314	   0	84.1	84.1	 681	OK
2315	   0	81.4	81.4	 619	OK
2316	   0	89.2	89.2	 583	OK
2317	   0	84.4	84.4	 639	OK
2318	   0	80.2	80.2	 683	OK
2319	1000	84.1	84.1	 516	unbonded
2320	   0	88.5	88.5	 652	OK
2321	   0	82.6	82.6	 545	OK
2322	1000	82.0	82.0	 529	unbonded
2323	4000	85.9	85.9	 754	high noise
2324	   0	79.6	79.6	 583	OK
2325	   0	91.0	91.0	 577	OK
2326	   0	80.9	80.9	 651	OK
2327	1000	78.1	78.1	 466	unbonded
2328	   0	82.1	82.1	 609	OK
2329	4000	88.8	88.8	 787	high noise
2330	   0	84.2	84.2	 603	OK
2331	   0	87.2	87.2	 604	OK
2332	   0	82.9	82.9	 595	OK
2333	   0	79.8	79.8	 653	OK
2334	   0	85.5	85.5	 571	OK
2335	   0	82.5	82.5	 580	OK
2336	   0	84.0	84.0	 603	OK
2337	   0	83.3	83.3	 684	OK
2338	   0	84.7	84.7	 570	OK
2339	   0	92.4	92.4	 545	OK
2340	   0	81.4	81.4	 623	OK
2341	   0	90.6	90.6	 606	OK
2342	   0	84.2	84.2	 609	OK
2343	   0	86.0	86.0	 569	OK
2344	   0	85.8	85.8	 617	OK
2345	   0	90.5	90.5	 677	OK
2346	1000	92.7	92.7	 509	unbonded
2347	1000	88.5	88.5	 525	unbonded
2348	1000	85.9	85.9	 536	unbonded
2349	8000	83.4	83.4	 540	partbonded
2350	   0	82.4	82.4	 672	OK
2351	   0	90.5	90.5	 688	OK
2352	   0	82.1	82.1	 623	OK
2353	1000	85.2	85.2	 513	unbonded
2354	   0	84.3	84.3	 620	OK
2355	   0	88.4	88.4	 575	OK
2356	   0	89.4	89.4	 635	OK
2357	   0	84.7	84.7	 593	OK
2358	   0	91.3	91.3	 664	OK
2359	   0	86.7	86.7	 587	OK
2360	4000	82.3	82.3	 715	high noise
2361	   0	84.6	84.6	 630	OK
2362	   0	77.2	77.2	 703	OK
2363	   0	81.1	81.1	 548	OK
2364	   0	83.6	83.6	 624	OK
2365	   0	88.6	88.6	 681	OK
2366	   0	87.3	87.3	 657	OK
2367	   0	91.1	91.1	 674	OK
2368	   0	94.1	94.1	 612	OK
2369	   0	97.5	97.5	 618	OK
2370	   0	76.4	76.4	 602	OK
2371	   0	91.0	91.0	 596	OK
2372	4000	93.5	93.5	 747	high noise
2373	4000	89.3	89.3	 729	high noise
2374	1000	89.1	89.1	 494	unbonded
2375	4000	81.8	81.8	 730	high noise
2376	   0	95.2	95.2	 659	OK
2377	   0	91.4	91.4	 702	OK
2378	1000	89.9	89.9	 502	unbonded
2379	   0	86.1	86.1	 600	OK
2380	   0	86.5	86.5	 586	OK
2381	   0	91.8	91.8	 654	OK
2382	   0	93.7	93.7	 673	OK
2383	   0	91.5	91.5	 567	OK
2384	   0	89.5	89.5	 603	OK
2385	   0	79.8	79.8	 595	OK
2386	1000	90.8	90.8	 507	unbonded
2387	   0	90.9	90.9	 585	OK
2388	   0	85.8	85.8	 602	OK
2389	   0	86.3	86.3	 689	OK
2390	1000	87.2	87.2	 503	unbonded
2391	   0	84.1	84.1	 642	OK
2392	   0	92.4	92.4	 678	OK
2393	   0	89.7	89.7	 622	OK
2394	1000	91.9	91.9	 537	unbonded
2395	   0	89.2	89.2	 699	OK
2396	1000	92.9	92.9	 510	unbonded
2397	   0	79.8	79.8	 649	OK
2398	   0	92.5	92.5	 665	OK
2399	   0	83.0	83.0	 570	OK
2400	   0	82.7	82.7	 676	OK
2401	   0	86.7	86.7	 644	OK
2402	1000	89.2	89.2	 469	unbonded
2403	   0	90.3	90.3	 574	OK
2404	   0	82.3	82.3	 681	OK
2405	   0	81.9	81.9	 602	OK
2406	4000	87.4	87.4	 790	high noise
2407	1000	89.1	89.1	 529	unbonded
2408	   0	84.7	84.7	 671	OK
2409	1000	88.5	88.5	 535	unbonded
2410	4000	93.5	93.5	 710	high noise
2411	   0	92.4	92.4	 590	OK
2412	1000	90.6	90.6	 531	unbonded
2413	   0	97.7	97.7	 644	OK
2414	   0	84.7	84.7	 667	OK
2415	   0	80.3	80.3	 642	OK
2416	   0	102.6	102.6	 627	OK
2417	4000	84.2	84.2	 716	high noise
2418	   0	85.2	85.2	 623	OK
2419	   0	88.5	88.5	 679	OK
2420	   0	84.4	84.4	 679	OK
2421	   0	93.0	93.0	 566	OK
2422	   0	91.1	91.1	 593	OK
2423	   0	84.7	84.7	 680	OK
2424	   0	92.1	92.1	 620	OK
2425	4000	94.4	94.4	 777	high noise
2426	   0	93.6	93.6	 667	OK
2427	   0	88.4	88.4	 684	OK
2428	1000	94.5	94.5	 535	unbonded
2429	4000	87.6	87.6	 733	high noise
2430	   0	88.6	88.6	 577	OK
2431	1000	86.7	86.7	 479	unbonded
2432	   0	87.3	87.3	 636	OK
2433	   0	81.0	81.0	 720	OK
2434	   0	83.9	83.9	 564	OK
2435	   0	85.2	85.2	 613	OK
2436	   0	83.0	83.0	 553	OK
2437	   0	87.0	87.0	 599	OK
2438	   0	80.8	80.8	 715	OK
2439	   0	82.3	82.3	 575	OK
2440	   0	84.1	84.1	 666	OK
2441	   0	83.9	83.9	 672	OK
2442	   0	85.1	85.1	 602	OK
2443	   0	85.7	85.7	 596	OK
2444	1000	85.6	85.6	 536	unbonded
2445	   0	88.2	88.2	 688	OK
2446	   0	76.5	76.5	 585	OK
2447	   0	81.4	81.4	 614	OK
2448	   0	79.6	79.6	 653	OK
2449	   0	85.2	85.2	 620	OK
2450	1000	81.5	81.5	 490	unbonded
2451	   0	79.2	79.2	 708	OK
2452	4000	78.9	78.9	 774	high noise
2453	   0	90.6	90.6	 660	OK
2454	   0	74.0	74.0	 571	OK
2455	   0	83.7	83.7	 633	OK
2456	   0	79.9	79.9	 722	OK
2457	   0	77.2	77.2	 621	OK
2458	   0	81.5	81.5	 681	OK
2459	   0	83.8	83.8	 701	OK
2460	   0	82.4	82.4	 675	OK
2461	   0	80.3	80.3	 569	OK
2462	   0	86.4	86.4	 712	OK
2463	   0	82.5	82.5	 652	OK
2464	   0	87.9	87.9	 637	OK
2465	1000	78.9	78.9	 517	unbonded
2466	   0	79.4	79.4	 697	OK
2467	   0	77.1	77.1	 648	OK
2468	   0	85.4	85.4	 733	OK
2469	   0	81.1	81.1	 639	OK
2470	   0	79.8	79.8	 665	OK
2471	1000	86.1	86.1	 499	unbonded
2472	1000	81.5	81.5	 490	unbonded
2473	1000	85.8	85.8	 499	unbonded
2474	   0	85.0	85.0	 641	OK
2475	1000	83.2	83.2	 518	unbonded
2476	   0	80.8	80.8	 609	OK
2477	   0	76.7	76.7	 702	OK
2478	   0	80.1	80.1	 679	OK
2479	   0	88.4	88.4	 706	OK
2480	   0	83.8	83.8	 587	OK
2481	   0	79.9	79.9	 670	OK
2482	   0	79.2	79.2	 593	OK
2483	   0	78.4	78.4	 616	OK
2484	   0	87.4	87.4	 647	OK
2485	   0	87.7	87.7	 653	OK
2486	4000	82.3	82.3	 826	high noise
2487	   0	87.2	87.2	 636	OK
2488	   0	81.6	81.6	 566	OK
2489	   0	82.5	82.5	 726	OK
2490	   0	82.4	82.4	 735	OK
2491	   0	83.2	83.2	 567	OK
2492	   0	85.9	85.9	 670	OK
2493	   0	78.3	78.3	 681	OK
2494	   0	81.6	81.6	 655	OK
2495	   0	80.4	80.4	 610	OK
2496	1000	92.2	92.2	 537	unbonded
2497	   0	85.5	85.5	 620	OK
2498	   0	79.6	79.6	 740	OK
2499	   0	86.7	86.7	 700	OK
2500	   0	94.1	94.1	 684	OK
2501	   0	88.0	88.0	 571	OK
2502	   0	82.6	82.6	 587	OK
2503	1000	81.5	81.5	 536	unbonded
2504	   0	80.4	80.4	 647	OK
2505	4000	80.0	80.0	 786	high noise
2506	   0	86.9	86.9	 644	OK
2507	1000	83.8	83.8	 476	unbonded
2508	   0	88.3	88.3	 691	OK
2509	   0	77.7	77.7	 715	OK
2510	   0	85.4	85.4	 682	OK
2511	   0	85.0	85.0	 653	OK
2512	   0	91.1	91.1	 642	OK
2513	   0	82.5	82.5	 649	OK
2514	4000	85.7	85.7	 752	high noise
2515	   0	80.8	80.8	 666	OK
2516	   0	82.8	82.8	 575	OK
2517	   0	87.3	87.3	 629	OK
2518	   0	82.8	82.8	 705	OK
2519	   0	84.1	84.1	 668	OK
2520	4000	85.8	85.8	 775	high noise
2521	   0	80.8	80.8	 600	OK
2522	   0	83.5	83.5	 649	OK
2523	   0	88.6	88.6	 654	OK
2524	   0	82.1	82.1	 664	OK
2525	   0	88.5	88.5	 622	OK
2526	   0	82.2	82.2	 648	OK
2527	   0	87.8	87.8	 675	OK
2528	4000	86.6	86.6	 782	high noise
2529	   0	82.5	82.5	 636	OK
2530	   0	83.4	83.4	 717	OK
2531	   0	80.2	80.2	 612	OK
2532	   0	89.2	89.2	 669	OK
2533	   0	79.7	79.7	 644	OK
2534	4000	83.5	83.5	 834	high noise
2535	4000	85.9	85.9	 767	high noise
2536	   0	81.5	81.5	 632	OK
2537	   0	85.2	85.2	 714	OK
2538	   0	80.8	80.8	 547	OK
2539	   0	89.2	89.2	 712	OK
2540	   0	93.1	93.1	 724	OK
2541	   0	88.2	88.2	 624	OK
2542	   0	84.7	84.7	 672	OK
2543	   0	80.9	80.9	 654	OK
2544	   0	84.0	84.0	 661	OK
2545	   0	87.4	87.4	 651	OK
2546	   0	90.1	90.1	 696	OK
2547	1000	81.9	81.9	 527	unbonded
2548	4000	86.3	86.3	 757	high noise
2549	   0	91.7	91.7	 611	OK
2550	   0	81.2	81.2	 578	OK
2551	   0	83.7	83.7	 732	OK
2552	   0	87.4	87.4	 636	OK
2553	   0	88.0	88.0	 655	OK
2554	   0	80.9	80.9	 561	OK
2555	   0	86.7	86.7	 677	OK
2556	4000	82.7	82.7	 774	high noise
2557	   0	84.0	84.0	 717	OK
2558	   0	90.0	90.0	 618	OK
2559	4000	84.7	84.7	 760	high noise
