#chan	code	gain	offset	innse	comment
   0	   0	82.5	82.5	 689	OK
   1	   0	95.6	95.6	 620	OK
   2	   0	84.9	84.9	 543	OK
   3	   0	83.6	83.6	 560	OK
   4	   0	81.8	81.8	 653	OK
   5	   0	90.1	90.1	 697	OK
   6	4000	88.2	88.2	 719	high noise
   7	1000	85.7	85.7	 441	unbonded
   8	   0	92.0	92.0	 558	OK
   9	   0	81.7	81.7	 614	OK
  10	   0	93.8	93.8	 602	OK
  11	   0	87.8	87.8	 652	OK
  12	   0	81.5	81.5	 633	OK
  13	   0	91.1	91.1	 564	OK
  14	8000	85.1	85.1	 541	partbonded
  15	4000	81.7	81.7	 740	high noise
  16	1000	81.8	81.8	 519	unbonded
  17	   0	87.7	87.7	 633	OK
  18	   0	83.0	83.0	 649	OK
  19	   0	82.6	82.6	 590	OK
  20	   0	86.1	86.1	 652	OK
  21	   0	92.1	92.1	 591	OK
  22	   0	85.6	85.6	 619	OK
  23	1000	86.7	86.7	 516	unbonded
  24	4000	83.3	83.3	 732	high noise
  25	   0	83.3	83.3	 601	OK
  26	1000	90.9	90.9	 483	unbonded
  27	   0	88.5	88.5	 555	OK
  28	1000	81.4	81.4	 493	unbonded
  29	   0	84.2	84.2	 635	OK
  30	   0	80.7	80.7	 640	OK
  31	   0	88.1	88.1	 694	OK
  32	   0	86.4	86.4	 657	OK
  33	   0	89.2	89.2	 648	OK
  34	   0	89.6	89.6	 647	OK
  35	   0	84.0	84.0	 565	OK
  36	4000	83.6	83.6	 740	high noise
  37	   0	91.7	91.7	 626	OK
  38	4000	85.3	85.3	 747	high noise
  39	   0	91.1	91.1	 713	OK
  40	   0	79.3	79.3	 563	OK
  41	   0	76.4	76.4	 710	OK
  42	   0	93.3	93.3	 547	OK
  43	   0	81.5	81.5	 587	OK
  44	   0	77.8	77.8	 592	OK
  45	   0	83.1	83.1	 651	OK
  46	   0	86.5	86.5	 626	OK
  47	   0	91.5	91.5	 699	OK
  48	   0	91.6	91.6	 677	OK
  49	   0	80.0	80.0	 612	OK
  50	   0	83.0	83.0	 541	OK
  51	   0	89.2	89.2	 660	OK
  52	   0	86.6	86.6	 668	OK
  53	   0	88.1	88.1	 606	OK
  54	   0	85.1	85.1	 688	OK
  55	   0	86.3	86.3	 697	OK
  56	1000	89.3	89.3	 535	unbonded
  57	   0	90.7	90.7	 634	OK
  58	   0	85.9	85.9	 695	OK
  59	   0	86.3	86.3	 606	OK
  60	   0	92.0	92.0	 679	OK
  61	   0	87.5	87.5	 599	OK
  62	1000	89.4	89.4	 515	unbonded
  63	   0	84.9	84.9	 683	OK
  64	4000	90.8	90.8	 753	high noise
  65	   0	82.4	82.4	 661	OK
  66	1000	92.0	92.0	 382	unbonded
  67	   0	86.0	86.0	 578	OK
  68	   0	87.9	87.9	 625	OK
  69	   0	81.9	81.9	 624	OK
  70	1000	93.2	93.2	 522	unbonded
  71	1000	91.4	91.4	 497	unbonded
  72	   0	79.2	79.2	 607	OK
  73	   0	85.8	85.8	 622	OK
  74	   0	89.2	89.2	 610	OK
  75	   0	90.8	90.8	 565	OK
  76	   0	84.9	84.9	 684	OK
  77	   0	91.9	91.9	 640	OK
  78	1000	82.9	82.9	 540	unbonded
  79	   0	83.8	83.8	 620	OK
  80	   0	82.9	82.9	 560	OK
  81	   0	85.5	85.5	 708	OK
  82	   0	82.1	82.1	 609	OK
  83	   0	96.3	96.3	 574	OK
  84	   0	81.6	81.6	 655	OK
  85	   0	89.2	89.2	 690	OK
  86	   0	80.9	80.9	 671	OK
  87	   0	87.2	87.2	 666	OK
  88	   0	77.1	77.1	 629	OK
  89	   0	84.0	84.0	 652	OK
  90	1000	87.8	87.8	 478	unbonded
  91	   0	83.9	83.9	 625	OK
  92	   0	79.6	79.6	 699	OK
  93	1000	82.5	82.5	 523	unbonded
  94	   0	93.0	93.0	 572	OK
  95	   0	84.6	84.6	 659	OK
  96	   0	84.4	84.4	 648	OK
  97	   0	87.6	87.6	 566	OK
  98	   0	87.1	87.1	 644	OK
  99	   0	84.5	84.5	 577	OK
 100	   0	83.2	83.2	 601	OK
 101	   0	92.0	92.0	 658	OK
 102	   0	94.0	94.0	 595	OK
 103	1000	85.5	85.5	 498	unbonded
 104	   0	94.7	94.7	 681	OK
 105	   0	87.3	87.3	 614	OK
 106	4000	91.2	91.2	 754	high noise
 107	   0	90.7	90.7	 655	OK
 108	   0	80.4	80.4	 689	OK
 109	   0	82.7	82.7	 542	OK
 110	   0	90.9	90.9	 650	OK
 111	   0	99.9	99.9	 617	OK
 112	   0	92.7	92.7	 613	OK
 113	4000	85.7	85.7	 765	high noise
 114	4000	92.4	92.4	 744	high noise
 115	4000	86.4	86.4	 744	high noise
 116	4000	87.4	87.4	 729	high noise
 117	   0	88.0	88.0	 612	OK
 118	   0	86.0	86.0	 614	OK
 119	1000	95.7	95.7	 540	unbonded
 120	   0	79.4	79.4	 617	OK
 121	   0	91.9	91.9	 650	OK
 122	   0	90.8	90.8	 635	OK
 123	   0	87.9	87.9	 568	OK
 124	   0	78.9	78.9	 677	OK
 125	   0	87.0	87.0	 593	OK
 126	1000	89.8	89.8	 500	unbonded
 127	   0	84.0	84.0	 653	OK
 128	   0	76.0	76.0	 625	OK
 129	   0	82.5	82.5	 700	OK
 130	   0	76.6	76.6	 648	OK
 131	   0	78.4	78.4	 764	OK
 132	   0	84.4	84.4	 627	OK
 133	   0	81.8	81.8	 628	OK
 134	   0	77.3	77.3	 630	OK
 135	   0	80.4	80.4	 738	OK
 136	   0	79.0	79.0	 765	OK
 137	   0	75.9	75.9	 756	OK
 138	4000	77.5	77.5	 850	high noise
 139	   0	80.6	80.6	 662	OK
 140	   0	80.0	80.0	 574	OK
 141	   0	78.6	78.6	 697	OK
 142	   0	90.5	90.5	 755	OK
 143	   0	83.6	83.6	 738	OK
 144	   0	86.9	86.9	 638	OK
 145	4000	83.2	83.2	 888	high noise
 146	   0	85.6	85.6	 562	OK
 147	   0	77.5	77.5	 727	OK
 148	   0	78.9	78.9	 672	OK
 149	   0	85.8	85.8	 623	OK
 150	   0	81.2	81.2	 680	OK
 151	   0	82.5	82.5	 784	OK
 152	   0	81.1	81.1	 723	OK
 153	   0	76.1	76.1	 545	OK
 154	   0	79.9	79.9	 660	OK
 155	   0	76.8	76.8	 667	OK
 156	   0	67.8	67.8	 777	OK
 157	   0	85.4	85.4	 713	OK
 158	   0	77.7	77.7	 612	OK
 159	   0	78.5	78.5	 687	OK
 160	   0	80.8	80.8	 656	OK
 161	   0	79.1	79.1	 669	OK
 162	   0	73.8	73.8	 720	OK
 163	   0	73.2	73.2	 722	OK
 164	   0	78.3	78.3	 598	OK
 165	   0	74.0	74.0	 648	OK
 166	   0	85.9	85.9	 620	OK
 167	1000	80.0	80.0	 437	unbonded
 168	   0	86.8	86.8	 714	OK
 169	4000	75.2	75.2	 801	high noise
 170	   0	74.5	74.5	 679	OK
 171	   0	84.8	84.8	 683	OK
 172	   0	78.6	78.6	 733	OK
 173	   0	78.3	78.3	 784	OK
 174	   0	78.5	78.5	 571	OK
 175	4000	77.3	77.3	 870	high noise
 176	4000	80.0	80.0	 810	high noise
 177	   0	79.9	79.9	 697	OK
 178	   0	84.2	84.2	 649	OK
 179	   0	77.0	77.0	 671	OK
 180	   0	77.0	77.0	 745	OK
 181	   0	85.4	85.4	 765	OK
 182	   0	77.7	77.7	 749	OK
 183	   0	76.8	76.8	 690	OK
 184	   0	82.9	82.9	 645	OK
 185	   0	80.2	80.2	 732	OK
 186	   0	85.3	85.3	 572	OK
 187	   0	80.7	80.7	 717	OK
 188	4000	76.7	76.7	 817	high noise
 189	   0	84.6	84.6	 684	OK
 190	1000	85.9	85.9	 465	unbonded
 191	   0	84.6	84.6	 767	OK
 192	4000	80.5	80.5	 818	high noise
 193	   0	77.0	77.0	 780	OK
 194	   0	80.6	80.6	 658	OK
 195	1000	81.6	81.6	 521	unbonded
 196	   0	91.1	91.1	 654	OK
 197	   0	80.0	80.0	 636	OK
 198	   0	81.2	81.2	 762	OK
 199	4000	82.7	82.7	 870	high noise
 200	   0	81.5	81.5	 651	OK
 201	   0	79.0	79.0	 662	OK
 202	   0	86.9	86.9	 578	OK
 203	   0	83.7	83.7	 723	OK
 204	   0	77.1	77.1	 758	OK
 205	   0	81.0	81.0	 565	OK
 206	   0	78.3	78.3	 690	OK
 207	4000	75.3	75.3	 830	high noise
 208	   0	77.1	77.1	 611	OK
 209	   0	72.3	72.3	 780	OK
 210	   0	86.8	86.8	 683	OK
 211	   0	78.3	78.3	 590	OK
 212	   0	81.7	81.7	 613	OK
 213	   0	73.7	73.7	 728	OK
 214	   0	77.9	77.9	 728	OK
 215	   0	77.1	77.1	 773	OK
 216	   0	69.9	69.9	 761	OK
 217	   0	69.7	69.7	 727	OK
 218	   0	76.3	76.3	 686	OK
 219	   0	77.7	77.7	 657	OK
 220	   0	88.9	88.9	 606	OK
 221	   0	69.0	69.0	 713	OK
 222	   0	75.4	75.4	 541	OK
 223	4000	77.5	77.5	 856	high noise
 224	   0	77.4	77.4	 675	OK
 225	4000	76.3	76.3	 798	high noise
 226	   0	77.8	77.8	 615	OK
 227	   0	77.3	77.3	 712	OK
 228	   0	79.9	79.9	 607	OK
 229	   0	81.1	81.1	 598	OK
 230	   0	82.0	82.0	 633	OK
 231	   0	88.6	88.6	 731	OK
 232	4000	75.5	75.5	 856	high noise
 233	1000	78.9	78.9	 480	unbonded
 234	   0	77.5	77.5	 795	OK
 235	   0	79.7	79.7	 778	OK
 236	4000	69.0	69.0	 818	high noise
 237	   0	84.0	84.0	 712	OK
 238	   0	81.5	81.5	 726	OK
 239	   0	78.8	78.8	 715	OK
 240	   0	77.4	77.4	 722	OK
 241	   0	76.8	76.8	 713	OK
 242	   0	76.1	76.1	 703	OK
 243	   0	82.7	82.7	 691	OK
 244	   0	82.0	82.0	 662	OK
 245	   0	81.0	81.0	 669	OK
 246	   0	76.9	76.9	 788	OK
 247	   0	77.1	77.1	 624	OK
 248	   0	73.2	73.2	 722	OK
 249	   0	85.0	85.0	 646	OK
 250	   0	77.9	77.9	 584	OK
 251	   0	72.3	72.3	 762	OK
 252	   0	72.4	72.4	 724	OK
 253	   0	75.4	75.4	 780	OK
 254	1000	76.7	76.7	 531	unbonded
 255	   0	84.3	84.3	 700	OK
 256	   0	76.8	76.8	 713	OK
 257	4000	79.0	79.0	 804	high noise
 258	   0	83.1	83.1	 671	OK
 259	   0	80.6	80.6	 769	OK
 260	   0	80.5	80.5	 643	OK
 261	   0	73.2	73.2	 710	OK
 262	   0	78.5	78.5	 699	OK
 263	   0	84.3	84.3	 596	OK
 264	   0	77.5	77.5	 777	OK
 265	   0	75.0	75.0	 627	OK
 266	   0	83.1	83.1	 657	OK
 267	   0	76.6	76.6	 604	OK
 268	   0	81.2	81.2	 756	OK
 269	   0	82.1	82.1	 704	OK
 270	   0	78.6	78.6	 650	OK
 271	   0	87.1	87.1	 588	OK
 272	   0	83.4	83.4	 717	OK
 273	   0	83.0	83.0	 653	OK
 274	   0	85.5	85.5	 745	OK
 275	1000	83.2	83.2	 492	unbonded
 276	   0	79.6	79.6	 674	OK
 277	   0	81.6	81.6	 594	OK
 278	   0	84.1	84.1	 556	OK
 279	   0	76.3	76.3	 676	OK
 280	   0	85.2	85.2	 588	OK
 281	   0	79.1	79.1	 762	OK
 282	   0	83.8	83.8	 638	OK
 283	   0	80.3	80.3	 628	OK
 284	   0	86.8	86.8	 671	OK
 285	   0	78.8	78.8	 667	OK
 286	   0	67.6	67.6	 712	OK
 287	   0	78.1	78.1	 585	OK
 288	4000	76.8	76.8	 801	high noise
 289	   0	77.3	77.3	 662	OK
 290	   0	71.1	71.1	 631	OK
 291	   0	82.0	82.0	 632	OK
 292	   0	80.9	80.9	 689	OK
 293	   0	79.3	79.3	 692	OK
 294	   0	83.5	83.5	 621	OK
 295	   0	78.0	78.0	 716	OK
 296	   0	81.2	81.2	 705	OK
 297	   0	76.9	76.9	 661	OK
 298	   0	77.9	77.9	 614	OK
 299	4000	79.4	79.4	 849	high noise
 300	   0	77.4	77.4	 612	OK
 301	   0	84.0	84.0	 679	OK
 302	1000	84.2	84.2	 518	unbonded
 303	   0	78.0	78.0	 744	OK
 304	   0	79.2	79.2	 684	OK
 305	   0	88.5	88.5	 660	OK
 306	   0	81.8	81.8	 736	OK
 307	   0	78.8	78.8	 678	OK
 308	4000	75.2	75.2	 910	high noise
 309	   0	80.8	80.8	 721	OK
 310	   0	89.2	89.2	 679	OK
 311	   0	79.4	79.4	 693	OK
 312	   0	75.3	75.3	 636	OK
 313	   0	79.8	79.8	 554	OK
 314	   0	73.1	73.1	 694	OK
 315	   0	78.9	78.9	 672	OK
 316	   0	81.9	81.9	 607	OK
 317	   0	85.7	85.7	 746	OK
 318	   0	80.2	80.2	 738	OK
 319	   0	83.3	83.3	 658	OK
 320	   0	79.2	79.2	 614	OK
 321	   0	80.1	80.1	 713	OK
 322	4000	79.7	79.7	 800	high noise
 323	   0	78.0	78.0	 714	OK
 324	4000	78.9	78.9	 793	high noise
 325	4000	71.5	71.5	 795	high noise
 326	   0	84.9	84.9	 626	OK
 327	   0	79.5	79.5	 678	OK
 328	4000	72.8	72.8	 805	high noise
 329	4000	74.7	74.7	 850	high noise
 330	   0	79.5	79.5	 711	OK
 331	   0	82.0	82.0	 636	OK
 332	   0	75.4	75.4	 660	OK
 333	   0	75.0	75.0	 723	OK
 334	   0	93.7	93.7	 587	OK
 335	   0	77.1	77.1	 693	OK
 336	   0	83.4	83.4	 655	OK
 337	   0	77.6	77.6	 624	OK
 338	1000	78.0	78.0	 532	unbonded
 339	   0	81.0	81.0	 689	OK
 340	   0	72.0	72.0	 616	OK
 341	   0	86.9	86.9	 642	OK
 342	   0	76.0	76.0	 717	OK
 343	   0	76.1	76.1	 681	OK
 344	   0	77.4	77.4	 721	OK
 345	   0	86.6	86.6	 622	OK
 346	   0	83.9	83.9	 709	OK
 347	4000	80.4	80.4	 827	high noise
 348	   0	80.7	80.7	 576	OK
 349	   0	81.0	81.0	 685	OK
 350	4000	79.2	79.2	 795	high noise
 351	   0	77.2	77.2	 628	OK
 352	   0	82.4	82.4	 589	OK
 353	   0	74.1	74.1	 676	OK
 354	4000	77.9	77.9	 823	high noise
 355	   0	80.5	80.5	 685	OK
 356	   0	79.8	79.8	 569	OK
 357	4000	72.7	72.7	 829	high noise
 358	   0	75.2	75.2	 640	OK
 359	   0	73.5	73.5	 720	OK
 360	   0	81.5	81.5	 599	OK
 361	   0	77.1	77.1	 745	OK
 362	   0	75.4	75.4	 700	OK
 363	   0	83.1	83.1	 707	OK
 364	   0	79.7	79.7	 703	OK
 365	   0	78.3	78.3	 735	OK
 366	   0	74.7	74.7	 712	OK
 367	1000	78.4	78.4	 534	unbonded
 368	   0	80.6	80.6	 701	OK
 369	   0	77.4	77.4	 642	OK
 370	4000	81.6	81.6	 805	high noise
 371	   0	77.2	77.2	 746	OK
 372	   0	83.5	83.5	 726	OK
 373	   0	77.9	77.9	 688	OK
 374	   0	77.0	77.0	 663	OK
 375	   0	80.1	80.1	 595	OK
 376	   0	73.4	73.4	 581	OK
 377	   0	70.8	70.8	 721	OK
 378	1000	81.2	81.2	 515	unbonded
 379	   0	72.8	72.8	 675	OK
 380	   0	75.8	75.8	 565	OK
 381	   0	80.8	80.8	 696	OK
 382	4000	79.6	79.6	 818	high noise
 383	   0	74.5	74.5	 735	OK
 384	   0	88.3	88.3	 665	OK
 385	   0	90.3	90.3	 595	OK
 386	   0	87.4	87.4	 610	OK
 387	   0	93.0	93.0	 557	OK
 388	   0	91.7	91.7	 643	OK
 389	   0	97.4	97.4	 554	OK
 390	   0	87.7	87.7	 566	OK
 391	1000	88.9	88.9	 502	unbonded
 392	4000	85.2	85.2	 705	high noise
 393	1000	91.3	91.3	 490	unbonded
 394	   0	86.8	86.8	 606	OK
 395	   0	82.9	82.9	 589	OK
 396	1000	90.0	90.0	 479	unbonded
 397	1000	89.5	89.5	 509	unbonded
 398	   0	89.3	89.3	 598	OK
 399	   0	90.6	90.6	 650	OK
 400	   0	92.8	92.8	 608	OK
 401	   0	94.5	94.5	 573	OK
 402	   0	85.9	85.9	 681	OK
 403	   0	84.3	84.3	 603	OK
 404	   0	84.3	84.3	 629	OK
 405	   0	87.3	87.3	 570	OK
 406	4000	82.1	82.1	 693	high noise
 407	   0	91.8	91.8	 622	OK
 408	   0	86.0	86.0	 561	OK
 409	   0	80.8	80.8	 590	OK
 410	   0	97.0	97.0	 572	OK
 411	   0	90.7	90.7	 620	OK
 412	   0	86.0	86.0	 667	OK
 413	1000	96.1	96.1	 517	unbonded
 414	   0	84.7	84.7	 652	OK
 415	1000	88.9	88.9	 482	unbonded
 416	   0	95.6	95.6	 585	OK
 417	4000	84.3	84.3	 775	high noise
 418	   0	92.7	92.7	 670	OK
 419	1000	86.8	86.8	 497	unbonded
 420	   0	76.5	76.5	 657	OK
 421	4000	95.9	95.9	 714	high noise
 422	   0	91.4	91.4	 617	OK
 423	1000	82.8	82.8	 525	unbonded
 424	4000	90.6	90.6	 697	high noise
 425	   0	83.7	83.7	 670	OK
 426	1000	88.0	88.0	 330	unbonded
 427	1000	94.0	94.0	 536	unbonded
 428	   0	89.0	89.0	 556	OK
 429	1000	92.8	92.8	 472	unbonded
 430	1000	91.1	91.1	 513	unbonded
 431	4000	90.6	90.6	 709	high noise
 432	   0	89.6	89.6	 567	OK
 433	   0	88.4	88.4	 631	OK
 434	1000	90.7	90.7	 466	unbonded
 435	1000	85.9	85.9	 475	unbonded
 436	   0	89.3	89.3	 551	OK
 437	   0	86.5	86.5	 615	OK
 438	4000	85.9	85.9	 684	high noise
 439	1000	91.7	91.7	 500	unbonded
 440	1000	84.9	84.9	 434	unbonded
 441	   0	90.5	90.5	 675	OK
 442	4000	88.8	88.8	 708	high noise
 443	1000	92.1	92.1	 510	unbonded
 444	   0	98.1	98.1	 559	OK
 445	   0	94.8	94.8	 614	OK
 446	   0	96.6	96.6	 610	OK
 447	4000	91.6	91.6	 718	high noise
 448	   0	88.0	88.0	 661	OK
 449	   0	89.1	89.1	 621	OK
 450	1000	87.4	87.4	 455	unbonded
 451	   0	89.1	89.1	 632	OK
 452	   0	82.3	82.3	 595	OK
 453	   0	90.7	90.7	 562	OK
 454	   0	87.1	87.1	 557	OK
 455	   0	89.0	89.0	 623	OK
 456	   0	90.4	90.4	 589	OK
 457	   0	92.4	92.4	 668	OK
 458	1000	91.8	91.8	 499	unbonded
 459	   0	86.4	86.4	 664	OK
 460	4000	87.3	87.3	 700	high noise
 461	1000	88.0	88.0	 521	unbonded
 462	4000	83.7	83.7	 684	high noise
 463	   0	93.7	93.7	 649	OK
 464	   0	96.1	96.1	 579	OK
 465	   0	88.0	88.0	 597	OK
 466	1000	100.7	100.7	 477	unbonded
 467	   0	85.6	85.6	 545	OK
 468	4000	91.0	91.0	 684	high noise
 469	   0	81.4	81.4	 675	OK
 470	   0	92.8	92.8	 590	OK
 471	   0	87.4	87.4	 634	OK
 472	   0	86.4	86.4	 583	OK
 473	   0	85.8	85.8	 640	OK
 474	   0	84.0	84.0	 656	OK
 475	   0	87.9	87.9	 580	OK
 476	1000	90.1	90.1	 507	unbonded
 477	   0	86.3	86.3	 639	OK
 478	   0	92.2	92.2	 651	OK
 479	   0	84.6	84.6	 581	OK
 480	   0	83.2	83.2	 637	OK
 481	   0	80.6	80.6	 642	OK
 482	   0	94.6	94.6	 614	OK
 483	   0	84.1	84.1	 664	OK
 484	1000	87.5	87.5	 518	unbonded
 485	   0	88.9	88.9	 635	OK
 486	4000	80.8	80.8	 738	high noise
 487	1000	86.9	86.9	 539	unbonded
 488	4000	82.4	82.4	 700	high noise
 489	   0	88.9	88.9	 551	OK
 490	1000	88.8	88.8	 537	unbonded
 491	1000	90.5	90.5	 540	unbonded
 492	   0	85.1	85.1	 575	OK
 493	   0	86.2	86.2	 617	OK
 494	1000	87.7	87.7	 527	unbonded
 495	1000	89.5	89.5	 459	unbonded
 496	   0	89.8	89.8	 581	OK
 497	   0	86.4	86.4	 563	OK
 498	   0	93.2	93.2	 582	OK
 499	   0	88.8	88.8	 582	OK
 500	   0	84.0	84.0	 555	OK
 501	   0	92.8	92.8	 659	OK
 502	   0	84.1	84.1	 563	OK
 503	   0	88.4	88.4	 615	OK
 504	   0	81.9	81.9	 563	OK
 505	   0	88.5	88.5	 568	OK
 506	   0	81.1	81.1	 595	OK
 507	   0	91.8	91.8	 621	OK
 508	   0	86.1	86.1	 595	OK
 509	   0	93.1	93.1	 573	OK
 510	   0	84.6	84.6	 553	OK
 511	   0	86.5	86.5	 614	OK
 512	1000	83.8	83.8	 539	unbonded
 513	1000	76.9	76.9	 513	unbonded
 514	   0	81.4	81.4	 628	OK
 515	   0	88.9	88.9	 620	OK
 516	   0	101.3	101.3	 621	OK
 517	   0	91.5	91.5	 594	OK
 518	   0	87.2	87.2	 578	OK
 519	1000	93.8	93.8	 466	unbonded
 520	   0	87.6	87.6	 624	OK
 521	   0	87.5	87.5	 614	OK
 522	   0	90.9	90.9	 568	OK
 523	   0	86.6	86.6	 562	OK
 524	1000	93.6	93.6	 519	unbonded
 525	   0	83.2	83.2	 639	OK
 526	   0	86.3	86.3	 656	OK
 527	1000	90.8	90.8	 479	unbonded
 528	   0	92.0	92.0	 641	OK
 529	   0	82.2	82.2	 675	OK
 530	1000	93.1	93.1	 469	unbonded
 531	   0	94.6	94.6	 601	OK
 532	4000	96.7	96.7	 690	high noise
 533	   0	87.8	87.8	 602	OK
 534	   0	87.3	87.3	 600	OK
 535	   0	81.8	81.8	 578	OK
 536	   0	90.8	90.8	 563	OK
 537	   0	91.3	91.3	 573	OK
 538	1000	96.5	96.5	 534	unbonded
 539	   0	86.2	86.2	 554	OK
 540	1000	85.2	85.2	 526	unbonded
 541	   0	100.6	100.6	 547	OK
 542	1000	89.5	89.5	 476	unbonded
 543	   0	101.4	101.4	 602	OK
 544	1000	85.2	85.2	 491	unbonded
 545	   0	85.8	85.8	 646	OK
 546	   0	87.7	87.7	 556	OK
 547	4000	94.5	94.5	 703	high noise
 548	1000	95.4	95.4	 537	unbonded
 549	   0	86.8	86.8	 668	OK
 550	   0	93.7	93.7	 584	OK
 551	   0	90.4	90.4	 587	OK
 552	   0	84.3	84.3	 626	OK
 553	4000	94.6	94.6	 712	high noise
 554	4000	94.7	94.7	 696	high noise
 555	   0	89.1	89.1	 668	OK
 556	1000	86.3	86.3	 524	unbonded
 557	   0	85.9	85.9	 560	OK
 558	   0	89.5	89.5	 632	OK
 559	   0	94.9	94.9	 625	OK
 560	   0	88.0	88.0	 606	OK
 561	4000	82.7	82.7	 756	high noise
 562	   0	90.8	90.8	 597	OK
 563	4000	82.4	82.4	 690	high noise
 564	   0	92.9	92.9	 564	OK
 565	4000	91.4	91.4	 737	high noise
 566	   0	94.6	94.6	 640	OK
 567	   0	92.1	92.1	 632	OK
 568	4000	85.3	85.3	 749	high noise
 569	1000	104.3	104.3	 450	unbonded
 570	   0	93.1	93.1	 650	OK
 571	   0	86.7	86.7	 685	OK
 572	   0	89.3	89.3	 610	OK
 573	   0	91.8	91.8	 594	OK
 574	   0	98.3	98.3	 574	OK
 575	   0	90.8	90.8	 673	OK
 576	4000	96.1	96.1	 740	high noise
 577	   0	95.3	95.3	 618	OK
 578	   0	87.7	87.7	 606	OK
 579	1000	88.7	88.7	 526	unbonded
 580	   0	89.5	89.5	 687	OK
 581	   0	93.7	93.7	 620	OK
 582	   0	85.5	85.5	 661	OK
 583	   0	92.9	92.9	 616	OK
 584	   0	85.0	85.0	 621	OK
 585	   0	90.1	90.1	 570	OK
 586	   0	82.1	82.1	 687	OK
 587	1000	85.2	85.2	 380	unbonded
 588	   0	92.0	92.0	 643	OK
 589	   0	86.2	86.2	 650	OK
 590	4000	82.2	82.2	 762	high noise
 591	   0	88.4	88.4	 680	OK
 592	4000	92.5	92.5	 691	high noise
 593	   0	94.9	94.9	 581	OK
 594	   0	92.2	92.2	 633	OK
 595	   0	92.0	92.0	 628	OK
 596	   0	88.8	88.8	 571	OK
 597	   0	99.2	99.2	 591	OK
 598	   0	90.1	90.1	 566	OK
 599	   0	91.7	91.7	 648	OK
 600	4000	83.7	83.7	 719	high noise
 601	   0	93.7	93.7	 585	OK
 602	4000	91.4	91.4	 698	high noise
 603	   0	93.1	93.1	 630	OK
 604	4000	85.5	85.5	 701	high noise
 605	1000	81.5	81.5	 533	unbonded
 606	1000	79.0	79.0	 503	unbonded
 607	   0	87.9	87.9	 595	OK
 608	   0	94.4	94.4	 600	OK
 609	   0	86.2	86.2	 577	OK
 610	1000	88.4	88.4	 492	unbonded
 611	4000	74.3	74.3	 704	high noise
 612	1000	90.6	90.6	 499	unbonded
 613	   0	90.5	90.5	 628	OK
 614	   0	91.0	91.0	 674	OK
 615	1000	94.2	94.2	 493	unbonded
 616	   0	92.1	92.1	 547	OK
 617	1000	92.6	92.6	 463	unbonded
 618	   0	82.0	82.0	 631	OK
 619	1000	94.7	94.7	 424	unbonded
 620	   0	88.0	88.0	 606	OK
 621	1000	94.0	94.0	 529	unbonded
 622	1000	93.1	93.1	 510	unbonded
 623	1000	87.3	87.3	 485	unbonded
 624	   0	90.3	90.3	 566	OK
 625	   0	84.7	84.7	 667	OK
 626	1000	85.2	85.2	 502	unbonded
 627	   0	90.2	90.2	 679	OK
 628	   0	89.0	89.0	 596	OK
 629	   0	91.3	91.3	 604	OK
 630	1000	78.9	78.9	 514	unbonded
 631	   0	91.2	91.2	 587	OK
 632	1000	90.1	90.1	 513	unbonded
 633	   0	87.2	87.2	 625	OK
 634	   0	88.8	88.8	 632	OK
 635	   0	90.6	90.6	 615	OK
 636	1000	80.8	80.8	 480	unbonded
 637	1000	85.3	85.3	 533	unbonded
 638	4000	78.3	78.3	 703	high noise
 639	1000	90.4	90.4	 520	unbonded
 640	   0	80.9	80.9	 663	OK
 641	   0	84.4	84.4	 597	OK
 642	   0	84.4	84.4	 659	OK
 643	   0	79.2	79.2	 672	OK
 644	   0	88.4	88.4	 607	OK
 645	   0	82.1	82.1	 738	OK
 646	   0	82.7	82.7	 589	OK
 647	4000	83.5	83.5	 741	high noise
 648	1000	83.0	83.0	 511	unbonded
 649	4000	83.8	83.8	 748	high noise
 650	   0	85.8	85.8	 726	OK
 651	   0	80.0	80.0	 571	OK
 652	   0	74.1	74.1	 612	OK
 653	   0	82.8	82.8	 599	OK
 654	   0	79.3	79.3	 548	OK
 655	   0	85.0	85.0	 669	OK
 656	   0	90.0	90.0	 637	OK
 657	   0	90.4	90.4	 631	OK
 658	   0	82.1	82.1	 635	OK
 659	   0	79.6	79.6	 564	OK
 660	   0	86.1	86.1	 605	OK
 661	   0	78.4	78.4	 696	OK
 662	   0	78.6	78.6	 592	OK
 663	   0	90.5	90.5	 545	OK
 664	   0	83.0	83.0	 667	OK
 665	   0	83.4	83.4	 615	OK
 666	   0	89.6	89.6	 611	OK
 667	   0	83.7	83.7	 595	OK
 668	1000	84.3	84.3	 538	unbonded
 669	   0	81.6	81.6	 678	OK
 670	   0	89.2	89.2	 648	OK
 671	4000	85.1	85.1	 831	high noise
 672	   0	79.3	79.3	 571	OK
 673	   0	77.9	77.9	 587	OK
 674	   0	90.0	90.0	 583	OK
 675	   0	85.2	85.2	 649	OK
 676	   0	87.4	87.4	 600	OK
 677	4000	82.3	82.3	 780	high noise
 678	   0	75.4	75.4	 679	OK
 679	4000	82.8	82.8	 750	high noise
 680	   0	95.2	95.2	 551	OK
 681	   0	84.8	84.8	 682	OK
 682	   0	85.8	85.8	 582	OK
 683	   0	92.9	92.9	 569	OK
 684	   0	81.0	81.0	 674	OK
 685	4000	87.7	87.7	 784	high noise
 686	   0	82.9	82.9	 548	OK
 687	   0	79.6	79.6	 632	OK
 688	4000	83.7	83.7	 820	high noise
 689	   0	88.1	88.1	 656	OK
 690	   0	91.4	91.4	 635	OK
 691	   0	90.1	90.1	 701	OK
 692	4000	85.3	85.3	 750	high noise
 693	   0	80.8	80.8	 624	OK
 694	1000	82.4	82.4	 527	unbonded
 695	   0	84.2	84.2	 668	OK
 696	   0	79.5	79.5	 665	OK
 697	   0	86.4	86.4	 715	OK
 698	   0	85.8	85.8	 687	OK
 699	   0	82.8	82.8	 622	OK
 700	   0	85.8	85.8	 551	OK
 701	   0	82.2	82.2	 623	OK
 702	   0	85.6	85.6	 596	OK
 703	   0	77.0	77.0	 691	OK
 704	   0	86.7	86.7	 705	OK
 705	   0	84.1	84.1	 702	OK
 706	   0	84.7	84.7	 637	OK
 707	1000	80.5	80.5	 530	unbonded
 708	   0	82.0	82.0	 713	OK
 709	   0	88.9	88.9	 569	OK
 710	   0	82.8	82.8	 654	OK
 711	   0	86.5	86.5	 643	OK
 712	   0	84.2	84.2	 621	OK
 713	   0	81.4	81.4	 688	OK
 714	   0	79.8	79.8	 635	OK
 715	   0	82.6	82.6	 625	OK
 716	4000	76.6	76.6	 767	high noise
 717	   0	84.1	84.1	 687	OK
 718	1000	84.0	84.0	 538	unbonded
 719	   0	84.2	84.2	 583	OK
 720	   0	79.7	79.7	 639	OK
 721	   0	78.5	78.5	 691	OK
 722	   0	81.9	81.9	 555	OK
 723	   0	81.6	81.6	 594	OK
 724	   0	77.2	77.2	 592	OK
 725	   0	84.4	84.4	 695	OK
 726	   0	75.6	75.6	 565	OK
 727	4000	77.3	77.3	 741	high noise
 728	   0	77.9	77.9	 588	OK
 729	   0	88.7	88.7	 694	OK
 730	   0	82.9	82.9	 561	OK
 731	   0	71.7	71.7	 612	OK
 732	1000	82.9	82.9	 509	unbonded
 733	   0	81.7	81.7	 635	OK
 734	   0	80.0	80.0	 736	OK
 735	   0	83.1	83.1	 617	OK
 736	1000	79.2	79.2	 453	unbonded
 737	   0	78.5	78.5	 691	OK
 738	   0	79.8	79.8	 697	OK
 739	4000	75.3	75.3	 802	high noise
 740	   0	84.8	84.8	 596	OK
 741	   0	80.4	80.4	 680	OK
 742	   0	78.4	78.4	 657	OK
 743	   0	76.8	76.8	 667	OK
 744	   0	74.6	74.6	 711	OK
 745	   0	70.5	70.5	 699	OK
 746	   0	79.9	79.9	 635	OK
 747	4000	79.1	79.1	 757	high noise
 748	   0	79.5	79.5	 560	OK
 749	   0	73.5	73.5	 585	OK
 750	   0	84.2	84.2	 630	OK
 751	   0	83.3	83.3	 566	OK
 752	   0	84.9	84.9	 718	OK
 753	   0	80.8	80.8	 650	OK
 754	   0	81.9	81.9	 648	OK
 755	4000	75.3	75.3	 753	high noise
 756	   0	76.4	76.4	 635	OK
 757	   0	78.6	78.6	 698	OK
 758	   0	77.1	77.1	 590	OK
 759	   0	81.1	81.1	 611	OK
 760	4000	71.6	71.6	 787	high noise
 761	   0	75.4	75.4	 645	OK
 762	   0	81.5	81.5	 681	OK
 763	   0	75.4	75.4	 616	OK
 764	   0	82.2	82.2	 606	OK
 765	   0	78.8	78.8	 590	OK
 766	   0	74.8	74.8	 647	OK
 767	   0	78.5	78.5	 662	OK
 768	   0	94.5	94.5	 595	OK
 769	   0	95.0	95.0	 566	OK
 770	   0	97.6	97.6	 728	OK
 771	1000	90.1	90.1	 525	unbonded
 772	   0	92.4	92.4	 694	OK
 773	   0	87.1	87.1	 621	OK
 774	   0	98.5	98.5	 611	OK
 775	   0	84.3	84.3	 599	OK
 776	   0	85.9	85.9	 654	OK
 777	   0	93.3	93.3	 608	OK
 778	   0	95.0	95.0	 602	OK
 779	   0	87.5	87.5	 689	OK
 780	   0	89.2	89.2	 640	OK
 781	   0	94.1	94.1	 673	OK
 782	   0	89.5	89.5	 589	OK
 783	   0	93.8	93.8	 698	OK
 784	1000	93.9	93.9	 423	unbonded
 785	4000	80.2	80.2	 817	high noise
 786	   0	87.1	87.1	 598	OK
 787	   0	80.9	80.9	 727	OK
 788	   0	88.8	88.8	 680	OK
 789	   0	88.0	88.0	 643	OK
 790	1000	92.1	92.1	 539	unbonded
 791	   0	82.7	82.7	 658	OK
 792	   0	84.3	84.3	 656	OK
 793	   0	85.3	85.3	 747	OK
 794	   0	84.9	84.9	 714	OK
 795	   0	82.3	82.3	 548	OK
 796	   0	85.8	85.8	 648	OK
 797	   0	95.0	95.0	 542	OK
 798	   0	85.2	85.2	 631	OK
 799	   0	92.0	92.0	 681	OK
 800	4000	90.4	90.4	 806	high noise
 801	   0	88.2	88.2	 724	OK
 802	   0	88.6	88.6	 651	OK
 803	4000	90.1	90.1	 763	high noise
 804	   0	89.7	89.7	 667	OK
 805	   0	90.1	90.1	 568	OK
 806	   0	88.7	88.7	 561	OK
 807	   0	83.5	83.5	 609	OK
 808	   0	91.8	91.8	 674	OK
 809	1000	92.5	92.5	 539	unbonded
 810	   0	82.0	82.0	 612	OK
 811	   0	85.1	85.1	 682	OK
 812	   0	82.3	82.3	 561	OK
 813	   0	86.2	86.2	 679	OK
 814	   0	87.9	87.9	 633	OK
 815	   0	93.2	93.2	 565	OK
 816	   0	93.7	93.7	 618	OK
 817	   0	95.3	95.3	 638	OK
 818	   0	88.3	88.3	 641	OK
 819	4000	91.1	91.1	 794	high noise
 820	   0	92.4	92.4	 667	OK
 821	   0	92.0	92.0	 554	OK
 822	   0	87.4	87.4	 591	OK
 823	1000	87.7	87.7	 504	unbonded
 824	   0	86.4	86.4	 657	OK
 825	4000	90.7	90.7	 752	high noise
 826	   0	91.0	91.0	 615	OK
 827	   0	89.5	89.5	 604	OK
 828	1000	90.0	90.0	 526	unbonded
 829	   0	95.4	95.4	 639	OK
 830	   0	93.7	93.7	 542	OK
 831	   0	96.3	96.3	 596	OK
 832	   0	85.9	85.9	 648	OK
 833	   0	86.5	86.5	 700	OK
 834	   0	87.6	87.6	 565	OK
 835	   0	93.6	93.6	 601	OK
 836	   0	85.0	85.0	 585	OK
 837	4000	89.1	89.1	 815	high noise
 838	1000	82.7	82.7	 537	unbonded
 839	   0	83.9	83.9	 587	OK
 840	   0	97.5	97.5	 703	OK
 841	   0	89.2	89.2	 668	OK
 842	4000	86.5	86.5	 811	high noise
 843	4000	81.5	81.5	 767	high noise
 844	   0	84.8	84.8	 637	OK
 845	   0	83.5	83.5	 664	OK
 846	4000	83.0	83.0	 799	high noise
 847	   0	83.3	83.3	 680	OK
 848	   0	83.7	83.7	 730	OK
 849	   0	84.6	84.6	 687	OK
 850	   0	82.0	82.0	 716	OK
 851	   0	79.3	79.3	 650	OK
 852	   0	78.5	78.5	 632	OK
 853	4000	78.4	78.4	 799	high noise
 854	   0	80.9	80.9	 699	OK
 855	   0	83.2	83.2	 610	OK
 856	1000	89.9	89.9	 424	unbonded
 857	4000	87.5	87.5	 777	high noise
 858	4000	81.7	81.7	 758	high noise
 859	   0	88.5	88.5	 699	OK
 860	   0	81.7	81.7	 700	OK
 861	4000	82.3	82.3	 758	high noise
 862	   0	79.0	79.0	 641	OK
 863	   0	85.9	85.9	 717	OK
 864	4000	87.0	87.0	 788	high noise
 865	   0	86.1	86.1	 705	OK
 866	   0	84.7	84.7	 658	OK
 867	   0	85.1	85.1	 596	OK
 868	   0	85.5	85.5	 715	OK
 869	4000	82.2	82.2	 798	high noise
 870	   0	79.5	79.5	 705	OK
 871	   0	83.1	83.1	 681	OK
 872	   0	84.6	84.6	 582	OK
 873	   0	85.3	85.3	 647	OK
 874	   0	81.8	81.8	 711	OK
 875	   0	82.3	82.3	 640	OK
 876	   0	81.8	81.8	 566	OK
 877	4000	79.9	79.9	 845	high noise
 878	   0	90.4	90.4	 718	OK
 879	4000	82.5	82.5	 780	high noise
 880	   0	78.2	78.2	 694	OK
 881	   0	85.0	85.0	 552	OK
 882	4000	87.9	87.9	 763	high noise
 883	   0	74.3	74.3	 677	OK
 884	   0	82.4	82.4	 711	OK
 885	   0	88.6	88.6	 581	OK
 886	   0	92.8	92.8	 694	OK
 887	1000	87.3	87.3	 525	unbonded
 888	   0	84.2	84.2	 676	OK
 889	   0	81.2	81.2	 595	OK
 890	   0	83.5	83.5	 635	OK
 891	   0	77.9	77.9	 567	OK
 892	   0	86.3	86.3	 643	OK
 893	   0	86.2	86.2	 601	OK
 894	   0	74.0	74.0	 665	OK
 895	   0	86.4	86.4	 594	OK
 896	   0	86.5	86.5	 598	OK
 897	   0	90.1	90.1	 651	OK
 898	   0	94.0	94.0	 706	OK
 899	   0	83.2	83.2	 584	OK
 900	   0	84.1	84.1	 564	OK
 901	1000	85.6	85.6	 525	unbonded
 902	   0	82.1	82.1	 672	OK
 903	   0	89.6	89.6	 581	OK
 904	   0	87.9	87.9	 655	OK
 905	   0	80.9	80.9	 664	OK
 906	1000	84.5	84.5	 507	unbonded
 907	   0	80.7	80.7	 656	OK
 908	   0	89.4	89.4	 617	OK
 909	   0	86.3	86.3	 585	OK
 910	   0	81.8	81.8	 604	OK
 911	   0	86.8	86.8	 697	OK
 912	   0	82.2	82.2	 678	OK
 913	   0	85.3	85.3	 547	OK
 914	   0	95.5	95.5	 580	OK
 915	4000	84.9	84.9	 733	high noise
 916	4000	79.1	79.1	 774	high noise
 917	4000	81.4	81.4	 734	high noise
 918	   0	79.4	79.4	 608	OK
 919	   0	84.2	84.2	 616	OK
 920	1000	82.2	82.2	 478	unbonded
 921	   0	78.1	78.1	 629	OK
 922	   0	83.7	83.7	 571	OK
 923	   0	82.1	82.1	 669	OK
 924	4000	94.2	94.2	 784	high noise
 925	   0	78.8	78.8	 551	OK
 926	   0	81.3	81.3	 654	OK
 927	   0	90.7	90.7	 591	OK
 928	   0	83.6	83.6	 572	OK
 929	1000	80.5	80.5	 477	unbonded
 930	   0	77.8	77.8	 586	OK
 931	   0	78.5	78.5	 600	OK
 932	   0	84.7	84.7	 653	OK
 933	4000	87.5	87.5	 777	high noise
 934	   0	84.7	84.7	 682	OK
 935	   0	82.7	82.7	 582	OK
 936	1000	87.8	87.8	 506	unbonded
 937	   0	84.0	84.0	 716	OK
 938	   0	85.9	85.9	 581	OK
 939	   0	84.8	84.8	 714	OK
 940	   0	87.5	87.5	 562	OK
 941	   0	82.5	82.5	 643	OK
 942	   0	80.3	80.3	 577	OK
 943	   0	81.3	81.3	 544	OK
 944	   0	97.8	97.8	 628	OK
 945	   0	86.5	86.5	 588	OK
 946	   0	86.3	86.3	 561	OK
 947	   0	82.8	82.8	 625	OK
 948	   0	90.3	90.3	 547	OK
 949	4000	83.5	83.5	 731	high noise
 950	   0	86.2	86.2	 658	OK
 951	   0	82.6	82.6	 646	OK
 952	   0	87.3	87.3	 697	OK
 953	   0	96.1	96.1	 689	OK
 954	   0	95.1	95.1	 555	OK
 955	   0	84.1	84.1	 679	OK
 956	4000	92.9	92.9	 736	high noise
 957	   0	81.6	81.6	 571	OK
 958	1000	92.2	92.2	 468	unbonded
 959	   0	85.0	85.0	 653	OK
 960	   0	78.3	78.3	 636	OK
 961	   0	81.9	81.9	 685	OK
 962	   0	85.4	85.4	 598	OK
 963	   0	94.7	94.7	 567	OK
 964	   0	86.1	86.1	 572	OK
 965	   0	80.4	80.4	 702	OK
 966	   0	86.5	86.5	 646	OK
 967	   0	93.1	93.1	 687	OK
 968	   0	89.1	89.1	 579	OK
 969	   0	87.8	87.8	 671	OK
 970	   0	85.7	85.7	 638	OK
 971	   0	91.8	91.8	 666	OK
 972	4000	86.3	86.3	 733	high noise
 973	   0	85.7	85.7	 669	OK
 974	   0	85.5	85.5	 562	OK
 975	   0	86.0	86.0	 606	OK
 976	   0	81.5	81.5	 678	OK
 977	   0	93.0	93.0	 609	OK
 978	4000	84.6	84.6	 740	high noise
 979	   0	88.3	88.3	 552	OK
 980	   0	90.0	90.0	 593	OK
 981	1000	89.8	89.8	 499	unbonded
 982	   0	82.7	82.7	 678	OK
 983	   0	85.0	85.0	 606	OK
 984	   0	81.8	81.8	 672	OK
 985	   0	84.5	84.5	 594	OK
 986	   0	82.1	82.1	 594	OK
 987	4000	86.0	86.0	 793	high noise
 988	   0	85.5	85.5	 645	OK
 989	   0	86.9	86.9	 607	OK
 990	1000	80.0	80.0	 535	unbonded
 991	   0	80.9	80.9	 563	OK
 992	   0	85.5	85.5	 713	OK
 993	1000	86.9	86.9	 472	unbonded
 994	   0	90.9	90.9	 606	OK
 995	   0	80.0	80.0	 666	OK
 996	1000	88.7	88.7	 407	unbonded
 997	   0	87.5	87.5	 547	OK
 998	   0	82.9	82.9	 559	OK
 999	   0	85.4	85.4	 552	OK
1000	1000	86.7	86.7	 433	unbonded
1001	   0	83.8	83.8	 646	OK
1002	   0	86.5	86.5	 701	OK
1003	   0	83.9	83.9	 615	OK
1004	1000	80.1	80.1	 527	unbonded
1005	4000	86.8	86.8	 726	high noise
1006	   0	86.3	86.3	 596	OK
1007	   0	85.3	85.3	 584	OK
1008	   0	83.2	83.2	 704	OK
1009	   0	80.9	80.9	 599	OK
1010	   0	82.5	82.5	 616	OK
1011	4000	81.1	81.1	 749	high noise
1012	   0	76.9	76.9	 624	OK
1013	   0	81.6	81.6	 691	OK
1014	   0	90.4	90.4	 586	OK
1015	8000	79.1	79.1	 541	partbonded
1016	   0	81.4	81.4	 669	OK
1017	   0	93.1	93.1	 576	OK
1018	   0	80.9	80.9	 653	OK
1019	   0	84.8	84.8	 653	OK
1020	   0	78.4	78.4	 687	OK
1021	4000	88.1	88.1	 735	high noise
1022	   0	80.0	80.0	 553	OK
1023	4000	84.6	84.6	 742	high noise
1024	   0	80.9	80.9	 647	OK
1025	4000	79.8	79.8	 798	high noise
1026	   0	78.1	78.1	 624	OK
1027	   0	78.3	78.3	 718	OK
1028	   0	74.4	74.4	 686	OK
1029	   0	77.8	77.8	 738	OK
1030	   0	80.1	80.1	 627	OK
1031	   0	79.7	79.7	 693	OK
1032	   0	83.3	83.3	 725	OK
1033	   0	82.8	82.8	 759	OK
1034	   0	79.0	79.0	 758	OK
1035	   0	83.3	83.3	 599	OK
1036	   0	77.9	77.9	 697	OK
1037	   0	76.8	76.8	 731	OK
1038	   0	72.9	72.9	 640	OK
1039	   0	77.9	77.9	 657	OK
1040	   0	81.5	81.5	 751	OK
1041	   0	74.3	74.3	 679	OK
1042	   0	84.1	84.1	 575	OK
1043	   0	80.5	80.5	 581	OK
1044	   0	79.4	79.4	 676	OK
1045	   0	81.0	81.0	 605	OK
1046	   0	74.3	74.3	 694	OK
1047	   0	77.8	77.8	 747	OK
1048	   0	76.5	76.5	 730	OK
1049	4000	70.5	70.5	 839	high noise
1050	   0	77.9	77.9	 614	OK
1051	   0	75.1	75.1	 557	OK
1052	   0	80.0	80.0	 646	OK
1053	   0	82.6	82.6	 591	OK
1054	   0	82.6	82.6	 685	OK
1055	   0	78.1	78.1	 637	OK
1056	   0	79.8	79.8	 615	OK
1057	   0	74.7	74.7	 713	OK
1058	   0	86.8	86.8	 603	OK
1059	   0	84.4	84.4	 585	OK
1060	   0	80.6	80.6	 784	OK
1061	   0	78.2	78.2	 620	OK
1062	   0	83.2	83.2	 736	OK
1063	   0	75.2	75.2	 754	OK
1064	   0	74.5	74.5	 726	OK
1065	   0	79.9	79.9	 609	OK
1066	   0	78.3	78.3	 724	OK
1067	   0	79.2	79.2	 688	OK
1068	   0	81.0	81.0	 552	OK
1069	   0	79.9	79.9	 764	OK
1070	   0	76.5	76.5	 747	OK
1071	   0	75.8	75.8	 702	OK
1072	4000	76.5	76.5	 792	high noise
1073	1000	82.9	82.9	 513	unbonded
1074	   0	80.4	80.4	 674	OK
1075	   0	79.5	79.5	 665	OK
1076	   0	72.7	72.7	 711	OK
1077	   0	87.9	87.9	 633	OK
1078	   0	76.5	76.5	 693	OK
1079	   0	78.9	78.9	 655	OK
1080	   0	83.6	83.6	 583	OK
1081	   0	86.7	86.7	 778	OK
1082	   0	77.4	77.4	 647	OK
1083	   0	83.7	83.7	 546	OK
1084	4000	74.0	74.0	 815	high noise
1085	   0	77.0	77.0	 683	OK
1086	   0	80.8	80.8	 665	OK
1087	   0	73.1	73.1	 599	OK
1088	   0	83.2	83.2	 775	OK
1089	1000	75.9	75.9	 526	unbonded
1090	   0	82.2	82.2	 786	OK
1091	   0	84.8	84.8	 614	OK
1092	   0	76.8	76.8	 767	OK
1093	   0	80.5	80.5	 554	OK
1094	   0	82.7	82.7	 712	OK
1095	   0	77.7	77.7	 655	OK
1096	   0	80.5	80.5	 686	OK
1097	   0	77.2	77.2	 766	OK
1098	   0	86.7	86.7	 606	OK
1099	   0	82.1	82.1	 752	OK
1100	   0	81.2	81.2	 775	OK
1101	   0	81.2	81.2	 771	OK
1102	   0	79.8	79.8	 739	OK
1103	   0	72.1	72.1	 764	OK
1104	   0	79.1	79.1	 696	OK
1105	   0	78.7	78.7	 634	OK
1106	   0	83.4	83.4	 653	OK
1107	   0	78.0	78.0	 670	OK
1108	   0	81.5	81.5	 782	OK
1109	   0	78.2	78.2	 707	OK
1110	   0	87.0	87.0	 619	OK
1111	   0	74.9	74.9	 716	OK
1112	   0	77.2	77.2	 697	OK
1113	   0	79.8	79.8	 611	OK
1114	   0	80.0	80.0	 655	OK
1115	   0	74.9	74.9	 754	OK
1116	   0	77.0	77.0	 709	OK
1117	   0	78.0	78.0	 693	OK
1118	4000	76.2	76.2	 793	high noise
1119	   0	85.4	85.4	 706	OK
1120	   0	73.6	73.6	 633	OK
1121	   0	78.9	78.9	 752	OK
1122	   0	77.1	77.1	 664	OK
1123	   0	78.4	78.4	 762	OK
1124	   0	83.3	83.3	 647	OK
1125	   0	75.8	75.8	 711	OK
1126	   0	78.5	78.5	 632	OK
1127	   0	82.3	82.3	 740	OK
1128	   0	72.7	72.7	 589	OK
1129	4000	69.1	69.1	 837	high noise
1130	4000	78.3	78.3	 805	high noise
1131	4000	72.7	72.7	 806	high noise
1132	   0	75.2	75.2	 586	OK
1133	   0	80.6	80.6	 640	OK
1134	   0	74.7	74.7	 633	OK
1135	   0	71.1	71.1	 767	OK
1136	   0	83.3	83.3	 629	OK
1137	   0	72.4	72.4	 715	OK
1138	   0	73.9	73.9	 603	OK
1139	   0	85.9	85.9	 678	OK
1140	4000	74.3	74.3	 836	high noise
1141	   0	72.4	72.4	 707	OK
1142	   0	71.5	71.5	 723	OK
1143	   0	70.9	70.9	 654	OK
1144	   0	78.9	78.9	 745	OK
1145	   0	76.2	76.2	 778	OK
1146	   0	76.5	76.5	 626	OK
1147	   0	72.8	72.8	 593	OK
1148	   0	72.7	72.7	 632	OK
1149	   0	77.7	77.7	 689	OK
1150	   0	84.4	84.4	 575	OK
1151	   0	75.9	75.9	 552	OK
1152	4000	76.6	76.6	 724	high noise
1153	   0	91.1	91.1	 600	OK
1154	1000	87.8	87.8	 425	unbonded
1155	   0	90.7	90.7	 580	OK
1156	   0	84.6	84.6	 571	OK
1157	   0	91.6	91.6	 595	OK
1158	1000	87.2	87.2	 371	unbonded
1159	1000	90.6	90.6	 530	unbonded
1160	1000	82.0	82.0	 467	unbonded
1161	   0	86.4	86.4	 546	OK
1162	   0	89.2	89.2	 648	OK
1163	   0	87.9	87.9	 571	OK
1164	   0	86.5	86.5	 649	OK
1165	1000	93.0	93.0	 527	unbonded
1166	   0	89.8	89.8	 605	OK
1167	   0	93.7	93.7	 584	OK
1168	8000	91.2	91.2	 540	partbonded
1169	   0	88.0	88.0	 548	OK
1170	   0	81.7	81.7	 614	OK
1171	1000	87.9	87.9	 504	unbonded
1172	   0	79.2	79.2	 626	OK
1173	   0	89.4	89.4	 602	OK
1174	   0	85.2	85.2	 574	OK
1175	   0	83.1	83.1	 622	OK
1176	1000	87.3	87.3	 479	unbonded
1177	1000	90.3	90.3	 512	unbonded
1178	4000	92.2	92.2	 704	high noise
1179	   0	93.6	93.6	 584	OK
1180	   0	89.7	89.7	 652	OK
1181	1000	94.8	94.8	 471	unbonded
1182	   0	91.1	91.1	 585	OK
1183	   0	85.1	85.1	 641	OK
1184	1000	88.8	88.8	 500	unbonded
1185	1000	97.1	97.1	 529	unbonded
1186	   0	91.2	91.2	 614	OK
1187	   0	82.1	82.1	 589	OK
1188	   0	78.0	78.0	 572	OK
1189	   0	96.6	96.6	 641	OK
1190	   0	93.2	93.2	 584	OK
1191	1000	85.5	85.5	 503	unbonded
1192	1000	80.6	80.6	 500	unbonded
1193	1000	91.4	91.4	 524	unbonded
1194	   0	94.0	94.0	 550	OK
1195	   0	91.9	91.9	 603	OK
1196	   0	98.0	98.0	 545	OK
1197	4000	87.0	87.0	 663	high noise
1198	1000	92.5	92.5	 398	unbonded
1199	   0	87.4	87.4	 626	OK
1200	   0	93.2	93.2	 543	OK
1201	1000	87.2	87.2	 537	unbonded
1202	1000	90.4	90.4	 490	unbonded
1203	   0	85.8	85.8	 573	OK
1204	1000	88.7	88.7	 517	unbonded
1205	4000	88.6	88.6	 708	high noise
1206	1000	92.2	92.2	 497	unbonded
1207	   0	91.5	91.5	 610	OK
1208	   0	94.0	94.0	 542	OK
1209	   0	88.5	88.5	 548	OK
1210	1000	98.0	98.0	 535	unbonded
1211	   0	90.6	90.6	 583	OK
1212	   0	93.7	93.7	 579	OK
1213	   0	90.9	90.9	 637	OK
1214	   0	88.9	88.9	 643	OK
1215	   0	95.1	95.1	 636	OK
1216	1000	92.6	92.6	 511	unbonded
1217	   0	97.0	97.0	 573	OK
1218	   0	88.9	88.9	 605	OK
1219	   0	95.1	95.1	 553	OK
1220	   0	95.4	95.4	 645	OK
1221	   0	85.3	85.3	 544	OK
1222	   0	85.7	85.7	 579	OK
1223	   0	94.4	94.4	 608	OK
1224	   0	92.5	92.5	 552	OK
1225	   0	88.8	88.8	 583	OK
1226	   0	90.1	90.1	 565	OK
1227	   0	86.2	86.2	 611	OK
1228	   0	91.5	91.5	 636	OK
1229	   0	91.2	91.2	 602	OK
1230	4000	87.6	87.6	 750	high noise
1231	   0	91.0	91.0	 558	OK
1232	   0	85.5	85.5	 553	OK
1233	4000	83.5	83.5	 690	high noise
1234	   0	85.8	85.8	 626	OK
1235	   0	81.4	81.4	 652	OK
1236	   0	92.5	92.5	 569	OK
1237	4000	80.2	80.2	 732	high noise
1238	1000	87.2	87.2	 511	unbonded
1239	   0	89.5	89.5	 545	OK
1240	   0	88.5	88.5	 622	OK
1241	1000	86.0	86.0	 466	unbonded
1242	   0	83.4	83.4	 600	OK
1243	4000	80.6	80.6	 711	high noise
1244	1000	85.3	85.3	 495	unbonded
1245	1000	94.1	94.1	 446	unbonded
1246	   0	92.9	92.9	 585	OK
1247	1000	87.6	87.6	 519	unbonded
1248	1000	93.3	93.3	 427	unbonded
1249	   0	93.6	93.6	 586	OK
1250	1000	89.8	89.8	 466	unbonded
1251	1000	85.0	85.0	 513	unbonded
1252	1000	85.6	85.6	 472	unbonded
1253	   0	82.2	82.2	 543	OK
1254	   0	88.4	88.4	 559	OK
1255	1000	79.8	79.8	 436	unbonded
1256	4000	85.9	85.9	 656	high noise
1257	   0	88.2	88.2	 576	OK
1258	1000	91.8	91.8	 531	unbonded
1259	   0	86.4	86.4	 580	OK
1260	4000	85.4	85.4	 692	high noise
1261	1000	81.3	81.3	 531	unbonded
1262	4000	88.7	88.7	 660	high noise
1263	   0	86.3	86.3	 571	OK
1264	1000	93.3	93.3	 449	unbonded
1265	   0	86.0	86.0	 559	OK
1266	1000	94.5	94.5	 481	unbonded
1267	1000	85.3	85.3	 406	unbonded
1268	   0	84.0	84.0	 546	OK
1269	   0	88.9	88.9	 546	OK
1270	   0	80.0	80.0	 643	OK
1271	   0	89.9	89.9	 547	OK
1272	   0	88.4	88.4	 643	OK
1273	1000	90.9	90.9	 532	unbonded
1274	1000	91.9	91.9	 532	unbonded
1275	   0	90.7	90.7	 560	OK
1276	4000	87.3	87.3	 740	high noise
1277	   0	87.3	87.3	 578	OK
1278	1000	85.6	85.6	 528	unbonded
1279	   0	84.7	84.7	 566	OK
1280	4000	87.5	87.5	 789	high noise
1281	   0	85.7	85.7	 655	OK
1282	   0	84.5	84.5	 661	OK
1283	   0	83.4	83.4	 730	OK
1284	4000	85.8	85.8	 765	high noise
1285	   0	85.1	85.1	 648	OK
1286	   0	89.1	89.1	 547	OK
1287	4000	84.2	84.2	 814	high noise
1288	   0	81.2	81.2	 617	OK
1289	   0	86.3	86.3	 639	OK
1290	   0	79.4	79.4	 645	OK
1291	   0	90.6	90.6	 629	OK
1292	   0	81.1	81.1	 611	OK
1293	   0	87.8	87.8	 588	OK
1294	   0	79.9	79.9	 614	OK
1295	4000	84.5	84.5	 819	high noise
1296	   0	87.6	87.6	 591	OK
1297	4000	83.5	83.5	 795	high noise
1298	1000	86.4	86.4	 495	unbonded
1299	   0	77.1	77.1	 668	OK
1300	   0	90.8	90.8	 615	OK
1301	   0	89.8	89.8	 675	OK
1302	   0	80.5	80.5	 568	OK
1303	   0	96.2	96.2	 689	OK
1304	   0	83.3	83.3	 716	OK
1305	   0	87.8	87.8	 684	OK
1306	   0	87.4	87.4	 618	OK
1307	   0	78.7	78.7	 717	OK
1308	   0	88.7	88.7	 580	OK
1309	4000	89.1	89.1	 843	high noise
1310	   0	93.8	93.8	 646	OK
1311	   0	88.5	88.5	 658	OK
1312	   0	91.6	91.6	 701	OK
1313	   0	81.0	81.0	 695	OK
1314	   0	87.9	87.9	 661	OK
1315	   0	87.1	87.1	 644	OK
1316	   0	94.2	94.2	 608	OK
1317	   0	81.1	81.1	 738	OK
1318	1000	92.3	92.3	 528	unbonded
1319	   0	85.8	85.8	 577	OK
1320	   0	85.8	85.8	 658	OK
1321	   0	89.0	89.0	 690	OK
1322	1000	88.7	88.7	 388	unbonded
1323	   0	94.7	94.7	 636	OK
1324	   0	85.6	85.6	 664	OK
1325	   0	85.1	85.1	 729	OK
1326	   0	87.1	87.1	 646	OK
1327	   0	86.3	86.3	 690	OK
1328	   0	82.4	82.4	 620	OK
1329	   0	81.9	81.9	 653	OK
1330	4000	83.7	83.7	 778	high noise
1331	   0	95.3	95.3	 614	OK
1332	   0	82.5	82.5	 724	OK
1333	   0	82.7	82.7	 600	OK
1334	   0	95.9	95.9	 667	OK
1335	   0	91.7	91.7	 550	OK
1336	   0	86.7	86.7	 746	OK
1337	   0	84.6	84.6	 687	OK
1338	   0	90.1	90.1	 679	OK
1339	   0	85.0	85.0	 706	OK
1340	1000	85.8	85.8	 496	unbonded
1341	   0	81.8	81.8	 569	OK
1342	   0	83.9	83.9	 722	OK
1343	   0	86.6	86.6	 619	OK
1344	   0	91.9	91.9	 614	OK
1345	   0	96.6	96.6	 638	OK
1346	   0	93.0	93.0	 616	OK
1347	   0	96.2	96.2	 562	OK
1348	   0	86.2	86.2	 637	OK
1349	   0	87.1	87.1	 682	OK
1350	   0	86.8	86.8	 698	OK
1351	   0	86.4	86.4	 646	OK
1352	   0	90.6	90.6	 546	OK
1353	4000	87.0	87.0	 779	high noise
1354	   0	83.3	83.3	 740	OK
1355	   0	85.8	85.8	 642	OK
1356	   0	87.5	87.5	 658	OK
1357	1000	84.0	84.0	 536	unbonded
1358	   0	84.5	84.5	 591	OK
1359	   0	93.1	93.1	 684	OK
1360	   0	86.3	86.3	 616	OK
1361	   0	86.7	86.7	 595	OK
1362	   0	81.3	81.3	 603	OK
1363	   0	87.1	87.1	 618	OK
1364	   0	83.0	83.0	 728	OK
1365	   0	100.3	100.3	 721	OK
1366	   0	88.0	88.0	 630	OK
1367	   0	75.8	75.8	 661	OK
1368	   0	89.3	89.3	 672	OK
1369	4000	80.5	80.5	 766	high noise
1370	   0	87.4	87.4	 647	OK
1371	   0	79.9	79.9	 733	OK
1372	   0	86.8	86.8	 594	OK
1373	   0	81.2	81.2	 625	OK
1374	   0	87.4	87.4	 601	OK
1375	   0	84.6	84.6	 654	OK
1376	   0	88.0	88.0	 627	OK
1377	   0	86.4	86.4	 724	OK
1378	   0	79.7	79.7	 590	OK
1379	4000	78.9	78.9	 783	high noise
1380	   0	82.3	82.3	 607	OK
1381	4000	79.0	79.0	 770	high noise
1382	   0	99.2	99.2	 588	OK
1383	   0	83.0	83.0	 727	OK
1384	4000	82.6	82.6	 766	high noise
1385	4000	76.8	76.8	 847	high noise
1386	   0	85.9	85.9	 596	OK
1387	4000	92.1	92.1	 762	high noise
1388	   0	87.3	87.3	 611	OK
1389	   0	87.9	87.9	 656	OK
1390	   0	88.6	88.6	 590	OK
1391	   0	79.9	79.9	 689	OK
1392	   0	88.6	88.6	 665	OK
1393	4000	87.7	87.7	 765	high noise
1394	   0	80.2	80.2	 662	OK
1395	   0	86.6	86.6	 676	OK
1396	   0	88.9	88.9	 614	OK
1397	   0	92.1	92.1	 723	OK
1398	1000	83.2	83.2	 505	unbonded
1399	   0	95.7	95.7	 644	OK
1400	   0	81.7	81.7	 630	OK
1401	   0	86.6	86.6	 732	OK
1402	   0	86.9	86.9	 629	OK
1403	   0	85.1	85.1	 680	OK
1404	   0	84.2	84.2	 569	OK
1405	   0	80.2	80.2	 651	OK
1406	1000	81.9	81.9	 527	unbonded
1407	   0	86.9	86.9	 753	OK
1408	   0	77.2	77.2	 823	OK
1409	   0	74.6	74.6	 838	OK
1410	   0	82.7	82.7	 745	OK
1411	   0	81.3	81.3	 681	OK
1412	   0	81.3	81.3	 637	OK
1413	4000	81.5	81.5	 874	high noise
1414	   0	73.7	73.7	 749	OK
1415	   0	75.6	75.6	 741	OK
1416	   0	82.8	82.8	 674	OK
1417	   0	75.8	75.8	 756	OK
1418	   0	80.3	80.3	 762	OK
1419	   0	77.7	77.7	 634	OK
1420	   0	76.5	76.5	 822	OK
1421	   0	81.1	81.1	 786	OK
1422	4000	79.2	79.2	 931	high noise
1423	4000	73.7	73.7	 861	high noise
1424	1000	81.3	81.3	 466	unbonded
1425	4000	79.7	79.7	 899	high noise
1426	   0	79.4	79.4	 722	OK
1427	   0	77.8	77.8	 832	OK
1428	4000	75.1	75.1	 864	high noise
1429	   0	81.3	81.3	 557	OK
1430	   0	73.6	73.6	 699	OK
1431	   0	73.8	73.8	 816	OK
1432	   0	81.1	81.1	 730	OK
1433	   0	84.9	84.9	 755	OK
1434	   0	75.1	75.1	 613	OK
1435	   0	78.7	78.7	 567	OK
1436	   0	76.5	76.5	 645	OK
1437	4000	69.6	69.6	 969	high noise
1438	   0	78.5	78.5	 809	OK
1439	   0	78.8	78.8	 786	OK
1440	   0	85.0	85.0	 746	OK
1441	   0	74.1	74.1	 803	OK
1442	   0	90.9	90.9	 625	OK
1443	   0	76.1	76.1	 843	OK
1444	   0	79.8	79.8	 640	OK
1445	   0	81.7	81.7	 637	OK
1446	   0	86.1	86.1	 804	OK
1447	   0	78.8	78.8	 703	OK
1448	   0	73.0	73.0	 722	OK
1449	   0	84.9	84.9	 740	OK
1450	   0	78.8	78.8	 760	OK
1451	   0	76.5	76.5	 797	OK
1452	   0	85.8	85.8	 777	OK
1453	   0	73.0	73.0	 760	OK
1454	   0	81.3	81.3	 708	OK
1455	   0	75.3	75.3	 802	OK
1456	   0	79.4	79.4	 811	OK
1457	   0	78.5	78.5	 725	OK
1458	   0	83.2	83.2	 688	OK
1459	   0	75.7	75.7	 798	OK
1460	   0	79.8	79.8	 731	OK
1461	   0	72.4	72.4	 711	OK
1462	   0	74.1	74.1	 750	OK
1463	   0	75.9	75.9	 736	OK
1464	4000	83.0	83.0	 862	high noise
1465	   0	75.6	75.6	 831	OK
1466	   0	79.7	79.7	 787	OK
1467	   0	78.7	78.7	 684	OK
1468	   0	77.8	77.8	 780	OK
1469	   0	80.4	80.4	 803	OK
1470	   0	74.9	74.9	 763	OK
1471	   0	76.9	76.9	 781	OK
1472	   0	75.6	75.6	 628	OK
1473	   0	85.0	85.0	 667	OK
1474	   0	79.8	79.8	 699	OK
1475	   0	82.6	82.6	 662	OK
1476	   0	83.1	83.1	 846	OK
1477	   0	80.1	80.1	 700	OK
1478	   0	81.4	81.4	 715	OK
1479	   0	82.4	82.4	 842	OK
1480	   0	76.3	76.3	 704	OK
1481	   0	79.4	79.4	 770	OK
1482	   0	72.1	72.1	 753	OK
1483	   0	80.0	80.0	 815	OK
1484	   0	84.7	84.7	 658	OK
1485	   0	86.8	86.8	 694	OK
1486	   0	81.2	81.2	 659	OK
1487	   0	73.8	73.8	 629	OK
1488	   0	76.9	76.9	 661	OK
1489	   0	82.7	82.7	 809	OK
1490	   0	81.2	81.2	 688	OK
1491	   0	76.1	76.1	 622	OK
1492	   0	81.6	81.6	 596	OK
1493	4000	73.7	73.7	 852	high noise
1494	   0	76.1	76.1	 790	OK
1495	   0	77.8	77.8	 716	OK
1496	4000	71.8	71.8	 982	high noise
1497	   0	76.4	76.4	 841	OK
1498	   0	71.3	71.3	 661	OK
1499	   0	74.2	74.2	 734	OK
1500	   0	76.5	76.5	 727	OK
1501	   0	79.6	79.6	 761	OK
1502	   0	76.4	76.4	 790	OK
1503	   0	78.1	78.1	 746	OK
1504	   0	83.1	83.1	 668	OK
1505	   0	76.7	76.7	 617	OK
1506	   0	84.5	84.5	 685	OK
1507	   0	82.0	82.0	 783	OK
1508	   0	75.6	75.6	 789	OK
1509	   0	77.0	77.0	 799	OK
1510	   0	82.4	82.4	 601	OK
1511	4000	74.7	74.7	 864	high noise
1512	   0	80.4	80.4	 763	OK
1513	   0	75.6	75.6	 743	OK
1514	   0	83.3	83.3	 812	OK
1515	   0	77.9	77.9	 718	OK
1516	   0	72.4	72.4	 735	OK
1517	   0	77.3	77.3	 837	OK
1518	   0	83.0	83.0	 570	OK
1519	   0	72.1	72.1	 828	OK
1520	   0	82.0	82.0	 658	OK
1521	   0	78.4	78.4	 695	OK
1522	   0	80.8	80.8	 807	OK
1523	   0	78.9	78.9	 755	OK
1524	   0	81.9	81.9	 603	OK
1525	   0	76.4	76.4	 672	OK
1526	   0	75.7	75.7	 678	OK
1527	   0	79.0	79.0	 850	OK
1528	   0	77.3	77.3	 727	OK
1529	   0	76.4	76.4	 660	OK
1530	   0	78.3	78.3	 718	OK
1531	   0	75.3	75.3	 570	OK
1532	   0	84.0	84.0	 816	OK
1533	   0	73.9	73.9	 616	OK
1534	   0	76.0	76.0	 710	OK
1535	   0	74.1	74.1	 837	OK
1536	   0	73.0	73.0	 729	OK
1537	   0	79.0	79.0	 702	OK
1538	   0	85.5	85.5	 671	OK
1539	   0	84.5	84.5	 704	OK
1540	   0	79.6	79.6	 765	OK
1541	   0	75.3	75.3	 640	OK
1542	   0	73.9	73.9	 720	OK
1543	4000	79.5	79.5	 842	high noise
1544	   0	83.9	83.9	 672	OK
1545	1000	84.7	84.7	 508	unbonded
1546	   0	76.2	76.2	 725	OK
1547	   0	81.2	81.2	 652	OK
1548	   0	85.6	85.6	 596	OK
1549	   0	77.5	77.5	 618	OK
1550	   0	71.3	71.3	 753	OK
1551	   0	84.6	84.6	 632	OK
1552	   0	82.9	82.9	 686	OK
1553	   0	80.6	80.6	 575	OK
1554	   0	85.1	85.1	 787	OK
1555	   0	76.1	76.1	 708	OK
1556	   0	87.6	87.6	 677	OK
1557	   0	81.5	81.5	 699	OK
1558	   0	85.1	85.1	 653	OK
1559	   0	77.0	77.0	 680	OK
1560	   0	82.8	82.8	 670	OK
1561	4000	76.5	76.5	 792	high noise
1562	   0	76.0	76.0	 573	OK
1563	4000	86.0	86.0	 809	high noise
1564	   0	87.4	87.4	 720	OK
1565	   0	83.7	83.7	 725	OK
1566	   0	80.1	80.1	 682	OK
1567	   0	77.8	77.8	 673	OK
1568	4000	82.0	82.0	 801	high noise
1569	   0	81.9	81.9	 756	OK
1570	   0	79.1	79.1	 766	OK
1571	   0	79.2	79.2	 727	OK
1572	   0	83.8	83.8	 753	OK
1573	   0	81.5	81.5	 618	OK
1574	   0	83.1	83.1	 735	OK
1575	   0	73.7	73.7	 715	OK
1576	   0	82.9	82.9	 691	OK
1577	   0	84.5	84.5	 721	OK
1578	   0	72.8	72.8	 656	OK
1579	   0	81.2	81.2	 666	OK
1580	   0	74.6	74.6	 676	OK
1581	   0	76.0	76.0	 710	OK
1582	   0	81.2	81.2	 721	OK
1583	   0	84.9	84.9	 721	OK
1584	   0	77.0	77.0	 627	OK
1585	   0	79.0	79.0	 660	OK
1586	   0	86.7	86.7	 727	OK
1587	   0	75.0	75.0	 583	OK
1588	   0	82.7	82.7	 638	OK
1589	   0	85.0	85.0	 634	OK
1590	   0	89.0	89.0	 754	OK
1591	   0	83.7	83.7	 606	OK
1592	   0	79.9	79.9	 669	OK
1593	   0	78.9	78.9	 655	OK
1594	   0	81.4	81.4	 581	OK
1595	   0	87.6	87.6	 717	OK
1596	   0	78.6	78.6	 730	OK
1597	   0	76.3	76.3	 672	OK
1598	   0	85.8	85.8	 646	OK
1599	   0	80.7	80.7	 626	OK
1600	   0	76.1	76.1	 637	OK
1601	   0	76.3	76.3	 712	OK
1602	   0	78.1	78.1	 666	OK
1603	   0	85.3	85.3	 651	OK
1604	   0	79.4	79.4	 737	OK
1605	   0	83.1	83.1	 589	OK
1606	   0	72.7	72.7	 571	OK
1607	   0	77.3	77.3	 629	OK
1608	   0	82.9	82.9	 697	OK
1609	   0	71.6	71.6	 627	OK
1610	   0	76.4	76.4	 725	OK
1611	   0	81.4	81.4	 566	OK
1612	1000	81.5	81.5	 502	unbonded
1613	   0	75.2	75.2	 741	OK
1614	   0	76.3	76.3	 650	OK
1615	   0	82.9	82.9	 696	OK
1616	   0	81.8	81.8	 724	OK
1617	   0	79.5	79.5	 589	OK
1618	   0	82.3	82.3	 606	OK
1619	   0	83.5	83.5	 749	OK
1620	   0	81.4	81.4	 600	OK
1621	   0	75.5	75.5	 605	OK
1622	   0	84.3	84.3	 707	OK
1623	   0	81.6	81.6	 760	OK
1624	   0	81.2	81.2	 666	OK
1625	   0	82.6	82.6	 679	OK
1626	   0	72.1	72.1	 618	OK
1627	4000	77.1	77.1	 880	high noise
1628	   0	78.4	78.4	 725	OK
1629	1000	84.2	84.2	 525	unbonded
1630	   0	74.2	74.2	 715	OK
1631	4000	80.2	80.2	 883	high noise
1632	   0	81.5	81.5	 642	OK
1633	   0	80.7	80.7	 660	OK
1634	   0	77.3	77.3	 743	OK
1635	   0	78.9	78.9	 780	OK
1636	1000	79.7	79.7	 539	unbonded
1637	4000	77.4	77.4	 806	high noise
1638	   0	78.0	78.0	 782	OK
1639	   0	78.9	78.9	 679	OK
1640	   0	75.3	75.3	 664	OK
1641	   0	89.2	89.2	 700	OK
1642	   0	77.5	77.5	 745	OK
1643	   0	74.2	74.2	 603	OK
1644	   0	82.4	82.4	 702	OK
1645	1000	71.0	71.0	 518	unbonded
1646	   0	76.4	76.4	 615	OK
1647	   0	73.4	73.4	 657	OK
1648	   0	80.6	80.6	 781	OK
1649	   0	83.0	83.0	 693	OK
1650	   0	74.5	74.5	 741	OK
1651	   0	76.8	76.8	 760	OK
1652	   0	75.3	75.3	 641	OK
1653	   0	75.5	75.5	 686	OK
1654	   0	77.4	77.4	 673	OK
1655	   0	68.9	68.9	 693	OK
1656	   0	80.3	80.3	 745	OK
1657	   0	75.2	75.2	 620	OK
1658	   0	81.6	81.6	 696	OK
1659	4000	74.9	74.9	 791	high noise
1660	   0	76.7	76.7	 687	OK
1661	4000	78.1	78.1	 832	high noise
1662	   0	80.8	80.8	 719	OK
1663	   0	77.2	77.2	 667	OK
1664	   0	83.7	83.7	 635	OK
1665	   0	89.1	89.1	 669	OK
1666	   0	89.2	89.2	 620	OK
1667	   0	85.1	85.1	 713	OK
1668	1000	87.7	87.7	 504	unbonded
1669	   0	84.6	84.6	 711	OK
1670	   0	87.3	87.3	 630	OK
1671	   0	92.5	92.5	 632	OK
1672	   0	92.5	92.5	 612	OK
1673	   0	85.8	85.8	 592	OK
1674	4000	91.2	91.2	 766	high noise
1675	   0	84.9	84.9	 563	OK
1676	   0	86.0	86.0	 556	OK
1677	   0	82.1	82.1	 644	OK
1678	   0	86.9	86.9	 670	OK
1679	1000	87.1	87.1	 526	unbonded
1680	   0	88.0	88.0	 614	OK
1681	4000	85.1	85.1	 753	high noise
1682	   0	78.8	78.8	 682	OK
1683	   0	88.2	88.2	 570	OK
1684	   0	86.3	86.3	 583	OK
1685	   0	91.2	91.2	 642	OK
1686	   0	88.4	88.4	 662	OK
1687	1000	81.1	81.1	 514	unbonded
1688	   0	92.8	92.8	 699	OK
1689	   0	92.1	92.1	 552	OK
1690	   0	85.8	85.8	 687	OK
1691	   0	94.8	94.8	 684	OK
1692	   0	96.4	96.4	 632	OK
1693	1000	96.4	96.4	 532	unbonded
1694	4000	89.5	89.5	 717	high noise
1695	   0	92.1	92.1	 558	OK
1696	   0	88.7	88.7	 681	OK
1697	   0	93.6	93.6	 631	OK
1698	   0	86.1	86.1	 558	OK
1699	   0	87.5	87.5	 667	OK
1700	   0	94.5	94.5	 631	OK
1701	   0	89.5	89.5	 607	OK
1702	   0	91.6	91.6	 678	OK
1703	   0	92.0	92.0	 596	OK
1704	   0	91.1	91.1	 562	OK
1705	   0	96.9	96.9	 704	OK
1706	1000	87.5	87.5	 520	unbonded
1707	   0	93.1	93.1	 622	OK
1708	   0	90.8	90.8	 651	OK
1709	   0	91.1	91.1	 649	OK
1710	   0	89.9	89.9	 668	OK
1711	   0	86.1	86.1	 594	OK
1712	4000	96.7	96.7	 744	high noise
1713	4000	80.3	80.3	 745	high noise
1714	4000	92.7	92.7	 764	high noise
1715	   0	86.5	86.5	 591	OK
1716	   0	100.4	100.4	 602	OK
1717	   0	94.3	94.3	 699	OK
1718	1000	86.4	86.4	 531	unbonded
1719	   0	92.0	92.0	 631	OK
1720	1000	86.1	86.1	 534	unbonded
1721	1000	96.5	96.5	 510	unbonded
1722	   0	91.3	91.3	 558	OK
1723	   0	87.7	87.7	 654	OK
1724	   0	92.3	92.3	 558	OK
1725	4000	93.5	93.5	 715	high noise
1726	4000	85.5	85.5	 716	high noise
1727	   0	95.1	95.1	 704	OK
1728	4000	87.7	87.7	 737	high noise
1729	   0	86.9	86.9	 596	OK
1730	4000	92.0	92.0	 719	high noise
1731	   0	88.7	88.7	 604	OK
1732	   0	95.4	95.4	 682	OK
1733	4000	90.4	90.4	 753	high noise
1734	1000	92.0	92.0	 519	unbonded
1735	4000	84.7	84.7	 737	high noise
1736	   0	83.6	83.6	 584	OK
1737	   0	94.4	94.4	 698	OK
1738	   0	91.7	91.7	 574	OK
1739	1000	93.1	93.1	 451	unbonded
1740	1000	87.2	87.2	 528	unbonded
1741	1000	83.9	83.9	 536	unbonded
1742	1000	89.5	89.5	 500	unbonded
1743	   0	92.3	92.3	 603	OK
1744	1000	96.0	96.0	 513	unbonded
1745	   0	83.9	83.9	 557	OK
1746	   0	83.0	83.0	 623	OK
1747	   0	91.9	91.9	 662	OK
1748	   0	90.6	90.6	 594	OK
1749	   0	87.4	87.4	 634	OK
1750	   0	76.7	76.7	 604	OK
1751	   0	90.1	90.1	 563	OK
1752	   0	93.4	93.4	 582	OK
1753	   0	94.6	94.6	 621	OK
1754	   0	92.2	92.2	 618	OK
1755	   0	77.7	77.7	 638	OK
1756	   0	86.4	86.4	 579	OK
1757	   0	86.1	86.1	 633	OK
1758	4000	87.2	87.2	 732	high noise
1759	   0	95.0	95.0	 604	OK
1760	   0	92.8	92.8	 621	OK
1761	   0	92.0	92.0	 634	OK
1762	   0	86.4	86.4	 649	OK
1763	   0	88.7	88.7	 676	OK
1764	   0	82.6	82.6	 609	OK
1765	   0	87.6	87.6	 564	OK
1766	   0	94.9	94.9	 587	OK
1767	   0	84.2	84.2	 599	OK
1768	   0	86.0	86.0	 673	OK
1769	   0	88.7	88.7	 687	OK
1770	   0	83.4	83.4	 568	OK
1771	   0	80.6	80.6	 548	OK
1772	1000	86.7	86.7	 523	unbonded
1773	4000	88.0	88.0	 730	high noise
1774	   0	88.5	88.5	 579	OK
1775	   0	89.8	89.8	 632	OK
1776	   0	89.0	89.0	 606	OK
1777	   0	85.2	85.2	 666	OK
1778	   0	85.1	85.1	 576	OK
1779	   0	87.8	87.8	 634	OK
1780	   0	73.5	73.5	 647	OK
1781	   0	87.5	87.5	 627	OK
1782	1000	78.1	78.1	 495	unbonded
1783	   0	90.2	90.2	 566	OK
1784	   0	87.6	87.6	 564	OK
1785	   0	94.5	94.5	 653	OK
1786	1000	91.4	91.4	 529	unbonded
1787	   0	83.7	83.7	 555	OK
1788	   0	89.2	89.2	 629	OK
1789	   0	90.1	90.1	 682	OK
1790	1000	90.0	90.0	 520	unbonded
1791	   0	90.4	90.4	 714	OK
1792	   0	87.1	87.1	 693	OK
1793	   0	87.1	87.1	 642	OK
1794	1000	92.0	92.0	 488	unbonded
1795	4000	93.0	93.0	 766	high noise
1796	1000	95.4	95.4	 530	unbonded
1797	   0	85.2	85.2	 559	OK
1798	   0	95.3	95.3	 653	OK
1799	   0	97.7	97.7	 662	OK
1800	   0	93.7	93.7	 630	OK
1801	   0	96.6	96.6	 600	OK
1802	   0	90.8	90.8	 565	OK
1803	   0	91.4	91.4	 572	OK
1804	1000	90.4	90.4	 520	unbonded
1805	   0	93.3	93.3	 710	OK
1806	   0	85.9	85.9	 626	OK
1807	   0	85.4	85.4	 716	OK
1808	1000	85.5	85.5	 519	unbonded
1809	1000	95.6	95.6	 436	unbonded
1810	   0	77.7	77.7	 683	OK
1811	1000	85.3	85.3	 446	unbonded
1812	   0	89.5	89.5	 634	OK
1813	4000	91.9	91.9	 749	high noise
1814	   0	99.8	99.8	 674	OK
1815	   0	94.8	94.8	 646	OK
1816	   0	82.5	82.5	 558	OK
1817	   0	90.0	90.0	 678	OK
1818	   0	88.8	88.8	 611	OK
1819	   0	79.0	79.0	 625	OK
1820	   0	93.6	93.6	 598	OK
1821	   0	96.4	96.4	 623	OK
1822	   0	90.8	90.8	 687	OK
1823	4000	82.6	82.6	 775	high noise
1824	4000	86.8	86.8	 735	high noise
1825	1000	88.8	88.8	 496	unbonded
1826	   0	91.9	91.9	 648	OK
1827	   0	93.3	93.3	 602	OK
1828	   0	89.7	89.7	 708	OK
1829	   0	87.8	87.8	 613	OK
1830	   0	84.9	84.9	 608	OK
1831	   0	85.6	85.6	 624	OK
1832	   0	86.4	86.4	 569	OK
1833	4000	89.7	89.7	 815	high noise
1834	   0	88.5	88.5	 679	OK
1835	   0	88.5	88.5	 687	OK
1836	   0	85.3	85.3	 650	OK
1837	   0	81.4	81.4	 708	OK
1838	   0	88.4	88.4	 619	OK
1839	1000	89.0	89.0	 534	unbonded
1840	   0	92.4	92.4	 704	OK
1841	4000	85.2	85.2	 726	high noise
1842	4000	86.5	86.5	 775	high noise
1843	   0	88.1	88.1	 584	OK
1844	   0	79.2	79.2	 657	OK
1845	1000	96.4	96.4	 528	unbonded
1846	   0	85.7	85.7	 678	OK
1847	4000	88.3	88.3	 781	high noise
1848	1000	89.2	89.2	 527	unbonded
1849	   0	93.1	93.1	 635	OK
1850	1000	91.5	91.5	 512	unbonded
1851	   0	97.4	97.4	 676	OK
1852	   0	94.4	94.4	 578	OK
1853	   0	92.3	92.3	 630	OK
1854	1000	88.1	88.1	 507	unbonded
1855	   0	90.2	90.2	 670	OK
1856	   0	98.8	98.8	 629	OK
1857	4000	85.6	85.6	 731	high noise
1858	   0	86.3	86.3	 564	OK
1859	   0	88.2	88.2	 634	OK
1860	   0	90.6	90.6	 561	OK
1861	   0	88.4	88.4	 560	OK
1862	   0	91.1	91.1	 650	OK
1863	   0	86.7	86.7	 638	OK
1864	   0	87.5	87.5	 635	OK
1865	   0	94.0	94.0	 640	OK
1866	   0	97.5	97.5	 575	OK
1867	   0	93.4	93.4	 667	OK
1868	   0	88.1	88.1	 545	OK
1869	   0	90.8	90.8	 683	OK
1870	   0	78.6	78.6	 681	OK
1871	   0	85.6	85.6	 614	OK
1872	   0	91.3	91.3	 544	OK
1873	4000	85.4	85.4	 847	high noise
1874	1000	87.7	87.7	 499	unbonded
1875	   0	94.6	94.6	 624	OK
1876	   0	95.7	95.7	 580	OK
1877	   0	90.0	90.0	 654	OK
1878	1000	97.2	97.2	 503	unbonded
1879	   0	88.6	88.6	 584	OK
1880	   0	89.2	89.2	 722	OK
1881	1000	83.2	83.2	 502	unbonded
1882	   0	84.8	84.8	 668	OK
1883	   0	86.9	86.9	 651	OK
1884	   0	89.6	89.6	 555	OK
1885	   0	88.8	88.8	 698	OK
1886	   0	90.1	90.1	 577	OK
1887	4000	91.4	91.4	 734	high noise
1888	   0	82.2	82.2	 575	OK
1889	   0	86.0	86.0	 676	OK
1890	1000	83.0	83.0	 535	unbonded
1891	   0	81.7	81.7	 669	OK
1892	   0	87.1	87.1	 646	OK
1893	   0	83.8	83.8	 687	OK
1894	   0	87.8	87.8	 623	OK
1895	   0	84.7	84.7	 562	OK
1896	4000	86.7	86.7	 806	high noise
1897	1000	84.3	84.3	 511	unbonded
1898	   0	84.3	84.3	 680	OK
1899	   0	95.1	95.1	 578	OK
1900	   0	95.2	95.2	 586	OK
1901	   0	88.8	88.8	 614	OK
1902	   0	84.0	84.0	 659	OK
1903	   0	86.9	86.9	 663	OK
1904	4000	92.4	92.4	 729	high noise
1905	   0	91.2	91.2	 705	OK
1906	   0	94.2	94.2	 576	OK
1907	   0	86.6	86.6	 661	OK
1908	   0	91.8	91.8	 660	OK
1909	   0	88.8	88.8	 692	OK
1910	   0	79.3	79.3	 687	OK
1911	   0	83.9	83.9	 608	OK
1912	   0	82.4	82.4	 659	OK
1913	   0	91.1	91.1	 619	OK
1914	1000	84.0	84.0	 516	unbonded
1915	   0	85.7	85.7	 679	OK
1916	   0	82.5	82.5	 600	OK
1917	   0	84.4	84.4	 597	OK
1918	   0	93.8	93.8	 634	OK
1919	   0	78.9	78.9	 567	OK
1920	   0	82.9	82.9	 770	OK
1921	   0	82.2	82.2	 706	OK
1922	   0	82.5	82.5	 562	OK
1923	   0	84.9	84.9	 558	OK
1924	4000	83.9	83.9	 893	high noise
1925	   0	82.0	82.0	 679	OK
1926	   0	84.2	84.2	 687	OK
1927	   0	90.6	90.6	 588	OK
1928	   0	85.8	85.8	 691	OK
1929	   0	90.0	90.0	 560	OK
1930	   0	86.3	86.3	 657	OK
1931	   0	82.1	82.1	 665	OK
1932	   0	89.7	89.7	 574	OK
1933	   0	80.6	80.6	 607	OK
1934	   0	80.2	80.2	 666	OK
1935	   0	92.1	92.1	 600	OK
1936	   0	85.7	85.7	 596	OK
1937	   0	79.9	79.9	 759	OK
1938	   0	87.2	87.2	 651	OK
1939	   0	83.0	83.0	 650	OK
1940	1000	85.7	85.7	 409	unbonded
1941	   0	76.9	76.9	 733	OK
1942	   0	80.6	80.6	 628	OK
1943	4000	77.5	77.5	 956	high noise
1944	1000	87.4	87.4	 496	unbonded
1945	   0	83.2	83.2	 726	OK
1946	   0	75.1	75.1	 724	OK
1947	   0	79.8	79.8	 706	OK
1948	   0	87.3	87.3	 650	OK
1949	   0	84.8	84.8	 602	OK
1950	   0	83.0	83.0	 635	OK
1951	   0	87.3	87.3	 718	OK
1952	   0	82.4	82.4	 615	OK
1953	   0	75.2	75.2	 714	OK
1954	   0	83.1	83.1	 558	OK
1955	   0	91.3	91.3	 573	OK
1956	   0	80.8	80.8	 719	OK
1957	   0	85.4	85.4	 645	OK
1958	   0	86.7	86.7	 601	OK
1959	   0	89.2	89.2	 659	OK
1960	   0	81.9	81.9	 764	OK
1961	   0	85.2	85.2	 736	OK
1962	   0	89.9	89.9	 589	OK
1963	   0	81.1	81.1	 666	OK
1964	   0	77.7	77.7	 642	OK
1965	   0	82.1	82.1	 634	OK
1966	   0	86.3	86.3	 670	OK
1967	4000	78.6	78.6	 846	high noise
1968	4000	83.0	83.0	 790	high noise
1969	   0	87.0	87.0	 743	OK
1970	   0	87.2	87.2	 597	OK
1971	   0	81.5	81.5	 670	OK
1972	4000	85.9	85.9	 834	high noise
1973	4000	74.0	74.0	 797	high noise
1974	1000	87.6	87.6	 480	unbonded
1975	   0	81.9	81.9	 683	OK
1976	   0	85.6	85.6	 562	OK
1977	4000	82.3	82.3	 872	high noise
1978	   0	85.2	85.2	 675	OK
1979	   0	82.8	82.8	 712	OK
1980	   0	89.3	89.3	 608	OK
1981	4000	85.2	85.2	 845	high noise
1982	   0	82.7	82.7	 579	OK
1983	   0	89.9	89.9	 571	OK
1984	   0	92.3	92.3	 637	OK
1985	   0	71.1	71.1	 747	OK
1986	   0	86.8	86.8	 675	OK
1987	   0	77.3	77.3	 769	OK
1988	   0	91.3	91.3	 646	OK
1989	   0	80.1	80.1	 749	OK
1990	1000	83.9	83.9	 536	unbonded
1991	   0	87.8	87.8	 772	OK
1992	   0	75.0	75.0	 698	OK
1993	   0	85.5	85.5	 650	OK
1994	   0	79.1	79.1	 711	OK
1995	   0	85.6	85.6	 724	OK
1996	   0	83.3	83.3	 659	OK
1997	   0	79.6	79.6	 614	OK
1998	   0	77.4	77.4	 757	OK
1999	   0	73.2	73.2	 574	OK
2000	   0	81.8	81.8	 593	OK
2001	   0	79.8	79.8	 683	OK
2002	   0	79.0	79.0	 653	OK
2003	4000	85.8	85.8	 824	high noise
2004	   0	80.8	80.8	 651	OK
2005	   0	76.8	76.8	 697	OK
2006	   0	78.8	78.8	 621	OK
2007	   0	79.9	79.9	 698	OK
2008	   0	86.5	86.5	 626	OK
2009	   0	75.6	75.6	 631	OK
2010	4000	75.8	75.8	 813	high noise
2011	   0	74.4	74.4	 671	OK
2012	   0	76.5	76.5	 714	OK
2013	   0	87.8	87.8	 733	OK
2014	   0	78.0	78.0	 657	OK
2015	4000	73.6	73.6	 779	high noise
2016	4000	77.5	77.5	 796	high noise
2017	   0	73.9	73.9	 760	OK
2018	   0	86.3	86.3	 650	OK
2019	   0	87.7	87.7	 624	OK
2020	   0	83.9	83.9	 726	OK
2021	   0	70.4	70.4	 564	OK
2022	   0	80.7	80.7	 608	OK
2023	   0	77.2	77.2	 733	OK
2024	   0	77.2	77.2	 747	OK
2025	   0	74.6	74.6	 684	OK
2026	   0	80.4	80.4	 633	OK
2027	   0	80.9	80.9	 629	OK
2028	   0	80.0	80.0	 636	OK
2029	   0	84.2	84.2	 553	OK
2030	   0	80.0	80.0	 642	OK
2031	   0	82.5	82.5	 547	OK
2032	   0	83.9	83.9	 584	OK
2033	4000	77.0	77.0	 788	high noise
2034	   0	79.9	79.9	 769	OK
2035	1000	84.7	84.7	 513	unbonded
2036	   0	77.5	77.5	 656	OK
2037	   0	82.1	82.1	 689	OK
2038	1000	77.6	77.6	 531	unbonded
2039	4000	82.4	82.4	 807	high noise
2040	   0	77.6	77.6	 673	OK
2041	   0	86.3	86.3	 742	OK
2042	   0	75.3	75.3	 753	OK
2043	4000	79.8	79.8	 817	high noise
2044	   0	79.9	79.9	 575	OK
2045	   0	83.5	83.5	 591	OK
2046	   0	73.8	73.8	 582	OK
2047	   0	83.2	83.2	 698	OK
2048	   0	95.0	95.0	 595	OK
2049	   0	90.8	90.8	 725	OK
2050	   0	88.4	88.4	 678	OK
2051	   0	88.8	88.8	 708	OK
2052	4000	90.7	90.7	 773	high noise
2053	   0	92.8	92.8	 648	OK
2054	   0	97.3	97.3	 611	OK
2055	   0	81.0	81.0	 734	OK
2056	   0	88.3	88.3	 639	OK
2057	   0	87.9	87.9	 609	OK
2058	4000	91.8	91.8	 781	high noise
2059	   0	91.9	91.9	 703	OK
2060	   0	89.9	89.9	 643	OK
2061	   0	86.3	86.3	 583	OK
2062	   0	88.0	88.0	 641	OK
2063	1000	95.6	95.6	 485	unbonded
2064	   0	87.1	87.1	 694	OK
2065	   0	86.2	86.2	 574	OK
2066	   0	87.9	87.9	 724	OK
2067	   0	81.3	81.3	 638	OK
2068	4000	80.5	80.5	 755	high noise
2069	   0	86.0	86.0	 634	OK
2070	4000	85.9	85.9	 794	high noise
2071	   0	90.1	90.1	 658	OK
2072	   0	94.1	94.1	 661	OK
2073	   0	91.1	91.1	 703	OK
2074	   0	91.0	91.0	 726	OK
2075	   0	90.9	90.9	 575	OK
2076	4000	89.2	89.2	 776	high noise
2077	   0	89.2	89.2	 640	OK
2078	   0	86.7	86.7	 627	OK
2079	   0	91.1	91.1	 716	OK
2080	   0	84.9	84.9	 649	OK
2081	   0	99.4	99.4	 669	OK
2082	   0	88.8	88.8	 575	OK
2083	   0	92.4	92.4	 638	OK
2084	   0	88.1	88.1	 716	OK
2085	   0	92.0	92.0	 675	OK
2086	   0	96.3	96.3	 623	OK
2087	   0	82.2	82.2	 607	OK
2088	   0	93.5	93.5	 615	OK
2089	   0	79.2	79.2	 549	OK
2090	   0	84.8	84.8	 724	OK
2091	   0	88.6	88.6	 714	OK
2092	1000	92.1	92.1	 500	unbonded
2093	   0	88.3	88.3	 682	OK
2094	   0	90.9	90.9	 588	OK
2095	4000	85.3	85.3	 792	high noise
2096	   0	90.6	90.6	 634	OK
2097	4000	90.3	90.3	 752	high noise
2098	   0	83.2	83.2	 575	OK
2099	   0	83.1	83.1	 666	OK
2100	   0	93.6	93.6	 559	OK
2101	   0	92.4	92.4	 632	OK
2102	1000	99.4	99.4	 371	unbonded
2103	   0	88.0	88.0	 556	OK
2104	   0	99.0	99.0	 601	OK
2105	   0	89.9	89.9	 673	OK
2106	   0	87.1	87.1	 595	OK
2107	   0	92.1	92.1	 565	OK
2108	   0	85.6	85.6	 546	OK
2109	   0	85.1	85.1	 628	OK
2110	   0	94.4	94.4	 573	OK
2111	   0	92.8	92.8	 553	OK
2112	   0	92.4	92.4	 735	OK
2113	   0	91.1	91.1	 586	OK
2114	   0	84.1	84.1	 730	OK
2115	   0	82.6	82.6	 580	OK
2116	   0	80.5	80.5	 659	OK
2117	   0	85.6	85.6	 666	OK
2118	   0	84.4	84.4	 594	OK
2119	   0	92.9	92.9	 681	OK
2120	   0	79.9	79.9	 543	OK
2121	   0	84.4	84.4	 688	OK
2122	   0	81.7	81.7	 632	OK
2123	   0	81.2	81.2	 723	OK
2124	   0	92.2	92.2	 620	OK
2125	   0	83.9	83.9	 667	OK
2126	   0	85.0	85.0	 633	OK
2127	   0	85.9	85.9	 598	OK
2128	   0	83.7	83.7	 647	OK
2129	   0	85.5	85.5	 724	OK
2130	   0	84.2	84.2	 649	OK
2131	   0	80.4	80.4	 592	OK
2132	1000	79.2	79.2	 540	unbonded
2133	   0	81.3	81.3	 727	OK
2134	   0	87.3	87.3	 579	OK
2135	4000	82.2	82.2	 759	high noise
2136	   0	78.9	78.9	 632	OK
2137	   0	91.6	91.6	 688	OK
2138	   0	86.5	86.5	 637	OK
2139	   0	82.2	82.2	 729	OK
2140	   0	84.5	84.5	 592	OK
2141	   0	81.7	81.7	 591	OK
2142	   0	82.5	82.5	 598	OK
2143	   0	77.6	77.6	 713	OK
2144	   0	87.5	87.5	 624	OK
2145	   0	80.1	80.1	 571	OK
2146	1000	82.7	82.7	 494	unbonded
2147	   0	85.3	85.3	 736	OK
2148	   0	81.0	81.0	 638	OK
2149	   0	81.3	81.3	 614	OK
2150	   0	84.7	84.7	 663	OK
2151	   0	86.4	86.4	 670	OK
2152	   0	83.8	83.8	 628	OK
2153	   0	84.8	84.8	 598	OK
2154	1000	79.8	79.8	 519	unbonded
2155	   0	86.3	86.3	 678	OK
2156	   0	93.0	93.0	 546	OK
2157	   0	85.6	85.6	 680	OK
2158	   0	84.4	84.4	 577	OK
2159	   0	83.0	83.0	 729	OK
2160	   0	88.6	88.6	 665	OK
2161	   0	78.0	78.0	 678	OK
2162	   0	86.8	86.8	 706	OK
2163	4000	82.3	82.3	 745	high noise
2164	   0	80.4	80.4	 647	OK
2165	1000	89.3	89.3	 510	unbonded
2166	   0	78.6	78.6	 740	OK
2167	   0	83.7	83.7	 671	OK
2168	1000	79.7	79.7	 522	unbonded
2169	   0	85.2	85.2	 727	OK
2170	   0	76.0	76.0	 629	OK
2171	4000	78.6	78.6	 824	high noise
2172	   0	75.1	75.1	 584	OK
2173	   0	76.6	76.6	 723	OK
2174	   0	83.0	83.0	 689	OK
2175	   0	83.1	83.1	 652	OK
2176	   0	86.3	86.3	 653	OK
2177	   0	81.7	81.7	 657	OK
2178	4000	81.7	81.7	 769	high noise
2179	   0	85.0	85.0	 699	OK
2180	   0	83.9	83.9	 648	OK
2181	4000	88.9	88.9	 782	high noise
2182	   0	92.3	92.3	 645	OK
2183	   0	82.7	82.7	 733	OK
2184	   0	80.9	80.9	 584	OK
2185	4000	87.2	87.2	 760	high noise
2186	   0	80.1	80.1	 577	OK
2187	   0	88.5	88.5	 667	OK
2188	   0	84.6	84.6	 702	OK
2189	   0	83.7	83.7	 573	OK
2190	   0	86.9	86.9	 598	OK
2191	4000	86.0	86.0	 755	high noise
2192	   0	86.9	86.9	 635	OK
2193	   0	81.5	81.5	 703	OK
2194	   0	79.2	79.2	 621	OK
2195	   0	88.1	88.1	 652	OK
2196	   0	92.2	92.2	 569	OK
2197	   0	81.6	81.6	 735	OK
2198	   0	86.6	86.6	 619	OK
2199	   0	79.8	79.8	 589	OK
2200	   0	79.3	79.3	 735	OK
2201	   0	82.3	82.3	 567	OK
2202	   0	79.6	79.6	 732	OK
2203	   0	85.3	85.3	 607	OK
2204	   0	85.8	85.8	 630	OK
2205	   0	83.4	83.4	 708	OK
2206	   0	90.6	90.6	 594	OK
2207	   0	81.7	81.7	 701	OK
2208	   0	82.4	82.4	 651	OK
2209	   0	83.7	83.7	 562	OK
2210	   0	82.5	82.5	 611	OK
2211	   0	94.6	94.6	 641	OK
2212	   0	77.8	77.8	 621	OK
2213	   0	87.6	87.6	 543	OK
2214	   0	89.0	89.0	 571	OK
2215	4000	91.1	91.1	 840	high noise
2216	   0	80.1	80.1	 638	OK
2217	   0	81.6	81.6	 701	OK
2218	   0	81.0	81.0	 655	OK
2219	4000	82.1	82.1	 786	high noise
2220	   0	83.5	83.5	 715	OK
2221	   0	79.8	79.8	 562	OK
2222	   0	81.9	81.9	 655	OK
2223	4000	86.3	86.3	 775	high noise
2224	1000	81.7	81.7	 536	unbonded
2225	   0	78.9	78.9	 667	OK
2226	   0	85.4	85.4	 641	OK
2227	   0	85.9	85.9	 644	OK
2228	   0	85.8	85.8	 580	OK
2229	4000	87.5	87.5	 756	high noise
2230	1000	90.6	90.6	 516	unbonded
2231	   0	83.7	83.7	 627	OK
2232	   0	87.8	87.8	 686	OK
2233	   0	86.4	86.4	 623	OK
2234	   0	80.5	80.5	 710	OK
2235	   0	83.3	83.3	 628	OK
2236	4000	77.0	77.0	 769	high noise
2237	   0	90.7	90.7	 707	OK
2238	   0	88.4	88.4	 713	OK
2239	   0	91.3	91.3	 598	OK
2240	   0	75.2	75.2	 671	OK
2241	   0	81.4	81.4	 554	OK
2242	   0	85.5	85.5	 642	OK
2243	   0	80.3	80.3	 639	OK
2244	   0	94.2	94.2	 670	OK
2245	1000	82.3	82.3	 507	unbonded
2246	   0	94.3	94.3	 665	OK
2247	1000	83.9	83.9	 525	unbonded
2248	   0	79.4	79.4	 691	OK
2249	   0	85.3	85.3	 542	OK
2250	   0	75.9	75.9	 751	OK
2251	   0	88.0	88.0	 570	OK
2252	   0	87.4	87.4	 678	OK
2253	   0	82.5	82.5	 658	OK
2254	   0	84.3	84.3	 654	OK
2255	   0	78.0	78.0	 576	OK
2256	   0	89.3	89.3	 745	OK
2257	   0	78.4	78.4	 676	OK
2258	   0	80.0	80.0	 631	OK
2259	   0	88.8	88.8	 673	OK
2260	   0	82.9	82.9	 652	OK
2261	   0	89.8	89.8	 748	OK
2262	   0	85.5	85.5	 638	OK
2263	   0	84.1	84.1	 686	OK
2264	   0	82.4	82.4	 581	OK
2265	   0	82.1	82.1	 728	OK
2266	   0	85.8	85.8	 594	OK
2267	   0	85.6	85.6	 737	OK
2268	   0	78.0	78.0	 675	OK
2269	   0	82.3	82.3	 706	OK
2270	   0	84.1	84.1	 589	OK
2271	4000	79.1	79.1	 760	high noise
2272	   0	85.1	85.1	 557	OK
2273	   0	85.6	85.6	 716	OK
2274	   0	85.7	85.7	 596	OK
2275	   0	81.1	81.1	 749	OK
2276	   0	85.1	85.1	 691	OK
2277	   0	89.9	89.9	 633	OK
2278	   0	85.1	85.1	 658	OK
2279	   0	77.8	77.8	 632	OK
2280	   0	84.8	84.8	 593	OK
2281	   0	90.5	90.5	 683	OK
2282	1000	93.1	93.1	 528	unbonded
2283	   0	85.5	85.5	 746	OK
2284	   0	81.0	81.0	 720	OK
2285	   0	83.7	83.7	 602	OK
2286	4000	82.0	82.0	 770	high noise
2287	   0	86.1	86.1	 641	OK
2288	1000	89.1	89.1	 515	unbonded
2289	   0	85.9	85.9	 646	OK
2290	   0	76.9	76.9	 569	OK
2291	   0	88.2	88.2	 671	OK
2292	   0	81.5	81.5	 734	OK
2293	   0	82.9	82.9	 660	OK
2294	   0	80.1	80.1	 569	OK
2295	1000	86.1	86.1	 524	unbonded
2296	   0	89.6	89.6	 612	OK
2297	   0	84.1	84.1	 590	OK
2298	   0	84.7	84.7	 644	OK
2299	   0	83.0	83.0	 667	OK
2300	   0	81.0	81.0	 683	OK
2301	   0	80.3	80.3	 716	OK
2302	   0	82.6	82.6	 640	OK
2303	4000	83.7	83.7	 810	high noise
2304	   0	76.2	76.2	 680	OK
2305	   0	77.1	77.1	 803	OK
2306	   0	68.3	68.3	 667	OK
2307	   0	78.1	78.1	 678	OK
2308	   0	75.9	75.9	 734	OK
2309	   0	80.2	80.2	 738	OK
2310	   0	73.5	73.5	 634	OK
2311	   0	69.5	69.5	 760	OK
2312	   0	76.7	76.7	 587	OK
2313	   0	82.6	82.6	 758	OK
2314	   0	79.3	79.3	 652	OK
2315	   0	76.5	76.5	 794	OK
2316	4000	69.9	69.9	 859	high noise
2317	   0	77.8	77.8	 780	OK
2318	   0	85.9	85.9	 604	OK
2319	4000	70.1	70.1	 821	high noise
2320	   0	84.9	84.9	 781	OK
2321	   0	85.9	85.9	 674	OK
2322	   0	79.6	79.6	 715	OK
2323	   0	72.6	72.6	 708	OK
2324	   0	83.7	83.7	 659	OK
2325	   0	81.9	81.9	 815	OK
2326	   0	75.4	75.4	 675	OK
2327	   0	77.3	77.3	 637	OK
2328	   0	74.9	74.9	 784	OK
2329	   0	71.4	71.4	 687	OK
2330	   0	82.6	82.6	 738	OK
2331	   0	78.1	78.1	 791	OK
2332	   0	78.0	78.0	 766	OK
2333	   0	68.2	68.2	 675	OK
2334	   0	76.4	76.4	 692	OK
2335	4000	72.0	72.0	 826	high noise
2336	   0	80.7	80.7	 684	OK
2337	   0	81.2	81.2	 768	OK
2338	   0	75.0	75.0	 657	OK
2339	   0	74.2	74.2	 675	OK
2340	   0	74.3	74.3	 625	OK
2341	   0	74.4	74.4	 745	OK
2342	   0	79.6	79.6	 627	OK
2343	   0	72.0	72.0	 783	OK
2344	   0	77.8	77.8	 544	OK
2345	   0	76.0	76.0	 606	OK
2346	   0	79.1	79.1	 575	OK
2347	   0	79.4	79.4	 626	OK
2348	   0	78.2	78.2	 688	OK
2349	   0	87.2	87.2	 789	OK
2350	   0	76.4	76.4	 700	OK
2351	   0	80.1	80.1	 681	OK
2352	   0	76.0	76.0	 663	OK
2353	   0	80.0	80.0	 637	OK
2354	1000	79.8	79.8	 446	unbonded
2355	   0	74.4	74.4	 767	OK
2356	   0	76.1	76.1	 584	OK
2357	   0	74.9	74.9	 625	OK
2358	   0	78.6	78.6	 629	OK
2359	   0	78.3	78.3	 729	OK
2360	   0	72.8	72.8	 666	OK
2361	   0	86.3	86.3	 695	OK
2362	   0	73.2	73.2	 593	OK
2363	   0	84.1	84.1	 744	OK
2364	   0	84.5	84.5	 714	OK
2365	   0	75.4	75.4	 807	OK
2366	   0	78.7	78.7	 557	OK
2367	   0	79.2	79.2	 753	OK
2368	   0	83.2	83.2	 769	OK
2369	   0	79.3	79.3	 740	OK
2370	   0	77.4	77.4	 778	OK
2371	   0	77.1	77.1	 676	OK
2372	   0	72.4	72.4	 645	OK
2373	   0	81.6	81.6	 807	OK
2374	   0	78.7	78.7	 799	OK
2375	   0	74.1	74.1	 783	OK
2376	   0	82.5	82.5	 672	OK
2377	   0	74.8	74.8	 603	OK
2378	   0	79.8	79.8	 759	OK
2379	4000	77.2	77.2	 847	high noise
2380	   0	84.1	84.1	 625	OK
2381	   0	84.4	84.4	 763	OK
2382	   0	85.2	85.2	 762	OK
2383	   0	85.9	85.9	 813	OK
2384	4000	78.4	78.4	 842	high noise
2385	   0	89.5	89.5	 648	OK
2386	4000	70.2	70.2	 966	high noise
2387	   0	71.2	71.2	 649	OK
2388	   0	83.0	83.0	 729	OK
2389	4000	75.8	75.8	 884	high noise
2390	   0	74.9	74.9	 714	OK
2391	   0	70.6	70.6	 624	OK
2392	   0	76.6	76.6	 601	OK
2393	   0	75.1	75.1	 737	OK
2394	   0	77.5	77.5	 754	OK
2395	   0	75.3	75.3	 591	OK
2396	   0	75.3	75.3	 809	OK
2397	   0	79.6	79.6	 631	OK
2398	   0	78.6	78.6	 705	OK
2399	   0	73.6	73.6	 747	OK
2400	   0	75.2	75.2	 812	OK
2401	   0	75.2	75.2	 600	OK
2402	   0	72.6	72.6	 673	OK
2403	   0	73.3	73.3	 729	OK
2404	   0	80.1	80.1	 654	OK
2405	   0	73.3	73.3	 760	OK
2406	1000	76.3	76.3	 536	unbonded
2407	   0	79.5	79.5	 664	OK
2408	   0	81.2	81.2	 548	OK
2409	   0	72.6	72.6	 732	OK
2410	   0	87.0	87.0	 746	OK
2411	   0	74.7	74.7	 801	OK
2412	   0	76.0	76.0	 652	OK
2413	   0	79.0	79.0	 768	OK
2414	   0	73.3	73.3	 677	OK
2415	   0	84.4	84.4	 706	OK
2416	   0	72.5	72.5	 761	OK
2417	   0	86.6	86.6	 611	OK
2418	   0	74.5	74.5	 776	OK
2419	   0	73.5	73.5	 710	OK
2420	   0	80.1	80.1	 759	OK
2421	   0	77.2	77.2	 552	OK
2422	   0	73.7	73.7	 797	OK
2423	   0	72.2	72.2	 680	OK
2424	4000	78.9	78.9	 819	high noise
2425	   0	75.5	75.5	 681	OK
2426	   0	74.5	74.5	 805	OK
2427	   0	77.2	77.2	 718	OK
2428	   0	83.4	83.4	 615	OK
2429	   0	75.9	75.9	 712	OK
2430	4000	76.4	76.4	 826	high noise
2431	   0	72.0	72.0	 804	OK
2432	   0	86.5	86.5	 634	OK
2433	   0	91.8	91.8	 682	OK
2434	   0	90.9	90.9	 579	OK
2435	   0	82.9	82.9	 709	OK
2436	1000	85.0	85.0	 524	unbonded
2437	   0	89.3	89.3	 584	OK
2438	4000	88.2	88.2	 803	high noise
2439	4000	86.1	86.1	 800	high noise
2440	   0	90.1	90.1	 545	OK
2441	4000	86.9	86.9	 755	high noise
2442	   0	95.0	95.0	 549	OK
2443	   0	95.3	95.3	 554	OK
2444	   0	83.8	83.8	 613	OK
2445	   0	92.2	92.2	 597	OK
2446	   0	90.7	90.7	 597	OK
2447	   0	88.9	88.9	 594	OK
2448	1000	84.5	84.5	 414	unbonded
2449	   0	87.4	87.4	 560	OK
2450	   0	90.4	90.4	 569	OK
2451	   0	94.3	94.3	 688	OK
2452	   0	87.1	87.1	 617	OK
2453	   0	84.2	84.2	 573	OK
2454	   0	86.5	86.5	 544	OK
2455	   0	85.0	85.0	 666	OK
2456	   0	88.9	88.9	 701	OK
2457	   0	84.6	84.6	 607	OK
2458	4000	93.5	93.5	 714	high noise
2459	   0	81.9	81.9	 596	OK
2460	   0	83.9	83.9	 684	OK
2461	   0	88.2	88.2	 656	OK
2462	1000	88.3	88.3	 480	unbonded
2463	   0	85.0	85.0	 660	OK
2464	   0	88.6	88.6	 558	OK
2465	4000	85.9	85.9	 715	high noise
2466	   0	89.4	89.4	 584	OK
2467	4000	85.8	85.8	 724	high noise
2468	   0	94.5	94.5	 580	OK
2469	   0	92.0	92.0	 577	OK
2470	   0	88.4	88.4	 623	OK
2471	   0	87.7	87.7	 670	OK
2472	   0	88.2	88.2	 639	OK
2473	   0	87.8	87.8	 577	OK
2474	1000	93.1	93.1	 492	unbonded
2475	1000	89.6	89.6	 494	unbonded
2476	   0	87.0	87.0	 632	OK
2477	   0	87.2	87.2	 595	OK
2478	   0	94.2	94.2	 575	OK
2479	4000	91.0	91.0	 760	high noise
2480	   0	93.4	93.4	 613	OK
2481	   0	92.5	92.5	 660	OK
2482	1000	91.8	91.8	 526	unbonded
2483	   0	90.2	90.2	 549	OK
2484	   0	89.0	89.0	 592	OK
2485	   0	83.7	83.7	 601	OK
2486	1000	96.7	96.7	 527	unbonded
2487	   0	85.1	85.1	 573	OK
2488	   0	92.4	92.4	 556	OK
2489	   0	97.2	97.2	 660	OK
2490	   0	91.0	91.0	 684	OK
2491	   0	88.4	88.4	 601	OK
2492	   0	84.9	84.9	 573	OK
2493	1000	90.0	90.0	 537	unbonded
2494	   0	95.7	95.7	 605	OK
2495	1000	94.2	94.2	 539	unbonded
2496	   0	91.0	91.0	 686	OK
2497	   0	95.9	95.9	 693	OK
2498	   0	93.7	93.7	 604	OK
2499	   0	86.8	86.8	 710	OK
2500	   0	83.9	83.9	 588	OK
2501	   0	84.2	84.2	 641	OK
2502	   0	89.8	89.8	 617	OK
2503	   0	89.8	89.8	 564	OK
2504	1000	91.3	91.3	 535	unbonded
2505	   0	87.0	87.0	 545	OK
2506	   0	96.4	96.4	 564	OK
2507	   0	89.8	89.8	 618	OK
2508	   0	84.4	84.4	 697	OK
2509	1000	90.6	90.6	 531	unbonded
2510	4000	86.3	86.3	 738	high noise
2511	   0	83.0	83.0	 657	OK
2512	   0	84.5	84.5	 616	OK
2513	4000	86.3	86.3	 713	high noise
2514	1000	87.9	87.9	 492	unbonded
2515	4000	93.3	93.3	 790	high noise
2516	   0	93.4	93.4	 560	OK
2517	4000	86.8	86.8	 749	high noise
2518	   0	92.3	92.3	 619	OK
2519	   0	89.6	89.6	 677	OK
2520	   0	93.7	93.7	 684	OK
2521	   0	86.7	86.7	 595	OK
2522	   0	94.7	94.7	 628	OK
2523	   0	89.0	89.0	 703	OK
2524	   0	91.5	91.5	 590	OK
2525	   0	86.0	86.0	 570	OK
2526	   0	92.6	92.6	 627	OK
2527	   0	88.8	88.8	 629	OK
2528	   0	88.6	88.6	 667	OK
2529	4000	86.7	86.7	 758	high noise
2530	   0	90.3	90.3	 654	OK
2531	   0	82.8	82.8	 570	OK
2532	   0	94.4	94.4	 649	OK
2533	   0	83.8	83.8	 692	OK
2534	   0	93.3	93.3	 652	OK
2535	   0	87.6	87.6	 661	OK
2536	1000	93.3	93.3	 531	unbonded
2537	1000	86.7	86.7	 535	unbonded
2538	   0	88.2	88.2	 633	OK
2539	   0	86.4	86.4	 599	OK
2540	   0	90.1	90.1	 637	OK
2541	   0	95.5	95.5	 668	OK
2542	   0	92.9	92.9	 671	OK
2543	   0	86.5	86.5	 613	OK
2544	   0	92.6	92.6	 570	OK
2545	   0	91.9	91.9	 687	OK
2546	   0	91.8	91.8	 620	OK
2547	   0	91.1	91.1	 712	OK
2548	1000	86.7	86.7	 514	unbonded
2549	   0	90.9	90.9	 666	OK
2550	   0	86.6	86.6	 550	OK
2551	   0	87.3	87.3	 676	OK
2552	   0	84.2	84.2	 552	OK
2553	4000	89.9	89.9	 713	high noise
2554	   0	87.1	87.1	 674	OK
2555	   0	95.5	95.5	 551	OK
2556	   0	85.8	85.8	 604	OK
2557	   0	86.1	86.1	 548	OK
2558	   0	92.1	92.1	 564	OK
2559	   0	92.8	92.8	 640	OK
