#chan	code	gain	offset	innse	comment
   0	   0	74.6	73.1	 683	OK
   1	   0	75.5	70.2	 701	OK
   2	   0	74.2	72.2	 696	OK
   3	   0	74.5	71.2	 729	OK
   4	   0	67.7	81.3	 744	OK
   5	   0	71.9	75.9	 750	OK
   6	   0	71.0	75.9	 756	OK
   7	   0	68.3	81.4	 722	OK
   8	   0	76.7	70.8	 731	OK
   9	1101	0.0	0.0	   0	dead
  10	   0	72.9	75.6	 720	OK
  11	   0	70.6	78.3	 775	OK
  12	   0	72.6	72.9	 701	OK
  13	   0	72.2	74.5	 721	OK
  14	   0	73.7	73.4	 744	OK
  15	   0	76.7	69.5	 705	OK
  16	   0	78.2	67.3	 679	OK
  17	   0	76.1	71.3	 737	OK
  18	   0	71.9	76.6	 729	OK
  19	   0	76.4	71.5	 668	OK
  20	   0	74.7	72.6	 737	OK
  21	   0	74.6	71.7	 721	OK
  22	   0	71.4	78.9	 735	OK
  23	   0	70.7	76.4	 784	OK
  24	   0	79.9	67.2	 738	OK
  25	   0	70.7	77.2	 777	OK
  26	   0	70.7	77.6	 773	OK
  27	   0	73.5	75.7	 783	OK
  28	   0	74.6	73.8	 760	OK
  29	   0	78.4	67.2	 749	OK
  30	   0	68.7	81.0	 801	OK
  31	   0	70.7	77.6	 776	OK
  32	   0	74.9	74.2	 776	OK
  33	   0	69.3	80.5	 747	OK
  34	   0	78.8	67.6	 724	OK
  35	   0	74.7	71.6	 749	OK
  36	   0	72.0	77.2	 757	OK
  37	   0	74.2	73.0	 742	OK
  38	   0	75.9	69.8	 723	OK
  39	   0	71.0	75.3	 744	OK
  40	   0	82.5	63.2	 748	OK
  41	   0	74.2	73.9	 769	OK
  42	   0	72.9	76.2	 768	OK
  43	   0	70.5	76.5	 790	OK
  44	   0	72.0	77.3	 758	OK
  45	   0	81.6	64.9	 695	OK
  46	   0	77.9	69.4	 743	OK
  47	   0	69.9	77.1	 762	OK
  48	   0	71.0	76.2	 797	OK
  49	   0	73.1	75.6	 817	OK
  50	   0	73.7	73.5	 765	OK
  51	   0	75.5	70.7	 719	OK
  52	   0	74.8	72.0	 763	OK
  53	   0	75.0	74.2	 776	OK
  54	   0	73.5	74.5	 753	OK
  55	   0	75.2	71.7	 780	OK
  56	   0	75.0	72.1	 748	OK
  57	   0	76.2	71.8	 734	OK
  58	   0	72.5	77.2	 786	OK
  59	   0	75.8	70.7	 796	OK
  60	   0	69.9	76.8	 829	OK
  61	   0	70.7	77.7	 810	OK
  62	   0	73.1	74.6	 773	OK
  63	   0	72.2	74.8	 770	OK
  64	   0	73.5	73.4	 743	OK
  65	   0	73.8	75.0	 774	OK
  66	   0	75.8	71.3	 769	OK
  67	   0	80.1	64.1	 704	OK
  68	   0	74.8	72.5	 763	OK
  69	   0	71.4	76.7	 757	OK
  70	   0	70.9	76.1	 774	OK
  71	   0	77.9	67.7	 712	OK
  72	   0	69.6	77.6	 782	OK
  73	   0	75.8	73.0	 773	OK
  74	   0	74.0	74.1	 812	OK
  75	   0	76.7	70.5	 758	OK
  76	   0	78.5	70.3	 784	OK
  77	   0	66.6	83.2	 835	OK
  78	   0	70.3	77.6	 744	OK
  79	   0	75.9	72.5	 758	OK
  80	   0	74.8	71.4	 787	OK
  81	   0	74.6	73.1	 765	OK
  82	   0	75.0	73.3	 737	OK
  83	   0	64.3	85.3	 817	OK
  84	   0	73.7	74.5	 817	OK
  85	   0	75.9	71.3	 795	OK
  86	   0	79.4	66.4	 770	OK
  87	   0	72.5	75.1	 806	OK
  88	   0	68.7	78.6	 797	OK
  89	   0	66.5	81.4	 773	OK
  90	   0	73.0	74.4	 788	OK
  91	   0	68.7	78.0	 764	OK
  92	   0	72.2	77.5	 745	OK
  93	   0	73.2	73.7	 796	OK
  94	   0	69.9	80.3	 772	OK
  95	   0	69.7	76.0	 825	OK
  96	   0	70.3	79.3	 741	OK
  97	1101	0.0	0.0	   0	dead
  98	   0	66.6	81.0	 772	OK
  99	   0	70.7	76.6	 807	OK
 100	   0	70.4	77.9	 810	OK
 101	   0	72.2	77.2	 759	OK
 102	   0	74.3	74.1	 774	OK
 103	   0	68.1	78.8	 785	OK
 104	   0	75.4	72.2	 716	OK
 105	   0	73.1	75.9	 729	OK
 106	   0	72.5	75.1	 756	OK
 107	   0	72.5	75.9	 798	OK
 108	   0	73.2	76.9	 757	OK
 109	   0	65.9	84.9	 802	OK
 110	   0	68.1	81.5	 742	OK
 111	   0	73.4	74.2	 762	OK
 112	   0	78.7	69.0	 731	OK
 113	   0	77.4	69.6	 764	OK
 114	   0	75.5	71.9	 788	OK
 115	   0	73.7	73.7	 807	OK
 116	   0	76.9	69.7	 739	OK
 117	   0	74.8	74.1	 731	OK
 118	   0	79.0	66.5	 742	OK
 119	   0	75.1	71.1	 734	OK
 120	   0	73.1	74.4	 789	OK
 121	   0	68.9	78.2	 782	OK
 122	   0	72.2	73.9	 806	OK
 123	   0	69.2	78.5	 811	OK
 124	   0	73.7	74.7	 749	OK
 125	   0	81.9	62.8	 742	OK
 126	   0	71.3	75.5	 798	OK
 127	   0	79.7	67.6	 744	OK
 128	   0	76.8	68.6	 726	OK
 129	   0	75.8	72.8	 735	OK
 130	   0	75.6	73.1	 753	OK
 131	   0	77.6	71.1	 735	OK
 132	   0	76.0	70.1	 706	OK
 133	   0	81.4	63.6	 705	OK
 134	   0	79.3	65.7	 701	OK
 135	   0	77.6	69.8	 714	OK
 136	   0	80.6	66.4	 712	OK
 137	   0	81.6	63.0	 685	OK
 138	   0	75.4	70.6	 751	OK
 139	   0	78.6	69.4	 718	OK
 140	   0	77.2	70.9	 718	OK
 141	   0	75.0	72.2	 731	OK
 142	   0	78.8	67.1	 738	OK
 143	   0	72.5	74.9	 728	OK
 144	   0	81.7	64.3	 670	OK
 145	   0	82.8	65.3	 699	OK
 146	   0	77.4	69.0	 711	OK
 147	   0	77.7	68.7	 749	OK
 148	   0	71.7	77.6	 742	OK
 149	   0	73.8	75.3	 749	OK
 150	   0	81.3	67.0	 691	OK
 151	   0	78.7	68.6	 717	OK
 152	   0	80.7	65.2	 707	OK
 153	   0	78.3	68.4	 708	OK
 154	   0	77.0	71.0	 706	OK
 155	   0	72.6	75.6	 738	OK
 156	   0	74.7	74.1	 745	OK
 157	   0	80.4	64.7	 684	OK
 158	   0	72.1	78.1	 737	OK
 159	   0	79.2	65.2	 707	OK
 160	   0	74.6	71.6	 750	OK
 161	   0	77.5	70.6	 712	OK
 162	   0	73.5	72.9	 718	OK
 163	   0	74.7	74.0	 723	OK
 164	   0	81.8	66.0	 697	OK
 165	   0	73.5	73.7	 736	OK
 166	   0	78.9	67.0	 702	OK
 167	   0	77.3	72.3	 709	OK
 168	   0	77.0	71.9	 714	OK
 169	   0	75.5	72.4	 716	OK
 170	   0	78.6	67.8	 697	OK
 171	   0	76.2	69.7	 715	OK
 172	   0	80.8	66.2	 731	OK
 173	   0	76.4	69.7	 707	OK
 174	   0	76.0	72.4	 740	OK
 175	   0	73.9	75.8	 736	OK
 176	   0	76.6	71.1	 697	OK
 177	   0	73.9	75.6	 736	OK
 178	   0	70.9	78.9	 714	OK
 179	   0	69.3	79.9	 768	OK
 180	   0	77.0	71.6	 680	OK
 181	   0	75.3	73.7	 689	OK
 182	   0	75.4	71.8	 718	OK
 183	   0	78.7	66.3	 759	OK
 184	   0	74.7	74.6	 702	OK
 185	   0	73.4	75.5	 752	OK
 186	   0	75.1	70.8	 765	OK
 187	   0	78.8	67.8	 700	OK
 188	   0	82.7	61.8	 646	OK
 189	   0	76.3	70.8	 682	OK
 190	   0	78.8	68.6	 670	OK
 191	   0	73.5	73.6	 700	OK
 192	   0	85.6	59.2	 677	OK
 193	   0	76.2	71.7	 722	OK
 194	   0	77.7	69.6	 713	OK
 195	   0	75.5	70.2	 722	OK
 196	   0	75.5	70.3	 754	OK
 197	   0	79.2	65.5	 694	OK
 198	   0	82.1	62.6	 684	OK
 199	   0	72.2	74.3	 739	OK
 200	   0	75.5	70.1	 720	OK
 201	   0	84.4	62.0	 670	OK
 202	   0	76.8	69.5	 691	OK
 203	   0	74.9	74.0	 707	OK
 204	   0	72.4	74.9	 728	OK
 205	   0	75.1	74.3	 730	OK
 206	   0	77.1	72.0	 711	OK
 207	   0	79.8	66.3	 698	OK
 208	   0	73.9	74.7	 687	OK
 209	   0	76.8	69.5	 717	OK
 210	   0	75.6	72.5	 733	OK
 211	   0	80.5	65.0	 661	OK
 212	   0	79.6	68.8	 717	OK
 213	   0	72.2	75.7	 731	OK
 214	   0	75.8	70.1	 754	OK
 215	   0	77.6	68.2	 717	OK
 216	   0	71.5	77.8	 703	OK
 217	   0	75.9	73.0	 739	OK
 218	   0	80.6	66.7	 704	OK
 219	   0	68.6	79.1	 735	OK
 220	   0	74.9	71.4	 732	OK
 221	   0	73.7	74.9	 740	OK
 222	   0	78.0	69.2	 713	OK
 223	   0	78.5	68.9	 710	OK
 224	   0	76.8	70.6	 695	OK
 225	   0	77.4	69.2	 713	OK
 226	   0	74.9	72.7	 715	OK
 227	   0	76.2	71.8	 711	OK
 228	   0	82.0	66.9	 717	OK
 229	   0	74.5	71.7	 744	OK
 230	   0	77.2	71.9	 721	OK
 231	   0	71.3	77.2	 761	OK
 232	   0	74.9	72.2	 691	OK
 233	   0	76.3	72.1	 674	OK
 234	   0	70.9	75.6	 735	OK
 235	   0	78.3	67.9	 697	OK
 236	   0	75.3	73.8	 703	OK
 237	   0	74.7	73.7	 697	OK
 238	   0	75.6	74.1	 732	OK
 239	   0	73.1	75.8	 739	OK
 240	1101	0.0	0.0	   0	dead
 241	   0	72.3	77.4	 718	OK
 242	   0	76.9	70.3	 707	OK
 243	   0	79.5	69.3	 692	OK
 244	   0	77.3	68.4	 705	OK
 245	   0	69.3	78.3	 715	OK
 246	   0	79.5	66.1	 685	OK
 247	   0	80.2	68.6	 710	OK
 248	   0	74.6	71.6	 746	OK
 249	   0	75.3	71.6	 709	OK
 250	   0	72.9	74.3	 733	OK
 251	   0	78.2	68.1	 649	OK
 252	   0	81.6	64.4	 707	OK
 253	   0	72.1	76.4	 723	OK
 254	   0	74.6	73.3	 726	OK
 255	   0	73.0	77.2	 727	OK
 256	   0	84.5	59.3	 666	OK
 257	   0	84.6	62.5	 671	OK
 258	   0	77.8	68.8	 696	OK
 259	   0	86.6	57.7	 647	OK
 260	   0	86.1	61.0	 671	OK
 261	   0	85.7	59.8	 682	OK
 262	   0	87.0	58.4	 661	OK
 263	   0	83.8	60.3	 709	OK
 264	   0	87.8	57.3	 638	OK
 265	   0	79.7	64.1	 670	OK
 266	   0	80.4	64.7	 717	OK
 267	   0	87.9	58.4	 655	OK
 268	   0	84.4	63.1	 692	OK
 269	   0	84.4	58.9	 658	OK
 270	   0	92.8	51.0	 619	OK
 271	   0	79.4	69.5	 677	OK
 272	   0	84.9	59.7	 667	OK
 273	   0	81.1	66.7	 634	OK
 274	   0	89.1	54.8	 646	OK
 275	   0	91.9	51.6	 635	OK
 276	   0	91.7	53.2	 623	OK
 277	   0	83.2	62.6	 677	OK
 278	   0	83.6	62.5	 667	OK
 279	   0	86.7	59.3	 657	OK
 280	   0	83.1	61.7	 674	OK
 281	   0	80.9	65.2	 679	OK
 282	   0	81.9	63.7	 693	OK
 283	   0	87.3	57.0	 604	OK
 284	   0	86.7	58.3	 693	OK
 285	   0	80.8	65.6	 720	OK
 286	4000	84.2	60.2	 851	high noise
 287	   0	87.6	56.3	 666	OK
 288	   0	82.1	62.7	 639	OK
 289	   0	78.2	70.7	 701	OK
 290	   0	89.1	57.2	 636	OK
 291	   0	84.0	61.9	 681	OK
 292	   0	88.6	55.4	 679	OK
 293	   0	86.8	57.9	 671	OK
 294	   0	88.9	55.5	 657	OK
 295	   0	81.3	65.3	 692	OK
 296	   0	80.4	65.7	 677	OK
 297	   0	85.8	60.7	 684	OK
 298	   0	87.1	58.7	 670	OK
 299	   0	94.8	49.7	 621	OK
 300	   0	83.0	62.3	 646	OK
 301	   0	84.6	61.6	 656	OK
 302	   0	83.1	63.9	 659	OK
 303	   0	87.8	56.4	 648	OK
 304	   0	84.8	61.4	 650	OK
 305	   0	90.7	52.0	 686	OK
 306	   0	86.0	59.7	 741	OK
 307	   0	82.0	64.0	 670	OK
 308	   0	89.8	55.6	 686	OK
 309	   0	80.1	67.6	 674	OK
 310	   0	80.7	67.1	 699	OK
 311	   0	89.5	55.4	 674	OK
 312	   0	81.3	66.4	 678	OK
 313	   0	90.0	54.1	 641	OK
 314	   0	82.0	64.2	 670	OK
 315	   0	84.5	61.2	 668	OK
 316	   0	87.8	58.3	 691	OK
 317	   0	91.5	52.8	 622	OK
 318	   0	86.4	57.6	 726	OK
 319	   0	83.1	63.9	 651	OK
 320	   0	92.1	50.1	 668	OK
 321	   0	92.0	50.8	 682	OK
 322	   0	85.5	59.3	 684	OK
 323	   0	83.6	62.6	 690	OK
 324	   0	82.2	63.1	 732	OK
 325	   0	78.7	68.0	 693	OK
 326	   0	83.2	63.8	 673	OK
 327	   0	86.1	60.5	 664	OK
 328	   0	86.0	59.5	 651	OK
 329	   0	79.4	66.2	 719	OK
 330	   0	80.3	66.6	 695	OK
 331	   0	81.5	62.7	 705	OK
 332	   0	87.7	56.9	 668	OK
 333	   0	82.6	63.3	 682	OK
 334	   0	87.6	59.0	 650	OK
 335	   0	85.0	59.8	 655	OK
 336	   0	86.4	57.8	 674	OK
 337	   0	75.9	72.7	 694	OK
 338	   0	77.6	67.9	 710	OK
 339	   0	87.2	57.5	 650	OK
 340	   0	83.1	60.4	 734	OK
 341	   0	89.7	57.0	 634	OK
 342	   0	88.5	53.9	 638	OK
 343	   0	81.8	63.3	 695	OK
 344	   0	90.7	53.8	 665	OK
 345	   0	88.3	57.3	 627	OK
 346	   0	82.1	61.4	 692	OK
 347	   0	83.1	61.8	 644	OK
 348	   0	82.9	62.1	 688	OK
 349	   0	85.9	58.2	 661	OK
 350	   0	88.5	55.7	 685	OK
 351	   0	91.7	50.7	 636	OK
 352	   0	85.3	58.8	 712	OK
 353	   0	90.4	53.8	 720	OK
 354	   0	83.2	61.1	 684	OK
 355	   0	86.5	59.9	 677	OK
 356	   0	83.3	60.4	 692	OK
 357	   0	85.2	61.4	 697	OK
 358	   0	83.5	63.0	 675	OK
 359	   0	87.3	57.6	 672	OK
 360	   0	94.4	47.1	 672	OK
 361	   0	85.1	61.8	 649	OK
 362	   0	81.0	64.9	 653	OK
 363	   0	89.2	56.7	 695	OK
 364	   0	87.6	56.2	 653	OK
 365	   0	85.0	60.3	 662	OK
 366	   0	89.1	53.9	 656	OK
 367	   0	83.5	61.5	 673	OK
 368	   0	83.1	64.9	 716	OK
 369	   0	82.9	63.6	 693	OK
 370	   0	81.8	64.7	 657	OK
 371	   0	86.9	57.0	 681	OK
 372	   0	86.0	58.9	 681	OK
 373	   0	82.4	62.8	 679	OK
 374	   0	79.8	64.8	 701	OK
 375	   0	87.9	59.3	 648	OK
 376	   0	87.9	57.6	 672	OK
 377	   0	73.3	73.7	 738	OK
 378	   0	88.9	55.5	 658	OK
 379	   0	86.5	60.6	 630	OK
 380	   0	84.1	63.3	 660	OK
 381	   0	86.0	59.8	 690	OK
 382	   0	82.0	63.3	 667	OK
 383	   0	82.4	65.3	 666	OK
 384	   0	89.8	56.9	 668	OK
 385	   0	94.1	50.2	 683	OK
 386	   0	86.2	59.7	 696	OK
 387	   0	84.9	61.7	 680	OK
 388	   0	81.2	66.5	 647	OK
 389	   0	88.7	57.6	 654	OK
 390	   0	84.8	60.2	 646	OK
 391	   0	88.7	55.7	 680	OK
 392	   0	92.6	49.6	 667	OK
 393	   0	89.5	57.0	 640	OK
 394	   0	87.1	59.3	 632	OK
 395	   0	86.2	57.7	 685	OK
 396	   0	79.7	67.0	 706	OK
 397	   0	88.8	57.4	 652	OK
 398	   0	88.8	53.8	 670	OK
 399	   0	87.2	56.9	 638	OK
 400	   0	78.9	65.5	 730	OK
 401	   0	81.1	65.5	 684	OK
 402	   0	93.1	50.9	 646	OK
 403	   0	87.8	57.0	 659	OK
 404	   0	80.4	65.2	 683	OK
 405	   0	80.2	66.0	 709	OK
 406	   0	83.0	64.3	 657	OK
 407	   0	81.3	64.6	 693	OK
 408	   0	84.8	61.2	 679	OK
 409	   0	87.4	58.9	 698	OK
 410	   0	84.4	62.6	 675	OK
 411	   0	81.2	65.2	 669	OK
 412	   0	83.2	62.5	 656	OK
 413	   0	86.0	57.9	 670	OK
 414	   0	81.2	65.2	 717	OK
 415	   0	89.3	55.4	 648	OK
 416	   0	81.9	63.2	 710	OK
 417	   0	88.4	57.4	 661	OK
 418	   0	78.9	68.6	 688	OK
 419	   0	82.8	65.6	 656	OK
 420	   0	82.5	61.5	 692	OK
 421	   0	85.7	60.4	 667	OK
 422	   0	79.3	68.3	 727	OK
 423	   0	86.4	56.7	 670	OK
 424	   0	89.1	56.2	 672	OK
 425	   0	92.0	52.0	 651	OK
 426	   0	94.8	50.2	 634	OK
 427	   0	81.9	64.3	 677	OK
 428	   0	87.8	59.1	 667	OK
 429	   0	86.6	59.6	 651	OK
 430	   0	90.7	55.5	 676	OK
 431	   0	82.6	63.9	 706	OK
 432	   0	87.0	58.7	 684	OK
 433	   0	87.5	57.1	 627	OK
 434	   0	94.7	47.8	 677	OK
 435	   0	94.9	47.4	 651	OK
 436	   0	86.3	60.3	 697	OK
 437	   0	89.2	56.5	 663	OK
 438	   0	79.0	66.8	 733	OK
 439	   0	84.1	63.6	 652	OK
 440	   0	86.7	58.7	 674	OK
 441	4000	73.3	74.8	 782	high noise
 442	   0	81.9	63.3	 700	OK
 443	   0	85.2	62.0	 670	OK
 444	   0	90.9	53.7	 685	OK
 445	   0	80.6	66.6	 726	OK
 446	   0	89.0	55.8	 679	OK
 447	   0	81.9	62.8	 687	OK
 448	   0	77.8	67.6	 706	OK
 449	   0	95.8	48.5	 648	OK
 450	   0	90.7	52.5	 707	OK
 451	   0	82.3	65.6	 658	OK
 452	   0	79.1	68.9	 703	OK
 453	   0	85.8	61.0	 699	OK
 454	   0	90.0	56.3	 690	OK
 455	   0	91.4	53.8	 630	OK
 456	   0	92.1	51.1	 650	OK
 457	   0	81.8	65.0	 694	OK
 458	   0	84.1	61.0	 696	OK
 459	   0	81.8	64.6	 732	OK
 460	   0	83.4	63.7	 687	OK
 461	   0	85.8	57.9	 732	OK
 462	   0	88.1	58.2	 656	OK
 463	   0	78.2	69.6	 729	OK
 464	   0	87.6	59.1	 655	OK
 465	   0	86.8	57.7	 699	OK
 466	   0	87.9	55.8	 717	OK
 467	   0	87.4	56.6	 711	OK
 468	   0	84.5	62.6	 669	OK
 469	   0	88.6	55.7	 641	OK
 470	   0	89.1	57.2	 668	OK
 471	   0	82.7	63.7	 685	OK
 472	   0	82.6	62.0	 679	OK
 473	   0	86.3	60.0	 691	OK
 474	   0	89.4	56.7	 653	OK
 475	   0	88.0	57.3	 677	OK
 476	   0	86.1	58.8	 650	OK
 477	   0	85.7	62.3	 659	OK
 478	   0	96.2	46.5	 639	OK
 479	   0	88.2	55.6	 644	OK
 480	   0	81.7	63.9	 693	OK
 481	   0	91.6	54.3	 649	OK
 482	   0	89.8	53.7	 663	OK
 483	   0	91.9	53.9	 655	OK
 484	   0	89.7	57.0	 688	OK
 485	   0	86.4	61.0	 638	OK
 486	   0	87.0	56.2	 666	OK
 487	   0	94.9	49.1	 633	OK
 488	   0	86.7	56.1	 692	OK
 489	   0	87.6	58.6	 664	OK
 490	   0	85.9	58.6	 698	OK
 491	   0	76.2	72.3	 680	OK
 492	   0	96.8	45.6	 653	OK
 493	   0	85.2	60.8	 683	OK
 494	   0	89.8	56.1	 697	OK
 495	   0	85.7	58.3	 667	OK
 496	   0	88.3	57.9	 675	OK
 497	   0	81.8	63.4	 712	OK
 498	   0	85.6	60.1	 713	OK
 499	   0	87.9	56.2	 655	OK
 500	   0	90.8	53.6	 667	OK
 501	   0	82.1	65.8	 696	OK
 502	   0	78.7	70.1	 693	OK
 503	   0	85.9	60.9	 672	OK
 504	   0	82.3	64.2	 679	OK
 505	   0	85.4	61.2	 649	OK
 506	   0	90.4	55.4	 626	OK
 507	   0	79.7	66.7	 714	OK
 508	   0	87.8	59.1	 666	OK
 509	   0	85.4	59.4	 660	OK
 510	   0	87.7	56.9	 662	OK
 511	   0	90.2	53.1	 666	OK
 512	   0	81.6	66.8	 714	OK
 513	   0	84.3	60.9	 679	OK
 514	   0	86.2	58.2	 705	OK
 515	   0	82.7	64.9	 681	OK
 516	   0	88.9	55.3	 650	OK
 517	   0	86.2	57.5	 705	OK
 518	   0	83.0	64.0	 700	OK
 519	   0	84.5	62.1	 697	OK
 520	   0	90.4	54.7	 643	OK
 521	   0	80.0	68.1	 703	OK
 522	   0	90.0	53.7	 683	OK
 523	   0	89.0	54.3	 695	OK
 524	   0	84.2	60.4	 637	OK
 525	   0	80.9	66.5	 717	OK
 526	   0	94.6	49.7	 669	OK
 527	   0	82.6	65.0	 682	OK
 528	1101	0.0	0.0	   0	dead
 529	   0	81.7	65.1	 689	OK
 530	   0	85.0	60.3	 691	OK
 531	   0	88.1	58.1	 673	OK
 532	   0	85.2	61.5	 701	OK
 533	   0	89.2	55.5	 695	OK
 534	   0	89.5	55.7	 666	OK
 535	   0	94.1	49.3	 636	OK
 536	   0	88.2	56.6	 676	OK
 537	   0	85.0	61.9	 667	OK
 538	   0	83.6	61.2	 682	OK
 539	   0	74.7	72.4	 734	OK
 540	   0	76.0	71.0	 705	OK
 541	   0	85.7	61.4	 697	OK
 542	   0	84.8	59.2	 681	OK
 543	   0	88.5	55.4	 667	OK
 544	   0	78.1	67.8	 688	OK
 545	   0	85.9	57.9	 670	OK
 546	   0	88.6	57.4	 671	OK
 547	   0	83.8	61.6	 691	OK
 548	   0	80.7	66.7	 719	OK
 549	   0	85.0	62.5	 715	OK
 550	   0	88.0	57.9	 665	OK
 551	   0	81.7	63.9	 715	OK
 552	   0	84.5	60.6	 697	OK
 553	   0	78.8	66.9	 707	OK
 554	   0	83.0	62.8	 680	OK
 555	   0	85.9	60.6	 684	OK
 556	   0	80.3	65.7	 707	OK
 557	   0	87.5	57.9	 658	OK
 558	   0	80.8	67.2	 710	OK
 559	   0	84.3	60.4	 698	OK
 560	   0	84.5	62.5	 676	OK
 561	   0	87.5	58.6	 673	OK
 562	1101	0.0	0.0	   0	dead
 563	   0	82.4	63.2	 692	OK
 564	   0	83.4	62.5	 673	OK
 565	   0	86.3	58.6	 670	OK
 566	   0	86.4	60.1	 639	OK
 567	   0	87.9	57.4	 686	OK
 568	   0	92.3	51.6	 694	OK
 569	   0	84.8	61.7	 677	OK
 570	   0	87.5	58.0	 716	OK
 571	   0	89.1	54.1	 628	OK
 572	   0	86.0	59.1	 673	OK
 573	   0	95.8	47.6	 638	OK
 574	   0	77.2	70.6	 709	OK
 575	   0	81.8	63.6	 658	OK
 576	   0	86.2	58.9	 674	OK
 577	   0	92.8	51.0	 674	OK
 578	   0	87.5	56.7	 710	OK
 579	   0	94.0	50.2	 680	OK
 580	   0	87.3	56.2	 645	OK
 581	   0	88.2	56.0	 672	OK
 582	   0	82.2	62.9	 704	OK
 583	   0	85.2	60.2	 684	OK
 584	   0	85.7	58.3	 677	OK
 585	   0	82.7	62.3	 706	OK
 586	   0	87.4	56.8	 669	OK
 587	   0	91.2	53.4	 667	OK
 588	   0	92.6	50.0	 648	OK
 589	   0	90.6	54.8	 700	OK
 590	   0	90.7	55.1	 666	OK
 591	   0	77.4	71.9	 713	OK
 592	   0	84.4	60.7	 683	OK
 593	   0	85.8	57.4	 703	OK
 594	   0	79.4	66.9	 714	OK
 595	   0	85.2	61.0	 672	OK
 596	   0	86.5	59.6	 721	OK
 597	   0	84.2	60.5	 681	OK
 598	   0	86.3	60.7	 729	OK
 599	   0	81.7	64.3	 713	OK
 600	   0	77.3	69.4	 685	OK
 601	   0	86.7	57.9	 701	OK
 602	   0	85.5	59.1	 666	OK
 603	   0	80.7	66.4	 692	OK
 604	   0	83.9	63.1	 687	OK
 605	   0	82.5	62.0	 673	OK
 606	   0	88.0	56.8	 681	OK
 607	   0	93.0	49.6	 694	OK
 608	   0	82.7	64.2	 737	OK
 609	   0	89.0	57.1	 681	OK
 610	   0	80.7	66.5	 685	OK
 611	   0	80.7	66.8	 718	OK
 612	   0	84.8	58.5	 697	OK
 613	   0	83.5	64.1	 699	OK
 614	   0	84.1	63.4	 722	OK
 615	   0	81.8	63.4	 724	OK
 616	   0	84.5	61.9	 673	OK
 617	   0	79.6	66.5	 664	OK
 618	   0	89.4	56.3	 714	OK
 619	   0	87.8	59.1	 655	OK
 620	   0	88.6	56.0	 691	OK
 621	   0	74.9	72.6	 712	OK
 622	   0	87.9	57.5	 693	OK
 623	   0	88.0	59.4	 670	OK
 624	   0	84.7	60.0	 698	OK
 625	   0	81.6	63.7	 693	OK
 626	   0	87.0	57.7	 669	OK
 627	   0	85.7	60.1	 692	OK
 628	   0	84.2	62.3	 676	OK
 629	   0	85.7	60.3	 687	OK
 630	   0	79.4	67.6	 707	OK
 631	   0	89.9	53.9	 686	OK
 632	   0	80.9	66.2	 689	OK
 633	   0	83.5	63.9	 681	OK
 634	   0	93.8	51.9	 662	OK
 635	   0	81.3	64.3	 702	OK
 636	   0	90.2	56.0	 670	OK
 637	   0	82.2	62.5	 706	OK
 638	   0	85.6	59.2	 668	OK
 639	   0	82.7	62.8	 639	OK
 640	   0	74.3	73.5	 729	OK
 641	   0	81.7	63.5	 689	OK
 642	   0	73.4	74.7	 728	OK
 643	   0	72.3	74.6	 753	OK
 644	   0	77.0	70.8	 735	OK
 645	   0	78.7	69.5	 712	OK
 646	   0	73.5	74.5	 749	OK
 647	   0	73.9	74.4	 727	OK
 648	   0	73.2	75.4	 776	OK
 649	   0	70.3	79.1	 810	OK
 650	   0	75.1	71.6	 730	OK
 651	   0	81.2	65.0	 724	OK
 652	   0	76.6	69.4	 718	OK
 653	   0	80.6	66.3	 693	OK
 654	   0	79.7	66.6	 726	OK
 655	   0	84.3	59.2	 706	OK
 656	   0	80.0	66.9	 730	OK
 657	   0	81.2	62.6	 681	OK
 658	   0	72.9	75.9	 752	OK
 659	   0	82.4	63.9	 713	OK
 660	   0	73.3	76.1	 692	OK
 661	   0	72.1	76.9	 723	OK
 662	   0	77.8	70.0	 745	OK
 663	   0	75.7	70.9	 736	OK
 664	   0	76.9	69.1	 715	OK
 665	   0	76.9	71.4	 709	OK
 666	   0	71.8	74.7	 744	OK
 667	   0	74.8	73.4	 727	OK
 668	   0	80.9	66.8	 735	OK
 669	   0	70.9	76.1	 732	OK
 670	   0	80.4	66.1	 707	OK
 671	   0	78.1	68.7	 689	OK
 672	   0	85.0	60.1	 694	OK
 673	   0	71.5	77.8	 727	OK
 674	   0	81.9	63.3	 707	OK
 675	   0	78.6	67.4	 738	OK
 676	   0	77.6	68.8	 753	OK
 677	   0	72.1	76.7	 717	OK
 678	   0	81.7	63.6	 712	OK
 679	   0	73.8	73.8	 735	OK
 680	   0	79.7	68.1	 708	OK
 681	   0	77.6	70.5	 684	OK
 682	   0	74.8	72.7	 740	OK
 683	   0	78.3	69.9	 758	OK
 684	   0	78.9	69.9	 716	OK
 685	   0	78.8	66.2	 718	OK
 686	   0	72.3	75.2	 734	OK
 687	   0	80.9	65.5	 726	OK
 688	   0	77.5	68.4	 725	OK
 689	   0	79.3	68.2	 702	OK
 690	   0	81.8	63.7	 737	OK
 691	   0	74.8	72.5	 712	OK
 692	   0	77.9	70.3	 748	OK
 693	   0	83.7	61.0	 727	OK
 694	   0	75.9	71.3	 714	OK
 695	   0	78.2	70.1	 726	OK
 696	   0	81.8	62.7	 743	OK
 697	   0	72.4	76.5	 764	OK
 698	   0	82.4	64.1	 716	OK
 699	   0	77.4	68.1	 673	OK
 700	   0	75.5	72.2	 740	OK
 701	   0	80.7	65.9	 733	OK
 702	   0	81.1	66.0	 725	OK
 703	   0	79.0	65.8	 730	OK
 704	   0	77.8	68.3	 690	OK
 705	   0	82.8	61.1	 744	OK
 706	   0	80.9	63.8	 727	OK
 707	   0	74.2	74.4	 706	OK
 708	   0	74.1	72.7	 739	OK
 709	   0	79.9	65.0	 714	OK
 710	   0	82.7	61.9	 748	OK
 711	   0	79.3	65.9	 734	OK
 712	   0	77.8	69.1	 752	OK
 713	   0	80.5	64.6	 702	OK
 714	   0	78.5	68.1	 690	OK
 715	   0	74.1	75.6	 747	OK
 716	   0	75.3	71.6	 744	OK
 717	   0	76.4	71.2	 744	OK
 718	   0	80.0	67.1	 698	OK
 719	   0	77.8	70.2	 760	OK
 720	   0	81.1	66.9	 719	OK
 721	   0	77.3	69.5	 734	OK
 722	   0	79.9	65.8	 724	OK
 723	   0	83.9	61.6	 681	OK
 724	   0	79.1	66.5	 693	OK
 725	   0	76.0	68.6	 731	OK
 726	   0	77.0	71.0	 732	OK
 727	   0	77.9	70.1	 717	OK
 728	   0	74.1	71.5	 745	OK
 729	   0	77.4	69.6	 722	OK
 730	   0	81.8	65.2	 726	OK
 731	   0	73.4	75.2	 730	OK
 732	   0	75.3	71.7	 791	OK
 733	   0	77.8	68.5	 741	OK
 734	   0	76.7	71.0	 706	OK
 735	   0	81.2	63.3	 670	OK
 736	   0	76.8	69.3	 725	OK
 737	   0	74.6	72.1	 730	OK
 738	   0	78.4	70.0	 703	OK
 739	   0	73.5	75.2	 725	OK
 740	   0	75.7	70.7	 764	OK
 741	   0	78.8	65.6	 708	OK
 742	   0	80.7	64.9	 746	OK
 743	   0	81.2	63.1	 703	OK
 744	   0	80.7	65.6	 684	OK
 745	   0	82.9	63.4	 710	OK
 746	   0	81.2	64.2	 753	OK
 747	   0	81.5	63.6	 662	OK
 748	   0	76.9	71.9	 737	OK
 749	   0	74.2	73.8	 750	OK
 750	   0	81.7	63.6	 724	OK
 751	   0	79.4	65.9	 713	OK
 752	   0	80.2	65.3	 717	OK
 753	   0	81.0	66.0	 631	OK
 754	   0	75.5	70.4	 721	OK
 755	   0	73.9	73.8	 713	OK
 756	   0	75.8	72.7	 718	OK
 757	   0	74.1	72.4	 712	OK
 758	   0	81.7	63.2	 702	OK
 759	   0	79.8	67.1	 692	OK
 760	   0	78.2	68.8	 708	OK
 761	   0	81.4	65.8	 695	OK
 762	   0	78.2	68.4	 746	OK
 763	   0	75.9	70.8	 683	OK
 764	   0	81.6	63.7	 722	OK
 765	   0	81.5	65.3	 713	OK
 766	   0	79.6	66.8	 728	OK
 767	   0	81.9	64.1	 669	OK
 768	   0	86.8	57.1	 677	OK
 769	   0	79.7	64.6	 687	OK
 770	   0	94.1	48.3	 636	OK
 771	   0	90.7	55.8	 623	OK
 772	   0	83.0	63.4	 680	OK
 773	   0	85.5	58.4	 667	OK
 774	   0	83.1	61.9	 646	OK
 775	   0	87.5	57.5	 635	OK
 776	   0	86.3	59.0	 679	OK
 777	   0	86.5	60.2	 651	OK
 778	   0	85.6	56.8	 658	OK
 779	   0	88.3	55.0	 697	OK
 780	   0	78.8	66.2	 686	OK
 781	   0	84.1	59.7	 675	OK
 782	   0	80.4	68.1	 673	OK
 783	   0	83.7	62.7	 660	OK
 784	   0	87.9	55.3	 623	OK
 785	   0	90.0	55.5	 658	OK
 786	   0	83.3	64.8	 682	OK
 787	   0	80.9	65.6	 686	OK
 788	   0	83.6	62.2	 665	OK
 789	   0	80.7	66.1	 683	OK
 790	   0	87.6	57.4	 635	OK
 791	   0	79.2	66.7	 667	OK
 792	   0	84.2	61.2	 721	OK
 793	   0	85.4	61.8	 655	OK
 794	   0	87.1	56.6	 668	OK
 795	   0	91.1	53.4	 603	OK
 796	   0	89.5	54.3	 632	OK
 797	   0	84.7	59.8	 651	OK
 798	   0	85.1	61.4	 660	OK
 799	   0	85.5	59.2	 668	OK
 800	   0	88.5	55.2	 650	OK
 801	   0	89.9	56.3	 658	OK
 802	   0	91.3	53.2	 652	OK
 803	   0	83.7	62.5	 669	OK
 804	   0	83.5	61.6	 649	OK
 805	   0	88.1	55.7	 638	OK
 806	   0	87.7	58.9	 678	OK
 807	   0	81.3	67.2	 685	OK
 808	   0	80.6	65.5	 667	OK
 809	   0	83.8	61.8	 664	OK
 810	   0	83.7	62.0	 645	OK
 811	   0	78.5	66.9	 716	OK
 812	   0	79.4	69.4	 681	OK
 813	   0	89.0	54.5	 634	OK
 814	   0	88.9	56.6	 673	OK
 815	   0	83.0	63.9	 658	OK
 816	   0	84.0	62.8	 655	OK
 817	   0	88.3	56.8	 682	OK
 818	   0	89.9	53.1	 641	OK
 819	   0	86.0	60.0	 678	OK
 820	   0	88.4	56.4	 630	OK
 821	   0	86.9	59.0	 642	OK
 822	   0	90.5	52.0	 642	OK
 823	   0	93.7	50.8	 647	OK
 824	   0	83.1	63.9	 651	OK
 825	   0	86.1	59.3	 652	OK
 826	   0	79.7	68.8	 658	OK
 827	   0	88.6	55.9	 685	OK
 828	   0	82.9	62.9	 741	OK
 829	   0	83.7	60.7	 652	OK
 830	   0	73.2	76.1	 659	OK
 831	   0	83.9	62.5	 658	OK
 832	   0	96.8	46.0	 617	OK
 833	   0	92.9	50.4	 610	OK
 834	   0	81.1	65.5	 670	OK
 835	   0	89.7	55.0	 636	OK
 836	   0	86.4	59.2	 663	OK
 837	   0	81.3	65.2	 698	OK
 838	   0	83.1	64.7	 703	OK
 839	   0	81.1	66.5	 615	OK
 840	   0	84.6	61.5	 668	OK
 841	   0	79.0	69.0	 664	OK
 842	   0	81.5	66.0	 626	OK
 843	   0	79.1	67.3	 664	OK
 844	   0	83.0	62.5	 664	OK
 845	   0	83.5	63.8	 643	OK
 846	   0	82.8	64.1	 648	OK
 847	   0	82.3	64.3	 611	OK
 848	   0	86.8	58.0	 654	OK
 849	   0	88.4	56.4	 614	OK
 850	   0	87.7	58.4	 625	OK
 851	   0	91.6	53.1	 642	OK
 852	   0	82.2	65.1	 628	OK
 853	   0	87.7	56.7	 667	OK
 854	   0	83.2	63.6	 679	OK
 855	   0	77.9	71.6	 666	OK
 856	   0	82.9	62.7	 663	OK
 857	   0	80.0	66.0	 674	OK
 858	   0	80.3	66.5	 652	OK
 859	   0	83.0	62.0	 639	OK
 860	   0	84.2	62.3	 635	OK
 861	   0	85.7	58.7	 617	OK
 862	   0	89.8	55.3	 671	OK
 863	   0	89.6	55.9	 616	OK
 864	   0	86.7	58.5	 638	OK
 865	   0	86.5	59.2	 633	OK
 866	   0	76.0	72.2	 656	OK
 867	   0	83.4	60.7	 635	OK
 868	   0	87.2	59.8	 639	OK
 869	   0	81.8	65.7	 645	OK
 870	   0	84.1	63.3	 644	OK
 871	   0	94.4	50.2	 601	OK
 872	   0	83.0	60.8	 673	OK
 873	   0	85.2	61.3	 612	OK
 874	   0	82.2	62.4	 671	OK
 875	   0	85.4	59.3	 627	OK
 876	   0	85.4	61.7	 612	OK
 877	   0	83.9	61.0	 667	OK
 878	   0	78.7	70.3	 649	OK
 879	   0	80.4	65.0	 659	OK
 880	   0	89.5	56.8	 652	OK
 881	   0	82.5	65.5	 647	OK
 882	   0	86.9	58.6	 645	OK
 883	   0	85.5	60.1	 648	OK
 884	   0	78.0	71.1	 700	OK
 885	   0	80.5	64.6	 669	OK
 886	   0	91.3	52.9	 638	OK
 887	   0	81.3	66.9	 683	OK
 888	   0	81.0	65.7	 657	OK
 889	   0	85.6	61.4	 650	OK
 890	   0	85.9	58.6	 656	OK
 891	   0	75.3	71.8	 675	OK
 892	   0	80.3	64.9	 641	OK
 893	   0	81.5	65.4	 678	OK
 894	   0	84.7	58.3	 652	OK
 895	   0	84.8	61.1	 667	OK
 896	   0	80.8	66.9	 679	OK
 897	   0	90.1	55.9	 671	OK
 898	   0	88.2	57.3	 643	OK
 899	   0	85.2	60.1	 626	OK
 900	   0	93.1	52.4	 647	OK
 901	   0	90.1	53.7	 648	OK
 902	   0	86.0	59.2	 672	OK
 903	   0	92.5	51.0	 648	OK
 904	   0	92.4	51.2	 699	OK
 905	   0	92.5	54.3	 636	OK
 906	   0	84.9	60.4	 660	OK
 907	   0	82.8	63.9	 688	OK
 908	   0	87.2	56.7	 688	OK
 909	   0	83.1	63.4	 692	OK
 910	   0	85.0	60.4	 645	OK
 911	   0	81.7	64.0	 722	OK
 912	   0	84.5	60.4	 665	OK
 913	   0	85.5	61.4	 655	OK
 914	   0	86.2	61.8	 643	OK
 915	   0	87.1	58.6	 685	OK
 916	   0	90.9	54.9	 672	OK
 917	   0	84.6	61.8	 666	OK
 918	   0	87.7	60.4	 670	OK
 919	   0	90.4	55.8	 653	OK
 920	   0	83.1	64.7	 655	OK
 921	   0	82.1	65.5	 710	OK
 922	   0	88.6	58.6	 678	OK
 923	   0	81.1	66.5	 706	OK
 924	   0	82.4	64.0	 686	OK
 925	   0	85.7	58.8	 740	OK
 926	   0	90.4	52.6	 670	OK
 927	   0	84.4	62.8	 648	OK
 928	   0	87.6	58.3	 668	OK
 929	   0	86.4	58.1	 661	OK
 930	   0	84.8	59.3	 704	OK
 931	   0	86.7	57.9	 657	OK
 932	   0	88.0	56.5	 657	OK
 933	   0	89.6	53.2	 686	OK
 934	   0	89.2	56.3	 640	OK
 935	   0	87.4	57.0	 662	OK
 936	   0	87.1	58.8	 651	OK
 937	   0	78.9	69.9	 694	OK
 938	   0	93.8	50.9	 622	OK
 939	   0	86.8	59.1	 673	OK
 940	   0	78.5	68.4	 711	OK
 941	   0	87.8	56.5	 686	OK
 942	   0	93.5	50.7	 662	OK
 943	   0	89.3	54.5	 661	OK
 944	   0	82.6	63.5	 695	OK
 945	   0	84.5	60.3	 674	OK
 946	   0	94.4	49.0	 629	OK
 947	   0	94.1	48.0	 615	OK
 948	   0	88.2	56.5	 669	OK
 949	   0	82.8	62.5	 669	OK
 950	   0	92.8	53.8	 640	OK
 951	   0	87.4	55.7	 665	OK
 952	   0	83.1	60.7	 710	OK
 953	   0	94.8	49.1	 655	OK
 954	   0	86.8	59.0	 637	OK
 955	   0	91.8	51.9	 664	OK
 956	   0	93.7	51.2	 675	OK
 957	   0	93.1	50.3	 646	OK
 958	   0	92.2	50.1	 676	OK
 959	   0	95.9	48.9	 666	OK
 960	   0	92.4	50.0	 646	OK
 961	   0	88.6	56.8	 689	OK
 962	   0	89.1	55.1	 644	OK
 963	   0	98.8	42.0	 630	OK
 964	   0	91.4	55.1	 659	OK
 965	   0	92.6	50.0	 614	OK
 966	   0	89.4	55.9	 668	OK
 967	   0	92.3	50.1	 671	OK
 968	   0	93.9	50.2	 645	OK
 969	   0	93.4	49.9	 650	OK
 970	   0	89.8	55.8	 651	OK
 971	   0	85.1	61.3	 666	OK
 972	   0	94.3	49.8	 667	OK
 973	   0	92.5	53.6	 655	OK
 974	   0	87.8	55.3	 668	OK
 975	   0	88.8	55.8	 644	OK
 976	   0	91.1	51.6	 667	OK
 977	   0	81.9	64.7	 663	OK
 978	   0	87.4	60.3	 678	OK
 979	   0	93.2	50.2	 600	OK
 980	   0	82.1	65.1	 666	OK
 981	   0	86.9	60.2	 658	OK
 982	   0	87.7	58.4	 681	OK
 983	   0	86.2	58.5	 653	OK
 984	   0	86.9	58.8	 629	OK
 985	   0	82.4	65.8	 660	OK
 986	   0	89.0	54.4	 639	OK
 987	   0	89.7	53.4	 668	OK
 988	   0	90.9	54.4	 644	OK
 989	   0	92.4	50.5	 673	OK
 990	   0	88.4	55.1	 641	OK
 991	   0	90.3	55.2	 651	OK
 992	   0	81.7	63.6	 695	OK
 993	   0	85.4	61.5	 639	OK
 994	   0	81.1	64.5	 690	OK
 995	   0	87.2	56.5	 652	OK
 996	   0	85.2	61.8	 682	OK
 997	   0	87.7	55.2	 657	OK
 998	   0	87.8	56.9	 652	OK
 999	   0	90.6	54.8	 646	OK
1000	   0	95.2	46.5	 662	OK
1001	   0	94.5	49.7	 633	OK
1002	   0	92.3	52.2	 638	OK
1003	   0	91.1	52.2	 652	OK
1004	   0	86.9	56.4	 635	OK
1005	   0	85.0	59.5	 674	OK
1006	   0	83.9	61.0	 673	OK
1007	   0	85.9	60.4	 681	OK
1008	   0	88.5	57.2	 684	OK
1009	   0	82.8	64.4	 646	OK
1010	   0	88.1	58.3	 676	OK
1011	   0	86.7	59.8	 650	OK
1012	   0	89.6	55.6	 658	OK
1013	   0	91.1	52.3	 576	OK
1014	   0	89.4	56.8	 650	OK
1015	   0	96.5	46.0	 618	OK
1016	   0	80.6	65.4	 663	OK
1017	   0	94.0	49.2	 626	OK
1018	   0	87.0	57.6	 632	OK
1019	   0	84.6	60.9	 652	OK
1020	   0	90.9	55.3	 648	OK
1021	   0	92.5	51.3	 669	OK
1022	   0	80.5	66.8	 689	OK
1023	   0	87.5	56.8	 662	OK
1024	   0	82.1	64.5	 711	OK
1025	   0	80.8	66.1	 725	OK
1026	   0	85.8	58.3	 683	OK
1027	   0	88.2	58.5	 635	OK
1028	   0	89.3	56.8	 634	OK
1029	   0	90.7	52.5	 636	OK
1030	   0	83.9	61.6	 671	OK
1031	   0	88.3	56.4	 683	OK
1032	   0	82.9	63.2	 660	OK
1033	   0	86.7	58.0	 679	OK
1034	   0	83.9	59.6	 685	OK
1035	   0	80.8	64.5	 692	OK
1036	   0	78.6	70.2	 716	OK
1037	   0	82.0	63.4	 676	OK
1038	   0	83.4	63.4	 693	OK
1039	   0	80.3	66.1	 687	OK
1040	   0	85.5	60.1	 661	OK
1041	   0	88.2	56.7	 678	OK
1042	   0	90.7	53.8	 673	OK
1043	   0	83.1	62.0	 668	OK
1044	   0	85.0	60.9	 661	OK
1045	   0	77.5	70.6	 660	OK
1046	   0	77.3	68.8	 696	OK
1047	   0	91.1	54.0	 671	OK
1048	   0	86.7	60.1	 657	OK
1049	   0	90.0	55.9	 633	OK
1050	   0	81.0	66.9	 674	OK
1051	   0	81.7	64.7	 682	OK
1052	   0	86.2	57.3	 675	OK
1053	   0	80.5	65.3	 683	OK
1054	   0	82.5	63.6	 674	OK
1055	   0	87.4	59.7	 640	OK
1056	   0	88.2	57.6	 626	OK
1057	   0	84.1	63.8	 671	OK
1058	   0	87.7	55.8	 613	OK
1059	   0	87.3	58.4	 659	OK
1060	   0	89.9	53.0	 647	OK
1061	   0	88.6	58.6	 623	OK
1062	   0	91.3	54.9	 623	OK
1063	   0	83.0	61.1	 671	OK
1064	   0	84.3	59.8	 669	OK
1065	   0	81.7	65.9	 681	OK
1066	   0	85.7	62.1	 641	OK
1067	   0	86.1	58.2	 603	OK
1068	   0	82.2	65.9	 658	OK
1069	   0	81.0	64.2	 699	OK
1070	   0	86.5	60.1	 641	OK
1071	   0	85.1	59.9	 646	OK
1072	   0	95.9	45.7	 737	OK
1073	   0	85.0	62.3	 646	OK
1074	   0	85.3	61.0	 689	OK
1075	   0	87.4	57.5	 671	OK
1076	   0	87.3	57.5	 660	OK
1077	   0	88.8	54.3	 652	OK
1078	   0	87.4	58.1	 675	OK
1079	   0	92.8	50.6	 634	OK
1080	   0	86.2	58.7	 652	OK
1081	   0	88.8	55.5	 650	OK
1082	   0	88.8	57.3	 639	OK
1083	   0	98.1	43.9	 631	OK
1084	   0	90.5	55.9	 620	OK
1085	   0	91.5	52.4	 636	OK
1086	   0	92.1	50.0	 624	OK
1087	   0	89.5	54.2	 632	OK
1088	   0	97.1	44.7	 625	OK
1089	   0	88.9	54.5	 648	OK
1090	   0	87.0	56.7	 655	OK
1091	1101	0.0	0.0	   0	dead
1092	   0	82.4	63.6	 665	OK
1093	   0	86.9	59.3	 652	OK
1094	   0	84.8	62.2	 687	OK
1095	   0	84.7	60.0	 658	OK
1096	   0	87.2	57.8	 657	OK
1097	   0	87.2	58.2	 700	OK
1098	   0	85.7	58.5	 673	OK
1099	   0	82.0	63.3	 685	OK
1100	   0	84.9	58.8	 627	OK
1101	   0	91.5	53.7	 658	OK
1102	   0	89.6	54.7	 666	OK
1103	   0	81.4	64.8	 648	OK
1104	   0	90.0	55.9	 660	OK
1105	   0	84.0	63.0	 684	OK
1106	   0	87.5	56.5	 654	OK
1107	   0	89.6	54.1	 619	OK
1108	   0	92.6	50.3	 659	OK
1109	   0	89.5	54.3	 680	OK
1110	   0	87.5	55.4	 698	OK
1111	   0	87.6	55.2	 616	OK
1112	   0	89.3	56.9	 670	OK
1113	   0	85.0	58.4	 677	OK
1114	   0	87.9	56.5	 669	OK
1115	   0	92.9	48.5	 619	OK
1116	   0	84.6	62.3	 686	OK
1117	   0	82.0	64.8	 671	OK
1118	   0	83.6	61.0	 668	OK
1119	   0	87.6	58.0	 671	OK
1120	   0	89.1	57.1	 639	OK
1121	   0	85.4	61.4	 693	OK
1122	   0	82.0	62.8	 703	OK
1123	   0	84.3	61.8	 661	OK
1124	   0	84.0	60.5	 647	OK
1125	   0	80.6	67.7	 681	OK
1126	   0	88.2	55.4	 660	OK
1127	   0	82.3	63.2	 682	OK
1128	   0	85.4	59.0	 635	OK
1129	   0	95.3	47.8	 625	OK
1130	   0	86.9	58.1	 669	OK
1131	   0	87.7	56.5	 633	OK
1132	   0	85.4	58.8	 686	OK
1133	   0	82.9	63.6	 693	OK
1134	   0	92.4	53.1	 610	OK
1135	   0	85.5	60.6	 661	OK
1136	   0	85.2	60.8	 673	OK
1137	   0	81.4	64.9	 679	OK
1138	   0	85.0	58.1	 673	OK
1139	   0	79.8	65.7	 648	OK
1140	   0	83.5	64.0	 682	OK
1141	   0	90.1	54.4	 657	OK
1142	   0	80.4	64.9	 669	OK
1143	   0	78.0	70.1	 709	OK
1144	   0	87.6	57.5	 674	OK
1145	   0	78.6	68.5	 736	OK
1146	   0	81.1	63.8	 688	OK
1147	   0	79.7	66.7	 651	OK
1148	   0	89.3	55.5	 642	OK
1149	   0	83.2	63.4	 643	OK
1150	   0	86.2	58.6	 693	OK
1151	   0	83.5	61.3	 690	OK
1152	   0	79.8	66.5	 707	OK
1153	   0	81.6	63.9	 675	OK
1154	   0	82.1	65.3	 698	OK
1155	   0	82.2	64.1	 683	OK
1156	   0	76.2	70.5	 729	OK
1157	   0	82.7	62.7	 697	OK
1158	   0	79.1	68.2	 716	OK
1159	   0	83.6	63.3	 727	OK
1160	   0	79.1	66.5	 768	OK
1161	   0	74.9	74.3	 739	OK
1162	   0	73.0	73.6	 719	OK
1163	   0	77.9	68.1	 745	OK
1164	   0	77.8	69.9	 755	OK
1165	   0	72.3	77.4	 746	OK
1166	   0	77.3	71.3	 677	OK
1167	   0	79.8	65.5	 734	OK
1168	   0	73.6	76.2	 721	OK
1169	   0	80.6	65.9	 744	OK
1170	   0	75.3	72.0	 707	OK
1171	   0	79.6	64.7	 743	OK
1172	   0	72.0	77.1	 750	OK
1173	   0	83.1	65.0	 713	OK
1174	   0	72.8	73.8	 733	OK
1175	   0	76.5	70.1	 747	OK
1176	   0	79.2	68.8	 734	OK
1177	   0	78.3	68.7	 736	OK
1178	   0	78.6	67.7	 742	OK
1179	   0	77.2	70.8	 734	OK
1180	   0	80.0	64.9	 691	OK
1181	   0	73.9	73.5	 736	OK
1182	   0	78.6	68.6	 763	OK
1183	   0	74.3	73.1	 755	OK
1184	   0	75.7	71.6	 746	OK
1185	   0	73.5	71.7	 725	OK
1186	   0	79.7	68.7	 711	OK
1187	   0	85.6	59.9	 676	OK
1188	   0	87.0	56.6	 689	OK
1189	   0	76.8	68.1	 756	OK
1190	   0	80.4	64.4	 717	OK
1191	   0	84.2	60.8	 712	OK
1192	   0	75.0	73.2	 756	OK
1193	   0	74.4	73.7	 738	OK
1194	   0	73.9	73.8	 738	OK
1195	   0	70.7	79.9	 763	OK
1196	   0	80.0	67.4	 703	OK
1197	   0	78.2	66.9	 694	OK
1198	   0	69.5	76.8	 746	OK
1199	   0	76.3	73.2	 725	OK
1200	   0	72.7	75.2	 767	OK
1201	   0	75.0	71.9	 722	OK
1202	   0	76.4	72.7	 728	OK
1203	   0	76.0	70.7	 722	OK
1204	   0	77.0	70.1	 732	OK
1205	   0	83.9	61.2	 706	OK
1206	   0	78.8	65.8	 683	OK
1207	   0	82.9	62.6	 688	OK
1208	   0	77.1	68.0	 752	OK
1209	   0	79.2	66.8	 735	OK
1210	   0	72.1	78.1	 744	OK
1211	   0	77.8	70.8	 725	OK
1212	   0	75.7	70.1	 748	OK
1213	   0	77.5	70.2	 720	OK
1214	   0	86.1	58.4	 705	OK
1215	   0	80.6	65.5	 739	OK
1216	   0	77.4	69.0	 692	OK
1217	   0	80.5	66.9	 730	OK
1218	   0	76.0	69.3	 720	OK
1219	   0	79.6	64.9	 740	OK
1220	   0	87.9	56.4	 713	OK
1221	   0	72.6	75.8	 763	OK
1222	   0	76.8	68.2	 703	OK
1223	   0	75.3	71.3	 758	OK
1224	   0	77.6	69.1	 721	OK
1225	   0	83.0	63.3	 711	OK
1226	   0	80.2	66.8	 707	OK
1227	   0	80.4	66.3	 738	OK
1228	   0	79.4	65.9	 719	OK
1229	   0	77.9	71.3	 710	OK
1230	   0	85.7	61.1	 699	OK
1231	   0	75.1	72.4	 746	OK
1232	   0	79.6	65.0	 705	OK
1233	   0	81.8	64.9	 694	OK
1234	   0	75.3	70.5	 721	OK
1235	   0	77.7	69.9	 706	OK
1236	   0	81.5	64.7	 727	OK
1237	   0	86.9	60.6	 688	OK
1238	   0	78.8	66.1	 710	OK
1239	   0	84.2	60.9	 719	OK
1240	   0	74.7	73.4	 717	OK
1241	   0	82.7	65.2	 711	OK
1242	   0	77.4	68.9	 722	OK
1243	   0	77.6	67.8	 736	OK
1244	   0	78.8	67.7	 708	OK
1245	   0	76.5	71.2	 728	OK
1246	   0	73.8	72.8	 726	OK
1247	   0	83.4	61.6	 661	OK
1248	   0	82.6	61.8	 662	OK
1249	   0	78.8	67.6	 711	OK
1250	   0	78.8	69.4	 711	OK
1251	   0	73.1	73.3	 695	OK
1252	   0	81.5	66.2	 705	OK
1253	   0	78.0	69.9	 654	OK
1254	   0	72.4	73.7	 672	OK
1255	   0	79.0	66.4	 658	OK
1256	   0	79.5	67.4	 685	OK
1257	   0	77.0	69.7	 702	OK
1258	   0	74.9	71.2	 701	OK
1259	   0	73.4	75.7	 689	OK
1260	   0	77.6	68.1	 694	OK
1261	   0	75.6	71.1	 708	OK
1262	   0	82.8	63.1	 683	OK
1263	   0	78.4	68.4	 681	OK
1264	   0	81.6	63.7	 693	OK
1265	   0	74.0	75.9	 684	OK
1266	   0	77.4	68.3	 637	OK
1267	   0	78.0	69.5	 652	OK
1268	   0	77.4	68.2	 686	OK
1269	   0	73.6	75.1	 710	OK
1270	   0	72.3	75.1	 692	OK
1271	   0	82.2	65.4	 682	OK
1272	   0	71.5	78.2	 720	OK
1273	   0	79.2	67.8	 669	OK
1274	   0	80.1	66.4	 657	OK
1275	   0	78.8	66.7	 652	OK
1276	   0	78.8	69.1	 695	OK
1277	   0	76.5	71.1	 682	OK
1278	   0	80.4	66.5	 654	OK
1279	   0	80.7	66.9	 625	OK
1280	   0	73.2	74.2	 703	OK
1281	   0	74.7	72.2	 737	OK
1282	   0	72.3	74.7	 737	OK
1283	   0	71.9	75.9	 746	OK
1284	   0	71.9	75.6	 705	OK
1285	   0	75.7	70.2	 720	OK
1286	   0	71.8	76.9	 754	OK
1287	   0	72.8	76.7	 757	OK
1288	   0	78.5	67.0	 697	OK
1289	   0	76.4	70.3	 728	OK
1290	   0	70.1	77.7	 717	OK
1291	   0	73.9	72.8	 727	OK
1292	   0	75.5	71.6	 682	OK
1293	   0	78.6	68.2	 668	OK
1294	   0	72.9	72.3	 710	OK
1295	   0	66.3	84.1	 756	OK
1296	   0	72.4	73.2	 729	OK
1297	   0	73.0	76.6	 758	OK
1298	   0	74.0	75.0	 721	OK
1299	   0	71.6	77.9	 755	OK
1300	   0	72.2	76.5	 774	OK
1301	   0	69.8	78.5	 719	OK
1302	   0	72.7	74.3	 764	OK
1303	   0	72.3	76.3	 720	OK
1304	   0	69.5	80.1	 747	OK
1305	   0	71.9	77.3	 655	OK
1306	   0	75.9	70.0	 731	OK
1307	   0	73.2	75.6	 686	OK
1308	   0	70.1	77.8	 710	OK
1309	   0	69.0	80.1	 723	OK
1310	   0	64.8	84.7	 749	OK
1311	   0	73.4	73.8	 743	OK
1312	   0	76.4	70.1	 698	OK
1313	   0	68.1	79.7	 764	OK
1314	   0	70.4	76.9	 765	OK
1315	   0	77.1	70.0	 698	OK
1316	   0	72.4	74.2	 713	OK
1317	   0	78.1	68.9	 697	OK
1318	   0	69.5	79.8	 760	OK
1319	   0	76.6	71.6	 707	OK
1320	   0	73.2	75.4	 713	OK
1321	   0	75.3	70.4	 707	OK
1322	   0	75.6	72.4	 647	OK
1323	   0	77.0	69.4	 731	OK
1324	   0	72.5	76.0	 743	OK
1325	   0	77.5	69.8	 684	OK
1326	   0	76.3	70.3	 712	OK
1327	   0	74.5	74.0	 714	OK
1328	   0	72.6	74.9	 734	OK
1329	   0	80.3	67.3	 707	OK
1330	   0	76.0	70.6	 710	OK
1331	   0	78.9	67.4	 723	OK
1332	   0	73.7	73.9	 728	OK
1333	   0	74.5	72.4	 695	OK
1334	   0	73.1	74.2	 703	OK
1335	   0	74.5	73.2	 698	OK
1336	   0	80.1	67.3	 714	OK
1337	   0	78.4	68.9	 723	OK
1338	   0	69.2	79.3	 738	OK
1339	   0	75.1	73.2	 672	OK
1340	   0	78.7	67.5	 736	OK
1341	   0	74.0	75.3	 693	OK
1342	   0	83.0	63.7	 677	OK
1343	   0	75.9	70.7	 685	OK
1344	   0	76.5	69.9	 715	OK
1345	   0	75.4	71.4	 718	OK
1346	   0	72.2	75.5	 747	OK
1347	   0	74.1	74.4	 725	OK
1348	   0	77.6	68.9	 697	OK
1349	   0	80.0	65.1	 710	OK
1350	   0	78.7	67.7	 706	OK
1351	   0	76.7	71.5	 731	OK
1352	   0	80.3	66.4	 688	OK
1353	   0	71.9	74.9	 741	OK
1354	   0	73.6	75.5	 680	OK
1355	   0	73.2	72.3	 743	OK
1356	   0	73.5	74.1	 704	OK
1357	   0	74.4	73.1	 718	OK
1358	   0	72.1	77.8	 717	OK
1359	   0	72.6	76.9	 758	OK
1360	   0	71.8	77.6	 741	OK
1361	   0	73.2	73.1	 730	OK
1362	   0	69.6	79.7	 736	OK
1363	   0	76.1	71.5	 681	OK
1364	   0	78.3	68.4	 718	OK
1365	   0	72.6	76.0	 679	OK
1366	   0	75.2	72.4	 745	OK
1367	   0	74.9	73.7	 699	OK
1368	   0	75.3	73.1	 704	OK
1369	   0	73.8	73.7	 744	OK
1370	   0	77.4	68.9	 712	OK
1371	   0	74.9	73.0	 734	OK
1372	   0	66.6	80.7	 721	OK
1373	   0	75.6	72.0	 685	OK
1374	   0	73.0	76.3	 727	OK
1375	   0	76.8	71.8	 704	OK
1376	   0	74.3	71.7	 698	OK
1377	   0	72.7	74.2	 677	OK
1378	   0	73.4	76.3	 721	OK
1379	   0	69.6	78.7	 718	OK
1380	   0	71.7	75.1	 712	OK
1381	   0	73.3	74.2	 706	OK
1382	   0	72.4	75.4	 759	OK
1383	   0	72.3	76.3	 750	OK
1384	   0	69.8	77.9	 726	OK
1385	   0	73.9	73.8	 695	OK
1386	   0	71.1	75.5	 749	OK
1387	   0	72.5	76.1	 687	OK
1388	   0	75.9	71.3	 719	OK
1389	   0	73.7	72.2	 721	OK
1390	   0	74.4	73.4	 757	OK
1391	   0	79.4	68.4	 680	OK
1392	   0	69.8	77.3	 733	OK
1393	   0	74.7	74.9	 734	OK
1394	   0	81.0	65.4	 675	OK
1395	   0	72.0	78.5	 734	OK
1396	   0	76.2	69.1	 720	OK
1397	   0	70.3	79.5	 719	OK
1398	   0	69.4	79.3	 709	OK
1399	   0	77.5	72.3	 679	OK
1400	   0	74.5	74.3	 727	OK
1401	   0	71.7	74.9	 752	OK
1402	   0	72.4	75.5	 716	OK
1403	   0	80.2	65.1	 690	OK
1404	   0	74.7	74.5	 695	OK
1405	4000	74.0	74.3	 852	high noise
1406	   0	72.5	74.9	 751	OK
1407	   0	75.9	72.3	 759	OK
1408	   0	81.9	63.9	 666	OK
1409	   0	79.2	66.7	 661	OK
1410	   0	71.1	76.0	 700	OK
1411	   0	81.5	63.2	 667	OK
1412	   0	77.3	70.9	 739	OK
1413	   0	78.2	68.4	 708	OK
1414	   0	72.1	76.5	 682	OK
1415	   0	73.6	75.0	 690	OK
1416	   0	82.2	62.8	 730	OK
1417	   0	75.0	71.2	 710	OK
1418	   0	78.4	68.8	 677	OK
1419	   0	78.5	69.8	 672	OK
1420	   0	79.4	69.7	 631	OK
1421	   0	75.8	70.7	 731	OK
1422	   0	74.1	72.7	 698	OK
1423	   0	81.6	62.6	 653	OK
1424	   0	74.9	71.2	 708	OK
1425	   0	75.9	72.7	 673	OK
1426	   0	72.6	77.0	 720	OK
1427	   0	68.6	82.4	 708	OK
1428	   0	72.3	75.9	 714	OK
1429	   0	73.3	73.4	 692	OK
1430	   0	73.1	75.7	 697	OK
1431	   0	74.8	73.1	 706	OK
1432	   0	84.4	60.8	 671	OK
1433	   0	71.1	76.3	 706	OK
1434	   0	71.5	75.7	 719	OK
1435	   0	71.9	77.2	 666	OK
1436	   0	71.0	79.4	 741	OK
1437	   0	72.1	75.0	 694	OK
1438	   0	78.6	67.3	 705	OK
1439	   0	75.2	71.0	 688	OK
1440	   0	78.9	69.7	 675	OK
1441	   0	80.4	66.6	 677	OK
1442	   0	73.5	75.3	 756	OK
1443	   0	74.9	73.9	 678	OK
1444	   0	77.7	68.0	 640	OK
1445	   0	78.1	70.5	 692	OK
1446	   0	76.2	72.0	 721	OK
1447	   0	78.7	67.7	 623	OK
1448	   0	75.2	72.9	 655	OK
1449	   0	78.2	66.8	 676	OK
1450	   0	76.6	72.5	 646	OK
1451	   0	75.3	73.6	 687	OK
1452	   0	79.3	66.8	 683	OK
1453	   0	80.6	65.2	 649	OK
1454	   0	81.9	63.7	 659	OK
1455	   0	78.3	68.6	 691	OK
1456	   0	74.7	73.8	 717	OK
1457	   0	81.9	63.4	 674	OK
1458	   0	77.3	69.1	 711	OK
1459	   0	73.3	74.7	 731	OK
1460	   0	75.8	72.3	 700	OK
1461	   0	77.2	69.0	 665	OK
1462	   0	73.7	75.2	 718	OK
1463	   0	79.9	66.1	 710	OK
1464	   0	76.3	68.9	 690	OK
1465	   0	78.5	68.4	 705	OK
1466	   0	78.3	68.5	 722	OK
1467	   0	82.8	63.6	 688	OK
1468	   0	77.5	68.9	 696	OK
1469	   0	73.1	76.9	 695	OK
1470	   0	82.0	63.0	 685	OK
1471	   0	79.5	67.7	 700	OK
1472	   0	77.4	69.3	 651	OK
1473	   0	85.2	59.3	 638	OK
1474	   0	71.1	78.4	 691	OK
1475	   0	69.8	80.4	 671	OK
1476	   0	75.2	71.4	 708	OK
1477	   0	81.4	66.0	 672	OK
1478	   0	70.0	78.7	 723	OK
1479	   0	77.2	70.0	 691	OK
1480	   0	77.2	70.7	 629	OK
1481	   0	72.6	74.1	 681	OK
1482	   0	70.1	77.6	 747	OK
1483	   0	79.6	68.5	 679	OK
1484	   0	73.1	75.3	 708	OK
1485	   0	72.4	76.7	 656	OK
1486	   0	76.9	70.6	 661	OK
1487	   0	75.0	71.6	 672	OK
1488	   0	77.5	68.3	 667	OK
1489	   0	72.8	74.9	 690	OK
1490	   0	75.3	71.0	 739	OK
1491	   0	79.4	66.3	 637	OK
1492	   0	67.2	81.9	 694	OK
1493	   0	76.5	69.8	 693	OK
1494	   0	77.4	71.5	 647	OK
1495	   0	74.4	75.5	 692	OK
1496	   0	82.6	63.2	 643	OK
1497	   0	72.2	75.9	 702	OK
1498	   0	76.2	69.9	 719	OK
1499	   0	78.0	68.2	 636	OK
1500	   0	81.6	66.0	 653	OK
1501	   0	78.2	70.1	 695	OK
1502	   0	71.6	78.6	 669	OK
1503	   0	75.5	70.8	 656	OK
1504	   0	70.3	78.5	 710	OK
1505	   0	67.3	79.5	 708	OK
1506	   0	72.7	75.3	 714	OK
1507	   0	74.3	73.8	 683	OK
1508	   0	73.9	73.0	 672	OK
1509	   0	80.8	66.8	 654	OK
1510	   0	80.6	68.2	 636	OK
1511	   0	74.4	72.7	 744	OK
1512	   0	85.8	58.5	 635	OK
1513	   0	76.9	71.9	 715	OK
1514	   0	79.6	66.0	 622	OK
1515	   0	71.5	77.8	 726	OK
1516	   0	75.6	70.5	 655	OK
1517	   0	77.0	71.1	 705	OK
1518	   0	77.8	71.0	 690	OK
1519	   0	78.6	68.2	 662	OK
1520	   0	77.3	70.9	 666	OK
1521	   0	79.9	65.9	 663	OK
1522	   0	70.4	77.2	 687	OK
1523	   0	77.0	72.7	 635	OK
1524	   0	74.9	72.3	 655	OK
1525	   0	75.0	72.6	 678	OK
1526	   0	82.1	64.7	 680	OK
1527	   0	77.8	70.2	 660	OK
1528	   0	71.3	78.4	 733	OK
1529	   0	78.4	68.0	 658	OK
1530	   0	80.4	65.0	 646	OK
1531	   0	75.4	72.4	 672	OK
1532	   0	76.1	72.4	 680	OK
1533	   0	74.9	72.3	 678	OK
1534	   0	77.1	69.2	 654	OK
1535	   0	77.5	68.6	 658	OK
1536	   0	79.2	67.8	 651	OK
1537	   0	81.3	66.6	 615	OK
1538	   0	86.0	61.2	 625	OK
1539	   0	80.9	67.3	 622	OK
1540	   0	85.0	58.5	 650	OK
1541	   0	81.7	65.8	 613	OK
1542	   0	84.5	63.0	 646	OK
1543	   0	85.2	61.8	 604	OK
1544	   0	85.3	60.2	 645	OK
1545	   0	84.7	59.9	 615	OK
1546	   0	80.8	65.9	 611	OK
1547	   0	87.8	58.2	 619	OK
1548	   0	84.1	61.3	 645	OK
1549	   0	84.7	61.5	 644	OK
1550	   0	80.1	65.8	 599	OK
1551	   0	90.2	53.8	 603	OK
1552	   0	83.9	61.8	 652	OK
1553	   0	87.4	56.2	 642	OK
1554	   0	92.1	50.3	 637	OK
1555	   0	86.7	57.9	 609	OK
1556	   0	82.1	65.7	 640	OK
1557	   0	80.6	67.0	 644	OK
1558	   0	81.6	61.3	 635	OK
1559	   0	81.0	64.6	 621	OK
1560	   0	78.8	67.4	 630	OK
1561	   0	84.7	58.8	 620	OK
1562	   0	82.0	63.3	 609	OK
1563	   0	86.8	57.8	 626	OK
1564	   0	89.3	56.8	 640	OK
1565	   0	85.3	60.6	 606	OK
1566	   0	80.0	66.7	 656	OK
1567	   0	80.2	65.0	 644	OK
1568	   0	89.3	57.4	 594	OK
1569	   0	84.0	60.4	 670	OK
1570	   0	78.1	68.6	 661	OK
1571	   0	83.2	63.8	 621	OK
1572	   0	80.9	66.3	 645	OK
1573	   0	83.9	61.8	 639	OK
1574	   0	83.0	62.3	 628	OK
1575	   0	82.3	64.7	 637	OK
1576	   0	84.0	61.1	 600	OK
1577	   0	86.7	59.1	 642	OK
1578	   0	91.9	52.4	 580	OK
1579	   0	86.3	58.4	 608	OK
1580	   0	85.8	58.8	 627	OK
1581	   0	83.9	60.2	 624	OK
1582	   0	86.7	57.9	 618	OK
1583	   0	90.9	54.5	 583	OK
1584	   0	77.0	69.7	 668	OK
1585	   0	82.5	61.6	 661	OK
1586	   0	89.9	55.5	 600	OK
1587	   0	82.6	62.2	 647	OK
1588	   0	90.7	54.8	 608	OK
1589	   0	90.2	54.0	 721	OK
1590	   0	88.4	56.4	 617	OK
1591	   0	82.0	64.0	 634	OK
1592	   0	89.4	56.8	 668	OK
1593	   0	88.5	56.7	 618	OK
1594	   0	87.1	58.3	 619	OK
1595	   0	85.4	61.1	 656	OK
1596	   0	87.5	58.8	 644	OK
1597	   0	85.5	57.6	 634	OK
1598	   0	78.0	67.5	 687	OK
1599	   0	91.7	52.1	 612	OK
1600	   0	86.7	57.5	 649	OK
1601	   0	90.8	56.4	 635	OK
1602	   0	76.5	72.6	 646	OK
1603	   0	86.9	57.6	 604	OK
1604	   0	89.0	55.6	 601	OK
1605	   0	87.1	58.2	 630	OK
1606	   0	92.8	50.5	 618	OK
1607	   0	87.0	57.0	 643	OK
1608	   0	81.1	65.1	 661	OK
1609	   0	83.2	63.6	 642	OK
1610	   0	91.7	49.9	 568	OK
1611	   0	89.8	54.2	 600	OK
1612	   0	90.4	53.2	 621	OK
1613	   0	83.4	64.8	 639	OK
1614	   0	81.0	64.0	 642	OK
1615	   0	84.4	60.9	 616	OK
1616	   0	84.0	60.5	 630	OK
1617	   0	83.2	63.6	 641	OK
1618	   0	80.6	64.0	 652	OK
1619	   0	89.3	55.6	 611	OK
1620	   0	85.9	60.7	 640	OK
1621	   0	85.4	59.4	 644	OK
1622	   0	88.5	56.7	 618	OK
1623	   0	79.5	67.5	 629	OK
1624	   0	80.6	64.7	 636	OK
1625	   0	87.8	57.9	 619	OK
1626	   0	79.7	65.0	 611	OK
1627	   0	87.1	56.6	 676	OK
1628	   0	87.4	58.5	 624	OK
1629	   0	82.0	66.1	 631	OK
1630	   0	89.3	53.6	 650	OK
1631	   0	85.6	57.5	 637	OK
1632	   0	86.1	58.7	 613	OK
1633	   0	74.7	71.6	 665	OK
1634	   0	83.2	61.0	 601	OK
1635	   0	78.1	69.9	 600	OK
1636	   0	85.1	61.0	 646	OK
1637	   0	91.5	54.0	 587	OK
1638	   0	83.9	63.0	 630	OK
1639	   0	85.4	61.8	 577	OK
1640	   0	80.4	67.4	 641	OK
1641	   0	81.5	66.6	 622	OK
1642	   0	81.9	65.6	 637	OK
1643	   0	81.6	63.8	 634	OK
1644	   0	84.6	60.2	 630	OK
1645	   0	79.4	67.5	 658	OK
1646	   0	77.6	66.2	 651	OK
1647	   0	88.3	56.1	 634	OK
1648	   0	81.8	66.4	 628	OK
1649	   0	85.6	58.1	 603	OK
1650	   0	88.1	58.0	 615	OK
1651	   0	80.7	65.6	 622	OK
1652	   0	91.2	54.0	 600	OK
1653	   0	83.0	63.6	 614	OK
1654	   0	81.9	64.1	 649	OK
1655	   0	85.1	60.9	 584	OK
1656	   0	84.0	63.4	 631	OK
1657	   0	80.3	65.1	 639	OK
1658	   0	78.9	68.4	 649	OK
1659	   0	84.1	63.2	 647	OK
1660	   0	81.5	65.7	 615	OK
1661	   0	80.5	67.2	 623	OK
1662	   0	87.1	58.1	 617	OK
1663	   0	86.8	58.1	 624	OK
1664	   0	92.3	52.0	 576	OK
1665	   0	88.4	56.3	 598	OK
1666	   0	88.1	55.9	 656	OK
1667	   0	83.6	62.8	 663	OK
1668	   0	86.7	57.5	 584	OK
1669	   0	86.3	58.1	 631	OK
1670	   0	91.5	50.8	 610	OK
1671	   0	86.7	59.5	 644	OK
1672	   0	88.0	59.1	 652	OK
1673	   0	84.1	60.5	 635	OK
1674	   0	79.0	68.4	 663	OK
1675	   0	79.5	65.2	 658	OK
1676	   0	86.4	57.2	 652	OK
1677	   0	84.6	60.1	 626	OK
1678	   0	94.9	49.0	 580	OK
1679	   0	86.6	58.9	 632	OK
1680	   0	91.9	53.2	 612	OK
1681	   0	83.0	61.4	 647	OK
1682	   0	82.3	62.9	 632	OK
1683	   0	84.1	61.9	 617	OK
1684	   0	88.5	56.3	 632	OK
1685	   0	78.0	68.3	 626	OK
1686	   0	87.0	56.7	 631	OK
1687	   0	80.2	66.7	 631	OK
1688	   0	84.9	58.8	 658	OK
1689	   0	85.0	58.8	 617	OK
1690	   0	89.0	53.3	 611	OK
1691	   0	75.9	71.0	 663	OK
1692	   0	89.5	56.9	 611	OK
1693	   0	87.1	58.3	 626	OK
1694	   0	85.3	62.1	 604	OK
1695	   0	88.7	55.0	 620	OK
1696	   0	83.9	61.5	 636	OK
1697	   0	83.3	63.8	 642	OK
1698	   0	86.0	58.9	 611	OK
1699	   0	89.4	53.6	 605	OK
1700	   0	93.3	51.6	 587	OK
1701	   0	82.0	64.4	 615	OK
1702	   0	88.2	56.5	 628	OK
1703	   0	86.5	57.8	 602	OK
1704	   0	83.5	62.5	 633	OK
1705	   0	77.0	72.0	 695	OK
1706	   0	86.3	58.7	 603	OK
1707	   0	84.2	61.2	 636	OK
1708	   0	95.4	47.2	 584	OK
1709	   0	91.1	55.4	 624	OK
1710	   0	96.1	45.3	 612	OK
1711	   0	86.9	58.3	 615	OK
1712	   0	81.5	66.0	 629	OK
1713	   0	81.9	62.4	 658	OK
1714	   0	90.5	56.3	 628	OK
1715	   0	83.8	61.0	 627	OK
1716	   0	89.4	55.4	 623	OK
1717	   0	89.2	57.1	 578	OK
1718	   0	86.2	58.8	 606	OK
1719	   0	82.5	65.0	 615	OK
1720	   0	88.6	55.6	 648	OK
1721	   0	81.3	63.6	 638	OK
1722	   0	90.7	52.7	 616	OK
1723	   0	86.6	58.7	 625	OK
1724	   0	85.2	62.2	 613	OK
1725	   0	87.5	59.3	 654	OK
1726	   0	92.9	50.3	 646	OK
1727	   0	85.4	58.2	 649	OK
1728	   0	92.9	50.3	 611	OK
1729	   0	84.3	59.4	 631	OK
1730	   0	89.4	54.3	 608	OK
1731	   0	88.5	56.5	 573	OK
1732	   0	85.0	58.9	 666	OK
1733	   0	86.8	58.4	 650	OK
1734	   0	83.9	62.4	 645	OK
1735	   0	91.8	53.8	 609	OK
1736	   0	83.7	63.5	 627	OK
1737	   0	90.1	55.0	 616	OK
1738	   0	81.9	63.4	 646	OK
1739	   0	89.8	54.8	 669	OK
1740	   0	87.4	57.8	 649	OK
1741	   0	89.3	54.2	 609	OK
1742	   0	82.9	62.0	 673	OK
1743	   0	81.9	63.2	 635	OK
1744	   0	88.6	58.0	 592	OK
1745	   0	90.7	51.0	 592	OK
1746	   0	86.6	58.4	 630	OK
1747	   0	90.7	55.3	 612	OK
1748	   0	85.0	62.2	 587	OK
1749	   0	92.3	52.0	 604	OK
1750	   0	88.0	57.3	 602	OK
1751	   0	87.0	58.5	 619	OK
1752	   0	86.7	57.5	 634	OK
1753	   0	79.3	67.7	 642	OK
1754	   0	86.9	59.2	 625	OK
1755	   0	83.3	63.1	 603	OK
1756	   0	83.4	62.5	 636	OK
1757	   0	89.2	55.1	 612	OK
1758	   0	85.5	60.3	 628	OK
1759	   0	84.1	63.9	 608	OK
1760	   0	89.3	58.0	 619	OK
1761	   0	92.5	51.8	 615	OK
1762	   0	85.5	60.2	 604	OK
1763	   0	86.5	58.1	 629	OK
1764	   0	83.7	61.2	 605	OK
1765	   0	83.8	61.1	 603	OK
1766	   0	91.0	52.1	 597	OK
1767	   0	88.7	56.2	 624	OK
1768	   0	89.2	55.1	 610	OK
1769	   0	90.0	51.3	 609	OK
1770	   0	89.8	54.5	 618	OK
1771	   0	84.2	61.0	 623	OK
1772	   0	87.1	56.4	 616	OK
1773	   0	87.0	56.8	 647	OK
1774	   0	83.5	60.0	 597	OK
1775	   0	84.5	59.3	 626	OK
1776	   0	89.8	55.5	 639	OK
1777	   0	87.8	57.3	 616	OK
1778	   0	83.9	60.5	 611	OK
1779	   0	83.1	64.0	 612	OK
1780	   0	86.2	57.9	 638	OK
1781	   0	81.5	66.0	 651	OK
1782	   0	97.1	47.5	 587	OK
1783	   0	84.5	60.9	 606	OK
1784	   0	90.4	53.3	 643	OK
1785	   0	84.0	59.1	 626	OK
1786	   0	87.5	57.2	 616	OK
1787	   0	86.9	57.6	 653	OK
1788	   0	87.7	57.9	 612	OK
1789	   0	91.3	54.4	 596	OK
1790	   0	83.3	63.0	 610	OK
1791	   0	86.5	60.6	 639	OK
1792	   0	85.4	59.6	 661	OK
1793	   0	86.3	58.8	 615	OK
1794	   0	88.8	56.2	 600	OK
1795	   0	84.0	62.0	 583	OK
1796	   0	90.0	54.4	 579	OK
1797	   0	90.6	54.0	 574	OK
1798	   0	85.8	58.5	 635	OK
1799	   0	87.1	59.4	 634	OK
1800	   0	87.1	57.9	 609	OK
1801	   0	85.0	59.3	 627	OK
1802	   0	84.4	62.7	 586	OK
1803	   0	88.1	58.4	 597	OK
1804	4000	83.4	62.9	 728	high noise
1805	   0	85.4	60.0	 582	OK
1806	   0	94.4	48.2	 563	OK
1807	   0	88.4	56.9	 565	OK
1808	   0	80.9	66.3	 648	OK
1809	   0	87.7	59.0	 590	OK
1810	   0	81.8	64.5	 627	OK
1811	   0	83.2	62.1	 627	OK
1812	   0	82.9	63.3	 652	OK
1813	   0	87.1	58.9	 626	OK
1814	   0	79.4	68.1	 626	OK
1815	   0	85.6	61.6	 586	OK
1816	   0	86.7	60.4	 610	OK
1817	   0	85.0	60.1	 585	OK
1818	   0	84.4	59.8	 614	OK
1819	   0	88.5	57.4	 616	OK
1820	   0	82.2	63.8	 661	OK
1821	   0	86.1	59.2	 606	OK
1822	   0	79.3	68.0	 662	OK
1823	   0	81.8	64.2	 617	OK
1824	   0	77.3	71.1	 606	OK
1825	   0	83.1	63.5	 615	OK
1826	   0	80.9	65.6	 665	OK
1827	   0	89.7	55.6	 617	OK
1828	   0	85.9	59.8	 626	OK
1829	   0	89.3	54.7	 618	OK
1830	   0	85.4	59.1	 647	OK
1831	   0	73.6	74.3	 671	OK
1832	   0	81.0	65.6	 641	OK
1833	   0	84.1	61.2	 622	OK
1834	   0	80.6	65.4	 657	OK
1835	   0	86.0	59.1	 613	OK
1836	   0	83.8	62.5	 602	OK
1837	   0	87.5	56.7	 585	OK
1838	   0	85.4	60.3	 625	OK
1839	   0	83.4	62.3	 636	OK
1840	   0	85.6	61.3	 593	OK
1841	   0	84.6	62.1	 631	OK
1842	   0	80.5	66.5	 636	OK
1843	   0	80.6	66.9	 598	OK
1844	   0	84.5	62.0	 632	OK
1845	   0	86.0	57.3	 632	OK
1846	   0	81.9	64.8	 660	OK
1847	   0	83.6	60.9	 668	OK
1848	   0	81.6	65.7	 650	OK
1849	   0	76.7	68.9	 674	OK
1850	   0	85.1	60.3	 628	OK
1851	   0	83.1	64.3	 634	OK
1852	   0	90.8	54.5	 593	OK
1853	   0	84.8	59.8	 668	OK
1854	   0	92.5	53.6	 613	OK
1855	   0	90.3	52.9	 605	OK
1856	   0	87.7	57.4	 616	OK
1857	   0	92.1	51.5	 585	OK
1858	   0	88.2	57.7	 634	OK
1859	   0	78.5	67.7	 656	OK
1860	   0	83.4	61.0	 627	OK
1861	   0	88.2	57.4	 672	OK
1862	   0	88.9	57.1	 617	OK
1863	   0	92.2	52.8	 582	OK
1864	   0	93.3	50.6	 602	OK
1865	   0	84.3	60.3	 634	OK
1866	   0	95.9	49.4	 608	OK
1867	   0	88.0	56.6	 629	OK
1868	   0	93.7	48.5	 626	OK
1869	   0	80.6	65.8	 624	OK
1870	   0	83.4	61.1	 660	OK
1871	   0	77.5	68.9	 652	OK
1872	   0	82.0	64.5	 634	OK
1873	   0	88.7	57.7	 595	OK
1874	   0	85.8	59.8	 599	OK
1875	   0	79.6	68.3	 632	OK
1876	   0	84.4	59.8	 649	OK
1877	   0	84.3	61.5	 622	OK
1878	   0	87.2	57.9	 593	OK
1879	   0	86.4	56.5	 610	OK
1880	   0	80.7	66.1	 690	OK
1881	   0	92.4	49.3	 598	OK
1882	   0	89.6	55.7	 599	OK
1883	   0	83.7	61.9	 624	OK
1884	   0	85.9	59.6	 631	OK
1885	   0	83.6	64.2	 586	OK
1886	   0	87.0	60.0	 609	OK
1887	   0	84.8	62.1	 630	OK
1888	   0	83.9	62.3	 621	OK
1889	   0	84.8	59.9	 626	OK
1890	   0	83.3	64.7	 666	OK
1891	   0	88.0	58.9	 614	OK
1892	   0	80.8	65.5	 596	OK
1893	   0	86.9	56.7	 618	OK
1894	   0	78.9	67.2	 620	OK
1895	   0	86.8	57.6	 562	OK
1896	   0	87.2	56.1	 601	OK
1897	   0	82.1	64.5	 643	OK
1898	   0	78.2	71.0	 629	OK
1899	   0	88.8	56.7	 626	OK
1900	   0	86.9	58.0	 637	OK
1901	   0	83.9	62.3	 596	OK
1902	   0	88.0	57.2	 606	OK
1903	   0	85.4	60.6	 578	OK
1904	   0	88.8	58.0	 590	OK
1905	   0	86.2	58.0	 624	OK
1906	   0	89.1	55.0	 597	OK
1907	   0	78.9	67.5	 577	OK
1908	   0	80.7	65.9	 672	OK
1909	   0	86.4	58.0	 577	OK
1910	   0	79.0	69.6	 634	OK
1911	   0	86.1	61.4	 622	OK
1912	   0	84.2	64.1	 623	OK
1913	   0	89.5	57.1	 567	OK
1914	   0	85.9	59.7	 602	OK
1915	   0	84.1	60.4	 629	OK
1916	   0	83.9	62.6	 581	OK
1917	   0	87.6	57.0	 626	OK
1918	   0	81.0	64.7	 614	OK
1919	   0	90.9	56.4	 578	OK
1920	   0	84.2	62.5	 614	OK
1921	   0	83.3	63.5	 644	OK
1922	   0	78.3	69.7	 669	OK
1923	   0	73.9	74.1	 712	OK
1924	   0	77.7	68.2	 640	OK
1925	   0	81.4	66.0	 634	OK
1926	   0	72.6	75.7	 640	OK
1927	   0	68.7	81.1	 723	OK
1928	   0	75.2	71.2	 657	OK
1929	   0	75.2	70.7	 638	OK
1930	   0	77.5	71.1	 650	OK
1931	   0	81.1	65.6	 649	OK
1932	   0	72.8	75.2	 671	OK
1933	   0	79.5	67.4	 646	OK
1934	   0	73.9	73.0	 669	OK
1935	   0	75.1	72.4	 674	OK
1936	   0	75.5	73.6	 670	OK
1937	   0	75.6	72.1	 679	OK
1938	   0	81.1	63.8	 650	OK
1939	   0	76.7	69.2	 658	OK
1940	   0	78.0	69.0	 634	OK
1941	   0	74.0	71.3	 668	OK
1942	   0	77.0	71.7	 675	OK
1943	   0	84.1	63.9	 638	OK
1944	   0	80.1	65.5	 655	OK
1945	   0	76.0	72.6	 654	OK
1946	   0	76.9	69.5	 642	OK
1947	   0	84.1	60.8	 662	OK
1948	   0	74.3	72.0	 652	OK
1949	   0	75.0	71.0	 686	OK
1950	   0	77.8	69.7	 680	OK
1951	   0	76.4	69.8	 679	OK
1952	   0	76.9	68.1	 647	OK
1953	   0	76.9	71.2	 624	OK
1954	   0	74.0	75.0	 671	OK
1955	   0	84.6	60.3	 609	OK
1956	   0	71.4	75.2	 709	OK
1957	   0	84.2	60.9	 632	OK
1958	   0	78.9	65.8	 701	OK
1959	   0	75.9	71.0	 664	OK
1960	   0	75.2	72.8	 630	OK
1961	   0	78.4	68.8	 676	OK
1962	   0	82.5	63.8	 645	OK
1963	   0	77.3	68.2	 680	OK
1964	   0	80.3	65.1	 668	OK
1965	   0	74.6	74.2	 666	OK
1966	   0	74.4	73.6	 692	OK
1967	   0	77.0	68.4	 664	OK
1968	   0	74.8	73.9	 647	OK
1969	   0	77.5	69.2	 664	OK
1970	   0	78.7	67.9	 636	OK
1971	   0	80.0	65.1	 613	OK
1972	   0	73.4	74.1	 693	OK
1973	   0	81.7	64.3	 625	OK
1974	   0	78.2	69.0	 707	OK
1975	   0	81.4	63.1	 683	OK
1976	   0	74.4	72.2	 676	OK
1977	   0	77.5	68.5	 695	OK
1978	   0	76.9	72.0	 689	OK
1979	   0	78.8	69.6	 639	OK
1980	   0	77.6	67.8	 677	OK
1981	   0	81.9	63.7	 646	OK
1982	   0	80.6	65.0	 676	OK
1983	   0	77.1	67.8	 646	OK
1984	   0	80.1	66.0	 663	OK
1985	   0	75.6	71.9	 674	OK
1986	   0	72.8	76.9	 738	OK
1987	   0	76.5	70.2	 650	OK
1988	   0	70.7	77.5	 682	OK
1989	   0	74.4	70.7	 691	OK
1990	   0	77.6	70.7	 665	OK
1991	   0	80.5	66.4	 634	OK
1992	   0	85.9	58.7	 589	OK
1993	   0	79.8	66.2	 642	OK
1994	   0	65.2	83.3	 707	OK
1995	   0	80.3	66.5	 689	OK
1996	   0	76.6	68.2	 676	OK
1997	   0	74.0	75.9	 637	OK
1998	   0	78.9	66.2	 625	OK
1999	   0	73.4	75.5	 671	OK
2000	   0	79.3	68.2	 668	OK
2001	   0	80.4	66.8	 638	OK
2002	   0	77.6	69.0	 662	OK
2003	   0	84.4	62.0	 617	OK
2004	   0	78.2	67.9	 631	OK
2005	   0	72.7	76.9	 677	OK
2006	   0	73.7	75.0	 650	OK
2007	   0	85.7	59.3	 650	OK
2008	   0	76.4	72.5	 669	OK
2009	   0	82.4	63.4	 665	OK
2010	   0	77.2	70.0	 664	OK
2011	   0	78.9	69.3	 656	OK
2012	   0	74.3	74.6	 640	OK
2013	   0	76.9	68.6	 695	OK
2014	   0	75.5	72.8	 676	OK
2015	   0	83.5	61.1	 635	OK
2016	   0	79.1	67.8	 616	OK
2017	   0	86.1	60.5	 581	OK
2018	   0	82.0	64.2	 632	OK
2019	   0	79.1	69.0	 659	OK
2020	   0	74.6	73.2	 703	OK
2021	   0	76.2	69.7	 669	OK
2022	   0	81.4	65.0	 633	OK
2023	   0	78.4	69.2	 697	OK
2024	   0	76.3	71.1	 633	OK
2025	   0	75.8	71.2	 683	OK
2026	   0	75.2	71.4	 668	OK
2027	   0	82.1	64.6	 629	OK
2028	   0	68.7	78.3	 697	OK
2029	   0	77.0	69.5	 671	OK
2030	   0	78.4	66.8	 642	OK
2031	   0	79.3	66.5	 660	OK
2032	   0	74.3	72.1	 698	OK
2033	   0	83.1	62.4	 611	OK
2034	   0	73.4	71.7	 700	OK
2035	   0	70.3	75.8	 729	OK
2036	   0	78.6	66.4	 651	OK
2037	   0	74.5	71.1	 673	OK
2038	   0	79.0	67.7	 642	OK
2039	   0	75.6	72.9	 671	OK
2040	   0	79.3	66.2	 648	OK
2041	   0	78.3	68.6	 649	OK
2042	   0	73.5	74.1	 681	OK
2043	   0	74.1	75.2	 647	OK
2044	   0	83.3	65.1	 640	OK
2045	   0	72.3	75.4	 688	OK
2046	   0	81.0	63.3	 620	OK
2047	   0	75.3	71.9	 704	OK
2048	   0	78.0	68.0	 627	OK
2049	   0	87.0	58.1	 611	OK
2050	   0	83.9	61.4	 630	OK
2051	   0	80.1	67.1	 621	OK
2052	   0	93.2	52.3	 603	OK
2053	   0	89.4	55.6	 600	OK
2054	   0	87.1	58.1	 616	OK
2055	   0	82.3	61.9	 588	OK
2056	   0	82.3	63.9	 629	OK
2057	   0	86.7	58.1	 597	OK
2058	   0	83.5	60.7	 610	OK
2059	   0	81.8	66.0	 634	OK
2060	   0	77.9	67.6	 657	OK
2061	   0	88.5	58.6	 592	OK
2062	   0	86.0	58.2	 639	OK
2063	   0	77.0	69.5	 630	OK
2064	   0	80.2	64.3	 606	OK
2065	   0	81.8	63.8	 649	OK
2066	   0	90.3	54.2	 604	OK
2067	   0	84.8	61.2	 639	OK
2068	   0	80.5	64.4	 604	OK
2069	   0	74.5	74.7	 636	OK
2070	   0	93.2	52.0	 591	OK
2071	   0	86.7	57.7	 620	OK
2072	   0	84.8	59.3	 620	OK
2073	   0	82.8	62.2	 628	OK
2074	   0	85.5	61.3	 654	OK
2075	   0	90.6	54.3	 579	OK
2076	   0	82.3	63.6	 646	OK
2077	   0	84.0	60.8	 588	OK
2078	   0	87.8	56.5	 614	OK
2079	   0	84.6	61.7	 598	OK
2080	   0	88.1	54.6	 590	OK
2081	   0	89.5	57.7	 606	OK
2082	   0	85.5	58.7	 659	OK
2083	   0	88.3	57.9	 597	OK
2084	   0	82.0	65.2	 619	OK
2085	   0	88.1	57.8	 600	OK
2086	   0	88.6	58.3	 647	OK
2087	   0	88.6	56.5	 618	OK
2088	   0	82.9	64.0	 620	OK
2089	   0	85.4	58.4	 636	OK
2090	   0	91.0	53.0	 582	OK
2091	   0	87.2	59.2	 623	OK
2092	   0	84.7	61.9	 594	OK
2093	   0	87.4	59.0	 613	OK
2094	   0	81.3	66.8	 602	OK
2095	   0	92.9	52.3	 600	OK
2096	   0	84.9	60.2	 643	OK
2097	   0	93.7	48.4	 601	OK
2098	   0	88.4	55.2	 576	OK
2099	   0	90.0	53.6	 582	OK
2100	   0	81.1	64.6	 633	OK
2101	   0	88.2	55.8	 614	OK
2102	   0	82.1	64.3	 629	OK
2103	   0	85.3	61.4	 622	OK
2104	   0	86.1	60.1	 630	OK
2105	   0	90.6	55.8	 633	OK
2106	   0	80.7	66.3	 606	OK
2107	   0	86.9	58.3	 640	OK
2108	   0	90.9	51.9	 591	OK
2109	   0	87.8	56.2	 639	OK
2110	   0	85.0	61.3	 636	OK
2111	   0	87.6	56.8	 647	OK
2112	   0	85.8	59.2	 611	OK
2113	   0	91.8	53.6	 613	OK
2114	   0	84.2	62.4	 625	OK
2115	   0	89.7	55.7	 604	OK
2116	   0	87.8	57.1	 626	OK
2117	   0	86.2	59.3	 603	OK
2118	   0	84.5	62.0	 589	OK
2119	   0	88.5	57.5	 609	OK
2120	   0	85.7	61.6	 594	OK
2121	   0	88.6	57.1	 605	OK
2122	   0	89.3	53.9	 608	OK
2123	   0	90.4	55.9	 632	OK
2124	   0	93.2	48.0	 597	OK
2125	   0	80.0	64.7	 613	OK
2126	   0	89.2	54.8	 597	OK
2127	   0	82.6	64.6	 625	OK
2128	   0	84.3	61.3	 616	OK
2129	   0	86.3	57.6	 620	OK
2130	   0	85.8	59.3	 630	OK
2131	   0	89.3	54.4	 588	OK
2132	   0	83.0	63.1	 624	OK
2133	   0	84.1	61.7	 631	OK
2134	   0	89.3	57.2	 603	OK
2135	   0	83.4	63.3	 633	OK
2136	   0	87.1	58.3	 598	OK
2137	   0	80.2	67.6	 632	OK
2138	   0	80.8	67.3	 607	OK
2139	   0	83.1	61.2	 607	OK
2140	   0	82.0	62.8	 633	OK
2141	   0	83.6	61.6	 618	OK
2142	   0	86.2	58.9	 578	OK
2143	   0	88.2	56.7	 579	OK
2144	   0	87.5	57.4	 599	OK
2145	   0	81.1	63.4	 611	OK
2146	   0	84.6	61.5	 596	OK
2147	   0	83.1	62.3	 626	OK
2148	   0	89.2	53.8	 578	OK
2149	   0	82.9	63.6	 627	OK
2150	   0	84.3	60.1	 626	OK
2151	   0	88.8	56.7	 600	OK
2152	   0	83.1	65.1	 606	OK
2153	   0	93.0	50.5	 584	OK
2154	   0	91.4	51.2	 568	OK
2155	   0	82.2	62.8	 581	OK
2156	   0	87.7	59.9	 584	OK
2157	   0	84.8	61.4	 615	OK
2158	   0	79.5	65.6	 588	OK
2159	   0	85.4	58.8	 582	OK
2160	   0	83.7	62.7	 555	OK
2161	   0	90.9	56.2	 572	OK
2162	   0	85.6	59.6	 605	OK
2163	   0	82.8	63.4	 587	OK
2164	   0	88.7	56.0	 607	OK
2165	   0	89.4	53.5	 590	OK
2166	   0	83.2	64.9	 595	OK
2167	   0	88.1	58.3	 600	OK
2168	   0	93.5	48.3	 557	OK
2169	   0	90.6	53.9	 579	OK
2170	   0	85.1	61.3	 599	OK
2171	   0	84.5	62.9	 619	OK
2172	   0	85.5	62.3	 600	OK
2173	   0	83.8	59.7	 590	OK
2174	   0	83.5	62.6	 606	OK
2175	   0	88.8	58.6	 614	OK
2176	   0	90.0	56.1	 587	OK
2177	   0	87.2	58.2	 639	OK
2178	   0	96.8	46.0	 608	OK
2179	   0	85.7	58.6	 569	OK
2180	   0	83.9	61.0	 657	OK
2181	   0	83.0	62.5	 629	OK
2182	   0	86.2	59.8	 598	OK
2183	   0	87.8	56.5	 640	OK
2184	   0	83.0	64.5	 619	OK
2185	   0	92.0	52.7	 578	OK
2186	   0	87.1	58.3	 615	OK
2187	   0	84.6	63.1	 592	OK
2188	   0	78.8	69.2	 634	OK
2189	   0	82.3	65.4	 644	OK
2190	   0	79.6	66.4	 647	OK
2191	   0	82.0	65.8	 631	OK
2192	   0	89.5	56.9	 614	OK
2193	   0	89.4	57.5	 603	OK
2194	   0	75.2	74.0	 614	OK
2195	   0	83.6	63.4	 595	OK
2196	   0	83.1	63.5	 621	OK
2197	   0	80.4	66.0	 638	OK
2198	   0	86.4	59.5	 603	OK
2199	   0	81.6	64.4	 606	OK
2200	   0	90.0	55.6	 608	OK
2201	   0	85.4	61.4	 566	OK
2202	   0	86.6	58.1	 621	OK
2203	   0	85.8	61.0	 618	OK
2204	   0	87.5	58.4	 604	OK
2205	   0	87.7	57.5	 608	OK
2206	   0	85.8	59.8	 634	OK
2207	   0	89.7	54.6	 617	OK
2208	   0	85.2	60.5	 619	OK
2209	   0	91.6	53.0	 577	OK
2210	   0	94.1	50.2	 615	OK
2211	   0	92.2	52.1	 583	OK
2212	   0	84.6	61.0	 639	OK
2213	   0	77.4	69.1	 662	OK
2214	   0	89.3	55.4	 615	OK
2215	   0	85.3	61.4	 648	OK
2216	   0	89.0	55.5	 635	OK
2217	   0	87.0	59.9	 616	OK
2218	   0	88.9	56.4	 564	OK
2219	   0	85.1	59.2	 602	OK
2220	   0	90.4	54.0	 610	OK
2221	   0	93.6	49.3	 585	OK
2222	   0	87.9	59.7	 662	OK
2223	   0	85.1	58.0	 636	OK
2224	   0	85.2	60.4	 623	OK
2225	   0	86.1	58.9	 632	OK
2226	   0	82.3	64.9	 654	OK
2227	   0	90.5	53.5	 635	OK
2228	   0	82.7	61.4	 665	OK
2229	   0	80.8	65.4	 655	OK
2230	   0	86.7	59.5	 622	OK
2231	   0	86.2	60.0	 586	OK
2232	   0	86.2	60.4	 649	OK
2233	   0	90.4	54.3	 613	OK
2234	   0	91.0	53.6	 604	OK
2235	   0	94.5	48.6	 581	OK
2236	   0	89.4	56.6	 627	OK
2237	   0	81.0	64.1	 674	OK
2238	   0	88.5	57.0	 685	OK
2239	   0	96.6	46.7	 584	OK
2240	   0	90.1	57.0	 622	OK
2241	   0	77.7	68.8	 673	OK
2242	   0	86.6	59.0	 614	OK
2243	   0	88.4	56.6	 618	OK
2244	   0	85.5	59.4	 599	OK
2245	   0	86.5	61.0	 597	OK
2246	   0	81.7	61.8	 667	OK
2247	   0	90.0	54.1	 576	OK
2248	   0	82.0	63.8	 626	OK
2249	   0	91.3	51.3	 603	OK
2250	   0	88.7	54.4	 622	OK
2251	   0	90.4	52.5	 617	OK
2252	   0	81.5	66.6	 616	OK
2253	   0	89.2	56.6	 620	OK
2254	   0	85.8	59.1	 640	OK
2255	   0	86.7	60.1	 595	OK
2256	   0	87.1	59.6	 613	OK
2257	   0	85.6	61.8	 640	OK
2258	   0	84.2	60.8	 628	OK
2259	   0	85.1	59.0	 632	OK
2260	   0	83.5	61.7	 644	OK
2261	   0	88.8	57.8	 598	OK
2262	   0	89.6	56.2	 608	OK
2263	   0	87.9	58.8	 607	OK
2264	   0	88.3	55.4	 594	OK
2265	   0	92.2	51.7	 600	OK
2266	   0	87.4	58.7	 640	OK
2267	   0	87.6	57.6	 597	OK
2268	   0	92.8	51.3	 583	OK
2269	   0	88.3	55.3	 606	OK
2270	   0	82.3	63.9	 632	OK
2271	   0	79.5	65.3	 623	OK
2272	   0	88.0	57.5	 634	OK
2273	   0	86.5	57.5	 639	OK
2274	   0	89.4	55.7	 589	OK
2275	   0	90.1	56.1	 590	OK
2276	   0	93.8	50.4	 594	OK
2277	   0	96.9	47.0	 570	OK
2278	   0	86.7	58.5	 585	OK
2279	   0	91.4	55.5	 584	OK
2280	   0	86.0	58.2	 597	OK
2281	   0	90.7	53.0	 623	OK
2282	   0	87.9	58.3	 598	OK
2283	   0	92.8	52.5	 605	OK
2284	   0	87.8	58.2	 613	OK
2285	   0	90.4	54.9	 586	OK
2286	   0	90.1	53.0	 604	OK
2287	   0	82.5	63.3	 619	OK
2288	   0	80.4	67.7	 609	OK
2289	   0	87.3	57.4	 591	OK
2290	   0	81.5	64.5	 599	OK
2291	   0	85.4	60.8	 601	OK
2292	   0	86.3	58.2	 634	OK
2293	   0	92.6	51.2	 573	OK
2294	   0	84.6	61.6	 621	OK
2295	   0	89.5	55.1	 623	OK
2296	   0	90.3	54.2	 613	OK
2297	   0	94.1	49.4	 599	OK
2298	   0	92.8	50.1	 607	OK
2299	   0	93.8	50.4	 619	OK
2300	   0	83.4	64.1	 645	OK
2301	   0	88.2	54.8	 576	OK
2302	   0	87.0	56.3	 649	OK
2303	   0	89.0	55.0	 588	OK
2304	   0	89.5	54.2	 590	OK
2305	   0	81.7	62.9	 631	OK
2306	   0	90.0	54.7	 636	OK
2307	   0	81.6	65.5	 622	OK
2308	   0	82.0	64.4	 640	OK
2309	   0	87.5	56.5	 633	OK
2310	   0	84.1	62.0	 632	OK
2311	   0	83.7	63.5	 639	OK
2312	   0	81.9	62.5	 626	OK
2313	   0	84.1	60.0	 622	OK
2314	   0	91.7	54.0	 608	OK
2315	   0	86.5	60.1	 634	OK
2316	   0	80.9	66.7	 617	OK
2317	   0	83.1	64.5	 647	OK
2318	   0	82.3	62.9	 654	OK
2319	   0	83.1	62.8	 630	OK
2320	   0	81.3	66.5	 633	OK
2321	   0	82.6	63.4	 654	OK
2322	   0	91.0	51.9	 583	OK
2323	   0	90.7	52.6	 631	OK
2324	   0	79.8	67.3	 646	OK
2325	   0	85.5	59.9	 626	OK
2326	   0	87.5	58.5	 611	OK
2327	   0	82.2	64.6	 653	OK
2328	   0	82.0	65.5	 653	OK
2329	   0	84.3	62.6	 603	OK
2330	   0	76.5	72.0	 652	OK
2331	   0	83.2	64.9	 620	OK
2332	   0	91.0	55.0	 613	OK
2333	   0	81.1	64.9	 646	OK
2334	   0	86.2	57.6	 621	OK
2335	   0	87.6	57.6	 610	OK
2336	   0	88.8	54.3	 626	OK
2337	   0	83.1	63.5	 625	OK
2338	   0	84.5	62.5	 633	OK
2339	   0	81.2	65.1	 667	OK
2340	   0	85.6	62.3	 635	OK
2341	   0	78.1	68.5	 669	OK
2342	   0	82.1	64.7	 664	OK
2343	   0	94.5	48.9	 610	OK
2344	   0	89.5	55.9	 676	OK
2345	   0	85.1	61.5	 607	OK
2346	   0	86.8	59.3	 578	OK
2347	   0	85.4	60.2	 649	OK
2348	   0	83.7	61.5	 646	OK
2349	   0	84.4	59.9	 618	OK
2350	   0	88.6	55.4	 614	OK
2351	   0	89.9	55.4	 603	OK
2352	   0	77.6	68.2	 639	OK
2353	   0	89.3	53.0	 594	OK
2354	   0	83.0	61.5	 647	OK
2355	   0	85.7	59.4	 634	OK
2356	   0	87.8	56.0	 644	OK
2357	   0	94.5	48.8	 617	OK
2358	   0	97.2	47.0	 569	OK
2359	   0	87.0	56.9	 620	OK
2360	   0	91.3	52.7	 599	OK
2361	   0	87.5	57.8	 639	OK
2362	   0	81.1	65.8	 674	OK
2363	   0	92.4	51.6	 586	OK
2364	   0	86.7	57.5	 630	OK
2365	   0	89.9	55.3	 649	OK
2366	   0	86.7	60.3	 643	OK
2367	   0	79.5	67.8	 638	OK
2368	   0	85.6	60.0	 657	OK
2369	   0	84.4	59.8	 668	OK
2370	   0	90.9	52.7	 599	OK
2371	   0	81.6	64.5	 644	OK
2372	   0	83.0	64.0	 630	OK
2373	   0	84.2	62.3	 673	OK
2374	   0	85.8	58.4	 615	OK
2375	   0	87.9	55.9	 655	OK
2376	   0	78.4	70.1	 648	OK
2377	   0	90.0	54.7	 600	OK
2378	   0	88.6	54.7	 605	OK
2379	   0	93.3	51.1	 607	OK
2380	   0	90.5	52.2	 616	OK
2381	   0	86.8	57.9	 615	OK
2382	   0	82.6	62.5	 657	OK
2383	   0	86.9	56.7	 644	OK
2384	   0	93.7	50.1	 636	OK
2385	   0	84.6	60.1	 629	OK
2386	   0	87.6	58.3	 602	OK
2387	   0	91.4	52.4	 600	OK
2388	   0	82.0	65.2	 666	OK
2389	   0	82.0	64.2	 652	OK
2390	   0	90.6	52.6	 581	OK
2391	   0	79.2	66.2	 658	OK
2392	   0	92.5	50.7	 576	OK
2393	   0	82.9	63.0	 603	OK
2394	   0	89.4	55.0	 590	OK
2395	   0	88.8	56.7	 622	OK
2396	   0	90.3	55.6	 635	OK
2397	   0	83.3	61.9	 604	OK
2398	   0	81.2	65.0	 678	OK
2399	   0	84.0	62.1	 636	OK
2400	   0	81.9	65.8	 646	OK
2401	   0	83.0	62.4	 616	OK
2402	   0	82.6	63.6	 638	OK
2403	   0	80.6	66.4	 658	OK
2404	   0	79.7	66.2	 626	OK
2405	   0	92.0	50.6	 606	OK
2406	   0	82.3	63.9	 639	OK
2407	   0	85.5	61.0	 631	OK
2408	   0	87.2	57.7	 625	OK
2409	   0	86.2	59.0	 614	OK
2410	   0	88.3	56.8	 614	OK
2411	   0	83.3	63.7	 597	OK
2412	   0	95.4	47.1	 586	OK
2413	   0	93.2	53.6	 572	OK
2414	   0	80.0	66.7	 649	OK
2415	   0	79.7	67.0	 632	OK
2416	   0	84.9	62.1	 655	OK
2417	   0	82.4	64.4	 642	OK
2418	   0	88.3	56.1	 614	OK
2419	   0	83.2	62.2	 588	OK
2420	   0	86.0	57.6	 643	OK
2421	   0	90.5	52.8	 608	OK
2422	   0	84.7	60.9	 615	OK
2423	   0	85.8	58.6	 606	OK
2424	   0	84.3	62.5	 642	OK
2425	   0	84.1	61.4	 628	OK
2426	   0	95.9	48.8	 593	OK
2427	   0	80.8	64.0	 666	OK
2428	   0	88.3	57.9	 605	OK
2429	   0	85.3	61.6	 617	OK
2430	   0	86.3	58.7	 577	OK
2431	   0	86.3	59.4	 655	OK
2432	   0	78.7	68.7	 643	OK
2433	   0	81.4	64.6	 693	OK
2434	   0	70.7	75.3	 722	OK
2435	   0	79.2	68.4	 674	OK
2436	   0	82.2	62.4	 651	OK
2437	   0	74.7	74.2	 686	OK
2438	   0	84.4	60.0	 651	OK
2439	   0	76.9	69.6	 653	OK
2440	   0	75.2	71.2	 677	OK
2441	   0	84.5	62.0	 672	OK
2442	   0	80.5	66.2	 640	OK
2443	   0	75.8	70.4	 695	OK
2444	   0	77.4	68.5	 624	OK
2445	   0	85.6	61.8	 615	OK
2446	   0	73.6	76.2	 712	OK
2447	   0	79.5	67.3	 674	OK
2448	   0	78.0	68.0	 658	OK
2449	   0	76.1	70.8	 695	OK
2450	   0	78.5	69.0	 664	OK
2451	   0	74.3	72.3	 667	OK
2452	   0	73.7	74.2	 663	OK
2453	   0	79.6	65.0	 668	OK
2454	   0	83.9	60.5	 650	OK
2455	   0	75.6	72.0	 663	OK
2456	   0	79.5	66.9	 627	OK
2457	   0	79.4	65.9	 675	OK
2458	   0	76.6	70.6	 632	OK
2459	   0	83.9	63.2	 634	OK
2460	   0	78.5	68.0	 708	OK
2461	   0	73.3	74.0	 695	OK
2462	   0	77.1	70.5	 713	OK
2463	   0	83.1	62.2	 660	OK
2464	   0	79.5	65.8	 679	OK
2465	   0	74.7	72.9	 677	OK
2466	   0	80.0	64.1	 667	OK
2467	   0	76.3	69.3	 673	OK
2468	   0	81.4	66.1	 627	OK
2469	   0	84.7	60.7	 654	OK
2470	   0	73.5	73.8	 731	OK
2471	   0	73.4	76.8	 714	OK
2472	   0	74.4	70.8	 695	OK
2473	   0	77.6	71.4	 657	OK
2474	   0	78.3	67.6	 679	OK
2475	   0	79.6	67.8	 630	OK
2476	   0	74.2	72.0	 695	OK
2477	   0	73.0	74.5	 740	OK
2478	   0	78.3	67.4	 683	OK
2479	   0	78.7	69.0	 646	OK
2480	   0	79.9	67.5	 642	OK
2481	   0	75.2	72.4	 648	OK
2482	   0	74.2	71.9	 702	OK
2483	   0	76.3	71.5	 679	OK
2484	   0	77.4	69.5	 671	OK
2485	   0	73.5	75.5	 653	OK
2486	   0	76.0	71.7	 668	OK
2487	   0	80.6	65.2	 693	OK
2488	   0	75.8	71.1	 705	OK
2489	   0	76.3	70.1	 673	OK
2490	   0	78.9	69.1	 683	OK
2491	   0	79.9	68.3	 666	OK
2492	   0	75.3	70.1	 665	OK
2493	   0	81.6	65.9	 644	OK
2494	   0	78.0	70.0	 719	OK
2495	   0	74.6	73.9	 726	OK
2496	   0	72.1	76.5	 700	OK
2497	   0	84.6	61.0	 640	OK
2498	   0	75.0	74.9	 704	OK
2499	   0	79.6	69.2	 677	OK
2500	   0	78.2	70.5	 655	OK
2501	   0	79.2	65.3	 686	OK
2502	   0	77.0	69.2	 653	OK
2503	   0	76.8	72.0	 675	OK
2504	   0	66.6	83.7	 726	OK
2505	   0	82.9	63.1	 646	OK
2506	   0	75.9	71.0	 641	OK
2507	   0	82.8	62.8	 656	OK
2508	   0	75.9	71.0	 694	OK
2509	   0	73.8	73.7	 661	OK
2510	   0	78.7	65.6	 692	OK
2511	   0	71.9	76.3	 709	OK
2512	   0	80.9	67.1	 687	OK
2513	   0	79.9	65.5	 656	OK
2514	   0	72.8	74.5	 689	OK
2515	   0	82.4	61.4	 675	OK
2516	   0	80.9	65.6	 669	OK
2517	   0	80.2	63.5	 691	OK
2518	   0	75.2	71.7	 665	OK
2519	   0	78.3	66.3	 694	OK
2520	   0	80.4	65.5	 649	OK
2521	   0	75.0	73.9	 687	OK
2522	   0	73.6	73.2	 680	OK
2523	   0	76.2	71.1	 679	OK
2524	   0	78.2	68.6	 680	OK
2525	   0	84.3	60.5	 645	OK
2526	   0	74.0	72.4	 653	OK
2527	   0	80.0	66.9	 648	OK
2528	   0	76.5	71.8	 683	OK
2529	   0	76.7	68.7	 687	OK
2530	   0	69.2	79.2	 714	OK
2531	   0	77.5	70.0	 670	OK
2532	   0	79.4	65.7	 695	OK
2533	   0	75.5	72.4	 667	OK
2534	   0	72.3	76.2	 698	OK
2535	   0	80.4	64.7	 660	OK
2536	   0	81.2	66.7	 643	OK
2537	   0	75.2	72.6	 684	OK
2538	   0	73.0	75.1	 730	OK
2539	   0	76.8	68.6	 691	OK
2540	   0	74.0	73.9	 726	OK
2541	   0	77.4	68.4	 703	OK
2542	   0	76.2	71.8	 694	OK
2543	   0	78.1	67.4	 654	OK
2544	   0	80.0	65.4	 665	OK
2545	   0	82.4	63.3	 650	OK
2546	   0	77.6	67.3	 697	OK
2547	   0	71.1	75.4	 707	OK
2548	   0	80.4	64.1	 677	OK
2549	   0	84.4	59.2	 684	OK
2550	   0	85.7	59.0	 646	OK
2551	   0	72.3	76.5	 680	OK
2552	   0	79.3	67.1	 695	OK
2553	   0	68.6	78.0	 718	OK
2554	   0	75.1	72.4	 666	OK
2555	   0	84.4	62.3	 647	OK
2556	   0	76.6	72.7	 699	OK
2557	   0	75.0	73.0	 686	OK
2558	   0	79.0	69.0	 672	OK
2559	   0	78.3	67.7	 642	OK
