#chan	code	gain	offset	innse	comment
   0	   0	78.9	72.9	 671	OK
   1	   0	80.0	70.0	 692	OK
   2	   0	80.0	70.8	 651	OK
   3	   0	79.6	70.6	 679	OK
   4	   0	72.9	80.6	 717	OK
   5	   0	77.0	75.5	 692	OK
   6	   0	76.1	75.1	 688	OK
   7	   0	73.7	80.1	 720	OK
   8	   0	82.6	68.9	 680	OK
   9	1101	0.0	0.0	   0	dead
  10	   0	77.8	75.2	 690	OK
  11	   0	75.2	78.1	 694	OK
  12	   0	77.4	72.9	 728	OK
  13	   0	77.9	73.0	 715	OK
  14	   0	77.8	73.6	 669	OK
  15	   0	82.2	68.7	 676	OK
  16	   0	82.8	67.0	 666	OK
  17	   0	81.5	69.9	 662	OK
  18	   0	75.8	77.2	 702	OK
  19	   0	81.0	71.3	 665	OK
  20	   0	79.7	71.8	 704	OK
  21	   0	79.6	71.3	 704	OK
  22	   0	76.4	78.3	 682	OK
  23	   0	76.0	75.7	 716	OK
  24	   0	84.2	67.7	 683	OK
  25	   0	75.4	76.5	 735	OK
  26	   0	75.8	76.8	 709	OK
  27	   0	79.0	74.5	 705	OK
  28	   0	79.4	73.7	 725	OK
  29	   0	83.9	66.5	 712	OK
  30	   0	73.7	80.1	 745	OK
  31	   0	76.1	76.8	 738	OK
  32	   0	80.5	73.3	 712	OK
  33	   0	73.0	80.7	 716	OK
  34	   0	83.6	67.4	 697	OK
  35	   0	78.7	71.7	 705	OK
  36	   0	77.2	76.3	 710	OK
  37	   0	79.4	72.3	 737	OK
  38	   0	81.7	68.3	 693	OK
  39	   0	75.0	75.5	 743	OK
  40	   0	87.8	62.4	 655	OK
  41	   0	79.9	72.6	 709	OK
  42	   0	77.8	75.6	 730	OK
  43	   0	75.7	75.7	 707	OK
  44	   0	77.1	76.4	 751	OK
  45	   0	87.0	64.0	 679	OK
  46	   0	83.7	67.7	 708	OK
  47	   0	74.7	76.7	 725	OK
  48	   0	76.4	75.0	 746	OK
  49	   0	79.1	73.9	 735	OK
  50	   0	78.9	72.7	 705	OK
  51	   0	80.6	70.2	 710	OK
  52	   0	79.8	71.3	 737	OK
  53	   0	80.0	73.6	 702	OK
  54	   0	78.6	73.8	 716	OK
  55	   0	80.2	71.0	 716	OK
  56	   0	79.3	72.2	 732	OK
  57	   0	82.2	70.5	 726	OK
  58	   0	77.6	76.4	 742	OK
  59	   0	81.2	70.3	 737	OK
  60	   0	75.4	75.9	 775	OK
  61	   0	75.7	77.2	 744	OK
  62	   0	78.0	74.6	 746	OK
  63	   0	77.8	74.0	 726	OK
  64	   0	78.6	72.8	 708	OK
  65	   0	78.3	75.0	 787	OK
  66	   0	80.8	70.4	 751	OK
  67	   0	85.3	63.5	 733	OK
  68	   0	80.2	71.8	 719	OK
  69	   0	77.4	75.4	 725	OK
  70	   0	76.5	75.1	 746	OK
  71	   0	83.5	67.1	 721	OK
  72	   0	74.4	77.1	 731	OK
  73	   0	81.5	71.7	 748	OK
  74	   0	78.7	73.7	 728	OK
  75	   0	81.7	70.3	 748	OK
  76	   0	83.7	69.3	 735	OK
  77	   0	71.3	82.8	 753	OK
  78	   0	75.7	76.8	 734	OK
  79	   0	81.3	72.0	 714	OK
  80	   0	80.3	70.2	 718	OK
  81	   0	79.8	72.4	 724	OK
  82	   0	79.1	73.4	 749	OK
  83	   0	70.0	83.7	 743	OK
  84	   0	79.7	73.1	 717	OK
  85	   0	81.4	70.3	 750	OK
  86	   0	85.1	64.8	 724	OK
  87	   0	77.4	74.5	 735	OK
  88	   0	74.0	77.9	 749	OK
  89	   0	71.4	80.8	 746	OK
  90	   0	78.4	73.7	 731	OK
  91	   0	74.0	77.3	 730	OK
  92	   0	76.8	77.5	 713	OK
  93	   0	78.2	73.4	 759	OK
  94	   0	74.7	80.0	 741	OK
  95	   0	74.8	75.4	 761	OK
  96	   0	75.0	78.9	 724	OK
  97	1101	0.0	0.0	   0	dead
  98	   0	72.0	79.9	 773	OK
  99	   0	76.2	75.5	 696	OK
 100	   0	75.2	77.4	 753	OK
 101	   0	78.0	75.9	 728	OK
 102	   0	79.6	73.2	 727	OK
 103	   0	73.4	77.9	 748	OK
 104	   0	81.1	70.8	 696	OK
 105	   0	78.6	75.0	 712	OK
 106	   0	77.3	74.7	 724	OK
 107	   0	77.9	74.8	 727	OK
 108	   0	79.2	75.4	 725	OK
 109	   0	70.9	84.1	 725	OK
 110	   0	72.1	81.9	 723	OK
 111	   0	78.9	72.8	 740	OK
 112	   0	84.3	67.9	 704	OK
 113	   0	82.7	69.0	 724	OK
 114	   0	80.8	70.7	 718	OK
 115	   0	79.1	72.6	 724	OK
 116	   0	81.8	69.2	 723	OK
 117	   0	80.3	72.9	 710	OK
 118	   0	84.7	65.4	 710	OK
 119	   0	80.9	69.7	 752	OK
 120	   0	78.0	74.0	 741	OK
 121	   0	74.3	77.0	 745	OK
 122	   0	77.0	73.9	 731	OK
 123	   0	73.1	78.7	 747	OK
 124	   0	79.0	73.9	 723	OK
 125	   0	87.5	62.2	 706	OK
 126	   0	76.4	74.7	 743	OK
 127	   0	84.8	67.0	 713	OK
 128	   0	81.4	68.6	 660	OK
 129	   0	80.6	72.6	 699	OK
 130	   0	81.1	72.3	 681	OK
 131	   0	83.9	69.4	 665	OK
 132	   0	80.3	70.3	 694	OK
 133	   0	86.9	62.7	 659	OK
 134	   0	85.2	64.0	 679	OK
 135	   0	82.9	69.1	 686	OK
 136	   0	86.6	65.1	 675	OK
 137	   0	86.8	62.5	 679	OK
 138	   0	80.2	70.3	 695	OK
 139	   0	83.9	68.7	 677	OK
 140	   0	81.9	70.8	 705	OK
 141	   0	80.0	72.1	 699	OK
 142	   0	84.5	66.0	 652	OK
 143	   0	77.5	74.4	 682	OK
 144	   0	86.4	64.3	 663	OK
 145	   0	87.6	65.7	 669	OK
 146	   0	83.0	68.3	 663	OK
 147	   0	82.9	67.9	 686	OK
 148	   0	76.3	77.3	 715	OK
 149	   0	79.4	73.9	 684	OK
 150	   0	86.9	66.0	 656	OK
 151	   0	83.9	67.9	 662	OK
 152	   0	85.6	65.0	 659	OK
 153	   0	83.4	67.6	 683	OK
 154	   0	82.6	69.9	 670	OK
 155	   0	77.1	75.5	 680	OK
 156	   0	79.4	73.7	 667	OK
 157	   0	86.5	63.4	 662	OK
 158	   0	76.5	78.0	 703	OK
 159	   0	84.7	64.6	 687	OK
 160	   0	79.6	71.2	 686	OK
 161	   0	82.7	69.9	 683	OK
 162	   0	78.3	72.8	 682	OK
 163	   0	80.8	72.7	 673	OK
 164	   0	87.1	65.6	 661	OK
 165	   0	78.4	73.2	 684	OK
 166	   0	83.7	66.8	 676	OK
 167	   0	82.9	71.5	 649	OK
 168	   0	82.4	70.9	 685	OK
 169	   0	80.4	72.4	 689	OK
 170	   0	83.7	67.3	 665	OK
 171	   0	81.3	68.9	 689	OK
 172	   0	85.9	65.8	 677	OK
 173	   0	81.8	69.2	 681	OK
 174	   0	80.8	72.1	 672	OK
 175	   0	79.2	75.2	 700	OK
 176	   0	81.8	70.7	 672	OK
 177	   0	79.1	74.8	 697	OK
 178	   0	76.6	77.4	 697	OK
 179	   0	74.7	79.0	 708	OK
 180	   0	81.7	71.7	 650	OK
 181	   0	80.4	73.1	 674	OK
 182	   0	81.2	70.9	 681	OK
 183	   0	84.5	65.3	 639	OK
 184	   0	80.7	73.2	 656	OK
 185	   0	79.1	74.7	 706	OK
 186	   0	80.0	70.4	 667	OK
 187	   0	84.8	66.1	 668	OK
 188	   0	87.8	61.6	 643	OK
 189	   0	81.4	70.4	 670	OK
 190	   0	84.1	68.0	 661	OK
 191	   0	77.9	73.7	 678	OK
 192	   0	91.2	58.6	 662	OK
 193	   0	82.1	70.6	 687	OK
 194	   0	83.1	68.5	 676	OK
 195	   0	81.6	68.6	 690	OK
 196	   0	81.2	69.6	 701	OK
 197	   0	84.8	64.5	 684	OK
 198	   0	88.4	61.0	 638	OK
 199	   0	77.3	73.7	 696	OK
 200	   0	81.4	68.5	 652	OK
 201	   0	90.2	60.6	 634	OK
 202	   0	82.2	68.6	 688	OK
 203	   0	79.9	73.6	 675	OK
 204	   0	77.9	74.0	 648	OK
 205	   0	80.4	73.9	 712	OK
 206	   0	81.4	72.5	 651	OK
 207	   0	85.5	65.4	 662	OK
 208	   0	78.6	74.5	 674	OK
 209	   0	81.9	68.9	 659	OK
 210	   0	81.2	71.7	 656	OK
 211	   0	85.3	64.7	 665	OK
 212	   0	85.0	68.0	 657	OK
 213	   0	76.6	76.2	 689	OK
 214	   0	81.5	69.3	 690	OK
 215	   0	82.5	68.0	 667	OK
 216	   0	76.5	77.2	 703	OK
 217	   0	81.2	72.1	 669	OK
 218	   0	86.1	66.2	 668	OK
 219	   0	74.2	77.9	 666	OK
 220	   0	80.5	70.6	 667	OK
 221	   0	78.9	74.1	 678	OK
 222	   0	83.5	68.5	 656	OK
 223	   0	84.1	68.1	 656	OK
 224	   0	82.4	69.5	 662	OK
 225	   0	82.9	68.1	 663	OK
 226	   0	79.7	72.6	 661	OK
 227	   0	81.3	71.5	 678	OK
 228	   0	87.8	65.7	 651	OK
 229	   0	79.3	71.6	 667	OK
 230	   0	83.3	70.7	 644	OK
 231	   0	76.4	75.9	 685	OK
 232	   0	80.9	70.6	 677	OK
 233	   0	82.0	71.0	 683	OK
 234	   0	76.6	74.3	 672	OK
 235	   0	84.4	66.7	 635	OK
 236	   0	80.0	73.9	 669	OK
 237	   0	80.3	72.4	 663	OK
 238	   0	81.0	73.0	 671	OK
 239	   0	78.3	75.1	 665	OK
 240	1101	0.0	0.0	   0	dead
 241	   0	77.8	76.1	 678	OK
 242	   0	81.5	70.1	 677	OK
 243	   0	84.8	68.5	 694	OK
 244	   0	83.1	67.2	 679	OK
 245	   0	74.1	77.7	 707	OK
 246	   0	84.5	65.6	 659	OK
 247	   0	85.3	67.9	 675	OK
 248	   0	80.5	70.3	 674	OK
 249	   0	80.0	71.7	 665	OK
 250	   0	78.3	73.0	 683	OK
 251	   0	83.0	67.8	 649	OK
 252	   0	87.0	63.9	 662	OK
 253	   0	76.9	75.7	 690	OK
 254	   0	79.5	72.7	 676	OK
 255	   0	78.3	76.3	 676	OK
 256	   0	89.9	58.8	 639	OK
 257	   0	90.2	62.2	 634	OK
 258	   0	83.3	68.0	 671	OK
 259	   0	91.5	57.6	 635	OK
 260	   0	91.9	60.0	 626	OK
 261	   0	92.4	58.2	 632	OK
 262	   0	92.7	57.6	 627	OK
 263	   0	89.5	59.1	 679	OK
 264	   0	93.0	56.9	 616	OK
 265	   0	85.2	63.5	 642	OK
 266	   0	86.1	64.0	 648	OK
 267	   0	93.6	57.6	 651	OK
 268	   0	88.6	63.5	 632	OK
 269	   0	90.2	58.2	 626	OK
 270	   0	98.4	50.6	 612	OK
 271	   0	85.3	68.1	 637	OK
 272	   0	91.0	59.0	 638	OK
 273	   0	86.2	66.0	 624	OK
 274	   0	96.0	53.1	 600	OK
 275	   0	97.3	51.2	 611	OK
 276	   0	96.8	53.2	 641	OK
 277	   0	88.0	62.6	 651	OK
 278	   0	89.3	61.6	 641	OK
 279	   0	92.5	58.5	 624	OK
 280	   0	87.2	62.4	 635	OK
 281	   0	85.7	65.5	 659	OK
 282	   0	86.8	63.7	 658	OK
 283	   0	92.8	56.4	 609	OK
 284	   0	92.6	57.7	 634	OK
 285	   0	86.4	65.1	 652	OK
 286	4000	90.1	59.4	 763	high noise
 287	   0	93.1	55.7	 620	OK
 288	   0	87.3	62.2	 638	OK
 289	   0	83.3	70.1	 635	OK
 290	   0	95.7	55.7	 612	OK
 291	   0	88.8	61.8	 653	OK
 292	   0	94.9	54.2	 646	OK
 293	   0	91.8	58.5	 635	OK
 294	   0	94.1	55.2	 617	OK
 295	   0	86.9	64.5	 629	OK
 296	   0	85.8	65.4	 658	OK
 297	   0	91.4	59.9	 619	OK
 298	   0	92.0	58.6	 627	OK
 299	   0	100.7	48.8	 641	OK
 300	   0	88.1	62.0	 640	OK
 301	   0	89.2	61.8	 625	OK
 302	   0	89.0	62.6	 606	OK
 303	   0	94.2	55.2	 624	OK
 304	   0	90.8	60.3	 625	OK
 305	   0	96.3	51.7	 649	OK
 306	   0	91.5	58.9	 666	OK
 307	   0	88.0	62.9	 652	OK
 308	   0	95.2	55.0	 629	OK
 309	   0	85.7	66.4	 631	OK
 310	   0	86.1	66.3	 641	OK
 311	   0	94.9	54.9	 642	OK
 312	   0	87.1	65.2	 662	OK
 313	   0	96.0	53.4	 634	OK
 314	   0	87.3	63.2	 669	OK
 315	   0	90.8	59.9	 637	OK
 316	   0	93.8	57.3	 638	OK
 317	   0	97.1	52.3	 625	OK
 318	   0	92.5	56.7	 653	OK
 319	   0	89.2	62.8	 672	OK
 320	   0	97.9	49.6	 632	OK
 321	   0	98.2	50.1	 648	OK
 322	   0	91.1	58.4	 626	OK
 323	   0	89.5	61.4	 655	OK
 324	   0	87.7	62.5	 686	OK
 325	   0	84.7	67.2	 615	OK
 326	   0	88.8	63.4	 650	OK
 327	   0	91.5	60.4	 639	OK
 328	   0	92.2	58.3	 636	OK
 329	   0	84.9	66.0	 650	OK
 330	   0	86.3	65.8	 659	OK
 331	   0	87.8	61.8	 660	OK
 332	   0	93.2	56.4	 650	OK
 333	   0	88.4	62.6	 632	OK
 334	   0	93.6	58.0	 633	OK
 335	   0	90.1	59.6	 617	OK
 336	   0	92.9	55.9	 672	OK
 337	   0	80.9	72.4	 667	OK
 338	   0	82.8	67.5	 648	OK
 339	   0	93.0	57.5	 632	OK
 340	   0	88.5	59.8	 675	OK
 341	   0	95.3	56.6	 634	OK
 342	   0	94.1	53.1	 619	OK
 343	   0	87.4	62.6	 639	OK
 344	   0	96.7	52.9	 609	OK
 345	   0	93.7	56.8	 611	OK
 346	   0	88.1	60.1	 637	OK
 347	   0	88.8	60.8	 630	OK
 348	   0	88.7	61.2	 642	OK
 349	   0	91.5	57.2	 633	OK
 350	   0	93.9	54.8	 629	OK
 351	   0	97.9	50.0	 614	OK
 352	   0	90.6	58.4	 647	OK
 353	   0	96.5	53.2	 631	OK
 354	   0	87.8	61.2	 661	OK
 355	   0	91.6	59.6	 633	OK
 356	   0	88.7	59.6	 635	OK
 357	   0	90.6	60.9	 600	OK
 358	   0	89.6	61.6	 654	OK
 359	   0	92.6	57.2	 657	OK
 360	   0	100.1	46.3	 615	OK
 361	   0	90.4	61.1	 628	OK
 362	   0	86.9	63.4	 650	OK
 363	   0	95.3	55.9	 664	OK
 364	   0	93.2	55.3	 624	OK
 365	   0	90.7	59.4	 629	OK
 366	   0	94.4	53.8	 649	OK
 367	   0	89.2	60.5	 656	OK
 368	   0	88.3	64.4	 653	OK
 369	   0	88.3	63.1	 633	OK
 370	   0	87.0	64.0	 639	OK
 371	   0	92.5	56.2	 632	OK
 372	   0	91.9	58.1	 628	OK
 373	   0	88.5	61.9	 645	OK
 374	   0	85.7	63.9	 663	OK
 375	   0	93.0	59.3	 639	OK
 376	   0	92.7	57.3	 632	OK
 377	   0	79.2	72.4	 676	OK
 378	   0	94.3	54.7	 625	OK
 379	   0	92.0	59.8	 630	OK
 380	   0	90.3	61.7	 635	OK
 381	   0	91.5	59.1	 663	OK
 382	   0	87.3	62.7	 664	OK
 383	   0	87.0	65.1	 632	OK
 384	   0	96.0	56.3	 633	OK
 385	   0	99.9	50.1	 630	OK
 386	   0	92.6	58.6	 633	OK
 387	   0	91.0	61.1	 628	OK
 388	   0	87.1	65.6	 661	OK
 389	   0	95.3	56.4	 631	OK
 390	   0	89.8	60.4	 649	OK
 391	   0	95.2	54.8	 626	OK
 392	   0	98.6	49.1	 618	OK
 393	   0	95.2	56.4	 639	OK
 394	   0	93.0	58.7	 631	OK
 395	   0	92.6	56.9	 642	OK
 396	   0	85.6	65.9	 657	OK
 397	   0	95.9	55.5	 626	OK
 398	   0	94.1	53.7	 636	OK
 399	   0	93.1	56.5	 642	OK
 400	   0	85.5	64.2	 656	OK
 401	   0	87.4	64.1	 650	OK
 402	   0	99.8	49.8	 605	OK
 403	   0	92.9	57.2	 645	OK
 404	   0	86.7	63.8	 637	OK
 405	   0	85.6	65.4	 666	OK
 406	   0	89.3	63.3	 638	OK
 407	   0	87.2	63.9	 664	OK
 408	   0	91.4	60.1	 656	OK
 409	   0	93.5	58.1	 632	OK
 410	   0	90.7	61.6	 632	OK
 411	   0	87.1	64.6	 658	OK
 412	   0	89.2	61.7	 620	OK
 413	   0	92.7	56.8	 630	OK
 414	   0	87.6	63.7	 621	OK
 415	   0	95.4	54.5	 631	OK
 416	   0	87.6	62.7	 672	OK
 417	   0	95.5	55.7	 620	OK
 418	   0	85.3	67.4	 644	OK
 419	   0	88.5	64.7	 642	OK
 420	   0	88.7	60.8	 645	OK
 421	   0	92.4	58.7	 638	OK
 422	   0	84.1	68.3	 669	OK
 423	   0	92.5	56.4	 637	OK
 424	   0	96.3	54.0	 622	OK
 425	   0	98.6	50.4	 620	OK
 426	   0	101.6	48.8	 614	OK
 427	   0	88.0	63.1	 653	OK
 428	   0	94.7	57.5	 632	OK
 429	   0	92.9	58.3	 634	OK
 430	   0	97.4	54.1	 629	OK
 431	   0	88.4	63.6	 654	OK
 432	   0	93.8	57.1	 616	OK
 433	   0	93.1	56.8	 649	OK
 434	   0	101.2	47.0	 623	OK
 435	   0	101.0	46.7	 607	OK
 436	   0	92.7	58.7	 611	OK
 437	   0	95.9	55.1	 632	OK
 438	   0	85.7	64.7	 641	OK
 439	   0	90.1	62.6	 641	OK
 440	   0	93.1	58.0	 652	OK
 441	   0	79.3	73.8	 672	OK
 442	   0	89.2	61.4	 657	OK
 443	   0	91.4	60.7	 638	OK
 444	   0	97.6	52.6	 660	OK
 445	   0	86.8	65.7	 671	OK
 446	   0	95.8	54.0	 631	OK
 447	   0	87.8	62.6	 634	OK
 448	   0	83.8	66.6	 670	OK
 449	   0	102.9	47.3	 626	OK
 450	   0	97.6	51.7	 643	OK
 451	   0	87.8	65.3	 660	OK
 452	   0	85.2	68.1	 664	OK
 453	   0	92.2	60.1	 668	OK
 454	   0	96.0	55.7	 644	OK
 455	   0	97.4	52.8	 625	OK
 456	   0	98.2	50.2	 618	OK
 457	   0	88.0	64.3	 653	OK
 458	   0	91.0	59.4	 648	OK
 459	   0	87.6	64.0	 667	OK
 460	   0	90.0	62.8	 659	OK
 461	   0	91.9	57.2	 644	OK
 462	   0	94.7	56.9	 639	OK
 463	   0	84.4	68.4	 646	OK
 464	   0	94.3	57.5	 659	OK
 465	   0	93.4	56.7	 639	OK
 466	   0	94.1	55.2	 657	OK
 467	   0	93.2	56.2	 649	OK
 468	   0	90.9	61.1	 637	OK
 469	   0	93.8	55.5	 664	OK
 470	   0	94.5	57.0	 628	OK
 471	   0	88.4	63.5	 646	OK
 472	   0	88.6	61.0	 659	OK
 473	   0	92.6	58.9	 619	OK
 474	   0	95.8	55.7	 640	OK
 475	   0	95.1	55.5	 645	OK
 476	   0	91.6	58.6	 640	OK
 477	   0	91.6	61.3	 624	OK
 478	   0	102.1	46.1	 624	OK
 479	   0	94.4	54.9	 643	OK
 480	   0	87.9	62.8	 643	OK
 481	   0	97.8	53.5	 612	OK
 482	   0	96.4	52.3	 630	OK
 483	   0	98.9	51.9	 619	OK
 484	   0	96.4	55.6	 637	OK
 485	   0	92.0	60.7	 629	OK
 486	   0	93.6	55.0	 618	OK
 487	   0	101.5	48.3	 608	OK
 488	   0	92.1	56.1	 640	OK
 489	   0	93.6	57.9	 627	OK
 490	   0	92.8	56.9	 648	OK
 491	   0	81.9	71.6	 673	OK
 492	   0	102.9	45.1	 603	OK
 493	   0	91.1	60.2	 658	OK
 494	   0	96.3	54.7	 630	OK
 495	   0	91.4	58.2	 639	OK
 496	   0	94.8	56.3	 619	OK
 497	   0	87.5	63.0	 672	OK
 498	   0	91.7	59.2	 648	OK
 499	   0	93.9	55.4	 639	OK
 500	   0	97.5	52.0	 636	OK
 501	   0	88.4	64.6	 655	OK
 502	   0	84.8	69.1	 657	OK
 503	   0	91.7	60.6	 624	OK
 504	   0	88.7	62.6	 661	OK
 505	   0	91.3	60.4	 655	OK
 506	   0	96.5	54.4	 615	OK
 507	   0	85.6	66.1	 631	OK
 508	   0	94.2	58.0	 642	OK
 509	   0	92.0	57.9	 653	OK
 510	   0	93.5	56.3	 643	OK
 511	   0	96.1	52.5	 625	OK
 512	   0	86.3	66.8	 667	OK
 513	   0	90.3	59.9	 647	OK
 514	   0	91.2	58.5	 639	OK
 515	   0	89.4	63.0	 622	OK
 516	   0	94.6	54.7	 628	OK
 517	   0	91.9	56.8	 664	OK
 518	   0	89.6	62.8	 657	OK
 519	   0	91.1	60.7	 648	OK
 520	   0	95.9	54.2	 636	OK
 521	   0	84.2	68.9	 653	OK
 522	   0	95.6	53.0	 643	OK
 523	   0	94.6	53.7	 640	OK
 524	   0	90.5	58.9	 647	OK
 525	   0	86.8	64.8	 678	OK
 526	   0	100.7	48.8	 622	OK
 527	   0	88.0	64.5	 656	OK
 528	1101	0.0	0.0	   0	dead
 529	   0	87.3	64.3	 677	OK
 530	   0	91.4	58.3	 641	OK
 531	   0	94.0	57.8	 669	OK
 532	   0	91.0	60.3	 646	OK
 533	   0	95.2	54.5	 672	OK
 534	   0	94.0	55.7	 656	OK
 535	   0	100.1	48.5	 620	OK
 536	   0	93.9	55.7	 650	OK
 537	   0	91.2	60.8	 642	OK
 538	   0	88.5	61.2	 673	OK
 539	   0	80.0	71.5	 682	OK
 540	   0	81.0	70.8	 682	OK
 541	   0	91.7	60.2	 655	OK
 542	   0	89.7	59.1	 658	OK
 543	   0	94.9	54.2	 656	OK
 544	   0	83.2	67.3	 654	OK
 545	   0	91.9	57.1	 642	OK
 546	   0	93.1	57.7	 649	OK
 547	   0	90.4	59.8	 652	OK
 548	   0	86.4	66.2	 718	OK
 549	   0	91.2	61.2	 662	OK
 550	   0	93.7	56.9	 669	OK
 551	   0	87.7	62.7	 641	OK
 552	   0	90.6	59.7	 643	OK
 553	   0	84.7	65.8	 681	OK
 554	   0	87.8	62.6	 660	OK
 555	   0	92.9	59.0	 632	OK
 556	   0	86.3	64.2	 651	OK
 557	   0	93.3	57.3	 641	OK
 558	   0	86.5	65.9	 645	OK
 559	   0	90.4	59.3	 666	OK
 560	   0	90.9	61.3	 639	OK
 561	   0	92.4	59.0	 632	OK
 562	1101	0.0	0.0	   0	dead
 563	   0	88.8	61.7	 659	OK
 564	   0	88.8	62.3	 658	OK
 565	   0	91.6	58.2	 636	OK
 566	   0	91.8	59.4	 625	OK
 567	   0	93.5	57.0	 639	OK
 568	   0	97.6	51.3	 616	OK
 569	   0	91.0	60.8	 649	OK
 570	   0	93.8	56.7	 651	OK
 571	   0	95.1	53.6	 640	OK
 572	   0	92.1	57.8	 657	OK
 573	   0	102.0	46.6	 618	OK
 574	   0	83.0	69.4	 693	OK
 575	   0	87.7	62.7	 639	OK
 576	   0	92.0	58.1	 644	OK
 577	   0	99.2	50.2	 621	OK
 578	   0	92.8	56.6	 644	OK
 579	   0	100.5	49.3	 634	OK
 580	   0	93.2	55.3	 661	OK
 581	   0	93.2	56.1	 654	OK
 582	   0	87.9	62.1	 681	OK
 583	   0	90.3	60.1	 658	OK
 584	   0	91.4	57.8	 670	OK
 585	   0	87.9	61.6	 668	OK
 586	   0	93.6	55.7	 647	OK
 587	   0	97.4	52.1	 651	OK
 588	   0	98.7	48.9	 625	OK
 589	   0	96.0	54.2	 640	OK
 590	   0	96.7	54.5	 655	OK
 591	   0	82.3	71.2	 674	OK
 592	   0	90.7	59.3	 670	OK
 593	   0	91.5	56.9	 669	OK
 594	   0	84.8	66.4	 659	OK
 595	   0	91.2	60.0	 654	OK
 596	   0	92.2	58.3	 657	OK
 597	   0	90.2	59.6	 667	OK
 598	   0	91.7	60.1	 655	OK
 599	   0	87.8	63.2	 680	OK
 600	   0	82.4	69.2	 685	OK
 601	   0	93.2	56.7	 665	OK
 602	   0	91.0	58.3	 659	OK
 603	   0	86.8	65.2	 681	OK
 604	   0	89.3	62.7	 674	OK
 605	   0	88.2	61.4	 684	OK
 606	   0	93.7	56.0	 664	OK
 607	   0	99.3	48.6	 649	OK
 608	   0	88.4	63.1	 664	OK
 609	   0	94.8	56.7	 659	OK
 610	   0	86.5	65.6	 647	OK
 611	   0	87.2	65.1	 668	OK
 612	   0	90.6	57.6	 667	OK
 613	   0	90.0	62.3	 644	OK
 614	   0	89.9	62.6	 673	OK
 615	   0	87.0	63.5	 678	OK
 616	   0	90.3	60.8	 667	OK
 617	   0	84.9	65.6	 662	OK
 618	   0	95.9	54.8	 641	OK
 619	   0	93.6	58.4	 645	OK
 620	   0	94.4	55.1	 660	OK
 621	   0	80.8	71.0	 676	OK
 622	   0	94.7	56.0	 654	OK
 623	   0	93.8	58.3	 657	OK
 624	   0	89.5	60.0	 672	OK
 625	   0	87.5	62.4	 651	OK
 626	   0	92.3	57.4	 660	OK
 627	   0	91.4	59.4	 661	OK
 628	   0	90.0	61.5	 636	OK
 629	   0	91.1	59.7	 643	OK
 630	   0	84.5	67.1	 678	OK
 631	   0	96.5	52.7	 627	OK
 632	   0	86.8	65.2	 661	OK
 633	   0	90.2	61.9	 637	OK
 634	   0	100.5	50.2	 632	OK
 635	   0	86.7	63.5	 660	OK
 636	   0	96.6	54.5	 632	OK
 637	   0	87.9	61.6	 656	OK
 638	   0	91.0	58.6	 642	OK
 639	   0	88.3	62.0	 665	OK
 640	   0	79.8	72.3	 686	OK
 641	   0	87.0	63.3	 657	OK
 642	   0	78.8	74.0	 708	OK
 643	   0	76.7	74.6	 700	OK
 644	   0	82.8	69.9	 688	OK
 645	   0	84.4	68.4	 683	OK
 646	   0	79.7	73.0	 685	OK
 647	   0	79.9	73.4	 722	OK
 648	   0	78.5	74.8	 708	OK
 649	   0	76.0	78.2	 691	OK
 650	   0	80.4	71.0	 683	OK
 651	   0	86.6	64.6	 694	OK
 652	   0	82.5	68.5	 689	OK
 653	   0	85.3	66.6	 671	OK
 654	   0	84.6	66.6	 690	OK
 655	   0	90.1	58.2	 653	OK
 656	   0	85.5	65.9	 667	OK
 657	   0	86.7	62.0	 654	OK
 658	   0	78.1	75.2	 697	OK
 659	   0	87.6	63.4	 661	OK
 660	   0	78.3	75.7	 689	OK
 661	   0	78.2	75.6	 683	OK
 662	   0	82.4	70.1	 685	OK
 663	   0	80.7	70.5	 678	OK
 664	   0	81.6	69.3	 707	OK
 665	   0	81.8	71.3	 685	OK
 666	   0	76.7	74.4	 721	OK
 667	   0	79.6	73.6	 702	OK
 668	   0	86.1	66.5	 657	OK
 669	   0	76.2	75.4	 704	OK
 670	   0	85.8	65.4	 684	OK
 671	   0	82.5	69.1	 669	OK
 672	   0	91.0	59.2	 653	OK
 673	   0	75.7	78.0	 703	OK
 674	   0	87.9	62.3	 648	OK
 675	   0	84.6	66.4	 680	OK
 676	   0	83.2	67.9	 675	OK
 677	   0	77.6	75.9	 678	OK
 678	   0	86.9	63.4	 649	OK
 679	   0	79.4	72.9	 677	OK
 680	   0	84.1	69.2	 687	OK
 681	   0	83.1	69.9	 688	OK
 682	   0	80.7	71.7	 693	OK
 683	   0	83.8	69.3	 705	OK
 684	   0	84.2	69.3	 678	OK
 685	   0	83.7	65.8	 676	OK
 686	   0	77.9	74.4	 697	OK
 687	   0	85.3	66.2	 679	OK
 688	   0	82.5	68.4	 696	OK
 689	   0	85.2	67.1	 685	OK
 690	   0	88.4	62.3	 666	OK
 691	   0	81.1	70.7	 676	OK
 692	   0	82.5	70.5	 730	OK
 693	   0	89.6	60.2	 667	OK
 694	   0	81.5	70.7	 667	OK
 695	   0	82.9	70.4	 682	OK
 696	   0	87.9	62.0	 689	OK
 697	   0	78.3	75.3	 732	OK
 698	   0	88.3	63.4	 677	OK
 699	   0	82.6	67.6	 690	OK
 700	   0	80.3	72.2	 682	OK
 701	   0	85.9	65.8	 702	OK
 702	   0	86.7	65.6	 679	OK
 703	   0	85.0	64.7	 661	OK
 704	   0	82.0	68.8	 687	OK
 705	   0	89.1	59.9	 700	OK
 706	   0	85.6	64.0	 701	OK
 707	   0	79.6	73.8	 696	OK
 708	   0	80.2	71.3	 702	OK
 709	   0	85.8	64.3	 676	OK
 710	   0	88.7	60.6	 657	OK
 711	   0	85.0	65.0	 727	OK
 712	   0	82.8	69.0	 692	OK
 713	   0	86.2	63.7	 674	OK
 714	   0	83.7	67.5	 684	OK
 715	   0	80.4	74.1	 697	OK
 716	   0	82.1	70.0	 690	OK
 717	   0	82.5	69.9	 686	OK
 718	   0	86.1	66.0	 690	OK
 719	   0	83.1	69.5	 669	OK
 720	   0	87.5	65.6	 652	OK
 721	   0	82.9	68.6	 664	OK
 722	   0	85.0	65.7	 669	OK
 723	   0	89.4	61.0	 647	OK
 724	   0	84.0	66.1	 676	OK
 725	   0	81.9	67.6	 674	OK
 726	   0	82.1	70.7	 675	OK
 727	   0	83.0	69.7	 667	OK
 728	   0	79.6	70.6	 701	OK
 729	   0	82.7	69.4	 675	OK
 730	   0	88.4	63.6	 652	OK
 731	   0	79.2	74.2	 664	OK
 732	   0	81.0	71.0	 669	OK
 733	   0	83.5	67.7	 663	OK
 734	   0	81.9	70.8	 664	OK
 735	   0	87.5	62.1	 648	OK
 736	   0	82.0	68.7	 672	OK
 737	   0	80.1	71.5	 720	OK
 738	   0	84.4	68.8	 690	OK
 739	   0	79.1	74.2	 683	OK
 740	   0	81.3	69.9	 689	OK
 741	   0	84.0	65.3	 664	OK
 742	   0	86.5	64.0	 669	OK
 743	   0	86.6	62.4	 657	OK
 744	   0	86.1	64.8	 679	OK
 745	   0	88.5	62.3	 674	OK
 746	   0	87.1	63.0	 675	OK
 747	   0	86.7	63.7	 668	OK
 748	   0	82.4	71.1	 709	OK
 749	   0	79.1	73.9	 677	OK
 750	   0	87.3	62.9	 659	OK
 751	   0	85.6	64.5	 673	OK
 752	   0	86.0	64.3	 673	OK
 753	   0	87.1	64.9	 652	OK
 754	   0	80.8	70.1	 684	OK
 755	   0	79.5	73.1	 668	OK
 756	   0	80.4	72.8	 688	OK
 757	   0	80.0	71.0	 670	OK
 758	   0	87.6	62.4	 668	OK
 759	   0	85.1	66.2	 656	OK
 760	   0	83.2	68.4	 668	OK
 761	   0	86.4	65.7	 649	OK
 762	   0	84.2	67.4	 673	OK
 763	   0	81.4	70.1	 681	OK
 764	   0	87.3	63.0	 670	OK
 765	   0	86.3	65.2	 671	OK
 766	   0	84.4	66.4	 662	OK
 767	   0	87.2	63.3	 645	OK
 768	   0	92.5	56.9	 636	OK
 769	   0	85.6	63.9	 656	OK
 770	   0	99.3	48.2	 608	OK
 771	   0	96.8	55.0	 625	OK
 772	   0	89.2	62.0	 656	OK
 773	   0	91.1	58.3	 614	OK
 774	   0	88.5	61.7	 649	OK
 775	   0	93.2	57.0	 617	OK
 776	   0	92.6	57.6	 608	OK
 777	   0	92.6	58.9	 623	OK
 778	   0	91.1	56.6	 650	OK
 779	   0	94.8	53.8	 622	OK
 780	   0	84.3	65.8	 647	OK
 781	   0	90.3	58.7	 619	OK
 782	   0	85.2	67.9	 643	OK
 783	   0	89.9	61.5	 626	OK
 784	   0	93.5	55.0	 627	OK
 785	   0	96.6	54.1	 615	OK
 786	   0	89.3	64.1	 609	OK
 787	   0	87.0	64.5	 640	OK
 788	   0	88.9	62.0	 634	OK
 789	   0	86.3	65.8	 641	OK
 790	   0	94.8	55.5	 615	OK
 791	   0	85.8	65.5	 647	OK
 792	   0	89.8	61.0	 650	OK
 793	   0	91.6	60.9	 621	OK
 794	   0	93.1	55.8	 618	OK
 795	   0	97.3	52.3	 604	OK
 796	   0	96.1	52.8	 612	OK
 797	   0	91.5	58.7	 636	OK
 798	   0	89.9	61.9	 630	OK
 799	   0	91.4	58.5	 634	OK
 800	   0	94.6	54.5	 598	OK
 801	   0	95.7	55.7	 621	OK
 802	   0	97.4	52.2	 622	OK
 803	   0	89.5	61.4	 641	OK
 804	   0	89.4	60.7	 641	OK
 805	   0	94.2	54.8	 622	OK
 806	   0	94.1	57.8	 614	OK
 807	   0	87.8	65.9	 631	OK
 808	   0	86.3	65.1	 651	OK
 809	   0	90.0	60.9	 639	OK
 810	   0	89.5	61.4	 639	OK
 811	   0	85.2	65.7	 642	OK
 812	   0	84.8	69.1	 634	OK
 813	   0	95.0	53.8	 613	OK
 814	   0	94.9	55.8	 611	OK
 815	   0	88.6	63.2	 617	OK
 816	   0	89.7	62.1	 630	OK
 817	   0	94.5	56.0	 652	OK
 818	   0	96.1	52.6	 610	OK
 819	   0	92.5	58.5	 620	OK
 820	   0	93.9	56.2	 630	OK
 821	   0	93.0	58.0	 603	OK
 822	   0	96.3	51.8	 616	OK
 823	   0	100.2	49.9	 593	OK
 824	   0	88.6	63.5	 635	OK
 825	   0	91.7	58.8	 626	OK
 826	   0	84.7	68.5	 634	OK
 827	   0	95.3	55.0	 642	OK
 828	   0	88.5	62.3	 672	OK
 829	   0	89.6	60.1	 635	OK
 830	   0	78.6	75.5	 658	OK
 831	   0	90.3	61.2	 620	OK
 832	   0	104.3	44.3	 599	OK
 833	   0	99.3	49.8	 605	OK
 834	   0	86.8	64.8	 612	OK
 835	   0	95.6	54.5	 587	OK
 836	   0	93.1	57.5	 632	OK
 837	   0	87.4	64.6	 610	OK
 838	   0	88.9	64.2	 646	OK
 839	   0	86.6	66.2	 621	OK
 840	   0	91.8	59.6	 625	OK
 841	   0	84.1	69.0	 633	OK
 842	   0	87.1	65.7	 624	OK
 843	   0	84.3	66.8	 626	OK
 844	   0	89.3	61.3	 630	OK
 845	   0	89.6	62.7	 601	OK
 846	   0	88.8	63.1	 608	OK
 847	   0	88.0	63.6	 629	OK
 848	   0	91.9	58.1	 594	OK
 849	   0	94.8	55.6	 605	OK
 850	   0	93.9	57.1	 622	OK
 851	   0	97.4	52.7	 611	OK
 852	   0	87.9	64.3	 622	OK
 853	   0	93.8	56.3	 619	OK
 854	   0	90.1	61.7	 603	OK
 855	   0	84.0	70.4	 647	OK
 856	   0	88.8	62.0	 617	OK
 857	   0	85.8	65.2	 618	OK
 858	   0	86.2	65.8	 630	OK
 859	   0	88.6	61.8	 585	OK
 860	   0	90.3	61.5	 602	OK
 861	   0	91.1	58.5	 610	OK
 862	   0	95.8	54.6	 588	OK
 863	   0	95.2	55.4	 585	OK
 864	   0	91.9	58.4	 611	OK
 865	   0	92.0	59.0	 616	OK
 866	   0	81.6	71.1	 634	OK
 867	   0	89.6	59.9	 608	OK
 868	   0	93.2	58.9	 613	OK
 869	   0	87.7	64.5	 611	OK
 870	   0	90.4	62.1	 617	OK
 871	   0	100.9	49.1	 579	OK
 872	   0	88.8	59.7	 615	OK
 873	   0	90.9	60.8	 608	OK
 874	   0	87.2	62.3	 626	OK
 875	   0	91.4	58.3	 615	OK
 876	   0	92.1	59.9	 593	OK
 877	   0	88.9	61.0	 620	OK
 878	   0	83.9	70.0	 632	OK
 879	   0	86.5	63.9	 614	OK
 880	   0	95.8	55.6	 619	OK
 881	   0	88.2	64.6	 623	OK
 882	   0	92.9	57.6	 595	OK
 883	   0	92.1	58.7	 591	OK
 884	   0	83.3	70.8	 642	OK
 885	   0	86.5	63.7	 623	OK
 886	   0	98.0	51.6	 621	OK
 887	   0	87.6	65.4	 621	OK
 888	   0	87.3	64.3	 611	OK
 889	   0	91.6	60.7	 613	OK
 890	   0	92.0	57.5	 603	OK
 891	   0	80.6	71.0	 645	OK
 892	   0	86.2	64.2	 631	OK
 893	   0	87.8	64.0	 630	OK
 894	   0	90.2	58.0	 625	OK
 895	   0	90.4	60.2	 619	OK
 896	   0	87.1	65.9	 638	OK
 897	   0	95.9	56.0	 601	OK
 898	   0	94.0	56.8	 591	OK
 899	   0	91.3	59.1	 643	OK
 900	   0	98.5	52.2	 611	OK
 901	   0	95.1	53.8	 639	OK
 902	   0	92.2	58.1	 640	OK
 903	   0	98.1	50.6	 619	OK
 904	   0	97.8	50.8	 646	OK
 905	   0	99.1	53.0	 610	OK
 906	   0	90.9	59.7	 645	OK
 907	   0	88.2	63.4	 658	OK
 908	   0	93.7	55.7	 644	OK
 909	   0	89.4	62.3	 639	OK
 910	   0	90.3	60.4	 624	OK
 911	   0	88.5	62.8	 640	OK
 912	   0	90.8	59.3	 624	OK
 913	   0	91.5	60.6	 648	OK
 914	   0	91.7	61.0	 628	OK
 915	   0	92.7	58.6	 611	OK
 916	   0	96.8	54.2	 620	OK
 917	   0	90.3	61.5	 647	OK
 918	   0	93.7	59.3	 617	OK
 919	   0	96.3	55.6	 629	OK
 920	   0	89.3	63.6	 613	OK
 921	   0	88.1	64.9	 644	OK
 922	   0	96.0	56.7	 631	OK
 923	   0	86.6	66.2	 679	OK
 924	   0	88.3	63.0	 652	OK
 925	   0	92.4	57.7	 684	OK
 926	   0	96.7	51.4	 627	OK
 927	   0	90.0	62.5	 664	OK
 928	   0	93.9	57.1	 622	OK
 929	   0	92.6	57.0	 622	OK
 930	   0	91.1	58.4	 615	OK
 931	   0	92.4	57.2	 638	OK
 932	   0	94.1	56.3	 623	OK
 933	   0	96.0	51.9	 645	OK
 934	   0	95.4	55.9	 583	OK
 935	   0	93.6	55.8	 619	OK
 936	   0	93.6	57.8	 626	OK
 937	   0	85.0	68.4	 648	OK
 938	   0	100.4	49.6	 591	OK
 939	   0	93.1	58.1	 628	OK
 940	   0	84.7	67.3	 655	OK
 941	   0	93.6	55.8	 620	OK
 942	   0	99.0	50.5	 603	OK
 943	   0	95.0	54.1	 625	OK
 944	   0	88.8	62.5	 663	OK
 945	   0	91.1	59.2	 639	OK
 946	   0	100.7	48.2	 620	OK
 947	   0	100.2	47.2	 610	OK
 948	   0	94.2	55.8	 613	OK
 949	   0	88.3	62.3	 657	OK
 950	   0	99.4	52.9	 620	OK
 951	   0	93.4	54.8	 635	OK
 952	   0	88.7	60.2	 666	OK
 953	   0	101.7	47.9	 619	OK
 954	   0	92.6	58.4	 645	OK
 955	   0	97.4	51.2	 618	OK
 956	   0	99.1	50.9	 627	OK
 957	   0	99.2	49.5	 638	OK
 958	   0	99.6	48.0	 620	OK
 959	   0	102.2	48.2	 607	OK
 960	   0	99.0	48.6	 616	OK
 961	   0	94.6	56.0	 640	OK
 962	   0	95.2	54.3	 634	OK
 963	   0	105.2	41.6	 593	OK
 964	   0	97.4	54.6	 639	OK
 965	   0	98.7	49.5	 623	OK
 966	   0	96.3	54.1	 629	OK
 967	   0	98.6	49.6	 649	OK
 968	   0	100.7	49.0	 632	OK
 969	   0	99.9	48.8	 626	OK
 970	   0	96.1	54.8	 605	OK
 971	   0	91.5	60.0	 647	OK
 972	   0	100.5	49.3	 629	OK
 973	   0	99.2	52.7	 603	OK
 974	   0	94.1	54.1	 622	OK
 975	   0	95.6	54.1	 633	OK
 976	   0	97.0	51.0	 631	OK
 977	   0	87.1	64.7	 651	OK
 978	   0	93.7	59.2	 622	OK
 979	   0	99.8	49.2	 623	OK
 980	   0	88.5	64.0	 644	OK
 981	   0	92.1	60.2	 642	OK
 982	   0	93.9	57.2	 616	OK
 983	   0	92.7	57.3	 629	OK
 984	   0	93.6	57.2	 618	OK
 985	   0	87.6	65.5	 641	OK
 986	   0	95.1	53.5	 628	OK
 987	   0	96.2	52.3	 623	OK
 988	   0	97.2	53.1	 631	OK
 989	   0	98.4	50.0	 608	OK
 990	   0	94.3	54.3	 622	OK
 991	   0	96.8	54.3	 607	OK
 992	   0	88.0	62.5	 619	OK
 993	   0	91.1	61.5	 646	OK
 994	   0	87.5	63.6	 629	OK
 995	   0	93.5	55.7	 625	OK
 996	   0	91.0	61.2	 658	OK
 997	   0	93.8	54.7	 603	OK
 998	   0	93.7	55.9	 625	OK
 999	   0	96.6	53.7	 615	OK
1000	   0	101.4	45.5	 606	OK
1001	   0	100.3	48.8	 597	OK
1002	   0	98.4	51.2	 603	OK
1003	   0	97.2	51.6	 620	OK
1004	   0	92.5	56.0	 618	OK
1005	   0	91.8	57.8	 624	OK
1006	   0	90.7	59.2	 625	OK
1007	   0	92.3	59.4	 610	OK
1008	   0	94.3	56.5	 607	OK
1009	   0	88.7	63.6	 649	OK
1010	   0	93.8	57.6	 631	OK
1011	   0	92.5	59.4	 620	OK
1012	   0	95.7	54.8	 627	OK
1013	   0	98.3	50.2	 595	OK
1014	   0	95.0	56.2	 619	OK
1015	   0	102.7	45.0	 581	OK
1016	   0	86.0	64.9	 644	OK
1017	   0	99.8	48.8	 607	OK
1018	   0	93.1	56.4	 631	OK
1019	   0	90.4	60.0	 606	OK
1020	   0	96.0	55.3	 601	OK
1021	   0	98.9	50.4	 610	OK
1022	   0	85.3	67.0	 665	OK
1023	   0	94.4	55.3	 633	OK
1024	   0	88.7	63.2	 647	OK
1025	   0	86.8	65.5	 642	OK
1026	   0	92.2	57.3	 642	OK
1027	   0	94.3	57.4	 620	OK
1028	   0	94.9	56.5	 600	OK
1029	   0	97.1	51.8	 609	OK
1030	   0	89.9	60.5	 635	OK
1031	   0	94.6	55.2	 625	OK
1032	   0	89.1	62.1	 643	OK
1033	   0	92.9	57.1	 625	OK
1034	   0	89.9	59.0	 665	OK
1035	   0	87.1	63.5	 644	OK
1036	   0	84.8	68.8	 632	OK
1037	   0	87.9	62.9	 666	OK
1038	   0	89.6	62.8	 642	OK
1039	   0	86.0	65.3	 643	OK
1040	   0	91.2	59.4	 628	OK
1041	   0	94.9	55.7	 641	OK
1042	   0	95.5	54.4	 604	OK
1043	   0	88.5	61.9	 614	OK
1044	   0	91.4	59.7	 642	OK
1045	   0	83.1	69.9	 655	OK
1046	   0	83.7	67.4	 668	OK
1047	   0	96.7	53.8	 641	OK
1048	   0	93.0	58.8	 628	OK
1049	   0	95.9	55.4	 617	OK
1050	   0	87.0	66.1	 634	OK
1051	   0	88.0	63.5	 636	OK
1052	   0	91.8	56.8	 628	OK
1053	   0	86.5	64.4	 636	OK
1054	   0	87.9	63.5	 621	OK
1055	   0	93.0	59.4	 602	OK
1056	   0	94.3	56.7	 633	OK
1057	   0	90.6	62.5	 628	OK
1058	   0	94.1	54.5	 637	OK
1059	   0	93.0	57.8	 595	OK
1060	   0	96.4	51.6	 612	OK
1061	   0	94.9	57.6	 595	OK
1062	   0	97.5	54.4	 611	OK
1063	   0	89.1	60.4	 616	OK
1064	   0	91.0	58.5	 616	OK
1065	   0	87.2	65.5	 612	OK
1066	   0	92.1	60.8	 603	OK
1067	   0	91.1	58.3	 638	OK
1068	   0	88.1	65.1	 628	OK
1069	   0	87.1	63.1	 641	OK
1070	   0	92.6	59.0	 603	OK
1071	   0	91.0	58.8	 612	OK
1072	   0	101.6	45.6	 671	OK
1073	   0	90.4	62.2	 646	OK
1074	   0	90.8	60.7	 622	OK
1075	   0	93.9	56.2	 629	OK
1076	   0	93.2	57.3	 620	OK
1077	   0	95.5	52.8	 588	OK
1078	   0	93.7	56.7	 610	OK
1079	   0	98.6	50.1	 610	OK
1080	   0	91.9	58.4	 615	OK
1081	   0	94.9	54.5	 615	OK
1082	   0	94.7	56.1	 613	OK
1083	   0	104.5	43.0	 613	OK
1084	   0	96.4	55.1	 614	OK
1085	   0	97.3	52.0	 621	OK
1086	   0	97.7	49.6	 623	OK
1087	   0	96.0	53.1	 632	OK
1088	   0	104.1	43.0	 606	OK
1089	   0	94.9	54.0	 635	OK
1090	   0	93.1	56.1	 630	OK
1091	1101	0.0	0.0	   0	dead
1092	   0	88.3	63.1	 632	OK
1093	   0	93.2	57.9	 637	OK
1094	   0	91.1	61.2	 624	OK
1095	   0	91.2	58.6	 653	OK
1096	   0	93.9	56.7	 635	OK
1097	   0	93.9	56.8	 636	OK
1098	   0	91.6	57.9	 625	OK
1099	   0	87.7	62.9	 650	OK
1100	   0	91.9	57.3	 636	OK
1101	   0	97.5	53.0	 628	OK
1102	   0	95.6	54.1	 631	OK
1103	   0	87.6	63.9	 633	OK
1104	   0	97.2	54.3	 619	OK
1105	   0	89.8	62.6	 632	OK
1106	   0	93.9	55.4	 615	OK
1107	   0	95.6	53.6	 602	OK
1108	   0	98.6	49.7	 629	OK
1109	   0	95.4	53.8	 638	OK
1110	   0	94.6	54.0	 622	OK
1111	   0	94.3	53.7	 624	OK
1112	   0	95.3	56.4	 627	OK
1113	   0	91.3	57.6	 628	OK
1114	   0	93.5	56.1	 649	OK
1115	   0	99.7	47.5	 611	OK
1116	   0	90.8	61.3	 652	OK
1117	   0	88.2	64.0	 634	OK
1118	   0	90.4	59.2	 623	OK
1119	   0	93.6	57.1	 616	OK
1120	   0	94.9	56.6	 639	OK
1121	   0	91.1	61.0	 624	OK
1122	   0	87.5	62.4	 654	OK
1123	   0	90.3	60.7	 628	OK
1124	   0	89.7	59.8	 633	OK
1125	   0	86.9	66.5	 635	OK
1126	   0	94.5	54.7	 645	OK
1127	   0	88.0	62.1	 625	OK
1128	   0	90.8	59.0	 641	OK
1129	   0	101.0	47.6	 605	OK
1130	   0	93.0	57.1	 621	OK
1131	   0	94.3	55.2	 599	OK
1132	   0	91.3	58.0	 637	OK
1133	   0	88.5	62.9	 648	OK
1134	   0	99.3	51.6	 628	OK
1135	   0	91.6	59.9	 618	OK
1136	   0	91.0	60.1	 638	OK
1137	   0	87.3	64.2	 628	OK
1138	   0	90.1	58.1	 652	OK
1139	   0	85.9	64.5	 656	OK
1140	   0	89.5	62.8	 640	OK
1141	   0	96.2	53.7	 632	OK
1142	   0	85.8	64.4	 627	OK
1143	   0	84.6	68.3	 643	OK
1144	   0	94.0	56.6	 612	OK
1145	   0	84.7	67.4	 649	OK
1146	   0	87.2	62.6	 625	OK
1147	   0	85.5	66.3	 648	OK
1148	   0	95.4	54.8	 616	OK
1149	   0	89.6	62.0	 647	OK
1150	   0	92.4	57.5	 633	OK
1151	   0	88.4	61.4	 656	OK
1152	   0	85.4	66.4	 710	OK
1153	   0	86.6	63.7	 668	OK
1154	   0	87.5	65.2	 677	OK
1155	   0	88.1	63.0	 674	OK
1156	   0	81.6	69.9	 691	OK
1157	   0	88.3	61.7	 683	OK
1158	   0	83.6	68.3	 689	OK
1159	   0	89.7	62.2	 658	OK
1160	   0	84.2	66.2	 694	OK
1161	   0	80.5	73.2	 704	OK
1162	   0	77.6	74.0	 692	OK
1163	   0	83.6	67.5	 675	OK
1164	   0	83.3	69.5	 676	OK
1165	   0	77.2	77.3	 715	OK
1166	   0	82.7	70.9	 682	OK
1167	   0	85.9	64.6	 670	OK
1168	   0	79.1	75.1	 713	OK
1169	   0	86.9	64.2	 672	OK
1170	   0	80.3	71.5	 709	OK
1171	   0	85.7	63.7	 657	OK
1172	   0	77.2	76.8	 747	OK
1173	   0	88.5	64.7	 685	OK
1174	   0	77.9	73.3	 709	OK
1175	   0	81.8	69.6	 695	OK
1176	   0	85.0	67.7	 677	OK
1177	   0	83.8	68.3	 692	OK
1178	   0	84.7	66.6	 689	OK
1179	   0	82.6	70.5	 685	OK
1180	   0	85.3	64.7	 706	OK
1181	   0	79.6	72.6	 705	OK
1182	   0	84.9	67.3	 702	OK
1183	   0	80.7	71.7	 700	OK
1184	   0	80.5	71.8	 711	OK
1185	   0	79.2	70.8	 685	OK
1186	   0	85.3	68.1	 669	OK
1187	   0	90.5	60.0	 667	OK
1188	   0	92.8	56.1	 671	OK
1189	   0	82.6	67.1	 696	OK
1190	   0	86.3	63.8	 683	OK
1191	   0	89.6	60.5	 686	OK
1192	   0	80.6	71.9	 697	OK
1193	   0	80.1	73.0	 709	OK
1194	   0	79.4	73.3	 697	OK
1195	   0	76.2	79.2	 680	OK
1196	   0	85.6	66.7	 666	OK
1197	   0	84.3	66.0	 694	OK
1198	   0	75.6	75.7	 703	OK
1199	   0	81.9	72.5	 693	OK
1200	   0	78.2	74.5	 701	OK
1201	   0	80.8	71.1	 708	OK
1202	   0	82.4	71.9	 692	OK
1203	   0	81.3	70.2	 711	OK
1204	   0	82.8	69.2	 655	OK
1205	   0	89.4	60.4	 678	OK
1206	   0	84.2	65.4	 694	OK
1207	   0	88.7	61.9	 679	OK
1208	   0	82.6	67.4	 685	OK
1209	   0	84.8	66.3	 701	OK
1210	   0	77.3	77.4	 716	OK
1211	   0	83.4	70.0	 680	OK
1212	   0	81.3	69.7	 700	OK
1213	   0	83.2	69.6	 706	OK
1214	   0	92.3	57.2	 693	OK
1215	   0	86.3	64.9	 685	OK
1216	   0	83.4	67.9	 677	OK
1217	   0	86.7	65.7	 680	OK
1218	   0	80.9	69.4	 673	OK
1219	   0	85.3	64.0	 687	OK
1220	   0	93.9	55.7	 683	OK
1221	   0	78.5	74.5	 677	OK
1222	   0	82.4	67.8	 686	OK
1223	   0	81.5	70.6	 684	OK
1224	   0	82.9	68.6	 698	OK
1225	   0	89.9	61.8	 639	OK
1226	   0	85.0	67.0	 690	OK
1227	   0	86.6	65.0	 679	OK
1228	   0	84.5	65.7	 698	OK
1229	   0	83.4	70.6	 659	OK
1230	   0	90.7	60.7	 648	OK
1231	   0	81.0	71.2	 651	OK
1232	   0	85.6	64.2	 675	OK
1233	   0	87.7	64.1	 659	OK
1234	   0	81.1	69.5	 677	OK
1235	   0	83.6	68.9	 650	OK
1236	   0	87.4	63.7	 667	OK
1237	   0	93.0	59.4	 652	OK
1238	   0	83.5	66.2	 704	OK
1239	   0	90.3	59.7	 645	OK
1240	   0	80.7	72.3	 676	OK
1241	   0	89.6	63.5	 658	OK
1242	   0	83.7	67.5	 690	OK
1243	   0	82.8	67.6	 703	OK
1244	   0	85.1	66.7	 662	OK
1245	   0	82.4	70.1	 673	OK
1246	   0	79.6	71.9	 666	OK
1247	   0	89.5	60.3	 637	OK
1248	   0	87.6	61.8	 644	OK
1249	   0	83.7	67.7	 656	OK
1250	   0	84.0	68.9	 634	OK
1251	   0	79.4	71.8	 664	OK
1252	   0	87.0	65.8	 637	OK
1253	   0	83.0	69.4	 622	OK
1254	   0	78.1	73.0	 660	OK
1255	   0	84.6	66.0	 643	OK
1256	   0	84.2	67.3	 644	OK
1257	   0	82.0	69.7	 644	OK
1258	   0	81.1	70.0	 654	OK
1259	   0	78.6	75.1	 642	OK
1260	   0	83.1	67.6	 655	OK
1261	   0	80.2	71.4	 649	OK
1262	   0	89.2	61.8	 646	OK
1263	   0	83.3	68.0	 659	OK
1264	   0	87.3	63.2	 624	OK
1265	   0	79.6	75.1	 644	OK
1266	   0	83.2	67.4	 615	OK
1267	   0	83.0	69.3	 649	OK
1268	   0	82.9	67.6	 650	OK
1269	   0	79.3	74.2	 678	OK
1270	   0	77.7	74.6	 658	OK
1271	   0	87.6	65.1	 631	OK
1272	   0	75.6	78.6	 660	OK
1273	   0	85.4	66.5	 641	OK
1274	   0	85.7	65.6	 631	OK
1275	   0	84.6	65.6	 616	OK
1276	   0	84.5	68.3	 626	OK
1277	   0	82.0	70.4	 635	OK
1278	   0	84.4	67.4	 645	OK
1279	   0	85.7	66.3	 604	OK
1280	   0	77.9	73.7	 690	OK
1281	   0	79.4	71.8	 701	OK
1282	   0	77.8	73.5	 680	OK
1283	   0	76.2	75.8	 697	OK
1284	   0	77.2	74.7	 673	OK
1285	   0	81.0	69.5	 689	OK
1286	   0	77.3	75.9	 685	OK
1287	   0	77.1	76.9	 750	OK
1288	   0	84.9	65.2	 629	OK
1289	   0	81.3	69.6	 671	OK
1290	   0	75.7	76.8	 692	OK
1291	   0	79.2	72.2	 682	OK
1292	   0	81.1	70.3	 664	OK
1293	   0	83.5	67.9	 668	OK
1294	   0	78.6	71.2	 667	OK
1295	   0	71.1	83.4	 693	OK
1296	   0	77.2	73.2	 697	OK
1297	   0	78.0	75.8	 688	OK
1298	   0	79.0	74.5	 679	OK
1299	   0	76.4	77.4	 682	OK
1300	   0	76.9	76.1	 702	OK
1301	   0	75.5	77.5	 696	OK
1302	   0	78.2	73.4	 692	OK
1303	   0	76.9	75.9	 680	OK
1304	   0	75.0	79.1	 683	OK
1305	   0	76.8	76.7	 681	OK
1306	   0	81.4	68.8	 661	OK
1307	   0	78.3	74.7	 660	OK
1308	   0	75.0	77.7	 703	OK
1309	   0	73.7	79.9	 708	OK
1310	   0	69.9	83.9	 726	OK
1311	   0	78.7	73.1	 682	OK
1312	   0	81.2	70.2	 657	OK
1313	   0	74.0	77.9	 704	OK
1314	   0	75.7	75.8	 685	OK
1315	   0	82.0	69.6	 648	OK
1316	   0	76.9	73.9	 668	OK
1317	   0	82.8	69.3	 686	OK
1318	   0	74.7	79.1	 674	OK
1319	   0	82.2	70.5	 659	OK
1320	   0	77.9	75.1	 670	OK
1321	   0	79.9	70.3	 679	OK
1322	   0	80.2	72.3	 679	OK
1323	   0	83.1	68.1	 679	OK
1324	   0	77.5	75.3	 675	OK
1325	   0	81.7	70.2	 661	OK
1326	   0	82.0	68.9	 686	OK
1327	   0	79.8	73.5	 703	OK
1328	   0	76.9	74.8	 709	OK
1329	   0	85.7	66.5	 654	OK
1330	   0	80.3	70.7	 646	OK
1331	   0	84.2	66.5	 671	OK
1332	   0	78.6	73.3	 693	OK
1333	   0	79.9	71.6	 671	OK
1334	   0	78.3	73.1	 700	OK
1335	   0	79.3	73.0	 704	OK
1336	   0	84.5	67.4	 659	OK
1337	   0	83.5	68.4	 688	OK
1338	   0	73.8	78.9	 714	OK
1339	   0	80.1	72.5	 657	OK
1340	   0	84.0	67.2	 696	OK
1341	   0	79.4	74.2	 683	OK
1342	   0	87.6	63.9	 649	OK
1343	   0	81.6	69.3	 674	OK
1344	   0	81.0	69.9	 684	OK
1345	   0	80.2	71.5	 676	OK
1346	   0	78.4	73.7	 712	OK
1347	   0	79.1	73.9	 692	OK
1348	   0	83.1	68.2	 651	OK
1349	   0	85.8	64.4	 668	OK
1350	   0	84.5	66.4	 698	OK
1351	   0	82.1	70.7	 670	OK
1352	   0	86.2	65.6	 674	OK
1353	   0	76.5	75.0	 707	OK
1354	   0	78.8	74.8	 683	OK
1355	   0	78.2	72.1	 709	OK
1356	   0	78.9	73.5	 704	OK
1357	   0	78.2	74.1	 674	OK
1358	   0	77.0	77.3	 700	OK
1359	   0	79.1	74.8	 687	OK
1360	   0	76.6	77.4	 714	OK
1361	   0	78.0	72.7	 668	OK
1362	   0	74.8	79.1	 697	OK
1363	   0	81.2	71.1	 692	OK
1364	   0	83.1	68.3	 667	OK
1365	   0	77.6	75.1	 677	OK
1366	   0	80.7	71.2	 654	OK
1367	   0	80.4	72.7	 691	OK
1368	   0	79.7	73.2	 687	OK
1369	   0	79.1	72.7	 660	OK
1370	   0	82.2	69.0	 674	OK
1371	   0	80.7	72.1	 683	OK
1372	   0	71.3	80.1	 722	OK
1373	   0	80.6	71.6	 659	OK
1374	   0	78.3	75.5	 679	OK
1375	   0	82.3	71.4	 654	OK
1376	   0	80.1	70.6	 672	OK
1377	   0	77.5	73.7	 686	OK
1378	   0	78.8	75.6	 694	OK
1379	   0	75.5	77.5	 693	OK
1380	   0	76.6	74.6	 700	OK
1381	   0	78.2	74.1	 691	OK
1382	   0	77.5	75.2	 683	OK
1383	   0	77.9	75.2	 685	OK
1384	   0	75.3	76.6	 687	OK
1385	   0	79.4	73.1	 709	OK
1386	   0	75.8	75.4	 685	OK
1387	   0	77.5	75.3	 674	OK
1388	   0	81.9	69.7	 653	OK
1389	   0	78.7	71.7	 666	OK
1390	   0	79.5	73.1	 664	OK
1391	   0	85.3	67.1	 646	OK
1392	   0	74.9	76.5	 671	OK
1393	   0	79.9	74.0	 659	OK
1394	   0	86.2	64.8	 647	OK
1395	   0	77.3	77.7	 678	OK
1396	   0	81.2	69.2	 671	OK
1397	   0	74.8	79.3	 715	OK
1398	   0	74.7	78.3	 673	OK
1399	   0	82.7	71.8	 667	OK
1400	   0	80.5	72.8	 686	OK
1401	   0	76.3	74.9	 704	OK
1402	   0	78.1	74.4	 668	OK
1403	   0	85.5	64.2	 668	OK
1404	   0	78.8	74.7	 695	OK
1405	4000	78.9	73.7	 800	high noise
1406	   0	77.1	74.9	 701	OK
1407	   0	82.7	70.3	 667	OK
1408	   0	87.3	63.3	 655	OK
1409	   0	84.8	66.0	 629	OK
1410	   0	76.0	75.4	 675	OK
1411	   0	87.0	62.6	 621	OK
1412	   0	82.2	70.8	 646	OK
1413	   0	82.9	68.3	 649	OK
1414	   0	77.3	75.9	 675	OK
1415	   0	79.2	73.7	 681	OK
1416	   0	86.9	63.0	 616	OK
1417	   0	80.2	70.5	 649	OK
1418	   0	83.7	68.3	 632	OK
1419	   0	85.6	67.6	 629	OK
1420	   0	84.6	69.2	 624	OK
1421	   0	81.0	69.9	 636	OK
1422	   0	79.0	72.6	 669	OK
1423	   0	87.0	62.1	 631	OK
1424	   0	79.9	70.6	 634	OK
1425	   0	81.3	71.7	 640	OK
1426	   0	78.1	75.9	 641	OK
1427	   0	73.7	81.6	 651	OK
1428	   0	78.1	74.4	 645	OK
1429	   0	79.0	72.5	 649	OK
1430	   0	79.0	74.2	 662	OK
1431	   0	80.5	72.2	 656	OK
1432	   0	89.7	60.6	 629	OK
1433	   0	77.0	74.9	 664	OK
1434	   0	77.0	74.9	 643	OK
1435	   0	77.2	76.6	 662	OK
1436	   0	76.2	78.6	 664	OK
1437	   0	76.7	74.9	 683	OK
1438	   0	84.2	66.7	 646	OK
1439	   0	80.0	70.7	 653	OK
1440	   0	84.2	69.5	 638	OK
1441	   0	85.6	66.3	 629	OK
1442	   0	79.0	74.8	 650	OK
1443	   0	79.8	73.5	 653	OK
1444	   0	82.6	67.7	 645	OK
1445	   0	83.0	70.3	 635	OK
1446	   0	81.3	71.8	 670	OK
1447	   0	83.4	67.7	 632	OK
1448	   0	80.2	72.4	 637	OK
1449	   0	83.2	66.2	 640	OK
1450	   0	81.9	71.9	 628	OK
1451	   0	80.6	72.6	 625	OK
1452	   0	84.6	66.2	 671	OK
1453	   0	86.2	64.3	 627	OK
1454	   0	87.3	62.9	 613	OK
1455	   0	83.8	67.8	 646	OK
1456	   0	79.6	73.6	 660	OK
1457	   0	87.1	63.2	 647	OK
1458	   0	83.0	67.8	 644	OK
1459	   0	79.1	73.4	 683	OK
1460	   0	81.4	71.2	 633	OK
1461	   0	83.3	67.5	 618	OK
1462	   0	79.9	73.4	 661	OK
1463	   0	85.1	65.5	 642	OK
1464	   0	81.8	68.0	 622	OK
1465	   0	84.0	67.4	 655	OK
1466	   0	83.2	68.4	 675	OK
1467	   0	88.6	63.0	 612	OK
1468	   0	83.4	67.4	 643	OK
1469	   0	78.6	76.1	 679	OK
1470	   0	87.3	62.9	 639	OK
1471	   0	84.9	66.9	 665	OK
1472	   0	82.8	68.2	 647	OK
1473	   0	90.6	58.7	 606	OK
1474	   0	76.0	77.9	 676	OK
1475	   0	74.6	80.1	 688	OK
1476	   0	80.3	70.8	 672	OK
1477	   0	87.2	65.2	 636	OK
1478	   0	75.6	77.7	 689	OK
1479	   0	82.7	69.1	 623	OK
1480	   0	82.4	70.1	 652	OK
1481	   0	77.2	74.1	 673	OK
1482	   0	75.0	77.5	 643	OK
1483	   0	85.1	68.0	 612	OK
1484	   0	77.8	74.7	 670	OK
1485	   0	78.2	75.6	 634	OK
1486	   0	82.3	69.8	 679	OK
1487	   0	80.5	70.8	 654	OK
1488	   0	83.7	66.8	 624	OK
1489	   0	77.5	74.8	 679	OK
1490	   0	80.4	70.6	 664	OK
1491	   0	84.8	65.8	 613	OK
1492	   0	72.3	81.2	 676	OK
1493	   0	81.6	69.6	 673	OK
1494	   0	83.0	70.5	 626	OK
1495	   0	79.3	75.4	 627	OK
1496	   0	88.8	62.0	 591	OK
1497	   0	77.4	75.2	 655	OK
1498	   0	80.9	70.0	 650	OK
1499	   0	82.8	68.3	 635	OK
1500	   0	87.7	64.2	 671	OK
1501	   0	83.2	69.8	 650	OK
1502	   0	76.5	78.0	 644	OK
1503	   0	80.3	70.7	 625	OK
1504	   0	75.0	78.0	 667	OK
1505	   0	72.0	79.4	 679	OK
1506	   0	78.2	74.7	 650	OK
1507	   0	79.1	73.3	 623	OK
1508	   0	79.1	72.5	 625	OK
1509	   0	87.0	65.3	 604	OK
1510	   0	85.6	67.6	 633	OK
1511	   0	79.3	72.2	 643	OK
1512	   0	91.1	58.0	 608	OK
1513	   0	82.2	71.0	 636	OK
1514	   0	84.8	65.8	 624	OK
1515	   0	76.8	77.2	 664	OK
1516	   0	80.3	70.6	 645	OK
1517	   0	81.8	70.9	 649	OK
1518	   0	83.3	70.3	 632	OK
1519	   0	84.4	67.2	 601	OK
1520	   0	82.0	70.7	 636	OK
1521	   0	85.3	65.3	 611	OK
1522	   0	75.6	76.5	 670	OK
1523	   0	82.0	72.1	 629	OK
1524	   0	79.7	71.6	 640	OK
1525	   0	80.5	71.9	 635	OK
1526	   0	87.4	64.2	 625	OK
1527	   0	82.7	69.9	 618	OK
1528	   0	76.4	77.7	 673	OK
1529	   0	82.9	68.0	 653	OK
1530	   0	86.2	64.0	 602	OK
1531	   0	80.5	71.7	 644	OK
1532	   0	82.0	71.0	 591	OK
1533	   0	80.0	71.3	 647	OK
1534	   0	82.5	68.0	 609	OK
1535	   0	82.9	67.8	 633	OK
1536	   0	83.8	67.5	 627	OK
1537	   0	86.2	66.5	 607	OK
1538	   0	91.0	61.1	 604	OK
1539	   0	86.9	66.3	 606	OK
1540	   0	90.6	58.0	 624	OK
1541	   0	86.4	66.0	 618	OK
1542	   0	90.2	61.7	 602	OK
1543	   0	91.1	60.9	 584	OK
1544	   0	89.9	60.8	 614	OK
1545	   0	90.4	59.1	 608	OK
1546	   0	86.2	64.9	 618	OK
1547	   0	93.8	57.1	 583	OK
1548	   0	89.5	60.8	 591	OK
1549	   0	90.4	60.7	 612	OK
1550	   0	85.2	65.2	 582	OK
1551	   0	96.2	53.0	 581	OK
1552	   0	89.5	61.1	 599	OK
1553	   0	92.7	55.6	 589	OK
1554	   0	97.7	50.2	 588	OK
1555	   0	92.6	56.8	 591	OK
1556	   0	87.0	65.6	 610	OK
1557	   0	86.6	65.9	 599	OK
1558	   0	86.9	61.2	 595	OK
1559	   0	86.8	64.1	 586	OK
1560	   0	84.3	66.6	 607	OK
1561	   0	90.6	57.9	 584	OK
1562	   0	87.8	62.4	 599	OK
1563	   0	92.4	57.4	 597	OK
1564	   0	94.4	56.7	 588	OK
1565	   0	91.2	59.9	 575	OK
1566	   0	85.3	65.8	 621	OK
1567	   0	86.1	63.9	 605	OK
1568	   0	94.1	57.5	 600	OK
1569	   0	89.1	60.3	 606	OK
1570	   0	83.6	67.9	 603	OK
1571	   0	88.7	63.2	 602	OK
1572	   0	87.0	65.3	 596	OK
1573	   0	89.1	61.6	 611	OK
1574	   0	88.5	62.1	 607	OK
1575	   0	87.4	64.5	 615	OK
1576	   0	89.5	60.4	 577	OK
1577	   0	91.7	59.0	 609	OK
1578	   0	97.5	52.0	 573	OK
1579	   0	92.0	58.1	 560	OK
1580	   0	91.8	58.0	 586	OK
1581	   0	89.8	59.5	 598	OK
1582	   0	91.9	58.1	 608	OK
1583	   0	96.9	53.7	 572	OK
1584	   0	82.8	68.8	 604	OK
1585	   0	88.1	61.1	 596	OK
1586	   0	95.7	54.9	 582	OK
1587	   0	88.2	61.6	 601	OK
1588	   0	96.7	53.8	 590	OK
1589	   0	95.4	53.8	 671	OK
1590	   0	94.0	55.6	 597	OK
1591	   0	87.9	63.2	 594	OK
1592	   0	94.6	56.5	 593	OK
1593	   0	93.9	56.5	 605	OK
1594	   0	92.7	57.8	 594	OK
1595	   0	90.8	61.1	 602	OK
1596	   0	93.5	57.5	 599	OK
1597	   0	91.0	57.0	 594	OK
1598	   0	83.2	66.8	 629	OK
1599	   0	97.4	51.7	 592	OK
1600	   0	92.2	57.0	 594	OK
1601	   0	95.6	56.8	 585	OK
1602	   0	82.4	71.4	 613	OK
1603	   0	92.7	56.9	 590	OK
1604	   0	94.5	55.4	 599	OK
1605	   0	93.4	56.9	 593	OK
1606	   0	99.1	49.7	 590	OK
1607	   0	92.2	56.8	 604	OK
1608	   0	86.3	64.5	 592	OK
1609	   0	89.4	62.1	 607	OK
1610	   0	97.1	49.6	 576	OK
1611	   0	96.1	53.3	 585	OK
1612	   0	95.2	53.4	 577	OK
1613	   0	88.5	65.0	 572	OK
1614	   0	86.4	63.6	 611	OK
1615	   0	90.6	60.2	 570	OK
1616	   0	89.3	60.4	 597	OK
1617	   0	88.7	63.0	 598	OK
1618	   0	85.0	64.3	 604	OK
1619	   0	95.6	54.5	 556	OK
1620	   0	91.2	59.8	 604	OK
1621	   0	90.1	59.8	 619	OK
1622	   0	93.9	56.2	 570	OK
1623	   0	85.3	66.7	 601	OK
1624	   0	86.4	63.7	 612	OK
1625	   0	93.1	57.5	 611	OK
1626	   0	85.0	64.5	 622	OK
1627	   0	93.6	55.2	 603	OK
1628	   0	92.9	58.0	 575	OK
1629	   0	87.4	65.2	 602	OK
1630	   0	95.5	52.3	 594	OK
1631	   0	91.3	56.8	 607	OK
1632	   0	91.8	58.0	 606	OK
1633	   0	79.5	71.3	 622	OK
1634	   0	88.3	60.9	 613	OK
1635	   0	83.7	69.3	 597	OK
1636	   0	91.3	59.6	 596	OK
1637	   0	97.2	53.3	 580	OK
1638	   0	89.3	62.5	 607	OK
1639	   0	90.5	61.8	 556	OK
1640	   0	85.8	66.9	 605	OK
1641	   0	87.5	65.2	 600	OK
1642	   0	88.1	64.1	 611	OK
1643	   0	86.8	63.3	 606	OK
1644	   0	90.3	59.8	 574	OK
1645	   0	85.0	66.4	 600	OK
1646	   0	83.2	65.3	 597	OK
1647	   0	95.1	54.3	 565	OK
1648	   0	86.7	66.3	 620	OK
1649	   0	91.7	56.8	 578	OK
1650	   0	94.2	56.7	 581	OK
1651	   0	86.0	65.0	 589	OK
1652	   0	97.1	53.5	 588	OK
1653	   0	88.6	62.6	 591	OK
1654	   0	86.8	63.8	 575	OK
1655	   0	90.2	60.6	 582	OK
1656	   0	89.5	62.8	 608	OK
1657	   0	85.4	64.9	 610	OK
1658	   0	84.6	67.5	 611	OK
1659	   0	89.7	62.7	 602	OK
1660	   0	86.8	65.2	 603	OK
1661	   0	85.5	67.0	 590	OK
1662	   0	92.8	57.1	 567	OK
1663	   0	91.9	58.0	 599	OK
1664	   0	98.5	51.2	 573	OK
1665	   0	94.4	55.2	 575	OK
1666	   0	95.0	53.8	 594	OK
1667	   0	90.0	61.4	 598	OK
1668	   0	92.4	57.0	 580	OK
1669	   0	91.8	57.7	 609	OK
1670	   0	97.7	50.1	 588	OK
1671	   0	92.5	59.0	 561	OK
1672	   0	93.7	58.8	 591	OK
1673	   0	88.9	60.9	 615	OK
1674	   0	84.7	67.7	 612	OK
1675	   0	85.3	64.7	 625	OK
1676	   0	92.8	56.3	 592	OK
1677	   0	90.0	59.7	 607	OK
1678	   0	101.7	47.7	 581	OK
1679	   0	92.6	58.4	 589	OK
1680	   0	98.3	52.3	 571	OK
1681	   0	88.1	61.6	 619	OK
1682	   0	88.6	61.7	 589	OK
1683	   0	90.3	61.1	 649	OK
1684	   0	94.7	55.3	 579	OK
1685	   0	82.8	68.7	 627	OK
1686	   0	92.5	56.7	 591	OK
1687	   0	86.1	66.0	 602	OK
1688	   0	92.9	56.3	 612	OK
1689	   0	90.8	58.4	 596	OK
1690	   0	95.2	52.5	 588	OK
1691	   0	81.7	70.4	 618	OK
1692	   0	95.6	56.0	 561	OK
1693	   0	93.1	57.8	 587	OK
1694	   0	91.8	60.5	 586	OK
1695	   0	94.9	54.1	 559	OK
1696	   0	90.3	60.1	 593	OK
1697	   0	88.7	63.9	 588	OK
1698	   0	92.4	57.6	 597	OK
1699	   0	95.3	53.4	 603	OK
1700	   0	99.0	51.1	 560	OK
1701	   0	87.4	64.1	 619	OK
1702	   0	94.2	55.9	 594	OK
1703	   0	92.6	57.2	 594	OK
1704	   0	89.8	61.3	 589	OK
1705	   0	83.1	70.9	 617	OK
1706	   0	92.8	57.7	 597	OK
1707	   0	90.2	60.4	 608	OK
1708	   0	101.4	47.1	 569	OK
1709	   0	97.3	54.7	 590	OK
1710	   0	102.6	44.6	 555	OK
1711	   0	92.8	57.8	 590	OK
1712	   0	86.9	65.5	 600	OK
1713	   0	88.2	61.8	 604	OK
1714	   0	96.0	56.2	 593	OK
1715	   0	89.8	60.3	 595	OK
1716	   0	95.6	54.7	 580	OK
1717	   0	94.6	56.9	 610	OK
1718	   0	91.9	58.6	 596	OK
1719	   0	88.8	63.9	 582	OK
1720	   0	95.1	54.6	 602	OK
1721	   0	87.3	63.0	 617	OK
1722	   0	97.0	51.9	 568	OK
1723	   0	92.7	57.8	 583	OK
1724	   0	90.8	61.6	 602	OK
1725	   0	93.7	58.5	 592	OK
1726	   0	99.1	49.8	 606	OK
1727	   0	91.6	57.5	 636	OK
1728	   0	98.8	50.4	 585	OK
1729	   0	90.6	58.4	 578	OK
1730	   0	95.5	53.6	 580	OK
1731	   0	94.3	56.5	 586	OK
1732	   0	90.8	58.4	 612	OK
1733	   0	93.1	57.3	 623	OK
1734	   0	90.1	61.1	 589	OK
1735	   0	98.3	52.7	 604	OK
1736	   0	89.4	63.2	 601	OK
1737	   0	96.9	53.7	 580	OK
1738	   0	87.9	62.7	 599	OK
1739	   0	96.3	54.0	 596	OK
1740	   0	94.7	56.0	 612	OK
1741	   0	95.9	53.2	 579	OK
1742	   0	89.4	60.9	 597	OK
1743	   0	87.1	63.0	 607	OK
1744	   0	94.3	57.4	 584	OK
1745	   0	97.7	49.7	 583	OK
1746	   0	92.2	58.2	 589	OK
1747	   0	96.9	54.1	 572	OK
1748	   0	90.4	62.3	 580	OK
1749	   0	98.5	51.1	 582	OK
1750	   0	94.1	56.6	 581	OK
1751	   0	93.2	57.6	 584	OK
1752	   0	93.4	55.9	 580	OK
1753	   0	85.2	67.1	 627	OK
1754	   0	93.6	57.8	 596	OK
1755	   0	89.8	61.9	 616	OK
1756	   0	90.1	61.2	 602	OK
1757	   0	96.3	53.6	 555	OK
1758	   0	92.1	59.1	 594	OK
1759	   0	89.5	63.9	 594	OK
1760	   0	95.9	56.7	 567	OK
1761	   0	98.5	50.8	 571	OK
1762	   0	91.8	59.5	 581	OK
1763	   0	92.6	57.5	 580	OK
1764	   0	89.3	61.1	 554	OK
1765	   0	89.5	60.7	 582	OK
1766	   0	96.9	51.8	 569	OK
1767	   0	94.7	55.6	 592	OK
1768	   0	94.8	54.9	 569	OK
1769	   0	97.2	49.7	 574	OK
1770	   0	96.0	53.8	 577	OK
1771	   0	90.8	59.4	 579	OK
1772	   0	92.5	56.4	 583	OK
1773	   0	93.7	55.4	 584	OK
1774	   0	90.1	58.5	 582	OK
1775	   0	90.7	58.3	 593	OK
1776	   0	95.8	55.1	 604	OK
1777	   0	93.9	56.7	 566	OK
1778	   0	89.6	59.9	 595	OK
1779	   0	89.8	62.1	 574	OK
1780	   0	92.5	56.8	 601	OK
1781	   0	88.2	64.1	 589	OK
1782	   0	103.4	46.8	 569	OK
1783	   0	90.1	60.2	 557	OK
1784	   0	97.2	52.1	 594	OK
1785	   0	90.0	58.2	 586	OK
1786	   0	94.4	55.4	 568	OK
1787	   0	93.4	56.7	 573	OK
1788	   0	93.1	57.6	 590	OK
1789	   0	98.2	53.1	 583	OK
1790	   0	89.3	62.2	 596	OK
1791	   0	92.1	60.2	 575	OK
1792	   0	91.4	58.6	 581	OK
1793	   0	92.0	58.2	 589	OK
1794	   0	95.4	54.8	 570	OK
1795	   0	89.9	60.8	 578	OK
1796	   0	95.7	54.2	 559	OK
1797	   0	96.1	53.1	 569	OK
1798	   0	91.6	57.6	 579	OK
1799	   0	92.6	58.6	 565	OK
1800	   0	93.3	56.7	 570	OK
1801	   0	90.0	59.5	 592	OK
1802	   0	89.4	62.4	 586	OK
1803	   0	93.5	58.3	 575	OK
1804	4000	89.2	62.3	 697	high noise
1805	   0	90.1	60.2	 578	OK
1806	   0	100.2	47.5	 557	OK
1807	   0	93.9	56.7	 563	OK
1808	   0	85.6	66.4	 610	OK
1809	   0	92.9	59.3	 589	OK
1810	   0	87.6	63.7	 567	OK
1811	   0	89.2	60.7	 613	OK
1812	   0	89.4	61.7	 594	OK
1813	   0	93.1	58.1	 599	OK
1814	   0	85.0	67.5	 619	OK
1815	   0	91.3	61.0	 575	OK
1816	   0	92.1	60.1	 570	OK
1817	   0	90.9	59.6	 598	OK
1818	   0	88.9	60.1	 594	OK
1819	   0	95.3	55.6	 559	OK
1820	   0	87.6	63.1	 596	OK
1821	   0	91.5	58.8	 592	OK
1822	   0	84.8	67.5	 601	OK
1823	   0	87.3	63.8	 593	OK
1824	   0	82.7	70.4	 604	OK
1825	   0	89.6	62.5	 571	OK
1826	   0	86.3	65.4	 620	OK
1827	   0	94.9	55.4	 573	OK
1828	   0	91.7	59.0	 572	OK
1829	   0	94.5	54.7	 581	OK
1830	   0	91.2	58.7	 595	OK
1831	   0	79.0	73.4	 627	OK
1832	   0	87.4	64.4	 600	OK
1833	   0	89.9	60.7	 592	OK
1834	   0	86.3	64.5	 608	OK
1835	   0	91.8	58.8	 578	OK
1836	   0	89.6	61.5	 588	OK
1837	   0	93.3	56.1	 610	OK
1838	   0	91.0	59.7	 605	OK
1839	   0	88.7	61.9	 609	OK
1840	   0	91.1	60.7	 602	OK
1841	   0	90.9	61.0	 589	OK
1842	   0	86.0	66.0	 586	OK
1843	   0	86.3	66.2	 610	OK
1844	   0	90.9	60.6	 601	OK
1845	   0	91.9	56.8	 605	OK
1846	   0	86.8	65.0	 604	OK
1847	   0	90.2	59.9	 596	OK
1848	   0	86.9	65.4	 595	OK
1849	   0	83.4	67.0	 629	OK
1850	   0	90.4	60.1	 589	OK
1851	   0	89.1	63.1	 593	OK
1852	   0	96.5	54.0	 584	OK
1853	   0	90.2	59.7	 608	OK
1854	   0	98.8	52.6	 588	OK
1855	   0	97.5	50.5	 566	OK
1856	   0	93.0	57.5	 584	OK
1857	   0	98.8	49.9	 576	OK
1858	   0	94.2	56.5	 584	OK
1859	   0	84.3	67.2	 605	OK
1860	   0	89.0	60.9	 628	OK
1861	   0	94.3	56.5	 598	OK
1862	   0	95.1	56.3	 582	OK
1863	   0	97.8	52.2	 565	OK
1864	   0	99.5	49.4	 592	OK
1865	   0	90.0	59.7	 581	OK
1866	   0	102.5	47.8	 560	OK
1867	   0	93.5	56.2	 569	OK
1868	1000	99.7	47.7	 536	unbonded
1869	   0	86.4	64.8	 608	OK
1870	   0	89.4	60.5	 605	OK
1871	   0	83.3	68.0	 629	OK
1872	   0	87.5	64.4	 605	OK
1873	8000	95.4	56.4	 540	partbonded
1874	   0	92.2	58.4	 583	OK
1875	   0	85.1	67.8	 608	OK
1876	   0	90.2	59.1	 572	OK
1877	   0	90.0	60.4	 589	OK
1878	   0	93.4	56.4	 551	OK
1879	   0	93.0	55.5	 570	OK
1880	   0	86.6	65.1	 606	OK
1881	   0	98.1	49.0	 574	OK
1882	   0	95.3	55.0	 562	OK
1883	   0	89.7	60.8	 592	OK
1884	   0	90.5	60.4	 610	OK
1885	   0	88.8	63.9	 566	OK
1886	   0	92.9	59.0	 578	OK
1887	   0	90.3	61.7	 617	OK
1888	   0	88.9	62.3	 576	OK
1889	   0	90.5	59.5	 575	OK
1890	   0	89.5	63.7	 587	OK
1891	   0	94.5	57.6	 574	OK
1892	   0	86.6	64.3	 601	OK
1893	   0	93.1	56.0	 574	OK
1894	   0	84.3	66.6	 600	OK
1895	   0	93.1	56.5	 545	OK
1896	   0	92.4	55.8	 578	OK
1897	   0	87.7	63.9	 587	OK
1898	   0	83.3	70.6	 591	OK
1899	   0	95.3	55.2	 560	OK
1900	   0	93.6	56.5	 572	OK
1901	   0	89.6	61.9	 596	OK
1902	   0	93.0	57.1	 569	OK
1903	   0	91.5	60.0	 582	OK
1904	   0	94.4	57.2	 585	OK
1905	   0	91.4	57.6	 577	OK
1906	   0	94.8	54.6	 577	OK
1907	   0	84.5	66.6	 624	OK
1908	   0	86.5	65.1	 607	OK
1909	   0	92.0	57.5	 571	OK
1910	   0	84.7	68.5	 574	OK
1911	   0	91.5	61.1	 569	OK
1912	   0	89.0	63.8	 573	OK
1913	   0	94.9	56.7	 548	OK
1914	   0	91.5	59.0	 571	OK
1915	   0	90.2	59.6	 570	OK
1916	   0	89.2	62.4	 612	OK
1917	   0	93.2	56.4	 576	OK
1918	   0	86.0	64.1	 571	OK
1919	   0	96.4	56.1	 551	OK
1920	   0	88.7	62.6	 599	OK
1921	   0	88.8	63.3	 624	OK
1922	   0	83.5	69.2	 625	OK
1923	   0	78.6	74.1	 642	OK
1924	   0	82.6	68.1	 605	OK
1925	   0	87.2	65.4	 597	OK
1926	   0	77.2	75.7	 665	OK
1927	   0	74.1	80.3	 656	OK
1928	   0	80.2	70.7	 643	OK
1929	   0	80.6	70.2	 635	OK
1930	   0	84.1	69.5	 617	OK
1931	   0	87.0	64.9	 646	OK
1932	   0	77.4	75.4	 608	OK
1933	   0	84.2	68.0	 621	OK
1934	   0	79.6	72.1	 643	OK
1935	   0	80.5	72.0	 618	OK
1936	   0	80.4	73.3	 643	OK
1937	   0	81.4	71.0	 637	OK
1938	   0	86.3	63.6	 622	OK
1939	   0	82.4	69.0	 626	OK
1940	   0	83.7	68.4	 604	OK
1941	   0	78.6	71.4	 623	OK
1942	   0	82.8	70.7	 614	OK
1943	   0	89.5	63.4	 589	OK
1944	   0	85.2	65.2	 616	OK
1945	   0	81.7	71.6	 625	OK
1946	   0	82.4	69.0	 630	OK
1947	   0	90.0	60.1	 568	OK
1948	   0	79.4	71.5	 629	OK
1949	   0	80.3	70.5	 635	OK
1950	   0	83.6	68.9	 631	OK
1951	   0	81.9	69.0	 622	OK
1952	   0	82.6	67.6	 630	OK
1953	   0	82.5	70.3	 600	OK
1954	   0	78.6	75.3	 625	OK
1955	   0	90.7	59.3	 609	OK
1956	   0	77.1	74.0	 633	OK
1957	   0	88.9	61.2	 611	OK
1958	   0	84.2	65.3	 642	OK
1959	   0	81.0	70.8	 640	OK
1960	   0	80.8	72.3	 599	OK
1961	   0	83.7	68.5	 603	OK
1962	   0	87.7	63.7	 617	OK
1963	   0	82.8	67.5	 623	OK
1964	   0	85.8	64.8	 603	OK
1965	   0	80.0	73.5	 641	OK
1966	   0	79.0	73.5	 616	OK
1967	   0	81.7	68.8	 624	OK
1968	   0	81.0	72.2	 607	OK
1969	   0	83.2	68.2	 593	OK
1970	   0	84.2	67.6	 621	OK
1971	   0	84.5	65.2	 607	OK
1972	   0	79.1	73.2	 641	OK
1973	   0	86.8	64.2	 616	OK
1974	   0	84.1	68.0	 612	OK
1975	   0	86.8	62.7	 606	OK
1976	   0	79.1	71.9	 638	OK
1977	   0	83.1	67.9	 630	OK
1978	   0	82.8	70.7	 655	OK
1979	   0	84.8	68.7	 618	OK
1980	   0	83.1	67.5	 639	OK
1981	   0	86.7	64.0	 626	OK
1982	   0	86.9	64.0	 620	OK
1983	   0	82.7	67.2	 635	OK
1984	   0	85.8	65.6	 626	OK
1985	   0	80.9	71.8	 629	OK
1986	   0	78.6	75.8	 657	OK
1987	   0	81.8	69.7	 617	OK
1988	   0	76.3	76.4	 638	OK
1989	   0	80.3	70.2	 651	OK
1990	   0	82.9	70.3	 622	OK
1991	   0	86.7	65.1	 605	OK
1992	   0	91.4	58.2	 601	OK
1993	   0	85.0	65.8	 645	OK
1994	   0	70.8	82.1	 678	OK
1995	   0	85.7	66.2	 617	OK
1996	   0	81.9	67.9	 610	OK
1997	   0	79.6	75.1	 626	OK
1998	   0	84.6	65.3	 607	OK
1999	   0	79.8	73.7	 640	OK
2000	   0	84.6	68.3	 616	OK
2001	   0	85.9	66.1	 611	OK
2002	   0	83.1	68.3	 627	OK
2003	   0	89.9	61.5	 580	OK
2004	   0	83.3	67.8	 617	OK
2005	   0	77.7	76.5	 621	OK
2006	   0	78.7	74.5	 616	OK
2007	   0	91.0	58.8	 561	OK
2008	   0	81.7	72.0	 627	OK
2009	   0	88.0	63.3	 644	OK
2010	   0	83.2	68.9	 618	OK
2011	   0	84.3	68.5	 601	OK
2012	   0	80.5	73.4	 638	OK
2013	   0	83.2	67.7	 628	OK
2014	   0	80.0	73.2	 639	OK
2015	   0	89.8	59.8	 609	OK
2016	   0	84.3	67.3	 617	OK
2017	   0	91.3	60.3	 588	OK
2018	   0	87.6	63.6	 606	OK
2019	   0	84.8	68.2	 624	OK
2020	   0	80.1	72.1	 619	OK
2021	   0	81.9	68.6	 629	OK
2022	   0	87.1	64.0	 597	OK
2023	   0	83.7	68.8	 649	OK
2024	   0	81.1	70.9	 628	OK
2025	   0	81.3	70.6	 595	OK
2026	   0	80.5	70.8	 620	OK
2027	   0	87.5	64.4	 609	OK
2028	   0	72.8	78.9	 672	OK
2029	   0	82.2	69.1	 621	OK
2030	   0	83.9	66.0	 640	OK
2031	   0	84.2	66.3	 620	OK
2032	   0	79.6	71.5	 635	OK
2033	   0	88.6	61.7	 596	OK
2034	   0	79.0	70.9	 607	OK
2035	   0	76.5	74.5	 648	OK
2036	   0	83.8	66.0	 639	OK
2037	   0	79.9	70.5	 625	OK
2038	   0	84.3	67.4	 599	OK
2039	   0	80.4	72.7	 627	OK
2040	   0	84.9	65.4	 597	OK
2041	   0	83.6	68.1	 622	OK
2042	   0	79.1	73.1	 606	OK
2043	   0	78.9	75.2	 622	OK
2044	   0	89.1	64.1	 596	OK
2045	   0	77.9	74.3	 612	OK
2046	   0	86.2	63.0	 610	OK
2047	   0	81.0	70.6	 630	OK
2048	   0	83.5	67.7	 572	OK
2049	   0	93.0	57.6	 580	OK
2050	   0	91.0	59.4	 578	OK
2051	   0	85.7	66.4	 588	OK
2052	   0	99.9	51.0	 543	OK
2053	   0	94.7	55.6	 563	OK
2054	   0	92.5	58.0	 554	OK
2055	   0	87.7	61.4	 601	OK
2056	   0	88.5	62.8	 597	OK
2057	   0	92.8	57.5	 577	OK
2058	   0	89.0	60.3	 578	OK
2059	   0	87.1	65.9	 572	OK
2060	   0	83.4	67.0	 595	OK
2061	   0	94.6	57.6	 564	OK
2062	   0	91.2	58.2	 591	OK
2063	   0	82.5	68.8	 585	OK
2064	   0	85.7	64.3	 599	OK
2065	   0	87.8	62.7	 598	OK
2066	   0	96.1	53.5	 571	OK
2067	   0	91.0	60.3	 585	OK
2068	   0	86.4	63.6	 579	OK
2069	   0	80.2	73.8	 603	OK
2070	   0	99.2	51.9	 575	OK
2071	   0	92.4	57.4	 566	OK
2072	   0	90.7	58.7	 588	OK
2073	   0	89.4	60.6	 587	OK
2074	   0	91.7	60.2	 592	OK
2075	   0	97.1	53.6	 565	OK
2076	   0	88.1	62.9	 612	OK
2077	   0	89.6	60.5	 574	OK
2078	   0	94.1	55.9	 605	OK
2079	   0	89.9	61.3	 561	OK
2080	   0	94.6	53.6	 576	OK
2081	   0	94.7	57.8	 569	OK
2082	   0	91.7	57.8	 565	OK
2083	   0	93.9	57.5	 571	OK
2084	   0	88.5	63.7	 586	OK
2085	   0	94.0	57.0	 565	OK
2086	   0	94.8	57.2	 600	OK
2087	   0	94.3	56.2	 574	OK
2088	   0	88.9	63.0	 586	OK
2089	   0	91.2	58.1	 606	OK
2090	   0	96.5	52.8	 574	OK
2091	   0	93.0	58.3	 583	OK
2092	   0	90.1	61.3	 581	OK
2093	   0	93.3	58.2	 567	OK
2094	   0	86.9	65.8	 604	OK
2095	   0	99.5	51.1	 549	OK
2096	   0	90.6	59.4	 583	OK
2097	1000	99.5	48.3	 539	unbonded
2098	   0	93.9	55.3	 558	OK
2099	   0	96.0	53.0	 579	OK
2100	   0	86.9	63.9	 595	OK
2101	   0	94.7	54.7	 575	OK
2102	   0	87.5	63.6	 594	OK
2103	   0	91.0	60.7	 589	OK
2104	   0	92.4	59.5	 559	OK
2105	   0	97.5	54.4	 567	OK
2106	   0	86.2	65.7	 599	OK
2107	   0	92.7	57.9	 577	OK
2108	   0	96.4	51.9	 576	OK
2109	   0	93.6	55.3	 582	OK
2110	   0	90.8	60.4	 578	OK
2111	   0	93.4	56.4	 593	OK
2112	   0	91.9	58.4	 602	OK
2113	   0	98.2	52.7	 569	OK
2114	   0	89.7	62.1	 587	OK
2115	   0	96.4	54.2	 549	OK
2116	   0	94.1	55.7	 575	OK
2117	   0	92.4	58.2	 583	OK
2118	   0	90.7	60.8	 575	OK
2119	   0	93.8	57.6	 569	OK
2120	   0	91.1	61.3	 585	OK
2121	   0	94.2	56.5	 567	OK
2122	   0	95.3	53.1	 576	OK
2123	   0	95.5	56.1	 566	OK
2124	   0	100.0	46.7	 562	OK
2125	   0	86.1	63.5	 605	OK
2126	   0	95.4	54.1	 547	OK
2127	   0	88.1	64.6	 593	OK
2128	   0	90.5	60.3	 560	OK
2129	   0	92.6	56.3	 592	OK
2130	   0	91.7	58.6	 573	OK
2131	   0	96.2	53.0	 551	OK
2132	   0	88.5	62.7	 602	OK
2133	   0	91.0	60.2	 564	OK
2134	   0	95.5	56.3	 551	OK
2135	   0	89.7	61.9	 588	OK
2136	   0	93.0	58.1	 592	OK
2137	   0	86.1	66.6	 601	OK
2138	   0	86.7	66.4	 588	OK
2139	   0	89.4	60.0	 558	OK
2140	   0	86.9	62.8	 573	OK
2141	   0	89.3	60.8	 560	OK
2142	   0	92.0	58.4	 577	OK
2143	   0	94.0	56.1	 584	OK
2144	   0	93.5	56.9	 566	OK
2145	   0	86.5	63.0	 570	OK
2146	   0	89.8	61.4	 575	OK
2147	   0	90.1	60.6	 566	OK
2148	   0	94.6	53.7	 571	OK
2149	   0	88.6	62.9	 578	OK
2150	   0	90.4	59.2	 577	OK
2151	   0	95.0	55.7	 549	OK
2152	   0	88.9	64.2	 563	OK
2153	1000	98.9	49.7	 534	unbonded
2154	   0	97.5	50.2	 550	OK
2155	   0	87.8	61.6	 579	OK
2156	   0	93.3	59.3	 562	OK
2157	   0	90.2	61.1	 572	OK
2158	   0	85.0	64.9	 576	OK
2159	   0	91.4	57.7	 545	OK
2160	   0	88.8	62.6	 552	OK
2161	   0	97.1	55.7	 548	OK
2162	   0	91.7	58.5	 570	OK
2163	   0	89.2	62.2	 558	OK
2164	   0	94.8	55.0	 559	OK
2165	   0	95.4	52.8	 560	OK
2166	   0	88.9	64.6	 583	OK
2167	   0	93.9	57.7	 563	OK
2168	   0	99.0	48.0	 541	OK
2169	   0	97.0	52.6	 548	OK
2170	   0	91.3	60.1	 550	OK
2171	   0	90.6	62.2	 566	OK
2172	   0	91.1	61.7	 573	OK
2173	   0	90.1	58.1	 552	OK
2174	   0	89.5	61.4	 564	OK
2175	   0	94.8	57.5	 560	OK
2176	   0	95.7	55.5	 563	OK
2177	   0	92.2	58.2	 599	OK
2178	   0	103.1	45.4	 559	OK
2179	   0	92.0	57.6	 582	OK
2180	   0	89.6	60.9	 608	OK
2181	   0	89.2	61.4	 600	OK
2182	   0	92.7	58.7	 583	OK
2183	   0	93.8	55.7	 604	OK
2184	   0	88.9	63.6	 581	OK
2185	   0	97.6	52.4	 557	OK
2186	   0	93.0	57.3	 586	OK
2187	   0	90.4	62.4	 571	OK
2188	   0	84.9	67.9	 598	OK
2189	   0	88.3	65.3	 590	OK
2190	   0	84.9	66.0	 630	OK
2191	   0	86.3	66.4	 600	OK
2192	   0	95.2	56.7	 565	OK
2193	   0	95.6	56.7	 589	OK
2194	   0	80.6	73.0	 604	OK
2195	   0	90.1	62.4	 579	OK
2196	   0	89.6	62.5	 599	OK
2197	   0	85.5	66.2	 609	OK
2198	   0	92.9	58.7	 569	OK
2199	   0	88.0	63.3	 606	OK
2200	   0	96.5	54.6	 561	OK
2201	   0	91.2	60.5	 594	OK
2202	   0	92.8	56.9	 595	OK
2203	   0	92.3	59.7	 583	OK
2204	   0	93.2	58.0	 580	OK
2205	   0	93.5	56.8	 599	OK
2206	   0	92.2	58.7	 570	OK
2207	   0	95.4	54.4	 549	OK
2208	   0	90.7	60.2	 575	OK
2209	   0	97.2	52.5	 586	OK
2210	   0	99.9	49.8	 554	OK
2211	   0	97.7	51.9	 560	OK
2212	   0	90.6	60.0	 570	OK
2213	   0	82.5	68.9	 649	OK
2214	   0	96.2	53.9	 556	OK
2215	   0	91.5	60.6	 584	OK
2216	   0	95.3	54.1	 576	OK
2217	   0	92.1	59.6	 571	OK
2218	   0	95.3	55.1	 575	OK
2219	   0	91.1	58.2	 587	OK
2220	   0	96.8	52.5	 574	OK
2221	   0	100.0	48.3	 564	OK
2222	   0	94.2	58.4	 607	OK
2223	   0	92.0	56.7	 573	OK
2224	   0	91.1	59.4	 583	OK
2225	   0	92.3	57.9	 579	OK
2226	   0	88.4	63.9	 602	OK
2227	   0	96.8	53.2	 583	OK
2228	   0	88.7	61.0	 604	OK
2229	   0	86.3	64.8	 615	OK
2230	   0	92.5	58.9	 574	OK
2231	   0	91.3	60.2	 583	OK
2232	   0	92.0	59.5	 565	OK
2233	   0	97.0	53.0	 562	OK
2234	   0	96.1	53.6	 572	OK
2235	   0	100.6	48.1	 581	OK
2236	   0	95.8	55.5	 586	OK
2237	   0	87.0	63.4	 613	OK
2238	   0	95.6	55.8	 592	OK
2239	   0	103.0	46.3	 565	OK
2240	   0	96.1	57.1	 590	OK
2241	   0	83.6	68.1	 609	OK
2242	   0	92.6	58.4	 590	OK
2243	   0	95.4	55.1	 568	OK
2244	   0	91.7	58.6	 603	OK
2245	   0	92.2	61.1	 573	OK
2246	   0	87.4	61.3	 616	OK
2247	   0	95.9	53.5	 579	OK
2248	   0	87.4	63.6	 612	OK
2249	   0	98.1	50.0	 574	OK
2250	   0	94.8	53.5	 581	OK
2251	   0	97.0	51.6	 567	OK
2252	   0	87.7	65.4	 595	OK
2253	   0	95.3	56.0	 575	OK
2254	   0	92.2	58.0	 607	OK
2255	   0	91.9	60.0	 580	OK
2256	   0	93.7	58.1	 574	OK
2257	   0	91.9	60.6	 587	OK
2258	   0	90.4	59.6	 595	OK
2259	   0	91.7	57.7	 596	OK
2260	   0	89.2	61.4	 583	OK
2261	1000	94.8	57.3	 536	unbonded
2262	   0	95.2	55.6	 577	OK
2263	   0	93.8	58.2	 567	OK
2264	   0	94.6	54.5	 555	OK
2265	   0	97.4	52.0	 565	OK
2266	   0	92.8	58.6	 577	OK
2267	   0	94.3	55.9	 581	OK
2268	   0	98.8	50.9	 559	OK
2269	   0	94.0	54.7	 568	OK
2270	   0	87.5	63.6	 588	OK
2271	   0	85.1	65.0	 609	OK
2272	   0	94.0	56.8	 605	OK
2273	   0	93.0	56.4	 566	OK
2274	   0	94.8	55.5	 576	OK
2275	   0	96.8	54.5	 575	OK
2276	   0	100.0	49.3	 555	OK
2277	1000	102.6	46.8	 539	unbonded
2278	   0	92.9	57.7	 546	OK
2279	   0	97.0	55.6	 589	OK
2280	   0	91.9	57.2	 575	OK
2281	   0	96.8	52.3	 548	OK
2282	   0	93.0	58.3	 595	OK
2283	   0	99.3	51.5	 564	OK
2284	   0	93.8	57.3	 594	OK
2285	   0	96.5	54.2	 553	OK
2286	   0	96.1	52.1	 551	OK
2287	   0	88.6	62.4	 596	OK
2288	   0	85.7	67.4	 590	OK
2289	   0	92.2	57.8	 552	OK
2290	   0	87.8	63.3	 581	OK
2291	   0	91.6	59.9	 567	OK
2292	   0	92.7	56.5	 587	OK
2293	   0	98.9	50.1	 585	OK
2294	   0	90.6	60.8	 584	OK
2295	   0	96.5	53.7	 549	OK
2296	   0	96.6	53.2	 558	OK
2297	   0	101.2	47.8	 581	OK
2298	   0	98.5	49.7	 546	OK
2299	   0	99.9	49.7	 557	OK
2300	   0	88.8	63.7	 582	OK
2301	   0	95.1	53.0	 563	OK
2302	   0	93.7	54.8	 575	OK
2303	   0	95.3	53.8	 557	OK
2304	   0	96.3	53.0	 583	OK
2305	   0	87.7	61.9	 616	OK
2306	   0	96.5	53.5	 571	OK
2307	   0	87.1	65.1	 589	OK
2308	   0	88.1	63.5	 578	OK
2309	   0	94.3	55.0	 569	OK
2310	   0	89.9	61.6	 602	OK
2311	   0	89.6	62.9	 590	OK
2312	   0	87.7	61.9	 584	OK
2313	   0	90.2	59.4	 593	OK
2314	   0	97.0	54.2	 576	OK
2315	   0	92.7	59.0	 580	OK
2316	   0	86.9	65.8	 582	OK
2317	   0	88.9	63.7	 599	OK
2318	   0	87.7	62.7	 593	OK
2319	   0	89.5	61.4	 589	OK
2320	   0	86.5	66.3	 605	OK
2321	   0	88.5	62.5	 602	OK
2322	   0	97.2	51.2	 576	OK
2323	   0	96.6	52.0	 569	OK
2324	   0	85.2	67.1	 617	OK
2325	   0	91.4	59.0	 592	OK
2326	   0	93.6	57.9	 596	OK
2327	   0	88.5	63.6	 588	OK
2328	   0	88.1	64.4	 575	OK
2329	   0	90.1	62.1	 588	OK
2330	   0	82.0	71.1	 611	OK
2331	   0	88.9	64.3	 553	OK
2332	   0	97.2	54.0	 544	OK
2333	   0	87.3	63.9	 595	OK
2334	   0	91.8	57.3	 587	OK
2335	   0	93.5	57.0	 577	OK
2336	   0	94.9	53.4	 579	OK
2337	   0	88.7	63.4	 597	OK
2338	   0	90.2	61.8	 586	OK
2339	   0	87.1	64.0	 597	OK
2340	   0	91.4	62.0	 594	OK
2341	   0	83.4	68.2	 616	OK
2342	   0	88.5	63.0	 606	OK
2343	   0	101.1	47.8	 575	OK
2344	   0	95.1	55.4	 600	OK
2345	   0	90.5	61.3	 576	OK
2346	   0	92.8	58.9	 568	OK
2347	   0	91.4	59.4	 599	OK
2348	   0	89.5	60.7	 598	OK
2349	   0	89.8	59.7	 603	OK
2350	   0	94.4	54.6	 577	OK
2351	   0	96.0	54.5	 566	OK
2352	   0	83.7	66.8	 605	OK
2353	   0	95.6	52.5	 566	OK
2354	   0	88.8	60.8	 613	OK
2355	   0	91.6	59.0	 589	OK
2356	   0	93.4	55.7	 587	OK
2357	   0	101.1	47.6	 561	OK
2358	   0	103.9	46.1	 573	OK
2359	   0	92.5	56.4	 612	OK
2360	   0	96.9	52.2	 579	OK
2361	   0	93.6	57.0	 584	OK
2362	   0	87.6	64.5	 615	OK
2363	   0	98.2	51.3	 595	OK
2364	   0	92.5	57.1	 581	OK
2365	   0	95.9	54.8	 577	OK
2366	   0	92.8	59.1	 593	OK
2367	   0	86.2	66.4	 600	OK
2368	   0	91.6	59.4	 587	OK
2369	   0	91.0	58.0	 594	OK
2370	   0	97.0	52.3	 581	OK
2371	   0	87.8	63.8	 589	OK
2372	   0	88.6	63.8	 613	OK
2373	   0	90.7	61.3	 596	OK
2374	   0	91.4	58.0	 593	OK
2375	   0	94.5	54.9	 569	OK
2376	   0	84.6	68.9	 608	OK
2377	   0	95.6	54.5	 570	OK
2378	   0	94.3	54.5	 601	OK
2379	   0	99.2	50.9	 579	OK
2380	   0	96.2	51.4	 584	OK
2381	   0	91.9	57.7	 577	OK
2382	   0	88.2	62.2	 599	OK
2383	   0	93.5	55.3	 582	OK
2384	   0	99.3	49.8	 601	OK
2385	   0	91.3	59.0	 601	OK
2386	   0	94.5	56.9	 585	OK
2387	   0	98.2	51.6	 571	OK
2388	   0	88.1	64.3	 604	OK
2389	   0	88.7	62.8	 589	OK
2390	   0	96.2	52.6	 564	OK
2391	   0	85.1	65.4	 592	OK
2392	   0	98.4	50.1	 572	OK
2393	   0	88.6	62.4	 590	OK
2394	   0	95.2	54.6	 561	OK
2395	   0	94.5	56.2	 590	OK
2396	   0	96.5	54.6	 574	OK
2397	   0	89.9	60.7	 577	OK
2398	   0	87.6	63.6	 607	OK
2399	   0	89.8	61.5	 593	OK
2400	   0	87.4	65.3	 583	OK
2401	   0	89.9	60.9	 592	OK
2402	   0	88.5	62.9	 621	OK
2403	   0	86.5	66.0	 613	OK
2404	   0	84.6	66.0	 632	OK
2405	   0	98.3	50.0	 570	OK
2406	   0	88.1	63.1	 583	OK
2407	   0	90.5	61.3	 597	OK
2408	   0	93.5	56.4	 566	OK
2409	   0	92.5	58.1	 593	OK
2410	   0	93.8	56.6	 567	OK
2411	   0	89.4	62.5	 577	OK
2412	   0	101.8	46.2	 569	OK
2413	   0	100.4	52.0	 548	OK
2414	   0	85.9	65.6	 604	OK
2415	   0	85.9	65.8	 643	OK
2416	   0	91.6	60.7	 602	OK
2417	   0	88.1	63.6	 592	OK
2418	   0	93.8	56.0	 568	OK
2419	   0	88.4	62.2	 584	OK
2420	   0	92.6	56.5	 583	OK
2421	   0	96.9	51.5	 576	OK
2422	   0	90.3	60.4	 564	OK
2423	   0	91.3	58.3	 590	OK
2424	   0	90.3	61.5	 592	OK
2425	   0	89.8	60.3	 594	OK
2426	   0	102.5	47.5	 560	OK
2427	   0	86.8	63.0	 566	OK
2428	   0	94.1	57.5	 608	OK
2429	   0	92.0	59.8	 597	OK
2430	   0	92.1	57.9	 587	OK
2431	   0	91.9	59.0	 594	OK
2432	   0	83.5	68.8	 615	OK
2433	   0	86.6	64.3	 623	OK
2434	   0	76.7	74.4	 682	OK
2435	   0	85.4	67.1	 619	OK
2436	   0	87.2	62.6	 637	OK
2437	   0	79.3	74.4	 643	OK
2438	   0	90.0	59.3	 623	OK
2439	   0	82.9	68.9	 642	OK
2440	   0	80.4	71.3	 649	OK
2441	   0	89.5	62.2	 620	OK
2442	   0	85.9	65.8	 636	OK
2443	   0	81.5	69.4	 640	OK
2444	   0	82.7	68.1	 625	OK
2445	   0	91.3	61.4	 624	OK
2446	   0	78.5	75.7	 645	OK
2447	   0	85.2	66.4	 635	OK
2448	   0	84.3	66.6	 632	OK
2449	   0	81.0	70.8	 643	OK
2450	   0	84.4	68.2	 616	OK
2451	   0	80.0	71.4	 654	OK
2452	   0	79.1	73.6	 648	OK
2453	   0	84.9	64.6	 642	OK
2454	   0	89.2	60.3	 651	OK
2455	   0	80.9	71.3	 640	OK
2456	   0	85.2	66.1	 625	OK
2457	   0	85.3	64.9	 661	OK
2458	   0	81.6	69.8	 654	OK
2459	   0	89.2	63.2	 618	OK
2460	   0	84.8	66.5	 615	OK
2461	   0	78.1	73.7	 669	OK
2462	   0	82.4	70.2	 655	OK
2463	   0	87.6	63.1	 629	OK
2464	   0	83.9	66.4	 661	OK
2465	   0	81.0	71.6	 629	OK
2466	   0	85.2	63.9	 606	OK
2467	   0	82.3	67.9	 646	OK
2468	   0	86.2	66.7	 638	OK
2469	   0	90.5	59.9	 616	OK
2470	   0	78.9	73.4	 674	OK
2471	   0	79.6	75.6	 656	OK
2472	   0	80.3	69.8	 639	OK
2473	   0	83.5	70.5	 619	OK
2474	   0	84.7	66.4	 621	OK
2475	   0	85.5	66.8	 612	OK
2476	   0	78.6	72.6	 634	OK
2477	   0	78.4	74.1	 690	OK
2478	   0	83.8	66.8	 617	OK
2479	   0	84.0	68.6	 611	OK
2480	   0	85.1	66.9	 630	OK
2481	   0	80.5	71.9	 654	OK
2482	   0	79.2	71.6	 670	OK
2483	   0	81.7	70.9	 632	OK
2484	   0	84.0	67.8	 640	OK
2485	   0	78.3	75.4	 652	OK
2486	   0	80.9	71.7	 671	OK
2487	   0	86.2	64.8	 628	OK
2488	   0	82.0	70.1	 686	OK
2489	   0	81.9	69.7	 642	OK
2490	   0	84.8	68.1	 632	OK
2491	   0	84.7	68.6	 638	OK
2492	   0	80.5	69.9	 624	OK
2493	   0	87.6	65.3	 634	OK
2494	   0	83.8	69.2	 660	OK
2495	   0	80.1	73.8	 666	OK
2496	   0	77.7	75.8	 687	OK
2497	   0	90.8	60.4	 600	OK
2498	   0	79.7	74.9	 662	OK
2499	   0	85.3	68.5	 638	OK
2500	   0	83.1	70.7	 646	OK
2501	   0	85.1	64.5	 651	OK
2502	   0	82.3	69.1	 666	OK
2503	   0	81.6	72.1	 656	OK
2504	   0	72.0	82.7	 682	OK
2505	   0	88.5	62.8	 643	OK
2506	   0	81.8	70.3	 651	OK
2507	   0	88.5	62.3	 612	OK
2508	   0	81.3	70.4	 656	OK
2509	   0	79.7	72.9	 656	OK
2510	   0	84.5	65.2	 654	OK
2511	   0	77.6	75.4	 671	OK
2512	   0	86.8	66.7	 621	OK
2513	   0	86.1	64.5	 633	OK
2514	   0	77.6	74.4	 672	OK
2515	   0	87.1	61.9	 605	OK
2516	   0	86.3	65.2	 624	OK
2517	   0	86.4	62.4	 632	OK
2518	   0	80.4	71.1	 664	OK
2519	   0	83.9	65.9	 662	OK
2520	   0	85.7	65.2	 620	OK
2521	   0	80.0	73.6	 636	OK
2522	   0	78.5	73.0	 645	OK
2523	   0	81.2	71.2	 646	OK
2524	   0	83.7	68.1	 661	OK
2525	   0	90.0	60.0	 593	OK
2526	   0	79.8	71.3	 657	OK
2527	   0	85.8	65.9	 622	OK
2528	   0	81.2	71.8	 610	OK
2529	   0	82.8	67.6	 630	OK
2530	   0	74.6	78.3	 668	OK
2531	   0	84.4	68.2	 631	OK
2532	   0	85.0	65.2	 644	OK
2533	   0	80.7	72.2	 658	OK
2534	   0	77.9	75.3	 651	OK
2535	   0	85.3	64.5	 617	OK
2536	   0	86.2	66.7	 626	OK
2537	   0	81.2	71.7	 682	OK
2538	   0	79.5	73.5	 648	OK
2539	   0	81.2	69.6	 648	OK
2540	   0	79.8	73.3	 661	OK
2541	   0	82.1	68.5	 673	OK
2542	   0	81.3	72.0	 639	OK
2543	   0	83.3	67.2	 638	OK
2544	   0	85.7	64.5	 631	OK
2545	   0	88.5	62.3	 607	OK
2546	   0	83.7	66.3	 661	OK
2547	   0	76.8	74.6	 649	OK
2548	   0	84.6	64.7	 615	OK
2549	   0	90.5	58.5	 617	OK
2550	   0	92.0	58.0	 600	OK
2551	   0	78.2	75.3	 641	OK
2552	   0	85.0	66.2	 626	OK
2553	   0	73.9	77.4	 671	OK
2554	   0	81.0	71.5	 627	OK
2555	   0	90.9	61.4	 614	OK
2556	   0	82.5	71.6	 637	OK
2557	   0	80.0	72.9	 647	OK
2558	   0	84.3	68.7	 623	OK
2559	   0	83.9	66.7	 630	OK
