#chan	code	gain	offset	innse	comment
   0	   0	97.9	42.3	 605	OK
   1	   0	100.0	39.6	 588	OK
   2	   0	98.2	42.4	 602	OK
   3	   0	101.5	38.6	 607	OK
   4	   0	101.1	39.8	 606	OK
   5	   0	92.9	49.2	 635	OK
   6	   0	93.8	49.0	 622	OK
   7	   0	94.8	48.1	 616	OK
   8	   0	93.9	48.2	 626	OK
   9	   0	92.7	47.7	 612	OK
  10	   0	97.8	43.7	 634	OK
  11	   0	95.9	44.9	 633	OK
  12	   0	90.7	52.0	 649	OK
  13	   0	102.2	38.3	 609	OK
  14	   0	98.8	41.2	 592	OK
  15	   0	95.7	45.9	 606	OK
  16	   0	97.7	44.6	 638	OK
  17	   0	103.0	37.2	 608	OK
  18	   0	97.1	44.1	 610	OK
  19	   0	89.4	53.9	 645	OK
  20	   0	95.3	45.9	 649	OK
  21	   0	98.2	43.8	 646	OK
  22	   0	94.4	47.9	 644	OK
  23	   0	95.0	45.0	 644	OK
  24	   0	106.9	32.3	 624	OK
  25	   0	97.2	42.7	 655	OK
  26	   0	100.3	40.0	 646	OK
  27	   0	94.7	46.0	 639	OK
  28	   0	91.9	49.3	 652	OK
  29	   0	97.1	43.2	 648	OK
  30	   0	96.0	45.4	 708	OK
  31	   0	94.6	46.7	 653	OK
  32	   0	93.6	47.6	 656	OK
  33	   0	96.8	44.8	 650	OK
  34	   0	103.4	37.1	 640	OK
  35	   0	93.6	47.1	 663	OK
  36	   0	94.0	48.1	 663	OK
  37	   0	99.1	41.7	 657	OK
  38	   0	93.9	48.8	 655	OK
  39	   0	92.6	48.8	 646	OK
  40	   0	91.8	51.7	 690	OK
  41	   0	93.6	47.4	 646	OK
  42	   0	92.7	47.9	 691	OK
  43	   0	90.5	53.3	 655	OK
  44	   0	90.3	52.9	 667	OK
  45	   0	106.9	33.4	 634	OK
  46	   0	93.2	49.5	 677	OK
  47	   0	100.4	41.5	 644	OK
  48	   0	97.9	42.5	 637	OK
  49	   0	98.1	42.9	 670	OK
  50	   0	96.5	45.3	 640	OK
  51	   0	100.4	38.9	 655	OK
  52	   0	99.2	42.4	 639	OK
  53	   0	94.9	45.0	 654	OK
  54	   0	100.5	40.6	 645	OK
  55	   0	93.5	47.5	 657	OK
  56	   0	100.9	39.7	 650	OK
  57	   0	91.5	49.4	 677	OK
  58	   0	91.8	51.7	 671	OK
  59	   0	99.8	40.9	 671	OK
  60	   0	93.9	47.4	 652	OK
  61	   0	94.7	48.1	 662	OK
  62	   0	98.0	44.4	 646	OK
  63	   0	103.7	37.1	 653	OK
  64	   0	95.3	45.0	 654	OK
  65	   0	98.1	44.7	 655	OK
  66	   0	94.1	48.1	 650	OK
  67	   0	93.1	50.0	 660	OK
  68	   0	89.0	54.2	 674	OK
  69	   0	100.5	41.9	 653	OK
  70	   0	98.4	41.1	 634	OK
  71	   0	94.5	45.4	 671	OK
  72	   0	90.6	52.5	 701	OK
  73	   0	96.0	46.3	 651	OK
  74	   0	96.2	46.4	 655	OK
  75	   0	93.5	49.4	 687	OK
  76	   0	93.6	48.7	 682	OK
  77	   0	90.5	52.3	 654	OK
  78	   0	91.3	50.8	 639	OK
  79	   0	87.8	56.0	 664	OK
  80	   0	92.5	50.5	 665	OK
  81	   0	90.6	51.6	 667	OK
  82	   0	97.4	42.7	 639	OK
  83	   0	94.2	46.9	 656	OK
  84	   0	86.2	55.8	 714	OK
  85	   0	92.1	50.3	 671	OK
  86	   0	93.9	48.8	 661	OK
  87	   0	90.6	50.8	 648	OK
  88	   0	107.2	33.6	 624	OK
  89	   0	84.3	58.2	 685	OK
  90	   0	96.5	46.1	 647	OK
  91	   0	93.4	47.0	 637	OK
  92	   0	90.8	50.6	 663	OK
  93	   0	89.7	53.9	 643	OK
  94	   0	95.0	46.3	 659	OK
  95	   0	92.7	47.7	 656	OK
  96	   0	99.2	41.0	 623	OK
  97	   0	99.4	41.5	 625	OK
  98	4000	95.2	47.5	 772	high noise
  99	   0	95.0	47.6	 646	OK
 100	   0	88.9	55.2	 646	OK
 101	   0	87.0	57.7	 672	OK
 102	   0	89.0	53.7	 670	OK
 103	   0	89.3	53.5	 649	OK
 104	   0	95.6	44.9	 643	OK
 105	   0	96.9	45.6	 620	OK
 106	   0	96.3	44.7	 632	OK
 107	   0	91.2	50.6	 660	OK
 108	   0	87.2	56.8	 664	OK
 109	   0	93.1	49.3	 647	OK
 110	   0	95.5	46.5	 656	OK
 111	   0	86.3	55.9	 706	OK
 112	   0	93.6	46.3	 646	OK
 113	   0	96.3	46.6	 630	OK
 114	   0	93.6	48.4	 664	OK
 115	   0	88.8	52.6	 652	OK
 116	   0	86.6	57.3	 683	OK
 117	   0	92.2	52.2	 627	OK
 118	   0	93.0	47.9	 650	OK
 119	   0	91.7	51.5	 665	OK
 120	   0	91.6	50.8	 655	OK
 121	   0	90.3	52.1	 662	OK
 122	   0	91.0	50.1	 645	OK
 123	   0	91.7	50.7	 655	OK
 124	   0	93.3	48.8	 630	OK
 125	   0	96.7	43.9	 644	OK
 126	   0	84.3	58.4	 674	OK
 127	   0	93.4	48.8	 645	OK
 128	   0	85.8	59.3	 681	OK
 129	   0	82.1	62.0	 701	OK
 130	   0	74.7	70.4	 723	OK
 131	   0	80.1	66.0	 709	OK
 132	   0	80.5	63.3	 712	OK
 133	   0	80.6	62.1	 714	OK
 134	   0	77.6	65.1	 726	OK
 135	   0	77.9	66.1	 722	OK
 136	   0	84.0	59.3	 693	OK
 137	   0	86.3	57.5	 662	OK
 138	   0	75.6	69.5	 699	OK
 139	   0	83.3	61.1	 662	OK
 140	   0	83.6	60.2	 686	OK
 141	   0	81.3	63.9	 701	OK
 142	   0	78.9	64.6	 699	OK
 143	   0	76.1	67.9	 698	OK
 144	   0	84.6	59.3	 668	OK
 145	   0	77.9	66.1	 693	OK
 146	   0	77.6	66.9	 699	OK
 147	   0	79.5	64.0	 708	OK
 148	   0	76.2	67.4	 683	OK
 149	   0	79.2	65.5	 708	OK
 150	   0	82.6	62.5	 705	OK
 151	   0	78.7	64.0	 731	OK
 152	   0	80.2	61.6	 692	OK
 153	   0	81.2	63.5	 786	OK
 154	   0	82.4	61.9	 710	OK
 155	   0	74.7	71.9	 696	OK
 156	   0	83.5	58.0	 689	OK
 157	   0	75.8	67.8	 709	OK
 158	   0	79.3	64.0	 719	OK
 159	   0	73.4	70.8	 729	OK
 160	   0	78.9	66.5	 682	OK
 161	   0	76.0	66.9	 704	OK
 162	   0	82.4	60.9	 679	OK
 163	   0	76.3	67.8	 722	OK
 164	   0	79.6	64.7	 703	OK
 165	   0	83.9	60.6	 683	OK
 166	   0	78.8	64.5	 717	OK
 167	   0	80.7	61.9	 701	OK
 168	   0	80.2	63.0	 718	OK
 169	   0	89.8	52.5	 662	OK
 170	   0	81.7	63.2	 723	OK
 171	   0	81.3	64.6	 711	OK
 172	   0	85.4	58.9	 699	OK
 173	   0	80.1	65.3	 701	OK
 174	   0	89.4	52.0	 673	OK
 175	   0	83.5	59.0	 690	OK
 176	   0	78.1	65.2	 731	OK
 177	   0	81.4	61.3	 670	OK
 178	   0	84.5	57.3	 682	OK
 179	   0	77.1	66.7	 703	OK
 180	   0	86.6	55.2	 688	OK
 181	   0	76.7	68.6	 722	OK
 182	   0	74.9	70.0	 714	OK
 183	   0	79.0	66.5	 693	OK
 184	   0	86.9	53.7	 689	OK
 185	   0	83.5	59.1	 714	OK
 186	   0	79.1	63.4	 695	OK
 187	   0	82.9	59.8	 710	OK
 188	   0	79.8	64.2	 763	OK
 189	   0	81.9	63.6	 711	OK
 190	   0	84.8	57.3	 693	OK
 191	   0	82.2	61.7	 732	OK
 192	   0	86.2	55.6	 695	OK
 193	   0	87.7	53.7	 704	OK
 194	   0	85.1	57.3	 701	OK
 195	   0	85.0	58.8	 708	OK
 196	   0	76.5	67.8	 743	OK
 197	   0	87.1	55.6	 695	OK
 198	   0	81.6	62.4	 707	OK
 199	   0	82.1	62.0	 691	OK
 200	   0	79.9	61.9	 729	OK
 201	   0	78.8	66.7	 736	OK
 202	   0	79.8	64.8	 733	OK
 203	   0	79.8	62.9	 724	OK
 204	   0	78.9	65.5	 728	OK
 205	   0	76.3	69.6	 729	OK
 206	   0	83.8	58.5	 732	OK
 207	   0	79.0	63.4	 712	OK
 208	   0	84.5	56.6	 695	OK
 209	   0	80.2	65.4	 697	OK
 210	   0	80.2	64.0	 702	OK
 211	   0	81.4	61.3	 692	OK
 212	   0	80.6	61.2	 680	OK
 213	   0	84.3	60.9	 706	OK
 214	   0	77.5	67.5	 740	OK
 215	   0	79.4	63.2	 722	OK
 216	   0	83.3	59.7	 698	OK
 217	   0	80.9	60.8	 722	OK
 218	   0	85.8	58.5	 676	OK
 219	   0	83.5	58.4	 715	OK
 220	   0	88.3	53.7	 697	OK
 221	   0	76.2	68.1	 707	OK
 222	   0	81.0	64.4	 704	OK
 223	   0	84.4	60.5	 702	OK
 224	   0	78.8	64.6	 714	OK
 225	   0	78.3	63.7	 728	OK
 226	   0	81.5	60.7	 718	OK
 227	   0	80.2	62.6	 710	OK
 228	   0	80.2	62.9	 685	OK
 229	   0	84.8	58.1	 696	OK
 230	   0	83.3	59.3	 706	OK
 231	   0	76.1	69.3	 714	OK
 232	   0	76.9	67.3	 742	OK
 233	   0	85.8	58.0	 693	OK
 234	   0	80.9	61.0	 710	OK
 235	   0	86.9	54.4	 689	OK
 236	   0	83.1	60.1	 696	OK
 237	   0	87.2	53.5	 691	OK
 238	   0	77.5	65.1	 704	OK
 239	   0	84.6	59.6	 707	OK
 240	   0	82.7	59.2	 723	OK
 241	   0	79.9	65.5	 703	OK
 242	   0	81.8	59.5	 677	OK
 243	   0	82.5	59.4	 710	OK
 244	   0	77.1	68.2	 712	OK
 245	   0	81.4	61.4	 713	OK
 246	   0	80.8	63.3	 715	OK
 247	   0	79.4	63.7	 704	OK
 248	   0	85.9	57.1	 693	OK
 249	   0	76.7	67.3	 716	OK
 250	   0	84.1	59.0	 702	OK
 251	   0	74.6	69.1	 721	OK
 252	   0	85.6	57.2	 674	OK
 253	   0	80.3	63.3	 689	OK
 254	   0	83.3	58.4	 668	OK
 255	   0	81.0	63.1	 720	OK
 256	   0	92.4	50.5	 626	OK
 257	   0	96.3	46.7	 638	OK
 258	   0	87.3	55.5	 655	OK
 259	   0	85.2	58.2	 642	OK
 260	   0	89.8	54.2	 648	OK
 261	   0	88.9	53.4	 620	OK
 262	   0	89.3	52.3	 654	OK
 263	   0	98.3	42.1	 610	OK
 264	   0	93.3	49.4	 610	OK
 265	   0	88.1	54.0	 636	OK
 266	   0	85.2	58.5	 650	OK
 267	   0	91.3	52.3	 650	OK
 268	   0	88.8	54.2	 641	OK
 269	   0	92.8	49.0	 639	OK
 270	   0	90.6	52.7	 625	OK
 271	   0	95.4	48.0	 602	OK
 272	   0	97.2	42.6	 587	OK
 273	   0	88.1	55.1	 628	OK
 274	   0	94.6	48.4	 624	OK
 275	   0	91.1	52.3	 640	OK
 276	   0	97.4	43.8	 612	OK
 277	   0	94.1	49.3	 658	OK
 278	   0	98.2	42.2	 595	OK
 279	   0	97.0	44.4	 619	OK
 280	   0	84.8	60.3	 638	OK
 281	   0	90.0	53.9	 644	OK
 282	   0	96.6	43.8	 623	OK
 283	   0	99.8	40.0	 606	OK
 284	   0	89.4	51.5	 657	OK
 285	   0	86.3	57.4	 642	OK
 286	   0	92.9	48.9	 633	OK
 287	   0	86.9	57.2	 649	OK
 288	   0	99.4	41.2	 638	OK
 289	   0	89.4	54.0	 622	OK
 290	   0	98.6	40.7	 610	OK
 291	   0	94.4	47.2	 614	OK
 292	   0	93.7	48.1	 630	OK
 293	   0	90.7	51.6	 661	OK
 294	   0	91.1	51.1	 635	OK
 295	   0	90.9	51.7	 637	OK
 296	   0	91.1	51.7	 651	OK
 297	   0	92.2	51.8	 627	OK
 298	   0	92.1	52.0	 645	OK
 299	   0	88.0	55.5	 650	OK
 300	   0	89.3	54.4	 634	OK
 301	   0	89.5	54.0	 641	OK
 302	   0	94.5	48.0	 636	OK
 303	   0	87.6	55.8	 644	OK
 304	   0	91.7	50.2	 626	OK
 305	   0	102.2	38.8	 635	OK
 306	   0	95.9	46.8	 637	OK
 307	   0	91.8	51.8	 623	OK
 308	   0	84.9	58.8	 697	OK
 309	   0	92.3	51.2	 657	OK
 310	   0	92.7	49.6	 657	OK
 311	   0	98.5	41.5	 659	OK
 312	   0	89.0	52.5	 640	OK
 313	   0	94.3	46.5	 650	OK
 314	   0	86.3	57.1	 659	OK
 315	   0	87.6	55.4	 645	OK
 316	   0	89.7	53.5	 636	OK
 317	   0	93.7	48.0	 652	OK
 318	   0	98.8	41.1	 645	OK
 319	   0	92.6	48.9	 642	OK
 320	   0	95.8	45.8	 640	OK
 321	   0	87.1	55.6	 649	OK
 322	   0	107.5	31.4	 636	OK
 323	   0	107.6	31.0	 609	OK
 324	   0	96.6	43.4	 660	OK
 325	   0	96.0	45.2	 662	OK
 326	   0	97.3	44.6	 653	OK
 327	   0	98.5	41.8	 662	OK
 328	   0	92.1	50.9	 660	OK
 329	   0	93.1	50.7	 646	OK
 330	   0	95.6	45.1	 639	OK
 331	   0	99.3	42.2	 657	OK
 332	   0	87.7	54.2	 647	OK
 333	   0	88.1	55.4	 686	OK
 334	   0	91.6	50.1	 658	OK
 335	   0	94.5	46.3	 674	OK
 336	   0	88.0	53.7	 640	OK
 337	   0	97.8	43.0	 666	OK
 338	   0	92.9	48.3	 663	OK
 339	   0	97.9	44.2	 646	OK
 340	   0	91.2	50.6	 653	OK
 341	   0	87.4	57.0	 650	OK
 342	   0	89.4	53.5	 644	OK
 343	   0	101.5	37.1	 640	OK
 344	   0	95.3	48.9	 647	OK
 345	   0	86.4	56.5	 668	OK
 346	   0	89.3	53.8	 636	OK
 347	   0	101.8	38.5	 631	OK
 348	   0	92.7	48.5	 632	OK
 349	   0	92.1	50.1	 657	OK
 350	   0	86.0	59.5	 662	OK
 351	   0	85.9	57.5	 673	OK
 352	   0	94.6	46.6	 643	OK
 353	   0	89.7	51.4	 654	OK
 354	   0	96.6	43.9	 647	OK
 355	   0	92.6	49.2	 648	OK
 356	   0	92.1	50.3	 659	OK
 357	   0	95.0	48.0	 647	OK
 358	   0	87.0	55.4	 681	OK
 359	   0	90.1	52.1	 651	OK
 360	   0	99.7	41.2	 629	OK
 361	   0	87.4	54.3	 678	OK
 362	   0	94.2	45.7	 629	OK
 363	   0	100.1	40.3	 642	OK
 364	   0	93.3	48.8	 640	OK
 365	   0	90.1	50.1	 639	OK
 366	   0	87.1	57.9	 669	OK
 367	   0	91.0	49.8	 654	OK
 368	   0	91.5	50.2	 647	OK
 369	   0	88.2	56.1	 643	OK
 370	   0	95.1	47.2	 637	OK
 371	   0	101.9	40.7	 620	OK
 372	   0	89.3	54.3	 644	OK
 373	   0	99.8	40.2	 638	OK
 374	   0	95.4	45.8	 650	OK
 375	   0	89.6	52.9	 617	OK
 376	   0	93.4	49.7	 631	OK
 377	   0	90.7	50.8	 638	OK
 378	   0	88.3	55.3	 644	OK
 379	   0	89.1	53.2	 652	OK
 380	   0	95.4	48.3	 646	OK
 381	   0	91.9	50.5	 638	OK
 382	   0	92.9	47.8	 647	OK
 383	   0	87.1	57.1	 663	OK
 384	   0	88.0	54.9	 692	OK
 385	   0	86.0	57.8	 687	OK
 386	   0	86.3	55.9	 701	OK
 387	   0	79.1	63.0	 685	OK
 388	   0	79.9	64.5	 728	OK
 389	   0	82.0	62.3	 720	OK
 390	   0	78.3	66.3	 703	OK
 391	   0	78.2	66.5	 727	OK
 392	   0	77.6	66.6	 738	OK
 393	   0	85.9	55.2	 680	OK
 394	   0	83.5	59.4	 720	OK
 395	   0	83.4	59.5	 732	OK
 396	   0	84.0	61.3	 692	OK
 397	   0	83.0	60.5	 694	OK
 398	   0	81.3	61.1	 709	OK
 399	   0	86.0	56.9	 707	OK
 400	   0	82.8	61.6	 718	OK
 401	   0	82.3	60.6	 703	OK
 402	   0	82.2	62.1	 698	OK
 403	   0	85.3	57.9	 700	OK
 404	   0	82.0	62.2	 732	OK
 405	   0	78.6	64.5	 718	OK
 406	   0	80.8	63.0	 735	OK
 407	   0	79.0	66.3	 758	OK
 408	   0	81.8	63.1	 705	OK
 409	   0	81.8	60.7	 708	OK
 410	   0	87.4	56.9	 676	OK
 411	   0	83.7	60.7	 702	OK
 412	   0	83.6	58.8	 680	OK
 413	   0	81.4	61.0	 697	OK
 414	   0	82.3	60.4	 693	OK
 415	   0	84.4	60.2	 688	OK
 416	   0	81.4	60.9	 720	OK
 417	   0	90.2	54.9	 707	OK
 418	   0	90.0	50.9	 684	OK
 419	   0	83.2	59.2	 726	OK
 420	   0	89.5	53.1	 690	OK
 421	   0	81.3	63.0	 735	OK
 422	   0	86.0	58.0	 698	OK
 423	   0	87.6	53.9	 709	OK
 424	   0	85.8	57.3	 707	OK
 425	   0	82.2	62.5	 719	OK
 426	   0	89.6	52.7	 710	OK
 427	   0	82.1	62.5	 693	OK
 428	   0	83.7	61.3	 724	OK
 429	   0	80.4	64.8	 749	OK
 430	   0	76.8	68.7	 744	OK
 431	   0	84.2	60.9	 713	OK
 432	   0	79.9	64.0	 715	OK
 433	   0	85.2	56.1	 717	OK
 434	   0	87.5	56.4	 677	OK
 435	   0	91.2	51.8	 699	OK
 436	   0	83.5	61.0	 719	OK
 437	   0	82.0	60.5	 709	OK
 438	   0	90.7	53.3	 692	OK
 439	   0	82.3	62.2	 720	OK
 440	   0	85.2	59.2	 720	OK
 441	   0	86.8	56.5	 685	OK
 442	   0	80.3	62.1	 720	OK
 443	   0	85.1	59.7	 730	OK
 444	   0	84.6	60.4	 736	OK
 445	   0	88.8	54.1	 696	OK
 446	   0	85.8	59.2	 730	OK
 447	   0	84.4	60.3	 744	OK
 448	   0	84.3	60.7	 721	OK
 449	   0	83.7	58.2	 705	OK
 450	   0	86.9	54.1	 679	OK
 451	   0	81.6	62.7	 717	OK
 452	   0	90.1	51.7	 704	OK
 453	   0	85.7	57.8	 719	OK
 454	   0	90.8	50.7	 688	OK
 455	   0	89.9	53.0	 687	OK
 456	   0	81.6	62.7	 717	OK
 457	   0	81.7	63.4	 701	OK
 458	   0	88.8	52.6	 703	OK
 459	   0	83.5	58.3	 711	OK
 460	   0	79.2	63.6	 718	OK
 461	   0	86.0	58.2	 693	OK
 462	   0	79.4	65.3	 746	OK
 463	   0	81.0	63.4	 726	OK
 464	   0	80.7	63.2	 727	OK
 465	   0	72.9	71.1	 755	OK
 466	   0	85.5	57.8	 714	OK
 467	   0	85.0	56.7	 720	OK
 468	   0	84.2	60.0	 711	OK
 469	   0	82.7	60.4	 705	OK
 470	   0	87.8	53.1	 711	OK
 471	   0	86.6	54.8	 721	OK
 472	   0	87.9	55.6	 683	OK
 473	   0	86.7	55.9	 673	OK
 474	   0	80.1	63.5	 700	OK
 475	   0	85.1	58.8	 696	OK
 476	   0	83.6	57.8	 709	OK
 477	   0	79.6	65.3	 696	OK
 478	   0	76.6	68.9	 743	OK
 479	   0	81.5	64.0	 707	OK
 480	   0	87.9	53.1	 662	OK
 481	   0	86.8	54.3	 681	OK
 482	   0	85.3	60.1	 669	OK
 483	   0	79.8	65.4	 705	OK
 484	   0	81.7	62.8	 705	OK
 485	   0	77.4	65.5	 707	OK
 486	   0	85.6	59.3	 675	OK
 487	   0	84.4	56.7	 701	OK
 488	   0	82.7	61.2	 713	OK
 489	   0	82.8	61.7	 703	OK
 490	   0	77.9	67.3	 723	OK
 491	   0	80.4	62.8	 705	OK
 492	   0	81.4	64.0	 702	OK
 493	   0	79.2	64.7	 718	OK
 494	   0	81.4	60.9	 690	OK
 495	   0	88.4	55.6	 664	OK
 496	   0	82.5	61.2	 723	OK
 497	   0	81.9	59.8	 709	OK
 498	   0	90.2	51.6	 690	OK
 499	   0	81.2	62.1	 708	OK
 500	   0	73.9	69.4	 756	OK
 501	   0	84.3	58.2	 719	OK
 502	   0	85.4	57.4	 698	OK
 503	   0	83.2	60.1	 700	OK
 504	   0	80.5	62.9	 695	OK
 505	   0	81.9	62.7	 691	OK
 506	   0	78.9	66.3	 732	OK
 507	   0	84.6	57.9	 681	OK
 508	   0	87.1	57.3	 678	OK
 509	   0	79.3	65.6	 717	OK
 510	   0	80.7	64.6	 681	OK
 511	   0	80.9	62.3	 698	OK
 512	   0	102.0	39.7	 565	OK
 513	   0	105.3	33.7	 569	OK
 514	   0	93.9	47.3	 590	OK
 515	   0	99.9	40.4	 584	OK
 516	   0	97.9	43.0	 592	OK
 517	   0	101.0	39.1	 580	OK
 518	   0	110.4	29.6	 552	OK
 519	   0	103.4	38.6	 570	OK
 520	   0	104.8	36.5	 555	OK
 521	   0	99.5	41.2	 591	OK
 522	   0	98.6	43.1	 567	OK
 523	   0	97.8	41.6	 581	OK
 524	   0	100.1	40.5	 586	OK
 525	   0	96.0	46.1	 582	OK
 526	   0	109.7	29.2	 545	OK
 527	   0	102.1	40.0	 593	OK
 528	   0	95.8	45.2	 591	OK
 529	   0	97.9	42.4	 575	OK
 530	   0	102.1	36.9	 579	OK
 531	   0	104.1	35.6	 584	OK
 532	   0	110.1	28.9	 541	OK
 533	   0	99.9	40.7	 563	OK
 534	   0	97.0	42.8	 562	OK
 535	   0	103.3	36.9	 570	OK
 536	   0	95.0	47.5	 591	OK
 537	   0	106.8	33.6	 571	OK
 538	   0	101.8	40.8	 574	OK
 539	   0	100.5	39.4	 598	OK
 540	   0	102.9	37.4	 572	OK
 541	   0	96.8	44.3	 585	OK
 542	   0	101.7	38.7	 558	OK
 543	   0	103.2	37.2	 565	OK
 544	   0	100.3	40.8	 572	OK
 545	   0	93.5	50.3	 592	OK
 546	   0	105.3	34.0	 567	OK
 547	   0	104.5	36.0	 578	OK
 548	   0	96.2	47.3	 563	OK
 549	   0	98.8	42.0	 590	OK
 550	   0	95.9	47.5	 590	OK
 551	   0	104.7	35.0	 580	OK
 552	   0	96.7	45.9	 592	OK
 553	   0	104.3	35.1	 547	OK
 554	   0	104.6	34.4	 579	OK
 555	   0	98.8	41.4	 595	OK
 556	   0	113.3	25.3	 548	OK
 557	   0	112.0	26.7	 564	OK
 558	   0	94.7	47.3	 598	OK
 559	   0	111.4	28.6	 560	OK
 560	   0	102.4	38.5	 566	OK
 561	   0	95.4	45.7	 591	OK
 562	   0	94.7	48.1	 610	OK
 563	   0	106.3	34.5	 562	OK
 564	   0	101.2	38.3	 578	OK
 565	   0	110.7	29.4	 569	OK
 566	   0	108.1	32.5	 571	OK
 567	   0	110.6	29.1	 555	OK
 568	   0	101.7	37.6	 571	OK
 569	   0	109.1	29.1	 560	OK
 570	   0	96.9	44.5	 574	OK
 571	   0	103.7	36.0	 566	OK
 572	   0	105.9	34.0	 556	OK
 573	1000	115.6	23.2	 539	unbonded
 574	   0	98.6	43.6	 588	OK
 575	   0	107.8	32.5	 568	OK
 576	   0	106.0	34.6	 570	OK
 577	   0	107.7	31.4	 566	OK
 578	   0	102.4	37.2	 565	OK
 579	   0	95.1	45.7	 566	OK
 580	   0	100.3	38.8	 587	OK
 581	   0	107.8	33.7	 561	OK
 582	   0	104.2	36.4	 567	OK
 583	   0	107.4	33.3	 570	OK
 584	   0	107.8	32.8	 558	OK
 585	   0	110.7	29.2	 554	OK
 586	   0	95.7	46.3	 576	OK
 587	   0	93.8	46.4	 603	OK
 588	   0	101.6	39.6	 558	OK
 589	   0	102.9	38.3	 560	OK
 590	   0	100.5	39.8	 582	OK
 591	   0	96.1	46.0	 602	OK
 592	   0	97.2	43.6	 594	OK
 593	   0	99.5	39.9	 581	OK
 594	   0	100.9	40.7	 578	OK
 595	   0	93.7	47.8	 595	OK
 596	   0	98.5	43.1	 574	OK
 597	   0	113.3	25.7	 579	OK
 598	   0	103.5	38.4	 562	OK
 599	   0	103.8	36.2	 558	OK
 600	   0	101.7	38.5	 564	OK
 601	   0	106.5	34.5	 578	OK
 602	   0	103.4	36.6	 556	OK
 603	   0	106.8	31.4	 585	OK
 604	   0	93.9	49.1	 615	OK
 605	   0	96.5	44.7	 572	OK
 606	   0	95.8	45.4	 591	OK
 607	   0	100.6	41.6	 586	OK
 608	   0	106.5	33.3	 587	OK
 609	   0	100.0	41.9	 554	OK
 610	   0	102.9	37.5	 565	OK
 611	   0	103.8	35.3	 565	OK
 612	   0	96.8	43.5	 591	OK
 613	   0	104.2	36.6	 551	OK
 614	   0	95.1	47.5	 582	OK
 615	   0	104.4	35.9	 569	OK
 616	   0	98.5	42.9	 576	OK
 617	   0	103.9	36.6	 571	OK
 618	   0	95.4	46.4	 578	OK
 619	   0	99.3	42.0	 570	OK
 620	   0	97.4	43.1	 577	OK
 621	   0	104.0	36.0	 557	OK
 622	   0	103.9	36.3	 566	OK
 623	   0	93.0	50.2	 599	OK
 624	   0	82.3	62.7	 602	OK
 625	   0	102.5	39.2	 576	OK
 626	   0	100.9	39.0	 572	OK
 627	   0	92.4	50.9	 606	OK
 628	   0	105.9	33.3	 545	OK
 629	   0	99.8	41.8	 569	OK
 630	   0	100.2	40.2	 589	OK
 631	1000	96.3	45.2	 533	unbonded
 632	   0	99.1	42.7	 585	OK
 633	   0	101.9	39.6	 575	OK
 634	   0	105.2	33.9	 552	OK
 635	   0	105.5	34.7	 576	OK
 636	   0	100.1	39.8	 588	OK
 637	   0	111.0	27.6	 549	OK
 638	   0	103.0	37.5	 574	OK
 639	   0	104.8	35.3	 561	OK
 640	   0	94.9	48.6	 618	OK
 641	   0	90.1	51.6	 613	OK
 642	   0	92.1	48.5	 642	OK
 643	   0	87.3	55.4	 632	OK
 644	   0	98.8	42.2	 610	OK
 645	   0	93.2	50.2	 619	OK
 646	   0	91.8	49.0	 594	OK
 647	   0	88.4	54.9	 656	OK
 648	   0	89.6	53.7	 650	OK
 649	   0	78.6	65.9	 682	OK
 650	   0	95.2	46.2	 636	OK
 651	   0	81.1	60.1	 664	OK
 652	   0	88.2	54.3	 659	OK
 653	   0	87.9	57.1	 628	OK
 654	   0	93.0	48.0	 639	OK
 655	   0	82.0	62.1	 659	OK
 656	   0	83.9	57.6	 644	OK
 657	   0	96.7	44.0	 614	OK
 658	   0	97.6	44.8	 611	OK
 659	   0	87.9	56.6	 627	OK
 660	   0	91.8	48.9	 631	OK
 661	   0	89.5	54.3	 622	OK
 662	   0	89.9	52.7	 629	OK
 663	   0	84.0	60.7	 642	OK
 664	   0	88.4	54.1	 669	OK
 665	   0	91.2	52.5	 641	OK
 666	   0	87.9	55.1	 644	OK
 667	   0	90.0	50.8	 623	OK
 668	   0	87.1	56.4	 640	OK
 669	   0	91.4	50.9	 631	OK
 670	   0	89.1	55.7	 627	OK
 671	   0	89.1	54.2	 644	OK
 672	   0	82.5	61.5	 657	OK
 673	   0	90.8	52.8	 644	OK
 674	   0	86.4	57.3	 644	OK
 675	   0	90.5	52.2	 624	OK
 676	   0	97.6	43.0	 662	OK
 677	   0	82.5	62.5	 661	OK
 678	   0	85.1	60.1	 640	OK
 679	   0	92.9	49.2	 626	OK
 680	   0	84.4	57.6	 665	OK
 681	   0	91.4	51.8	 621	OK
 682	   0	90.9	53.2	 631	OK
 683	   0	93.5	46.9	 628	OK
 684	   0	87.6	55.3	 645	OK
 685	   0	89.0	54.8	 641	OK
 686	   0	96.6	43.8	 628	OK
 687	   0	92.6	49.7	 628	OK
 688	   0	90.7	52.5	 621	OK
 689	   0	89.0	54.5	 631	OK
 690	   0	91.5	50.4	 628	OK
 691	   0	92.3	50.1	 610	OK
 692	   0	97.1	43.7	 617	OK
 693	   0	85.3	55.7	 650	OK
 694	   0	98.6	40.7	 599	OK
 695	   0	100.5	40.3	 602	OK
 696	   0	86.3	55.3	 669	OK
 697	   0	92.4	49.3	 655	OK
 698	   0	92.6	48.6	 617	OK
 699	   0	95.3	47.5	 625	OK
 700	   0	92.4	48.1	 658	OK
 701	   0	89.7	53.8	 624	OK
 702	   0	96.6	45.5	 621	OK
 703	   0	91.0	49.9	 661	OK
 704	   0	89.9	52.1	 641	OK
 705	   0	93.3	48.4	 648	OK
 706	   0	97.4	44.2	 638	OK
 707	   0	96.7	43.7	 622	OK
 708	   0	88.6	54.9	 663	OK
 709	   0	86.5	54.5	 655	OK
 710	   0	90.7	51.2	 596	OK
 711	   0	82.4	58.7	 676	OK
 712	   0	89.2	51.8	 641	OK
 713	   0	87.7	54.0	 651	OK
 714	   0	89.0	52.4	 657	OK
 715	   0	91.7	53.1	 652	OK
 716	   0	92.7	48.9	 644	OK
 717	   0	87.6	51.9	 674	OK
 718	   0	93.4	48.2	 639	OK
 719	   0	94.4	48.5	 607	OK
 720	   0	93.7	48.4	 619	OK
 721	   0	81.3	61.3	 658	OK
 722	   0	93.0	47.3	 661	OK
 723	   0	88.5	55.4	 664	OK
 724	   0	88.2	55.5	 640	OK
 725	   0	84.9	56.5	 652	OK
 726	   0	83.8	59.4	 668	OK
 727	   0	89.3	52.8	 638	OK
 728	   0	78.1	65.5	 693	OK
 729	   0	93.9	48.4	 632	OK
 730	   0	85.4	58.5	 651	OK
 731	   0	89.6	51.8	 649	OK
 732	   0	87.2	55.8	 619	OK
 733	   0	84.2	59.9	 637	OK
 734	   0	84.0	58.0	 663	OK
 735	   0	88.7	55.0	 615	OK
 736	   0	96.4	43.0	 634	OK
 737	   0	93.0	50.8	 641	OK
 738	   0	94.2	48.2	 615	OK
 739	   0	87.1	54.6	 634	OK
 740	   0	94.3	46.0	 640	OK
 741	   0	94.7	46.3	 614	OK
 742	   0	84.4	59.5	 668	OK
 743	   0	89.3	54.7	 655	OK
 744	   0	84.9	56.8	 653	OK
 745	   0	90.5	51.2	 634	OK
 746	   0	89.9	51.7	 653	OK
 747	   0	89.0	53.7	 649	OK
 748	   0	89.5	52.4	 635	OK
 749	   0	94.5	46.2	 615	OK
 750	   0	91.6	51.9	 656	OK
 751	   0	83.7	57.4	 670	OK
 752	   0	90.7	51.1	 652	OK
 753	   0	91.5	52.1	 657	OK
 754	   0	89.4	51.1	 645	OK
 755	   0	90.3	52.2	 630	OK
 756	   0	87.7	53.7	 601	OK
 757	   0	86.9	54.2	 658	OK
 758	   0	90.2	51.3	 649	OK
 759	   0	89.2	53.8	 631	OK
 760	   0	86.9	56.3	 647	OK
 761	   0	87.4	53.9	 649	OK
 762	   0	90.3	53.2	 643	OK
 763	   0	89.5	51.3	 640	OK
 764	   0	79.5	65.7	 671	OK
 765	   0	93.8	50.3	 623	OK
 766	   0	94.3	47.9	 629	OK
 767	   0	85.4	57.0	 643	OK
 768	   0	92.4	49.3	 671	OK
 769	   0	94.6	45.6	 656	OK
 770	   0	90.5	53.5	 678	OK
 771	   0	89.0	52.2	 703	OK
 772	   0	86.9	55.5	 682	OK
 773	   0	89.2	55.3	 653	OK
 774	   0	88.8	55.1	 690	OK
 775	   0	91.3	51.3	 670	OK
 776	   0	85.3	59.1	 709	OK
 777	   0	91.4	49.3	 645	OK
 778	   0	93.0	49.8	 674	OK
 779	   0	94.8	46.4	 671	OK
 780	   0	88.3	52.8	 690	OK
 781	   0	91.8	52.6	 669	OK
 782	   0	91.7	51.6	 681	OK
 783	   0	90.2	51.9	 677	OK
 784	   0	87.9	54.7	 691	OK
 785	   0	88.2	52.3	 716	OK
 786	   0	95.5	47.2	 649	OK
 787	   0	85.7	56.5	 698	OK
 788	   0	91.3	51.7	 679	OK
 789	   0	94.4	45.0	 689	OK
 790	   0	85.8	58.9	 691	OK
 791	   0	84.0	61.0	 706	OK
 792	   0	87.2	54.9	 708	OK
 793	   0	83.0	59.2	 738	OK
 794	   0	92.3	48.8	 683	OK
 795	   0	97.9	42.3	 671	OK
 796	   0	90.1	51.1	 677	OK
 797	   0	82.8	62.3	 704	OK
 798	   0	85.7	57.3	 693	OK
 799	   0	81.5	61.7	 719	OK
 800	   0	91.6	53.6	 701	OK
 801	   0	84.1	57.9	 698	OK
 802	   0	83.4	60.6	 694	OK
 803	   0	85.9	56.5	 680	OK
 804	   0	88.7	54.3	 680	OK
 805	   0	89.4	52.2	 714	OK
 806	   0	80.8	64.0	 714	OK
 807	   0	86.8	55.5	 678	OK
 808	   0	86.0	57.3	 688	OK
 809	   0	87.3	55.2	 696	OK
 810	   0	87.0	55.8	 692	OK
 811	   0	91.1	49.9	 679	OK
 812	   0	91.5	49.4	 689	OK
 813	   0	88.7	55.7	 662	OK
 814	   0	88.9	52.2	 695	OK
 815	   0	86.1	59.2	 707	OK
 816	   0	86.3	57.0	 692	OK
 817	   0	89.9	53.0	 700	OK
 818	   0	91.5	51.2	 672	OK
 819	   0	87.0	55.2	 677	OK
 820	   0	95.5	45.0	 656	OK
 821	   0	90.3	54.6	 676	OK
 822	   0	83.1	62.9	 714	OK
 823	   0	81.6	64.6	 696	OK
 824	   0	84.0	58.8	 708	OK
 825	   0	96.4	45.3	 651	OK
 826	   0	89.1	53.8	 692	OK
 827	   0	79.4	64.0	 696	OK
 828	   0	89.8	52.7	 687	OK
 829	   0	93.6	47.5	 682	OK
 830	   0	88.3	54.4	 692	OK
 831	   0	92.9	49.4	 668	OK
 832	   0	93.2	47.6	 660	OK
 833	   0	85.8	56.7	 713	OK
 834	   0	92.8	46.8	 674	OK
 835	   0	83.0	61.1	 699	OK
 836	   0	87.3	54.8	 685	OK
 837	   0	91.8	50.7	 684	OK
 838	   0	94.3	49.7	 664	OK
 839	   0	86.2	58.2	 673	OK
 840	   0	87.1	57.2	 679	OK
 841	   0	88.9	54.3	 689	OK
 842	   0	87.0	57.1	 686	OK
 843	   0	81.4	61.7	 698	OK
 844	   0	87.6	55.6	 689	OK
 845	   0	90.8	51.0	 658	OK
 846	   0	86.9	57.5	 704	OK
 847	   0	83.0	59.5	 698	OK
 848	   0	94.7	47.8	 666	OK
 849	   0	87.6	55.6	 682	OK
 850	   0	88.6	54.5	 657	OK
 851	   0	86.6	56.3	 672	OK
 852	   0	84.0	58.3	 694	OK
 853	   0	84.5	58.1	 687	OK
 854	   0	89.9	53.5	 658	OK
 855	   0	94.2	47.0	 660	OK
 856	   0	83.1	60.7	 694	OK
 857	   0	82.1	63.5	 682	OK
 858	   0	90.4	52.0	 669	OK
 859	   0	80.6	62.2	 714	OK
 860	   0	82.1	60.7	 702	OK
 861	   0	85.7	55.9	 675	OK
 862	   0	82.4	61.9	 681	OK
 863	   0	83.4	61.6	 686	OK
 864	   0	87.1	54.4	 679	OK
 865	   0	85.5	57.9	 669	OK
 866	   0	86.3	54.6	 682	OK
 867	   0	83.9	59.2	 680	OK
 868	   0	83.3	59.4	 706	OK
 869	   0	86.8	56.1	 658	OK
 870	   0	81.4	63.9	 709	OK
 871	   0	85.3	58.2	 690	OK
 872	   0	83.0	59.6	 687	OK
 873	   0	86.8	58.0	 653	OK
 874	   0	88.2	53.2	 671	OK
 875	   0	86.9	57.8	 653	OK
 876	   0	83.1	59.5	 688	OK
 877	   0	87.0	57.5	 660	OK
 878	   0	89.5	52.2	 673	OK
 879	   0	84.7	57.3	 694	OK
 880	   0	82.6	59.4	 670	OK
 881	   0	89.7	52.8	 664	OK
 882	   0	87.0	54.6	 696	OK
 883	   0	83.3	58.4	 689	OK
 884	   0	79.8	65.8	 685	OK
 885	   0	86.2	56.7	 682	OK
 886	   0	88.8	53.8	 670	OK
 887	   0	86.8	58.2	 688	OK
 888	   0	83.8	57.5	 681	OK
 889	   0	87.7	56.5	 673	OK
 890	   0	86.1	55.6	 699	OK
 891	   0	87.8	54.9	 667	OK
 892	   0	85.1	60.1	 695	OK
 893	   0	94.2	48.6	 665	OK
 894	   0	79.8	65.1	 686	OK
 895	   0	89.2	51.6	 685	OK
 896	   0	86.8	56.3	 677	OK
 897	   0	81.6	63.6	 759	OK
 898	   0	79.7	66.5	 739	OK
 899	   0	81.1	61.6	 736	OK
 900	   0	79.6	64.5	 728	OK
 901	   0	81.7	62.0	 745	OK
 902	   0	79.8	63.9	 713	OK
 903	   0	84.4	58.3	 732	OK
 904	   0	83.6	61.1	 715	OK
 905	   0	78.7	67.1	 752	OK
 906	   0	74.7	71.0	 744	OK
 907	   0	89.9	53.4	 707	OK
 908	   0	79.6	65.5	 717	OK
 909	   0	85.5	57.9	 691	OK
 910	   0	82.9	62.4	 730	OK
 911	   0	77.7	66.8	 712	OK
 912	   0	83.6	59.3	 729	OK
 913	   0	83.1	61.3	 681	OK
 914	   0	89.2	53.2	 708	OK
 915	   0	83.6	60.9	 710	OK
 916	   0	86.9	54.7	 715	OK
 917	   0	74.6	72.3	 769	OK
 918	   0	78.8	65.6	 751	OK
 919	   0	84.1	59.9	 718	OK
 920	   0	80.7	62.1	 730	OK
 921	   0	85.2	56.5	 739	OK
 922	   0	87.6	55.9	 700	OK
 923	   0	85.4	56.1	 747	OK
 924	   0	79.4	62.3	 725	OK
 925	   0	77.7	66.1	 731	OK
 926	   0	82.0	61.1	 736	OK
 927	   0	77.9	66.7	 725	OK
 928	   0	85.8	57.1	 748	OK
 929	   0	82.5	61.4	 717	OK
 930	   0	76.2	68.3	 741	OK
 931	   0	88.1	55.8	 710	OK
 932	   0	83.2	59.6	 740	OK
 933	   0	73.7	73.7	 786	OK
 934	   0	78.3	66.8	 746	OK
 935	   0	79.5	62.7	 738	OK
 936	   0	78.9	65.9	 744	OK
 937	   0	78.1	66.8	 750	OK
 938	   0	81.5	61.0	 761	OK
 939	   0	83.8	59.3	 741	OK
 940	   0	79.8	61.8	 754	OK
 941	   0	85.4	58.6	 691	OK
 942	   0	75.3	68.9	 749	OK
 943	   0	71.4	72.0	 771	OK
 944	   0	85.1	57.8	 720	OK
 945	   0	79.7	66.7	 753	OK
 946	   0	79.3	65.8	 728	OK
 947	   0	82.2	59.1	 745	OK
 948	   0	88.3	52.8	 737	OK
 949	   0	80.9	64.2	 731	OK
 950	   0	79.8	64.8	 749	OK
 951	   0	82.0	63.5	 760	OK
 952	   0	84.5	59.0	 747	OK
 953	   0	85.7	56.3	 692	OK
 954	   0	91.4	49.8	 724	OK
 955	   0	78.3	66.0	 761	OK
 956	   0	83.4	61.1	 714	OK
 957	   0	78.9	66.3	 753	OK
 958	   0	84.8	58.3	 749	OK
 959	   0	84.2	56.6	 734	OK
 960	   0	87.4	54.5	 690	OK
 961	   0	81.2	62.3	 739	OK
 962	   0	85.5	57.8	 708	OK
 963	   0	78.3	67.5	 745	OK
 964	   0	83.9	60.2	 722	OK
 965	   0	82.5	63.6	 730	OK
 966	   0	77.4	67.3	 760	OK
 967	   0	78.3	64.7	 737	OK
 968	   0	86.5	57.8	 720	OK
 969	   0	81.9	63.3	 735	OK
 970	   0	78.2	65.0	 730	OK
 971	   0	82.3	61.4	 750	OK
 972	   0	73.9	70.6	 776	OK
 973	   0	79.1	64.9	 744	OK
 974	   0	78.2	64.9	 713	OK
 975	   0	83.9	59.7	 696	OK
 976	   0	80.4	63.9	 740	OK
 977	   0	78.9	66.2	 730	OK
 978	   0	79.7	64.8	 745	OK
 979	   0	83.5	58.3	 712	OK
 980	   0	83.7	60.5	 735	OK
 981	   0	78.4	65.6	 727	OK
 982	   0	77.0	67.8	 744	OK
 983	   0	87.9	54.1	 690	OK
 984	   0	79.9	62.7	 734	OK
 985	   0	82.8	61.2	 727	OK
 986	   0	73.2	71.2	 751	OK
 987	   0	78.3	67.7	 749	OK
 988	   0	77.6	67.6	 738	OK
 989	   0	76.0	68.7	 748	OK
 990	   0	75.8	68.4	 760	OK
 991	   0	77.5	66.4	 732	OK
 992	   0	75.4	69.9	 756	OK
 993	   0	80.3	64.2	 724	OK
 994	   0	81.2	64.5	 732	OK
 995	   0	87.6	53.7	 692	OK
 996	   0	76.6	69.6	 730	OK
 997	   0	80.8	63.9	 706	OK
 998	   0	79.8	63.3	 694	OK
 999	   0	81.6	64.6	 692	OK
1000	   0	71.3	75.9	 753	OK
1001	   0	75.9	70.2	 701	OK
1002	   0	75.7	68.0	 760	OK
1003	   0	78.6	64.3	 709	OK
1004	   0	77.9	68.2	 744	OK
1005	   0	76.2	67.4	 724	OK
1006	   0	86.9	54.1	 677	OK
1007	   0	79.8	64.5	 698	OK
1008	   0	78.5	66.9	 722	OK
1009	   0	76.4	68.0	 737	OK
1010	   0	80.6	61.9	 716	OK
1011	   0	82.7	60.8	 702	OK
1012	   0	72.5	73.9	 757	OK
1013	   0	72.8	69.7	 746	OK
1014	   0	78.2	67.8	 716	OK
1015	   0	82.1	59.5	 732	OK
1016	   0	75.1	70.7	 751	OK
1017	   0	82.8	61.2	 699	OK
1018	   0	82.7	61.3	 738	OK
1019	   0	78.8	63.7	 724	OK
1020	   0	76.6	69.7	 744	OK
1021	   0	79.4	64.1	 723	OK
1022	   0	80.0	64.6	 713	OK
1023	   0	79.3	64.4	 742	OK
1024	   0	82.0	64.1	 659	OK
1025	   0	86.1	59.4	 640	OK
1026	   0	85.3	58.6	 633	OK
1027	   0	79.8	64.6	 664	OK
1028	   0	82.8	60.6	 640	OK
1029	   0	90.3	52.0	 658	OK
1030	   0	89.9	55.0	 632	OK
1031	   0	82.3	60.1	 681	OK
1032	   0	90.8	52.0	 615	OK
1033	   0	81.9	62.7	 667	OK
1034	   0	92.6	48.0	 626	OK
1035	   0	82.2	61.9	 670	OK
1036	   0	85.4	59.7	 637	OK
1037	   0	81.0	64.3	 639	OK
1038	   0	84.7	58.3	 649	OK
1039	   0	81.4	61.8	 644	OK
1040	   0	86.6	56.8	 644	OK
1041	   0	86.3	58.2	 633	OK
1042	   0	90.9	50.9	 641	OK
1043	   0	88.2	55.4	 648	OK
1044	   0	91.5	51.7	 660	OK
1045	   0	82.4	60.1	 648	OK
1046	   0	86.8	57.4	 633	OK
1047	   0	80.1	64.4	 671	OK
1048	   0	76.8	66.2	 669	OK
1049	   0	88.4	55.2	 642	OK
1050	   0	83.8	61.2	 655	OK
1051	   0	86.2	57.3	 634	OK
1052	   0	87.5	55.1	 653	OK
1053	   0	86.1	57.2	 627	OK
1054	   0	82.4	59.9	 647	OK
1055	   0	91.1	51.7	 620	OK
1056	   0	84.8	58.8	 657	OK
1057	   0	84.1	58.8	 667	OK
1058	   0	86.4	55.8	 649	OK
1059	   0	77.7	66.3	 684	OK
1060	   0	79.1	66.7	 648	OK
1061	   0	81.6	62.0	 667	OK
1062	   0	85.6	58.4	 624	OK
1063	   0	88.3	54.0	 641	OK
1064	   0	86.5	58.8	 660	OK
1065	   0	81.6	62.6	 682	OK
1066	   0	85.2	57.1	 634	OK
1067	   0	90.1	50.4	 626	OK
1068	   0	83.9	58.0	 642	OK
1069	   0	87.3	56.3	 655	OK
1070	   0	84.2	59.7	 675	OK
1071	   0	83.3	58.9	 636	OK
1072	   0	85.3	60.1	 660	OK
1073	   0	85.3	56.5	 659	OK
1074	   0	84.1	60.3	 671	OK
1075	   0	90.1	52.9	 634	OK
1076	   0	89.1	53.5	 658	OK
1077	   0	83.4	62.3	 655	OK
1078	   0	82.2	60.2	 685	OK
1079	   0	84.3	61.0	 658	OK
1080	   0	81.3	61.6	 647	OK
1081	   0	87.0	56.3	 660	OK
1082	   0	93.5	46.5	 636	OK
1083	   0	82.5	61.8	 660	OK
1084	   0	85.9	58.9	 660	OK
1085	   0	86.7	53.4	 665	OK
1086	   0	98.1	44.8	 637	OK
1087	   0	92.5	48.9	 653	OK
1088	   0	83.7	57.2	 701	OK
1089	   0	90.1	52.7	 654	OK
1090	   0	84.3	61.4	 654	OK
1091	   0	87.6	56.4	 626	OK
1092	   0	86.8	57.4	 653	OK
1093	   0	89.0	52.4	 662	OK
1094	   0	100.5	38.6	 619	OK
1095	   0	90.4	52.4	 646	OK
1096	   0	88.4	52.8	 658	OK
1097	   0	89.2	51.9	 658	OK
1098	   0	86.1	56.1	 675	OK
1099	   0	91.8	51.1	 628	OK
1100	   0	88.0	56.0	 667	OK
1101	   0	93.3	49.1	 646	OK
1102	   0	85.1	56.9	 690	OK
1103	   0	92.6	50.9	 668	OK
1104	   0	91.1	49.7	 660	OK
1105	   0	80.5	64.0	 687	OK
1106	   0	89.6	52.9	 646	OK
1107	   0	90.5	51.1	 648	OK
1108	   0	88.8	53.4	 656	OK
1109	   0	87.8	56.9	 666	OK
1110	   0	88.6	54.9	 653	OK
1111	   0	87.5	55.8	 685	OK
1112	   0	89.7	53.6	 643	OK
1113	   0	89.7	55.2	 659	OK
1114	   0	88.5	56.4	 649	OK
1115	   0	89.0	54.4	 672	OK
1116	   0	87.1	55.2	 661	OK
1117	   0	95.8	44.4	 647	OK
1118	   0	88.5	51.5	 675	OK
1119	   0	87.4	56.4	 676	OK
1120	   0	89.0	53.3	 653	OK
1121	   0	90.1	53.0	 641	OK
1122	   0	82.2	61.9	 685	OK
1123	   0	91.2	51.0	 655	OK
1124	   0	81.9	63.4	 674	OK
1125	   0	87.5	57.9	 673	OK
1126	   0	93.5	47.1	 669	OK
1127	   0	86.0	57.3	 672	OK
1128	   0	92.5	49.5	 670	OK
1129	   0	97.6	44.8	 630	OK
1130	   0	91.4	51.9	 664	OK
1131	   0	92.6	50.2	 646	OK
1132	   0	87.0	57.6	 642	OK
1133	   0	85.2	58.0	 678	OK
1134	   0	86.2	56.1	 666	OK
1135	   0	95.7	47.3	 657	OK
1136	   0	94.4	47.0	 652	OK
1137	   0	96.5	45.1	 634	OK
1138	   0	89.1	53.0	 683	OK
1139	   0	90.6	52.0	 649	OK
1140	   0	91.7	49.3	 646	OK
1141	   0	87.6	55.9	 649	OK
1142	   0	85.9	55.7	 667	OK
1143	   0	86.7	55.7	 679	OK
1144	   0	92.7	50.2	 626	OK
1145	   0	93.1	50.2	 666	OK
1146	   0	84.0	57.5	 670	OK
1147	   0	85.2	58.3	 652	OK
1148	   0	86.7	55.4	 661	OK
1149	   0	89.5	55.7	 680	OK
1150	   0	86.1	56.7	 666	OK
1151	   0	84.4	58.4	 675	OK
1152	   0	80.0	64.8	 715	OK
1153	   0	84.2	60.6	 682	OK
1154	   0	83.5	61.2	 678	OK
1155	   0	79.9	63.2	 724	OK
1156	   0	82.3	60.6	 706	OK
1157	   0	91.2	51.9	 648	OK
1158	   0	86.7	58.3	 658	OK
1159	   0	85.9	57.5	 685	OK
1160	   0	81.9	61.1	 697	OK
1161	   0	82.7	61.5	 701	OK
1162	   0	81.4	64.1	 681	OK
1163	   0	76.3	68.7	 697	OK
1164	   0	82.1	62.2	 697	OK
1165	   0	81.8	61.3	 699	OK
1166	   0	88.4	55.0	 713	OK
1167	   0	82.8	61.1	 679	OK
1168	   0	88.7	54.8	 656	OK
1169	   0	83.1	60.3	 710	OK
1170	   0	81.8	60.9	 689	OK
1171	   0	79.1	65.8	 688	OK
1172	   0	83.1	61.8	 688	OK
1173	   0	79.6	62.7	 726	OK
1174	   0	80.2	62.6	 691	OK
1175	   0	88.8	54.3	 672	OK
1176	   0	85.1	59.3	 660	OK
1177	   0	76.2	68.0	 689	OK
1178	   0	87.9	56.2	 679	OK
1179	   0	89.3	51.4	 651	OK
1180	   0	84.7	58.0	 674	OK
1181	   0	84.4	60.1	 686	OK
1182	   0	79.6	64.9	 707	OK
1183	   0	83.2	60.7	 700	OK
1184	   0	87.0	58.0	 702	OK
1185	   0	88.1	56.4	 690	OK
1186	   0	84.1	59.4	 714	OK
1187	   0	78.3	65.5	 707	OK
1188	   0	82.2	60.4	 677	OK
1189	   0	80.4	64.1	 697	OK
1190	   0	83.0	62.3	 692	OK
1191	   0	84.8	59.3	 695	OK
1192	   0	89.0	52.7	 706	OK
1193	   0	83.0	61.1	 667	OK
1194	   0	84.7	58.6	 684	OK
1195	   0	87.7	53.7	 679	OK
1196	   0	80.4	65.5	 711	OK
1197	   0	82.2	64.0	 690	OK
1198	   0	84.4	59.5	 714	OK
1199	   0	87.0	57.7	 690	OK
1200	   0	93.8	49.0	 656	OK
1201	   0	87.5	55.2	 686	OK
1202	   0	82.0	61.1	 713	OK
1203	   0	85.4	57.7	 716	OK
1204	   0	93.3	49.1	 670	OK
1205	   0	75.0	68.9	 737	OK
1206	   0	87.0	57.5	 690	OK
1207	   0	83.8	59.2	 699	OK
1208	   0	83.5	58.2	 691	OK
1209	   0	88.0	52.8	 681	OK
1210	   0	82.4	62.1	 759	OK
1211	   0	87.1	57.7	 678	OK
1212	   0	83.0	59.2	 686	OK
1213	   0	84.5	58.9	 710	OK
1214	   0	84.9	56.9	 717	OK
1215	   0	92.9	48.3	 703	OK
1216	   0	85.6	58.8	 695	OK
1217	   0	80.9	62.8	 684	OK
1218	   0	88.7	54.5	 699	OK
1219	   0	85.5	58.2	 696	OK
1220	   0	81.7	62.1	 718	OK
1221	   0	86.9	55.8	 733	OK
1222	   0	78.2	65.3	 704	OK
1223	   0	83.9	58.2	 702	OK
1224	   0	81.6	60.4	 694	OK
1225	   0	87.7	54.3	 677	OK
1226	   0	84.9	59.7	 698	OK
1227	   0	85.7	58.5	 669	OK
1228	   0	80.6	63.8	 694	OK
1229	   0	87.8	55.7	 692	OK
1230	   0	82.5	60.6	 687	OK
1231	   0	78.8	66.0	 719	OK
1232	   0	92.7	49.1	 652	OK
1233	   0	87.5	54.7	 686	OK
1234	   0	69.4	78.1	 704	OK
1235	   0	87.5	56.4	 668	OK
1236	   0	87.8	55.2	 674	OK
1237	   0	80.9	63.3	 681	OK
1238	   0	76.1	69.8	 702	OK
1239	   0	82.7	59.5	 680	OK
1240	   0	86.2	56.4	 683	OK
1241	   0	85.9	57.0	 680	OK
1242	   0	78.9	64.3	 707	OK
1243	   0	79.4	64.5	 710	OK
1244	   0	84.7	57.6	 697	OK
1245	   0	83.8	62.3	 671	OK
1246	   0	78.6	64.8	 708	OK
1247	   0	79.6	66.3	 714	OK
1248	   0	77.3	66.2	 687	OK
1249	   0	85.2	56.9	 663	OK
1250	   0	80.3	64.1	 695	OK
1251	   0	82.5	61.1	 686	OK
1252	   0	75.5	68.2	 718	OK
1253	   0	80.5	65.1	 676	OK
1254	   0	78.9	65.4	 655	OK
1255	   0	79.5	66.5	 666	OK
1256	   0	79.9	62.8	 674	OK
1257	   0	80.8	62.1	 667	OK
1258	   0	79.5	66.1	 673	OK
1259	   0	82.0	61.6	 666	OK
1260	   0	87.0	56.8	 650	OK
1261	   0	85.7	57.9	 640	OK
1262	   0	80.3	64.9	 657	OK
1263	   0	80.9	63.0	 680	OK
1264	   0	71.2	75.3	 690	OK
1265	   0	77.2	67.4	 696	OK
1266	   0	79.7	63.9	 653	OK
1267	   0	78.8	65.7	 666	OK
1268	   0	76.0	67.0	 666	OK
1269	   0	84.0	60.1	 640	OK
1270	   0	82.2	60.2	 619	OK
1271	   0	74.9	70.3	 670	OK
1272	   0	72.8	70.5	 700	OK
1273	   0	86.7	56.3	 628	OK
1274	   0	82.0	61.9	 632	OK
1275	   0	73.2	71.5	 665	OK
1276	   0	81.0	61.1	 691	OK
1277	   0	80.3	63.5	 643	OK
1278	   0	79.2	64.2	 665	OK
1279	   0	81.8	62.1	 606	OK
1280	   0	96.1	44.5	 598	OK
1281	   0	92.0	51.7	 617	OK
1282	   0	102.0	39.2	 604	OK
1283	   0	98.4	40.8	 605	OK
1284	   0	100.2	41.3	 641	OK
1285	   0	103.4	36.8	 585	OK
1286	   0	92.4	48.7	 618	OK
1287	   0	102.3	36.5	 605	OK
1288	   0	88.5	53.8	 632	OK
1289	   0	90.6	52.0	 649	OK
1290	   0	89.5	51.7	 639	OK
1291	   0	97.4	42.7	 611	OK
1292	   0	96.4	46.6	 607	OK
1293	   0	92.0	49.4	 612	OK
1294	   0	95.4	44.9	 600	OK
1295	   0	90.3	51.8	 614	OK
1296	   0	94.5	45.7	 610	OK
1297	   0	97.0	46.3	 588	OK
1298	   0	89.8	53.5	 644	OK
1299	   0	100.7	41.5	 594	OK
1300	   0	96.3	44.0	 637	OK
1301	   0	102.6	36.8	 591	OK
1302	   0	95.4	46.3	 642	OK
1303	   0	95.8	46.3	 610	OK
1304	   0	90.3	50.2	 632	OK
1305	   0	96.0	46.2	 604	OK
1306	   0	100.8	39.3	 620	OK
1307	   0	97.2	43.3	 588	OK
1308	   0	86.9	54.9	 644	OK
1309	   0	92.0	48.0	 618	OK
1310	   0	105.7	35.0	 604	OK
1311	   0	102.0	38.7	 593	OK
1312	   0	93.8	48.3	 613	OK
1313	   0	96.6	46.4	 602	OK
1314	   0	101.5	39.2	 611	OK
1315	   0	93.8	48.8	 618	OK
1316	   0	88.2	54.4	 639	OK
1317	   0	95.8	46.5	 606	OK
1318	   0	95.8	44.5	 620	OK
1319	   0	102.5	35.7	 619	OK
1320	   0	90.8	52.6	 632	OK
1321	   0	98.7	40.8	 600	OK
1322	   0	89.5	51.6	 617	OK
1323	   0	104.8	35.4	 603	OK
1324	   0	101.8	37.8	 598	OK
1325	   0	102.6	36.4	 591	OK
1326	   0	97.2	42.6	 630	OK
1327	   0	100.1	39.6	 613	OK
1328	   0	100.8	39.1	 609	OK
1329	   0	94.4	47.6	 611	OK
1330	   0	94.2	46.8	 621	OK
1331	   0	102.6	36.9	 580	OK
1332	   0	93.8	49.0	 641	OK
1333	   0	93.7	47.4	 650	OK
1334	   0	91.1	52.5	 644	OK
1335	   0	91.2	50.0	 621	OK
1336	   0	93.1	46.8	 635	OK
1337	   0	103.4	36.4	 597	OK
1338	   0	100.8	39.1	 587	OK
1339	   0	100.1	39.0	 615	OK
1340	   0	98.0	42.0	 638	OK
1341	   0	96.0	43.8	 597	OK
1342	   0	92.2	48.7	 672	OK
1343	   0	90.3	53.6	 625	OK
1344	   0	91.4	51.5	 639	OK
1345	   0	94.6	45.6	 625	OK
1346	   0	95.5	46.3	 610	OK
1347	   0	94.0	48.6	 604	OK
1348	   0	99.8	39.9	 600	OK
1349	   0	93.6	48.6	 617	OK
1350	   0	101.3	37.5	 626	OK
1351	   0	91.9	51.5	 631	OK
1352	   0	99.1	43.1	 597	OK
1353	   0	88.9	52.8	 636	OK
1354	   0	92.0	50.4	 660	OK
1355	   0	88.5	52.7	 636	OK
1356	   0	101.7	39.2	 598	OK
1357	   0	89.2	53.8	 616	OK
1358	   0	86.8	57.4	 640	OK
1359	   0	96.7	45.2	 612	OK
1360	   0	86.1	57.2	 674	OK
1361	   0	88.6	53.1	 645	OK
1362	   0	96.8	45.3	 614	OK
1363	   0	90.5	52.6	 626	OK
1364	   0	96.3	45.0	 604	OK
1365	   0	88.9	53.9	 640	OK
1366	   0	93.2	48.1	 621	OK
1367	   0	97.8	44.9	 595	OK
1368	   0	98.2	44.1	 628	OK
1369	   0	95.5	46.3	 607	OK
1370	   0	94.7	46.5	 613	OK
1371	   0	91.0	50.4	 626	OK
1372	   0	97.1	43.9	 621	OK
1373	   0	92.9	48.4	 612	OK
1374	   0	87.8	55.3	 639	OK
1375	   0	97.1	42.8	 593	OK
1376	   0	89.3	52.6	 631	OK
1377	   0	86.8	57.6	 615	OK
1378	   0	89.7	54.0	 596	OK
1379	   0	90.7	51.2	 613	OK
1380	   0	91.7	49.8	 626	OK
1381	   0	92.2	48.9	 635	OK
1382	   0	89.8	53.7	 605	OK
1383	   0	90.5	52.1	 622	OK
1384	   0	85.1	57.1	 637	OK
1385	   0	87.6	55.8	 643	OK
1386	   0	96.0	45.7	 597	OK
1387	   0	85.8	57.3	 616	OK
1388	   0	91.5	52.4	 616	OK
1389	   0	100.1	40.5	 594	OK
1390	   0	93.5	47.8	 599	OK
1391	   0	95.1	46.2	 595	OK
1392	   0	90.0	51.7	 607	OK
1393	   0	87.5	53.9	 625	OK
1394	   0	89.0	55.5	 635	OK
1395	   0	90.3	51.8	 622	OK
1396	   0	87.1	56.2	 636	OK
1397	   0	88.5	54.1	 608	OK
1398	   0	92.8	49.4	 620	OK
1399	   0	90.5	52.0	 600	OK
1400	   0	95.4	45.2	 604	OK
1401	   0	91.0	53.3	 602	OK
1402	   0	87.6	56.5	 656	OK
1403	   0	84.4	59.0	 635	OK
1404	   0	98.7	42.5	 600	OK
1405	   0	95.1	46.9	 611	OK
1406	   0	96.1	46.2	 588	OK
1407	   0	95.6	44.4	 589	OK
1408	   0	83.2	61.8	 649	OK
1409	   0	72.5	74.6	 621	OK
1410	   0	79.4	63.4	 651	OK
1411	   0	83.3	58.9	 631	OK
1412	   0	77.6	66.9	 681	OK
1413	   0	81.6	61.8	 639	OK
1414	   0	80.7	63.2	 641	OK
1415	   0	81.1	63.9	 672	OK
1416	   0	72.2	73.4	 699	OK
1417	   0	80.1	62.6	 693	OK
1418	   0	76.3	68.7	 699	OK
1419	   0	80.9	61.9	 654	OK
1420	   0	78.5	64.0	 667	OK
1421	   0	76.0	68.6	 646	OK
1422	   0	77.9	67.4	 662	OK
1423	   0	76.7	66.9	 670	OK
1424	   0	83.9	59.6	 663	OK
1425	   0	76.5	66.3	 683	OK
1426	   0	75.9	69.7	 650	OK
1427	   0	74.7	71.1	 672	OK
1428	   0	79.8	63.8	 648	OK
1429	   0	83.8	59.1	 662	OK
1430	   0	79.6	63.4	 659	OK
1431	   0	84.1	60.9	 642	OK
1432	   0	77.1	68.6	 657	OK
1433	   0	78.2	64.4	 678	OK
1434	   0	76.7	68.9	 654	OK
1435	   0	81.8	60.5	 667	OK
1436	   0	76.9	66.4	 658	OK
1437	   0	78.5	65.7	 660	OK
1438	   0	80.7	61.7	 661	OK
1439	   0	78.6	67.1	 665	OK
1440	   0	84.3	59.4	 636	OK
1441	   0	78.5	66.0	 680	OK
1442	   0	80.6	64.5	 660	OK
1443	   0	82.1	61.4	 652	OK
1444	   0	78.4	66.3	 649	OK
1445	   0	83.6	59.1	 619	OK
1446	   0	82.5	59.8	 640	OK
1447	   0	76.3	66.8	 697	OK
1448	   0	81.7	61.7	 668	OK
1449	   0	80.5	63.5	 690	OK
1450	   0	80.9	64.3	 669	OK
1451	   0	74.7	70.8	 656	OK
1452	   0	76.3	69.3	 685	OK
1453	   0	79.5	64.3	 670	OK
1454	   0	81.0	62.4	 664	OK
1455	   0	78.4	67.0	 671	OK
1456	   0	84.8	59.0	 649	OK
1457	   0	86.8	54.2	 646	OK
1458	   0	78.6	64.2	 666	OK
1459	   0	86.2	56.2	 642	OK
1460	   0	84.0	59.6	 681	OK
1461	   0	75.7	70.1	 688	OK
1462	   0	75.6	70.2	 676	OK
1463	   0	77.2	65.3	 675	OK
1464	   0	81.5	61.6	 671	OK
1465	   0	85.8	57.1	 649	OK
1466	   0	78.6	65.0	 668	OK
1467	   0	71.9	73.6	 691	OK
1468	   0	87.5	54.0	 663	OK
1469	   0	85.1	59.3	 653	OK
1470	   0	85.5	58.2	 657	OK
1471	   0	88.7	52.1	 681	OK
1472	   0	82.7	60.4	 651	OK
1473	   0	78.9	66.2	 685	OK
1474	   0	86.5	53.9	 642	OK
1475	   0	76.9	69.0	 696	OK
1476	   0	87.1	56.4	 653	OK
1477	   0	86.1	55.9	 672	OK
1478	   0	84.3	59.2	 658	OK
1479	   0	78.9	63.9	 663	OK
1480	   0	91.9	50.5	 682	OK
1481	   0	88.0	52.1	 646	OK
1482	   0	83.0	58.4	 668	OK
1483	   0	90.4	51.9	 644	OK
1484	   0	84.9	57.8	 664	OK
1485	   0	88.3	53.0	 629	OK
1486	   0	77.1	66.6	 704	OK
1487	   0	74.7	69.4	 690	OK
1488	   0	85.5	58.1	 665	OK
1489	   0	80.2	62.5	 677	OK
1490	   0	83.1	57.8	 641	OK
1491	   0	76.5	67.5	 681	OK
1492	   0	79.3	64.2	 674	OK
1493	   0	83.4	59.2	 666	OK
1494	   0	78.4	65.4	 672	OK
1495	   0	76.4	67.9	 666	OK
1496	   0	82.6	62.2	 681	OK
1497	   0	82.8	60.8	 657	OK
1498	   0	80.5	62.5	 678	OK
1499	   0	86.0	56.6	 663	OK
1500	   0	76.6	67.6	 666	OK
1501	   0	78.5	65.3	 695	OK
1502	   0	79.7	65.3	 658	OK
1503	   0	79.7	63.4	 676	OK
1504	   0	83.1	60.3	 673	OK
1505	   0	81.8	61.2	 661	OK
1506	   0	78.6	66.4	 672	OK
1507	   0	83.2	58.5	 684	OK
1508	   0	81.9	62.4	 674	OK
1509	   0	80.1	64.1	 659	OK
1510	   0	80.6	61.8	 695	OK
1511	   0	82.2	59.2	 663	OK
1512	   0	83.1	59.6	 672	OK
1513	   0	79.3	64.1	 680	OK
1514	   0	78.9	64.8	 685	OK
1515	   0	79.2	64.4	 642	OK
1516	   0	79.6	65.9	 651	OK
1517	   0	78.3	67.2	 701	OK
1518	   0	83.3	58.5	 661	OK
1519	   0	81.0	61.0	 682	OK
1520	   0	80.3	64.1	 642	OK
1521	   0	79.0	65.8	 697	OK
1522	   0	77.6	64.4	 668	OK
1523	   0	72.2	72.0	 716	OK
1524	   0	82.7	59.1	 672	OK
1525	   0	82.7	59.5	 633	OK
1526	   0	79.7	63.1	 686	OK
1527	   0	86.7	54.7	 643	OK
1528	   0	84.0	58.5	 655	OK
1529	   0	82.0	60.7	 661	OK
1530	   0	81.2	60.6	 672	OK
1531	   0	80.5	61.1	 686	OK
1532	   0	83.1	60.1	 669	OK
1533	   0	74.6	70.0	 670	OK
1534	   0	80.2	64.6	 658	OK
1535	   0	78.2	68.1	 667	OK
1536	   0	84.5	56.5	 605	OK
1537	   0	96.0	46.3	 560	OK
1538	   0	86.4	56.1	 592	OK
1539	   0	86.8	57.0	 581	OK
1540	   0	82.6	61.2	 625	OK
1541	   0	92.1	49.1	 568	OK
1542	   0	99.0	43.6	 566	OK
1543	   0	96.9	44.9	 577	OK
1544	   0	92.7	49.5	 596	OK
1545	   0	90.3	53.6	 609	OK
1546	   0	101.2	41.6	 572	OK
1547	   0	84.2	58.6	 609	OK
1548	   0	93.1	51.0	 570	OK
1549	   0	90.5	53.5	 578	OK
1550	   0	96.8	44.5	 597	OK
1551	   0	91.1	51.2	 578	OK
1552	   0	103.6	35.7	 557	OK
1553	   0	93.6	49.3	 574	OK
1554	   0	87.4	54.1	 616	OK
1555	   0	92.7	49.1	 579	OK
1556	   0	87.2	55.8	 599	OK
1557	   0	89.3	52.8	 598	OK
1558	   0	90.0	53.8	 609	OK
1559	   0	86.9	55.6	 594	OK
1560	   0	94.2	47.9	 595	OK
1561	   0	89.5	52.1	 593	OK
1562	   0	90.1	52.5	 598	OK
1563	   0	96.4	45.2	 566	OK
1564	   0	96.5	46.1	 571	OK
1565	   0	90.1	53.2	 607	OK
1566	   0	91.9	49.0	 593	OK
1567	   0	95.4	47.0	 580	OK
1568	   0	90.0	53.2	 597	OK
1569	   0	86.8	57.9	 627	OK
1570	   0	98.1	43.4	 580	OK
1571	   0	93.0	50.0	 574	OK
1572	   0	87.5	55.6	 602	OK
1573	   0	92.3	49.4	 578	OK
1574	   0	101.4	39.5	 575	OK
1575	   0	87.1	55.7	 592	OK
1576	   0	87.1	56.1	 609	OK
1577	   0	92.1	49.0	 590	OK
1578	   0	97.3	46.0	 585	OK
1579	   0	85.3	58.0	 617	OK
1580	   0	81.0	63.6	 602	OK
1581	   0	90.9	51.1	 609	OK
1582	   0	94.2	49.9	 583	OK
1583	   0	87.1	55.5	 612	OK
1584	   0	91.5	49.4	 616	OK
1585	   0	93.3	48.2	 577	OK
1586	   0	94.4	48.2	 578	OK
1587	   0	91.0	50.6	 592	OK
1588	   0	97.5	43.4	 587	OK
1589	   0	90.0	52.6	 614	OK
1590	   0	92.0	50.2	 612	OK
1591	   0	92.2	50.9	 584	OK
1592	   0	94.1	46.1	 605	OK
1593	   0	90.6	52.0	 599	OK
1594	   0	92.1	49.8	 601	OK
1595	   0	92.3	49.4	 580	OK
1596	   0	93.1	47.6	 612	OK
1597	   0	94.5	47.2	 618	OK
1598	   0	90.7	52.6	 607	OK
1599	   0	92.4	50.5	 598	OK
1600	   0	97.9	44.4	 572	OK
1601	   0	103.5	36.6	 580	OK
1602	   0	90.1	51.4	 621	OK
1603	   0	102.1	37.8	 586	OK
1604	   0	91.7	50.3	 621	OK
1605	   0	93.5	47.7	 630	OK
1606	   0	88.4	53.8	 622	OK
1607	   0	87.8	55.3	 593	OK
1608	   0	98.0	42.9	 648	OK
1609	   0	97.2	44.5	 605	OK
1610	   0	95.2	45.5	 593	OK
1611	   0	98.7	43.2	 564	OK
1612	   0	99.8	41.2	 599	OK
1613	   0	87.1	53.6	 590	OK
1614	   0	92.9	47.6	 605	OK
1615	   0	106.5	32.1	 570	OK
1616	   0	91.3	49.4	 612	OK
1617	   0	81.4	61.5	 613	OK
1618	   0	95.9	46.2	 598	OK
1619	   0	97.5	45.0	 575	OK
1620	   0	97.2	46.0	 577	OK
1621	   0	91.9	49.6	 588	OK
1622	   0	94.9	47.4	 610	OK
1623	   0	94.2	47.2	 581	OK
1624	   0	95.6	47.2	 566	OK
1625	   0	87.6	54.7	 589	OK
1626	   0	89.8	52.9	 613	OK
1627	   0	94.2	47.8	 610	OK
1628	   0	94.2	47.4	 585	OK
1629	   0	84.8	60.0	 601	OK
1630	   0	93.8	47.0	 604	OK
1631	   0	88.9	53.2	 603	OK
1632	   0	91.2	52.2	 587	OK
1633	   0	92.0	49.5	 618	OK
1634	   0	97.7	44.0	 573	OK
1635	   0	86.6	55.9	 593	OK
1636	   0	91.5	49.5	 607	OK
1637	   0	93.5	49.4	 596	OK
1638	   0	95.6	45.9	 601	OK
1639	   0	92.5	50.0	 583	OK
1640	   0	80.9	61.6	 609	OK
1641	   0	90.9	52.5	 601	OK
1642	   0	88.5	54.0	 608	OK
1643	   0	91.8	49.5	 594	OK
1644	   0	92.6	48.5	 588	OK
1645	   0	95.1	46.3	 611	OK
1646	   0	89.3	52.7	 591	OK
1647	   0	93.0	47.7	 572	OK
1648	   0	86.7	56.5	 608	OK
1649	   0	97.7	43.1	 640	OK
1650	   0	99.2	41.0	 563	OK
1651	   0	93.6	47.4	 599	OK
1652	   0	89.5	52.8	 596	OK
1653	   0	90.8	51.9	 594	OK
1654	   0	93.2	49.2	 616	OK
1655	   0	88.4	54.2	 626	OK
1656	   0	96.3	43.6	 572	OK
1657	   0	103.3	38.0	 579	OK
1658	   0	96.3	45.6	 601	OK
1659	   0	85.2	59.6	 618	OK
1660	   0	97.9	42.5	 611	OK
1661	   0	96.8	46.0	 607	OK
1662	   0	88.2	53.9	 616	OK
1663	   0	90.3	52.3	 616	OK
1664	   0	85.3	56.3	 636	OK
1665	   0	85.5	57.2	 632	OK
1666	   0	76.6	68.1	 687	OK
1667	   0	79.2	64.3	 653	OK
1668	   0	86.9	54.2	 637	OK
1669	   0	82.9	62.3	 645	OK
1670	   0	75.2	68.4	 693	OK
1671	   0	83.7	58.5	 646	OK
1672	   0	86.2	56.8	 667	OK
1673	   0	85.8	56.6	 625	OK
1674	   0	83.2	61.3	 689	OK
1675	   0	83.9	58.1	 666	OK
1676	   0	77.9	67.4	 668	OK
1677	   0	82.0	61.4	 659	OK
1678	   0	74.9	68.9	 687	OK
1679	   0	80.8	64.6	 654	OK
1680	   0	85.3	57.8	 659	OK
1681	   0	84.8	57.9	 649	OK
1682	   0	74.2	70.0	 673	OK
1683	   0	81.3	62.7	 668	OK
1684	   0	83.8	59.5	 650	OK
1685	   0	83.9	59.6	 644	OK
1686	   0	82.6	62.7	 636	OK
1687	   0	81.5	61.6	 668	OK
1688	   0	77.7	67.0	 680	OK
1689	   0	85.3	58.4	 653	OK
1690	   0	84.1	57.9	 667	OK
1691	   0	92.6	49.0	 606	OK
1692	   0	86.8	56.6	 666	OK
1693	   0	87.9	53.1	 660	OK
1694	   0	85.8	57.3	 644	OK
1695	   0	92.7	47.2	 623	OK
1696	   0	83.6	60.9	 639	OK
1697	   0	79.7	62.3	 667	OK
1698	   0	90.0	54.6	 628	OK
1699	   0	78.5	67.7	 683	OK
1700	   0	82.8	61.8	 648	OK
1701	   0	83.4	61.3	 654	OK
1702	   0	88.7	53.2	 629	OK
1703	   0	84.6	56.6	 645	OK
1704	   0	80.6	62.6	 676	OK
1705	   0	84.7	57.5	 641	OK
1706	   0	79.8	62.5	 678	OK
1707	   0	82.8	61.9	 656	OK
1708	   0	78.3	65.1	 676	OK
1709	   0	84.0	60.2	 687	OK
1710	   0	88.4	53.4	 639	OK
1711	   0	83.1	59.3	 621	OK
1712	   0	83.0	58.9	 666	OK
1713	   0	85.2	56.2	 641	OK
1714	   0	83.1	59.8	 657	OK
1715	   0	86.2	56.5	 653	OK
1716	   0	80.7	64.7	 677	OK
1717	   0	90.1	52.4	 628	OK
1718	   0	81.1	64.5	 653	OK
1719	   0	85.0	56.6	 667	OK
1720	   0	93.4	46.4	 639	OK
1721	   0	77.1	65.6	 695	OK
1722	   0	80.5	64.7	 690	OK
1723	   0	88.8	53.8	 656	OK
1724	   0	78.1	64.5	 715	OK
1725	   0	92.8	48.9	 622	OK
1726	   0	81.5	63.4	 681	OK
1727	   0	87.8	56.5	 631	OK
1728	   0	81.1	62.3	 704	OK
1729	   0	92.9	48.8	 617	OK
1730	   0	85.1	57.8	 684	OK
1731	   0	84.6	60.4	 638	OK
1732	   0	92.4	49.8	 621	OK
1733	   0	87.1	56.1	 658	OK
1734	   0	83.4	59.9	 657	OK
1735	   0	84.7	58.6	 656	OK
1736	   0	80.5	63.4	 679	OK
1737	   0	80.9	63.5	 666	OK
1738	   0	74.9	70.8	 694	OK
1739	   0	85.6	58.5	 631	OK
1740	   0	82.2	60.3	 677	OK
1741	   0	80.7	64.7	 647	OK
1742	   0	83.7	59.9	 664	OK
1743	   0	76.0	67.0	 668	OK
1744	   0	88.0	56.1	 628	OK
1745	   0	79.3	66.4	 666	OK
1746	   0	81.5	62.6	 668	OK
1747	   0	87.7	56.3	 634	OK
1748	   0	84.1	57.2	 661	OK
1749	   0	76.9	67.7	 665	OK
1750	   0	80.9	61.5	 648	OK
1751	   0	83.4	59.9	 620	OK
1752	   0	89.0	54.3	 679	OK
1753	   0	87.9	53.0	 617	OK
1754	   0	89.2	53.2	 637	OK
1755	   0	83.6	59.2	 646	OK
1756	   0	79.7	65.3	 622	OK
1757	   0	85.4	57.9	 642	OK
1758	   0	85.7	58.4	 635	OK
1759	   0	80.9	63.0	 668	OK
1760	   0	86.6	56.2	 648	OK
1761	   0	77.6	67.0	 666	OK
1762	   0	82.4	60.9	 665	OK
1763	   0	86.6	54.6	 631	OK
1764	   0	83.0	59.2	 653	OK
1765	   0	80.8	61.7	 683	OK
1766	   0	71.1	74.1	 705	OK
1767	   0	76.7	66.1	 655	OK
1768	   0	76.6	67.1	 649	OK
1769	   0	81.6	61.4	 669	OK
1770	   0	81.8	61.8	 696	OK
1771	   0	87.1	54.6	 629	OK
1772	   0	80.3	62.5	 661	OK
1773	   0	78.6	64.1	 644	OK
1774	   0	81.5	64.1	 633	OK
1775	   0	80.9	63.1	 667	OK
1776	   0	85.3	59.7	 627	OK
1777	   0	83.0	60.1	 612	OK
1778	   0	80.1	63.1	 640	OK
1779	   0	85.7	57.8	 646	OK
1780	   0	91.5	52.2	 630	OK
1781	   0	81.0	64.3	 629	OK
1782	   0	80.0	63.0	 667	OK
1783	   0	79.1	65.8	 652	OK
1784	   0	82.4	60.0	 666	OK
1785	   0	82.9	59.1	 658	OK
1786	   0	90.8	51.8	 621	OK
1787	   0	82.4	60.0	 643	OK
1788	   0	81.6	61.2	 645	OK
1789	   0	82.2	60.0	 654	OK
1790	   0	87.0	57.6	 636	OK
1791	   0	78.2	67.8	 663	OK
1792	1000	101.1	38.9	 534	unbonded
1793	1000	93.2	48.8	 540	unbonded
1794	1000	100.7	40.0	 527	unbonded
1795	   0	98.5	43.2	 542	OK
1796	   0	92.0	50.0	 562	OK
1797	1000	102.2	36.2	 521	unbonded
1798	1000	102.4	37.4	 536	unbonded
1799	   0	97.5	44.7	 559	OK
1800	1000	99.4	41.4	 531	unbonded
1801	   0	91.7	50.8	 552	OK
1802	1000	97.9	43.2	 539	unbonded
1803	1000	107.6	31.0	 525	unbonded
1804	   0	103.1	39.3	 545	OK
1805	   0	97.4	46.5	 541	OK
1806	   0	92.0	50.6	 568	OK
1807	1000	98.2	44.8	 532	unbonded
1808	1000	95.1	46.7	 533	unbonded
1809	1000	96.6	46.9	 520	unbonded
1810	1000	101.4	39.8	 528	unbonded
1811	1000	100.3	40.7	 525	unbonded
1812	1000	104.0	37.3	 537	unbonded
1813	   0	87.9	55.7	 555	OK
1814	   0	99.8	40.3	 542	OK
1815	1000	94.9	47.1	 531	unbonded
1816	1000	101.5	39.3	 538	unbonded
1817	1000	103.7	36.3	 515	unbonded
1818	1000	104.1	36.9	 530	unbonded
1819	1000	108.4	31.3	 508	unbonded
1820	   0	96.4	47.0	 546	OK
1821	   0	97.5	43.5	 548	OK
1822	1000	103.1	37.9	 539	unbonded
1823	1000	96.5	45.1	 525	unbonded
1824	   0	99.5	40.4	 544	OK
1825	1000	106.0	35.1	 522	unbonded
1826	1000	106.3	32.9	 527	unbonded
1827	   0	99.7	43.8	 547	OK
1828	   0	94.3	47.9	 577	OK
1829	1000	108.9	31.9	 498	unbonded
1830	   0	91.1	50.6	 559	OK
1831	   0	95.6	44.6	 542	OK
1832	   0	99.4	40.6	 552	OK
1833	1000	100.7	41.4	 538	unbonded
1834	   0	103.8	36.6	 545	OK
1835	   0	100.0	41.8	 548	OK
1836	1000	102.4	39.2	 532	unbonded
1837	1000	101.5	39.6	 521	unbonded
1838	   0	103.9	37.2	 549	OK
1839	1000	98.8	40.5	 531	unbonded
1840	8000	101.3	40.0	 540	partbonded
1841	1000	105.5	34.5	 521	unbonded
1842	1000	99.6	41.7	 525	unbonded
1843	1000	102.8	37.4	 538	unbonded
1844	1000	102.4	38.4	 533	unbonded
1845	1000	103.4	37.2	 525	unbonded
1846	1000	105.4	34.7	 534	unbonded
1847	8000	101.0	40.3	 541	partbonded
1848	1000	98.9	42.7	 536	unbonded
1849	1000	100.5	41.6	 539	unbonded
1850	1000	103.5	36.3	 520	unbonded
1851	1000	110.3	30.1	 530	unbonded
1852	1000	109.1	29.5	 525	unbonded
1853	1000	107.0	31.3	 536	unbonded
1854	1000	107.1	32.0	 526	unbonded
1855	1000	110.3	27.2	 524	unbonded
1856	1000	113.1	26.1	 514	unbonded
1857	   0	103.0	35.5	 549	OK
1858	1000	108.3	33.5	 539	unbonded
1859	1000	103.5	37.0	 539	unbonded
1860	1000	102.8	38.7	 531	unbonded
1861	1000	100.1	39.8	 530	unbonded
1862	1000	105.7	34.8	 536	unbonded
1863	   0	100.3	38.8	 558	OK
1864	   0	95.2	48.1	 561	OK
1865	1000	99.6	41.2	 537	unbonded
1866	   0	100.4	41.7	 545	OK
1867	1000	96.0	46.4	 535	unbonded
1868	   0	94.3	47.3	 545	OK
1869	   0	98.6	42.6	 542	OK
1870	1000	105.3	35.8	 529	unbonded
1871	1000	104.9	36.0	 524	unbonded
1872	   0	100.4	41.9	 560	OK
1873	1000	107.5	31.7	 530	unbonded
1874	1000	99.2	41.5	 519	unbonded
1875	1000	109.1	31.4	 537	unbonded
1876	   0	92.3	47.7	 592	OK
1877	1000	106.8	34.4	 538	unbonded
1878	   0	101.1	39.4	 544	OK
1879	1000	101.3	38.0	 538	unbonded
1880	   0	95.4	46.5	 562	OK
1881	1000	100.5	41.5	 536	unbonded
1882	   0	97.5	45.4	 543	OK
1883	   0	101.3	38.1	 550	OK
1884	1000	100.7	38.9	 536	unbonded
1885	1000	103.2	39.4	 534	unbonded
1886	1000	101.2	41.1	 517	unbonded
1887	   0	104.3	35.2	 544	OK
1888	1000	102.3	37.8	 530	unbonded
1889	   0	98.8	42.3	 549	OK
1890	1000	100.9	39.2	 535	unbonded
1891	   0	95.8	45.0	 552	OK
1892	   0	96.6	44.5	 543	OK
1893	1000	100.9	39.7	 538	unbonded
1894	1000	96.2	44.9	 539	unbonded
1895	1000	106.6	34.5	 517	unbonded
1896	   0	92.9	47.8	 561	OK
1897	8000	104.5	35.2	 540	partbonded
1898	1000	98.7	44.3	 540	unbonded
1899	   0	104.7	37.8	 551	OK
1900	   0	93.6	48.8	 545	OK
1901	1000	113.8	25.7	 507	unbonded
1902	1000	100.3	41.3	 539	unbonded
1903	   0	94.9	47.4	 570	OK
1904	   0	94.4	45.7	 553	OK
1905	   0	95.6	48.3	 546	OK
1906	   0	94.6	48.6	 553	OK
1907	1000	105.9	34.6	 521	unbonded
1908	1000	97.5	43.5	 529	unbonded
1909	1000	98.0	43.1	 534	unbonded
1910	1000	108.2	32.5	 506	unbonded
1911	1000	107.7	31.1	 497	unbonded
1912	1000	96.7	44.6	 532	unbonded
1913	   0	89.5	53.8	 574	OK
1914	   0	94.9	46.3	 555	OK
1915	8000	98.6	42.4	 541	partbonded
1916	   0	100.2	41.1	 552	OK
1917	1000	102.0	39.2	 527	unbonded
1918	   0	95.8	44.4	 552	OK
1919	1000	103.1	37.4	 505	unbonded
1920	   0	88.5	54.5	 589	OK
1921	   0	95.3	47.2	 575	OK
1922	   0	93.9	49.4	 587	OK
1923	   0	85.1	59.4	 598	OK
1924	   0	81.6	61.6	 616	OK
1925	   0	86.3	57.3	 601	OK
1926	   0	88.7	53.5	 599	OK
1927	   0	88.8	52.2	 569	OK
1928	   0	87.0	56.5	 605	OK
1929	   0	85.9	57.3	 606	OK
1930	   0	98.5	42.7	 566	OK
1931	   0	88.1	54.4	 587	OK
1932	   0	87.0	54.7	 659	OK
1933	   0	86.9	57.5	 613	OK
1934	   0	91.7	49.2	 566	OK
1935	   0	76.3	68.4	 625	OK
1936	   0	93.4	47.9	 596	OK
1937	   0	92.6	50.6	 592	OK
1938	   0	91.3	51.5	 564	OK
1939	   0	86.7	56.7	 616	OK
1940	   0	82.0	61.2	 636	OK
1941	   0	93.6	48.8	 573	OK
1942	   0	93.4	47.7	 567	OK
1943	   0	89.6	54.0	 585	OK
1944	   0	86.9	54.1	 604	OK
1945	   0	95.5	46.9	 564	OK
1946	   0	91.1	52.5	 595	OK
1947	   0	95.6	46.8	 581	OK
1948	   0	86.4	55.6	 615	OK
1949	   0	90.4	53.6	 595	OK
1950	   0	91.0	49.7	 599	OK
1951	   0	88.1	55.9	 596	OK
1952	   0	86.2	55.7	 608	OK
1953	   0	89.7	54.1	 600	OK
1954	   0	90.3	50.6	 604	OK
1955	   0	95.5	43.5	 592	OK
1956	   0	86.4	58.1	 595	OK
1957	   0	85.5	58.7	 600	OK
1958	   0	89.4	53.0	 575	OK
1959	   0	85.7	57.3	 604	OK
1960	   0	89.1	54.3	 602	OK
1961	   0	86.0	58.3	 609	OK
1962	   0	87.1	55.1	 596	OK
1963	   0	97.1	44.3	 565	OK
1964	   0	89.3	52.0	 607	OK
1965	   0	91.1	50.6	 579	OK
1966	   0	88.4	54.6	 608	OK
1967	   0	86.3	55.8	 624	OK
1968	   0	90.7	53.6	 605	OK
1969	   0	92.5	48.8	 574	OK
1970	   0	94.2	47.6	 584	OK
1971	   0	83.9	58.3	 595	OK
1972	   0	85.0	58.6	 605	OK
1973	   0	91.0	51.8	 601	OK
1974	   0	92.3	49.2	 588	OK
1975	   0	80.9	62.1	 626	OK
1976	   0	95.4	46.3	 571	OK
1977	   0	94.9	46.2	 585	OK
1978	   0	90.2	50.9	 595	OK
1979	   0	92.5	47.8	 595	OK
1980	   0	93.3	48.5	 588	OK
1981	   0	93.8	47.8	 603	OK
1982	   0	92.4	49.3	 594	OK
1983	   0	85.2	57.9	 606	OK
1984	   0	91.0	51.9	 614	OK
1985	   0	87.7	56.3	 627	OK
1986	   0	91.4	52.0	 618	OK
1987	   0	91.3	48.8	 583	OK
1988	   0	90.4	51.4	 596	OK
1989	   0	97.7	45.7	 584	OK
1990	   0	93.9	47.9	 593	OK
1991	   0	92.6	49.5	 572	OK
1992	   0	91.4	52.1	 594	OK
1993	   0	86.7	58.6	 597	OK
1994	   0	95.8	44.3	 571	OK
1995	   0	92.8	48.7	 588	OK
1996	   0	85.2	58.1	 602	OK
1997	   0	88.3	56.0	 605	OK
1998	4000	83.4	61.9	 782	high noise
1999	   0	83.6	60.8	 609	OK
2000	   0	90.0	51.1	 588	OK
2001	   0	85.8	58.4	 637	OK
2002	4000	84.8	56.8	 752	high noise
2003	   0	84.2	57.8	 601	OK
2004	   0	91.5	52.9	 565	OK
2005	   0	88.6	55.5	 574	OK
2006	   0	84.3	59.7	 610	OK
2007	   0	101.6	37.8	 593	OK
2008	   0	89.5	54.2	 574	OK
2009	   0	89.1	55.3	 605	OK
2010	   0	83.4	60.5	 608	OK
2011	   0	93.0	47.7	 585	OK
2012	   0	85.8	57.2	 603	OK
2013	   0	83.1	60.6	 617	OK
2014	   0	86.3	56.4	 606	OK
2015	   0	77.4	66.9	 617	OK
2016	   0	82.6	58.8	 641	OK
2017	   0	80.7	63.0	 612	OK
2018	   0	89.5	51.2	 585	OK
2019	   0	93.6	49.0	 555	OK
2020	   0	90.1	53.2	 608	OK
2021	   0	86.7	57.4	 590	OK
2022	   0	88.3	55.8	 599	OK
2023	   0	93.7	47.6	 549	OK
2024	   0	89.1	52.1	 589	OK
2025	   0	87.9	52.8	 598	OK
2026	   0	84.4	57.8	 607	OK
2027	   0	80.0	63.6	 630	OK
2028	   0	94.8	47.0	 573	OK
2029	   0	95.2	46.3	 570	OK
2030	   0	88.6	54.7	 597	OK
2031	   0	83.4	59.3	 612	OK
2032	   0	82.5	62.3	 631	OK
2033	   0	81.0	62.5	 626	OK
2034	   0	91.7	49.4	 589	OK
2035	   0	85.9	58.2	 586	OK
2036	   0	89.3	53.2	 583	OK
2037	   0	86.0	58.0	 602	OK
2038	   0	86.8	56.2	 614	OK
2039	   0	85.8	57.1	 601	OK
2040	   0	83.9	60.7	 609	OK
2041	   0	88.3	55.5	 600	OK
2042	   0	90.6	51.1	 594	OK
2043	   0	88.8	55.2	 600	OK
2044	   0	98.6	43.2	 566	OK
2045	   0	89.8	54.8	 603	OK
2046	   0	82.9	59.8	 611	OK
2047	   0	80.9	61.7	 597	OK
2048	   0	85.3	55.6	 631	OK
2049	   0	88.0	56.1	 637	OK
2050	   0	80.8	62.1	 659	OK
2051	   0	87.7	56.6	 622	OK
2052	   0	83.5	59.2	 638	OK
2053	   0	87.8	55.0	 640	OK
2054	   0	88.9	53.7	 629	OK
2055	   0	94.0	47.9	 599	OK
2056	   0	88.9	51.7	 647	OK
2057	   0	85.8	60.2	 650	OK
2058	   0	79.1	63.6	 692	OK
2059	   0	91.9	50.7	 617	OK
2060	   0	89.7	51.3	 644	OK
2061	   0	88.4	53.5	 612	OK
2062	   0	85.9	58.5	 641	OK
2063	   0	87.5	56.2	 640	OK
2064	   0	90.6	50.9	 619	OK
2065	   0	89.0	53.3	 629	OK
2066	   0	91.1	50.4	 627	OK
2067	   0	86.8	57.9	 627	OK
2068	   0	86.6	55.6	 645	OK
2069	   0	85.2	56.7	 636	OK
2070	   0	88.4	53.1	 640	OK
2071	   0	85.9	59.0	 652	OK
2072	   0	89.3	55.4	 611	OK
2073	   0	84.0	60.8	 648	OK
2074	   0	89.4	51.1	 637	OK
2075	   0	88.4	53.7	 640	OK
2076	   0	90.9	50.4	 640	OK
2077	   0	91.5	51.0	 635	OK
2078	   0	79.8	66.5	 654	OK
2079	   0	84.6	61.2	 631	OK
2080	   0	85.3	57.8	 625	OK
2081	   0	79.9	62.2	 695	OK
2082	   0	84.1	59.0	 659	OK
2083	   0	94.0	47.7	 621	OK
2084	   0	83.5	61.2	 670	OK
2085	   0	86.6	55.5	 672	OK
2086	   0	82.1	62.8	 643	OK
2087	   0	81.3	64.3	 662	OK
2088	   0	90.4	49.9	 638	OK
2089	   0	82.0	60.4	 663	OK
2090	   0	85.5	59.6	 634	OK
2091	   0	79.0	65.0	 687	OK
2092	   0	87.2	56.2	 636	OK
2093	   0	87.3	56.5	 634	OK
2094	   0	95.1	45.4	 634	OK
2095	   0	86.0	55.5	 645	OK
2096	   0	82.8	61.1	 666	OK
2097	   0	88.6	52.2	 651	OK
2098	   0	90.9	50.9	 628	OK
2099	   0	88.9	54.8	 684	OK
2100	   0	88.7	53.5	 628	OK
2101	   0	86.5	55.9	 637	OK
2102	   0	86.8	57.0	 671	OK
2103	   0	80.5	65.3	 650	OK
2104	   0	91.4	49.0	 622	OK
2105	   0	86.7	57.3	 636	OK
2106	   0	92.5	49.0	 627	OK
2107	   0	84.8	59.5	 652	OK
2108	   0	89.1	55.0	 668	OK
2109	   0	90.6	52.6	 671	OK
2110	   0	95.6	47.2	 621	OK
2111	   0	86.8	56.0	 633	OK
2112	   0	85.0	59.6	 661	OK
2113	   0	93.8	46.6	 664	OK
2114	   0	86.4	59.1	 655	OK
2115	   0	80.5	62.9	 656	OK
2116	   0	87.7	53.7	 634	OK
2117	   0	83.4	60.4	 660	OK
2118	   0	84.0	60.6	 648	OK
2119	   0	90.5	52.8	 615	OK
2120	   0	88.2	53.2	 629	OK
2121	   0	77.1	67.1	 687	OK
2122	   0	82.8	59.8	 651	OK
2123	   0	88.9	54.5	 626	OK
2124	   0	94.8	46.6	 623	OK
2125	   0	85.1	58.9	 628	OK
2126	   0	93.8	49.0	 609	OK
2127	   0	84.9	60.2	 634	OK
2128	   0	85.9	58.0	 640	OK
2129	   0	84.9	57.6	 649	OK
2130	   0	88.6	54.6	 602	OK
2131	   0	88.0	55.5	 633	OK
2132	   0	84.9	59.7	 642	OK
2133	   0	80.4	65.2	 676	OK
2134	   0	87.5	57.1	 620	OK
2135	   0	80.3	62.8	 649	OK
2136	   0	85.7	56.3	 617	OK
2137	   0	86.3	56.4	 622	OK
2138	   0	92.1	48.6	 636	OK
2139	   0	85.7	58.2	 656	OK
2140	   0	84.6	58.5	 660	OK
2141	   0	81.0	63.2	 642	OK
2142	   0	84.2	59.6	 637	OK
2143	   0	87.4	54.9	 638	OK
2144	   0	81.0	61.7	 633	OK
2145	   0	87.9	55.0	 651	OK
2146	   0	88.0	55.1	 604	OK
2147	   0	85.8	56.7	 637	OK
2148	   0	85.9	58.0	 632	OK
2149	   0	85.4	58.4	 611	OK
2150	   0	84.4	57.6	 647	OK
2151	   0	86.7	57.3	 645	OK
2152	   0	91.0	49.3	 623	OK
2153	   0	79.8	65.4	 644	OK
2154	   0	86.7	57.2	 643	OK
2155	   0	83.8	58.5	 641	OK
2156	   0	78.8	66.3	 678	OK
2157	   0	84.4	60.7	 633	OK
2158	   0	88.3	57.2	 642	OK
2159	   0	78.8	66.9	 669	OK
2160	   0	81.1	63.8	 635	OK
2161	   0	85.3	59.4	 628	OK
2162	   0	84.4	59.7	 646	OK
2163	   0	83.7	60.1	 638	OK
2164	   0	86.3	56.7	 617	OK
2165	   0	82.1	63.4	 663	OK
2166	   0	91.4	49.5	 634	OK
2167	   0	83.2	59.4	 639	OK
2168	   0	89.1	55.6	 615	OK
2169	   0	87.1	56.9	 629	OK
2170	   0	86.1	56.3	 652	OK
2171	   0	86.7	55.4	 621	OK
2172	   0	85.9	58.0	 692	OK
2173	   0	83.9	58.7	 652	OK
2174	   0	80.7	65.3	 643	OK
2175	   0	91.7	50.6	 628	OK
2176	   0	81.0	62.5	 672	OK
2177	   0	83.9	59.5	 640	OK
2178	   0	84.2	59.1	 689	OK
2179	   0	84.4	58.8	 642	OK
2180	   0	84.0	59.1	 669	OK
2181	   0	79.8	65.0	 686	OK
2182	1101	0.0	0.0	   0	dead
2183	   0	89.4	52.9	 638	OK
2184	   0	82.4	60.7	 684	OK
2185	   0	77.3	68.7	 664	OK
2186	   0	81.7	61.1	 688	OK
2187	   0	80.1	66.0	 678	OK
2188	   0	83.8	60.9	 685	OK
2189	1101	0.0	0.0	   0	dead
2190	   0	75.0	68.6	 712	OK
2191	   0	81.8	62.4	 655	OK
2192	   0	81.5	62.8	 702	OK
2193	   0	80.0	64.0	 704	OK
2194	   0	84.5	60.1	 660	OK
2195	   0	87.4	54.7	 681	OK
2196	   0	83.4	59.7	 686	OK
2197	   0	84.4	59.1	 642	OK
2198	   0	80.2	62.7	 686	OK
2199	   0	87.4	55.9	 641	OK
2200	   0	82.7	62.3	 662	OK
2201	   0	85.9	57.0	 660	OK
2202	   0	78.8	64.4	 686	OK
2203	   0	78.1	66.4	 677	OK
2204	   0	74.8	72.8	 692	OK
2205	   0	77.1	65.1	 724	OK
2206	   0	77.0	66.6	 692	OK
2207	   0	82.7	61.4	 655	OK
2208	   0	79.4	64.9	 669	OK
2209	   0	78.2	66.6	 683	OK
2210	   0	78.5	66.6	 692	OK
2211	   0	80.3	62.3	 680	OK
2212	   0	84.4	60.7	 698	OK
2213	   0	82.0	60.7	 685	OK
2214	   0	84.8	60.7	 670	OK
2215	   0	79.8	63.6	 686	OK
2216	   0	79.3	65.5	 702	OK
2217	   0	79.4	65.8	 694	OK
2218	   0	84.6	60.3	 691	OK
2219	   0	83.4	60.4	 708	OK
2220	   0	78.8	65.4	 703	OK
2221	   0	85.7	55.2	 655	OK
2222	   0	82.0	60.7	 707	OK
2223	   0	81.7	61.8	 675	OK
2224	   0	80.6	63.0	 688	OK
2225	   0	77.6	67.1	 700	OK
2226	   0	78.9	67.0	 703	OK
2227	   0	86.6	56.4	 682	OK
2228	   0	74.9	71.9	 719	OK
2229	   0	91.6	49.1	 658	OK
2230	   0	77.1	67.1	 707	OK
2231	   0	79.9	62.9	 668	OK
2232	   0	78.7	65.1	 717	OK
2233	   0	85.6	55.6	 671	OK
2234	   0	83.4	61.7	 700	OK
2235	   0	81.7	62.4	 699	OK
2236	   0	84.4	58.2	 679	OK
2237	   0	83.1	60.9	 686	OK
2238	   0	84.7	57.4	 673	OK
2239	   0	82.4	62.9	 688	OK
2240	   0	82.8	61.2	 698	OK
2241	   0	70.5	77.0	 720	OK
2242	   0	81.9	60.9	 676	OK
2243	   0	82.4	60.0	 666	OK
2244	   0	85.5	55.2	 652	OK
2245	   0	76.1	70.4	 680	OK
2246	   0	82.9	62.6	 700	OK
2247	   0	79.3	64.9	 657	OK
2248	   0	70.4	75.5	 716	OK
2249	   0	81.5	62.2	 701	OK
2250	   0	84.9	59.0	 648	OK
2251	   0	77.3	66.9	 678	OK
2252	   0	77.7	68.0	 697	OK
2253	   0	80.3	63.2	 703	OK
2254	   0	81.4	61.8	 700	OK
2255	   0	75.8	69.2	 673	OK
2256	   0	79.3	66.6	 691	OK
2257	   0	72.4	73.5	 690	OK
2258	   0	79.6	65.5	 699	OK
2259	   0	78.4	67.2	 685	OK
2260	   0	86.0	57.7	 658	OK
2261	   0	82.1	60.7	 693	OK
2262	   0	81.7	61.4	 677	OK
2263	   0	77.2	66.5	 703	OK
2264	   0	69.8	75.7	 712	OK
2265	   0	84.2	57.6	 646	OK
2266	   0	79.0	62.8	 674	OK
2267	   0	86.9	56.8	 622	OK
2268	   0	84.1	61.4	 652	OK
2269	   0	80.3	64.6	 711	OK
2270	   0	78.7	63.9	 701	OK
2271	   0	74.4	71.6	 706	OK
2272	   0	82.2	62.0	 653	OK
2273	   0	84.3	58.9	 671	OK
2274	   0	71.3	72.0	 729	OK
2275	   0	72.6	71.5	 703	OK
2276	   0	75.7	70.1	 703	OK
2277	   0	77.1	67.9	 693	OK
2278	   0	83.1	62.0	 647	OK
2279	   0	81.9	62.3	 673	OK
2280	   0	73.2	70.5	 694	OK
2281	   0	80.2	64.0	 660	OK
2282	   0	75.2	68.7	 676	OK
2283	   0	78.3	65.8	 682	OK
2284	   0	72.1	73.2	 705	OK
2285	   0	76.4	68.3	 714	OK
2286	   0	76.4	69.4	 706	OK
2287	   0	83.4	61.8	 652	OK
2288	   0	77.3	68.2	 660	OK
2289	   0	78.5	65.4	 681	OK
2290	   0	79.3	64.3	 669	OK
2291	   0	79.1	65.5	 674	OK
2292	   0	80.2	63.0	 666	OK
2293	   0	81.9	61.4	 656	OK
2294	   0	72.8	72.6	 701	OK
2295	   0	75.6	70.7	 681	OK
2296	   0	79.8	65.1	 672	OK
2297	   0	76.7	67.1	 678	OK
2298	   0	85.3	55.6	 644	OK
2299	   0	82.4	62.5	 658	OK
2300	   0	81.1	63.7	 667	OK
2301	   0	81.7	62.5	 671	OK
2302	   0	81.1	63.0	 664	OK
2303	   0	65.9	80.9	 744	OK
2304	   0	83.8	61.0	 647	OK
2305	   0	82.0	60.2	 616	OK
2306	   0	79.9	64.1	 610	OK
2307	   0	85.0	59.6	 602	OK
2308	   0	84.4	60.0	 619	OK
2309	   0	77.8	65.4	 633	OK
2310	   0	90.5	51.3	 601	OK
2311	   0	85.0	59.2	 604	OK
2312	   0	90.2	51.9	 589	OK
2313	   0	86.0	58.0	 616	OK
2314	   0	86.3	56.8	 634	OK
2315	   0	79.2	64.0	 622	OK
2316	   0	86.9	55.5	 629	OK
2317	   0	83.6	60.4	 586	OK
2318	   0	91.4	50.9	 608	OK
2319	   0	84.6	57.8	 623	OK
2320	   0	82.6	60.5	 624	OK
2321	   0	83.0	60.5	 619	OK
2322	   0	87.4	56.8	 603	OK
2323	   0	81.5	61.5	 621	OK
2324	   0	85.2	57.0	 595	OK
2325	   0	74.9	68.2	 640	OK
2326	   0	91.9	48.7	 597	OK
2327	   0	82.8	60.7	 639	OK
2328	   0	87.5	54.8	 620	OK
2329	   0	88.8	53.3	 594	OK
2330	   0	80.1	65.6	 613	OK
2331	   0	87.0	55.1	 604	OK
2332	   0	90.3	50.5	 604	OK
2333	   0	90.0	53.8	 651	OK
2334	   0	84.6	59.1	 612	OK
2335	   0	83.8	58.5	 618	OK
2336	   0	84.7	58.9	 618	OK
2337	   0	90.5	50.6	 635	OK
2338	   0	89.8	54.1	 597	OK
2339	   0	86.7	56.3	 583	OK
2340	   0	86.5	58.7	 614	OK
2341	   0	83.8	61.0	 612	OK
2342	   0	80.4	66.0	 645	OK
2343	   0	86.8	54.9	 620	OK
2344	   0	85.6	56.1	 630	OK
2345	   0	85.3	56.2	 620	OK
2346	   0	85.1	59.9	 620	OK
2347	   0	86.1	56.1	 610	OK
2348	   0	87.7	56.6	 620	OK
2349	   0	87.9	55.3	 604	OK
2350	   0	85.2	56.8	 636	OK
2351	   0	84.8	57.1	 608	OK
2352	   0	83.1	61.9	 673	OK
2353	   0	87.9	54.1	 617	OK
2354	   0	88.4	52.7	 622	OK
2355	   0	86.5	56.9	 643	OK
2356	   0	78.7	65.8	 646	OK
2357	   0	87.7	55.3	 600	OK
2358	   0	78.4	66.2	 639	OK
2359	   0	93.5	49.2	 612	OK
2360	   0	76.8	66.7	 645	OK
2361	   0	83.8	61.4	 632	OK
2362	   0	92.0	48.8	 615	OK
2363	   0	80.8	64.1	 625	OK
2364	   0	89.0	54.3	 609	OK
2365	   0	96.5	45.2	 626	OK
2366	   0	92.2	48.9	 607	OK
2367	   0	88.9	53.3	 623	OK
2368	   0	91.2	51.6	 608	OK
2369	   0	87.6	54.5	 611	OK
2370	   0	98.7	40.7	 598	OK
2371	   0	83.1	60.8	 629	OK
2372	   0	84.4	58.2	 630	OK
2373	   0	93.3	47.9	 593	OK
2374	   0	87.4	53.3	 614	OK
2375	   0	87.9	54.5	 616	OK
2376	   0	95.1	45.6	 603	OK
2377	   0	80.5	62.5	 655	OK
2378	   0	86.1	57.3	 648	OK
2379	   0	91.7	48.7	 605	OK
2380	   0	90.5	51.5	 625	OK
2381	   0	95.3	47.7	 614	OK
2382	   0	86.1	54.8	 639	OK
2383	   0	87.1	55.0	 638	OK
2384	   0	100.8	41.4	 607	OK
2385	   0	85.9	58.1	 646	OK
2386	   0	84.2	59.7	 648	OK
2387	   0	90.8	49.5	 623	OK
2388	   0	86.0	55.7	 612	OK
2389	   0	92.6	50.0	 604	OK
2390	   0	91.6	51.7	 622	OK
2391	   0	91.4	51.7	 611	OK
2392	   0	81.7	61.9	 646	OK
2393	   0	84.7	60.0	 636	OK
2394	   0	90.7	52.8	 615	OK
2395	   0	91.8	50.6	 619	OK
2396	   0	84.6	57.7	 644	OK
2397	   0	91.3	50.4	 615	OK
2398	   0	92.3	49.1	 600	OK
2399	   0	87.7	53.9	 612	OK
2400	   0	88.9	54.4	 623	OK
2401	   0	83.3	61.8	 622	OK
2402	   0	93.8	48.6	 632	OK
2403	   0	87.5	53.7	 607	OK
2404	   0	87.0	56.8	 627	OK
2405	   0	89.4	53.2	 596	OK
2406	   0	86.9	56.2	 624	OK
2407	   0	87.5	55.7	 614	OK
2408	   0	95.8	45.3	 600	OK
2409	   0	85.8	58.6	 624	OK
2410	   0	91.4	51.9	 612	OK
2411	   0	89.7	55.2	 607	OK
2412	   0	92.0	51.1	 610	OK
2413	   0	83.1	61.2	 634	OK
2414	   0	92.7	50.1	 605	OK
2415	   0	93.2	50.0	 609	OK
2416	   0	89.0	54.3	 611	OK
2417	   0	88.5	54.0	 614	OK
2418	   0	90.2	53.7	 616	OK
2419	   0	88.7	52.0	 600	OK
2420	   0	89.9	52.4	 627	OK
2421	   0	87.2	56.9	 638	OK
2422	   0	85.6	57.2	 627	OK
2423	   0	91.0	52.1	 599	OK
2424	   0	96.1	44.8	 601	OK
2425	   0	86.6	53.8	 621	OK
2426	   0	87.9	53.3	 633	OK
2427	   0	85.9	56.6	 653	OK
2428	   0	91.6	49.6	 584	OK
2429	   0	91.7	49.6	 611	OK
2430	   0	90.5	52.6	 624	OK
2431	   0	81.2	60.8	 617	OK
2432	   0	75.8	67.5	 671	OK
2433	   0	87.3	54.9	 641	OK
2434	   0	85.3	56.9	 640	OK
2435	   0	80.5	63.3	 631	OK
2436	   0	80.5	62.2	 680	OK
2437	   0	79.2	65.9	 647	OK
2438	   0	84.9	59.0	 620	OK
2439	   0	88.4	54.7	 634	OK
2440	   0	88.8	53.8	 693	OK
2441	   0	75.2	70.9	 692	OK
2442	   0	84.0	58.2	 658	OK
2443	   0	75.6	67.4	 655	OK
2444	   0	86.4	55.6	 642	OK
2445	   0	82.0	60.9	 634	OK
2446	   0	85.5	58.1	 616	OK
2447	   0	93.6	47.1	 623	OK
2448	   0	91.1	52.1	 611	OK
2449	   0	81.5	61.7	 642	OK
2450	   0	78.1	65.2	 653	OK
2451	   0	84.1	59.0	 731	OK
2452	   0	82.9	61.7	 636	OK
2453	   0	79.6	65.9	 665	OK
2454	   0	79.2	66.7	 659	OK
2455	   0	90.9	50.9	 612	OK
2456	   0	83.3	59.0	 627	OK
2457	   0	76.5	69.2	 682	OK
2458	   0	90.2	52.4	 645	OK
2459	   0	83.9	60.9	 667	OK
2460	   0	79.4	65.7	 646	OK
2461	   0	87.8	55.2	 662	OK
2462	   0	83.8	59.4	 662	OK
2463	   0	87.7	55.2	 658	OK
2464	   0	93.3	48.5	 620	OK
2465	   0	81.4	61.6	 641	OK
2466	   0	87.2	56.2	 621	OK
2467	   0	84.9	58.3	 628	OK
2468	   0	91.8	50.8	 647	OK
2469	   0	86.6	56.6	 676	OK
2470	   0	81.8	63.5	 637	OK
2471	   0	83.4	60.1	 657	OK
2472	   0	88.5	52.5	 652	OK
2473	   0	78.3	66.5	 646	OK
2474	   0	84.4	57.2	 662	OK
2475	   0	83.3	60.0	 640	OK
2476	   0	85.3	57.0	 645	OK
2477	   0	83.8	61.1	 655	OK
2478	   0	84.3	59.6	 662	OK
2479	   0	83.4	61.4	 627	OK
2480	   0	87.1	58.3	 630	OK
2481	   0	79.9	63.4	 651	OK
2482	   0	90.0	54.1	 647	OK
2483	   0	91.3	49.8	 625	OK
2484	   0	81.9	62.3	 673	OK
2485	   0	82.6	59.8	 678	OK
2486	   0	88.1	54.0	 651	OK
2487	   0	83.8	58.6	 670	OK
2488	   0	86.5	55.1	 634	OK
2489	   0	80.2	62.4	 645	OK
2490	   0	84.1	61.4	 650	OK
2491	   0	91.4	51.2	 632	OK
2492	   0	80.6	63.6	 665	OK
2493	   0	83.6	59.8	 694	OK
2494	   0	82.2	62.2	 653	OK
2495	   0	87.6	55.8	 640	OK
2496	   0	82.8	61.9	 643	OK
2497	   0	79.4	63.5	 673	OK
2498	   0	80.4	62.4	 699	OK
2499	   0	90.1	52.6	 649	OK
2500	   0	81.3	62.7	 667	OK
2501	   0	85.4	59.3	 625	OK
2502	   0	87.3	56.9	 628	OK
2503	   0	81.2	63.3	 673	OK
2504	   0	79.0	65.8	 657	OK
2505	   0	74.0	71.5	 666	OK
2506	   0	77.9	68.0	 679	OK
2507	   0	88.8	54.0	 625	OK
2508	   0	81.3	62.6	 662	OK
2509	   0	86.7	57.1	 638	OK
2510	   0	75.7	69.3	 671	OK
2511	   0	77.7	66.2	 676	OK
2512	   0	76.2	67.5	 680	OK
2513	   0	80.4	65.5	 636	OK
2514	   0	81.4	61.7	 649	OK
2515	   0	77.4	66.5	 647	OK
2516	   0	81.1	62.8	 656	OK
2517	   0	71.9	74.0	 725	OK
2518	   0	82.0	60.5	 646	OK
2519	   0	84.3	58.0	 643	OK
2520	   0	86.6	57.1	 662	OK
2521	   0	80.8	64.6	 641	OK
2522	   0	86.9	56.2	 623	OK
2523	   0	75.5	70.5	 644	OK
2524	   0	81.4	63.5	 642	OK
2525	   0	84.5	57.8	 655	OK
2526	   0	74.5	72.6	 670	OK
2527	   0	81.0	62.8	 669	OK
2528	   0	78.5	65.8	 644	OK
2529	   0	88.4	52.1	 629	OK
2530	   0	79.4	64.5	 645	OK
2531	   0	83.0	62.5	 600	OK
2532	   0	72.8	71.1	 699	OK
2533	   0	74.9	71.8	 633	OK
2534	   0	85.1	57.8	 635	OK
2535	   0	75.1	70.0	 669	OK
2536	   0	77.1	66.7	 672	OK
2537	   0	78.9	66.1	 669	OK
2538	   0	73.8	72.1	 668	OK
2539	   0	85.9	57.0	 654	OK
2540	   0	80.8	62.1	 624	OK
2541	   0	79.2	64.1	 664	OK
2542	   0	79.0	65.0	 652	OK
2543	   0	85.1	58.6	 628	OK
2544	   0	80.7	61.8	 643	OK
2545	   0	73.7	72.9	 678	OK
2546	   0	81.3	61.9	 639	OK
2547	   0	76.2	68.1	 726	OK
2548	   0	77.7	66.8	 636	OK
2549	   0	82.0	60.9	 649	OK
2550	   0	88.0	53.7	 646	OK
2551	   0	75.4	70.1	 673	OK
2552	   0	81.7	60.2	 651	OK
2553	   0	83.7	58.1	 644	OK
2554	   0	81.2	65.1	 618	OK
2555	   0	72.1	72.5	 654	OK
2556	   0	83.1	62.6	 629	OK
2557	   0	83.3	58.7	 618	OK
2558	   0	82.9	60.9	 624	OK
2559	   0	83.8	59.4	 605	OK
