#chan	code	gain	offset	innse	comment
   0	   0	100.5	69.6	 602	OK
   1	   0	102.7	65.8	 615	OK
   2	   0	90.3	53.0	 627	OK
   3	   0	92.8	73.7	 628	OK
   4	   0	85.8	62.6	 636	OK
   5	   0	94.8	79.5	 617	OK
   6	   0	86.3	84.9	 679	OK
   7	   0	99.9	54.9	 608	OK
   8	   0	89.9	90.5	 632	OK
   9	   0	89.5	75.9	 638	OK
  10	   0	92.9	55.3	 644	OK
  11	   0	91.6	51.7	 634	OK
  12	   0	103.6	79.1	 603	OK
  13	   0	88.4	67.6	 647	OK
  14	   0	93.6	54.8	 633	OK
  15	   0	93.0	55.4	 624	OK
  16	   0	88.7	80.9	 633	OK
  17	   0	95.4	84.5	 635	OK
  18	   0	90.6	79.4	 663	OK
  19	   0	96.2	69.6	 652	OK
  20	   0	87.6	56.6	 628	OK
  21	   0	91.4	61.1	 649	OK
  22	   0	95.5	85.5	 655	OK
  23	   0	93.1	75.0	 648	OK
  24	   0	90.0	67.3	 658	OK
  25	   0	95.1	60.1	 636	OK
  26	   0	95.1	75.1	 683	OK
  27	   0	94.1	76.7	 633	OK
  28	   0	98.3	81.8	 655	OK
  29	   0	93.6	66.2	 684	OK
  30	   0	101.8	76.1	 667	OK
  31	   0	90.7	90.3	 697	OK
  32	   0	91.1	63.4	 677	OK
  33	   0	90.2	87.6	 674	OK
  34	   0	91.3	70.1	 699	OK
  35	   0	93.8	73.8	 642	OK
  36	   0	90.4	80.7	 683	OK
  37	   0	89.1	45.6	 667	OK
  38	   0	90.1	51.8	 654	OK
  39	   0	90.8	75.0	 668	OK
  40	   0	95.1	69.3	 681	OK
  41	   0	100.7	53.7	 661	OK
  42	   0	97.0	97.2	 646	OK
  43	   0	91.3	86.9	 716	OK
  44	   0	91.6	73.4	 696	OK
  45	   0	92.5	66.8	 675	OK
  46	   0	98.8	49.1	 666	OK
  47	   0	91.6	77.0	 683	OK
  48	   0	95.2	81.6	 651	OK
  49	   0	88.7	54.7	 678	OK
  50	   0	93.6	63.6	 702	OK
  51	   0	91.7	63.9	 686	OK
  52	   0	96.2	80.7	 678	OK
  53	   0	97.8	73.4	 675	OK
  54	   0	88.5	69.9	 700	OK
  55	   0	96.6	75.4	 673	OK
  56	   0	92.8	88.4	 691	OK
  57	   0	97.4	61.2	 658	OK
  58	   0	95.9	82.4	 657	OK
  59	   0	95.8	71.2	 679	OK
  60	   0	96.3	74.7	 678	OK
  61	   0	96.6	58.9	 717	OK
  62	   0	98.7	50.0	 681	OK
  63	   0	93.0	56.7	 677	OK
  64	   0	99.1	68.9	 674	OK
  65	   0	92.3	55.4	 712	OK
  66	   0	95.0	95.1	 705	OK
  67	   0	100.9	66.9	 637	OK
  68	   0	96.2	96.9	 687	OK
  69	   0	95.9	41.2	 687	OK
  70	   0	101.3	96.2	 670	OK
  71	   0	92.7	64.7	 647	OK
  72	   0	97.7	50.1	 692	OK
  73	   0	89.6	84.2	 670	OK
  74	   0	87.2	70.1	 698	OK
  75	   0	93.7	85.9	 667	OK
  76	   0	100.3	66.4	 689	OK
  77	   0	95.2	68.7	 688	OK
  78	   0	98.0	59.2	 679	OK
  79	   0	98.5	71.9	 641	OK
  80	   0	95.2	73.9	 696	OK
  81	   0	86.5	77.5	 694	OK
  82	   0	89.3	77.9	 677	OK
  83	   0	90.6	83.8	 706	OK
  84	   0	97.4	72.6	 658	OK
  85	   0	91.9	76.8	 692	OK
  86	   0	88.7	77.0	 696	OK
  87	   0	83.5	68.2	 707	OK
  88	   0	92.1	63.4	 679	OK
  89	   0	92.9	54.9	 701	OK
  90	   0	90.0	83.7	 668	OK
  91	   0	92.1	55.9	 688	OK
  92	   0	96.6	65.4	 693	OK
  93	   0	100.0	53.6	 638	OK
  94	   0	86.7	66.8	 700	OK
  95	   0	96.4	72.6	 651	OK
  96	   0	90.6	98.1	 690	OK
  97	   0	90.8	64.8	 669	OK
  98	   0	98.6	40.0	 658	OK
  99	   0	88.4	68.9	 698	OK
 100	   0	90.1	81.5	 688	OK
 101	   0	90.8	66.3	 690	OK
 102	   0	82.8	65.1	 715	OK
 103	   0	91.5	53.2	 669	OK
 104	   0	98.2	60.1	 666	OK
 105	   0	93.2	67.5	 692	OK
 106	   0	94.7	84.1	 650	OK
 107	   0	100.7	68.3	 667	OK
 108	   0	94.7	66.8	 691	OK
 109	   0	88.7	47.9	 702	OK
 110	   0	95.7	48.9	 687	OK
 111	   0	91.5	68.9	 672	OK
 112	   0	98.1	69.5	 697	OK
 113	   0	82.1	45.5	 694	OK
 114	   0	93.4	62.4	 666	OK
 115	   0	93.2	57.5	 677	OK
 116	   0	90.9	79.0	 699	OK
 117	   0	96.5	81.3	 676	OK
 118	   0	93.6	58.1	 659	OK
 119	   0	96.9	53.9	 646	OK
 120	   0	90.1	45.0	 700	OK
 121	   0	94.1	57.6	 690	OK
 122	   0	91.3	59.1	 644	OK
 123	   0	95.5	63.2	 669	OK
 124	   0	99.9	70.6	 666	OK
 125	   0	87.6	59.4	 723	OK
 126	   0	97.3	54.7	 652	OK
 127	   0	89.8	81.4	 698	OK
 128	   0	75.0	70.7	 745	OK
 129	   0	82.5	73.1	 707	OK
 130	   0	82.7	65.2	 712	OK
 131	   0	83.3	70.2	 708	OK
 132	   0	86.0	60.8	 678	OK
 133	   0	76.8	69.9	 682	OK
 134	   0	79.6	90.0	 752	OK
 135	   0	88.1	91.1	 685	OK
 136	   0	83.5	59.8	 731	OK
 137	   0	89.4	84.0	 728	OK
 138	   0	84.4	72.7	 711	OK
 139	   0	85.0	63.8	 717	OK
 140	   0	77.3	69.1	 756	OK
 141	   0	87.3	70.5	 672	OK
 142	   0	82.4	71.6	 728	OK
 143	   0	77.6	79.9	 732	OK
 144	   0	82.2	62.6	 687	OK
 145	   0	83.4	81.8	 721	OK
 146	   0	88.6	70.5	 670	OK
 147	   0	80.2	47.3	 698	OK
 148	   0	81.2	76.7	 733	OK
 149	   0	83.0	68.9	 727	OK
 150	   0	85.6	68.2	 689	OK
 151	   0	80.3	59.3	 741	OK
 152	   0	85.1	57.0	 717	OK
 153	   0	84.2	59.2	 705	OK
 154	   0	88.6	79.7	 676	OK
 155	   0	82.4	81.8	 712	OK
 156	   0	87.9	67.4	 712	OK
 157	   0	87.9	89.5	 714	OK
 158	   0	81.0	60.0	 717	OK
 159	   0	89.3	60.7	 652	OK
 160	   0	86.5	94.7	 736	OK
 161	   0	82.2	86.6	 692	OK
 162	   0	80.8	49.0	 728	OK
 163	   0	79.3	57.4	 722	OK
 164	   0	85.1	78.4	 737	OK
 165	   0	81.0	57.6	 713	OK
 166	   0	85.4	98.3	 709	OK
 167	   0	88.1	102.3	 702	OK
 168	   0	88.3	62.2	 674	OK
 169	   0	84.7	61.2	 746	OK
 170	   0	86.2	79.4	 689	OK
 171	   0	88.9	80.7	 684	OK
 172	   0	79.8	96.4	 741	OK
 173	   0	88.3	42.2	 685	OK
 174	   0	88.7	74.8	 676	OK
 175	   0	84.8	61.9	 724	OK
 176	   0	80.6	88.5	 723	OK
 177	   0	92.3	68.5	 685	OK
 178	   0	85.6	62.1	 722	OK
 179	   0	81.9	77.1	 707	OK
 180	   0	86.9	96.1	 757	OK
 181	   0	83.7	68.8	 749	OK
 182	   0	88.4	65.1	 656	OK
 183	   0	85.2	46.7	 694	OK
 184	   0	85.6	71.2	 731	OK
 185	   0	88.7	89.1	 726	OK
 186	   0	82.9	68.4	 711	OK
 187	   0	95.5	54.2	 669	OK
 188	   0	87.3	57.9	 689	OK
 189	   0	95.5	72.8	 691	OK
 190	   0	87.0	65.1	 698	OK
 191	   0	87.2	47.0	 695	OK
 192	   0	90.3	78.0	 697	OK
 193	   0	87.7	35.8	 701	OK
 194	   0	87.2	68.8	 730	OK
 195	   0	86.0	75.8	 707	OK
 196	   0	95.0	80.0	 667	OK
 197	   0	89.1	103.2	 719	OK
 198	   0	84.7	65.0	 710	OK
 199	   0	93.7	71.4	 672	OK
 200	   0	79.6	82.9	 725	OK
 201	   0	79.8	76.3	 744	OK
 202	   0	84.3	67.4	 758	OK
 203	   0	85.8	64.7	 695	OK
 204	   0	88.2	61.7	 684	OK
 205	   0	92.8	56.1	 683	OK
 206	   0	80.9	73.6	 691	OK
 207	   0	74.6	79.2	 733	OK
 208	   0	90.0	78.5	 699	OK
 209	   0	81.3	84.0	 729	OK
 210	   0	80.3	46.4	 710	OK
 211	   0	82.9	78.6	 728	OK
 212	   0	91.7	78.1	 682	OK
 213	   0	80.3	66.9	 758	OK
 214	   0	85.4	57.9	 683	OK
 215	   0	77.4	74.9	 715	OK
 216	   0	88.0	70.0	 692	OK
 217	   0	91.1	69.9	 691	OK
 218	   0	75.9	102.3	 730	OK
 219	   0	85.7	102.8	 732	OK
 220	   0	81.2	73.8	 713	OK
 221	   0	81.1	71.8	 736	OK
 222	   0	83.6	80.2	 712	OK
 223	   0	89.2	81.1	 687	OK
 224	   0	86.1	53.5	 699	OK
 225	   0	89.6	104.9	 720	OK
 226	   0	84.1	69.7	 740	OK
 227	   0	88.3	44.6	 659	OK
 228	   0	83.2	78.5	 707	OK
 229	   0	88.0	99.0	 695	OK
 230	   0	83.0	54.1	 705	OK
 231	   0	87.3	58.2	 679	OK
 232	   0	82.7	73.3	 729	OK
 233	   0	84.9	86.0	 730	OK
 234	   0	88.8	79.3	 708	OK
 235	   0	83.7	49.4	 675	OK
 236	   0	77.5	76.2	 716	OK
 237	   0	85.8	54.0	 722	OK
 238	   0	85.5	66.4	 669	OK
 239	   0	90.5	57.1	 690	OK
 240	   0	89.6	70.9	 713	OK
 241	   0	89.8	91.6	 687	OK
 242	   0	84.3	57.7	 720	OK
 243	   0	91.4	66.8	 710	OK
 244	   0	80.4	72.0	 739	OK
 245	   0	83.4	81.7	 723	OK
 246	   0	92.6	79.8	 670	OK
 247	   0	88.3	74.4	 671	OK
 248	   0	83.8	64.1	 695	OK
 249	   0	83.1	66.2	 715	OK
 250	   0	80.1	90.8	 724	OK
 251	   0	85.7	64.5	 708	OK
 252	   0	84.0	57.4	 721	OK
 253	   0	83.1	68.8	 694	OK
 254	   0	80.4	65.0	 737	OK
 255	   0	89.8	69.5	 707	OK
 256	   0	86.6	54.9	 730	OK
 257	   0	96.9	83.7	 656	OK
 258	   0	88.6	76.0	 675	OK
 259	   0	91.2	85.2	 661	OK
 260	   0	90.0	72.8	 677	OK
 261	   0	90.5	76.9	 661	OK
 262	   0	86.3	39.8	 665	OK
 263	   0	90.7	61.0	 691	OK
 264	   0	91.2	67.6	 692	OK
 265	   0	86.1	50.1	 689	OK
 266	   0	84.4	60.4	 728	OK
 267	   0	84.6	68.4	 719	OK
 268	   0	88.3	77.7	 683	OK
 269	   0	87.0	70.1	 708	OK
 270	   0	92.3	67.0	 670	OK
 271	   0	93.3	73.6	 680	OK
 272	   0	81.7	66.1	 728	OK
 273	   0	90.1	55.5	 701	OK
 274	   0	86.3	72.4	 679	OK
 275	   0	89.3	82.1	 718	OK
 276	   0	91.7	62.0	 671	OK
 277	   0	89.8	76.2	 673	OK
 278	   0	82.6	48.8	 746	OK
 279	   0	90.2	61.9	 703	OK
 280	   0	92.6	63.4	 668	OK
 281	   0	92.0	47.1	 662	OK
 282	   0	97.7	59.9	 702	OK
 283	   0	86.7	48.6	 713	OK
 284	   0	92.3	54.9	 687	OK
 285	   0	85.3	73.4	 689	OK
 286	   0	86.6	78.2	 692	OK
 287	   0	93.1	70.6	 711	OK
 288	   0	88.9	90.5	 672	OK
 289	   0	91.5	66.0	 730	OK
 290	   0	84.1	65.5	 669	OK
 291	   0	88.0	65.3	 687	OK
 292	   0	83.9	61.9	 711	OK
 293	   0	86.4	83.7	 707	OK
 294	   0	82.6	68.1	 690	OK
 295	   0	88.0	57.9	 711	OK
 296	   0	88.3	71.8	 670	OK
 297	   0	87.5	52.8	 666	OK
 298	   0	88.1	53.8	 693	OK
 299	   0	90.6	76.8	 668	OK
 300	   0	84.3	66.5	 714	OK
 301	   0	91.9	71.0	 691	OK
 302	   0	83.1	68.1	 712	OK
 303	   0	85.1	58.1	 718	OK
 304	   0	92.4	74.8	 689	OK
 305	   0	94.2	65.4	 678	OK
 306	   0	89.4	34.8	 712	OK
 307	   0	82.1	74.6	 683	OK
 308	   0	88.7	64.7	 707	OK
 309	   0	87.3	75.4	 753	OK
 310	   0	91.5	46.3	 695	OK
 311	   0	93.6	58.8	 710	OK
 312	   0	85.5	70.1	 716	OK
 313	   0	84.0	67.5	 731	OK
 314	   0	95.3	63.1	 696	OK
 315	   0	92.4	88.1	 755	OK
 316	   0	85.6	66.8	 716	OK
 317	   0	94.9	87.5	 679	OK
 318	   0	88.8	77.3	 712	OK
 319	   0	95.4	59.7	 680	OK
 320	   0	84.9	81.0	 725	OK
 321	   0	92.7	48.3	 698	OK
 322	   0	97.4	86.1	 686	OK
 323	   0	87.6	78.3	 734	OK
 324	   0	87.9	59.2	 681	OK
 325	   0	86.0	101.2	 741	OK
 326	   0	90.3	70.4	 733	OK
 327	   0	91.5	70.5	 707	OK
 328	   0	84.5	51.6	 733	OK
 329	   0	88.0	53.9	 689	OK
 330	   0	82.9	44.4	 765	OK
 331	   0	91.0	36.7	 716	OK
 332	   0	81.9	49.7	 722	OK
 333	   0	85.2	80.1	 701	OK
 334	   0	91.5	78.3	 685	OK
 335	   0	80.9	73.6	 726	OK
 336	   0	87.5	74.9	 697	OK
 337	   0	87.3	59.3	 703	OK
 338	   0	87.7	57.4	 689	OK
 339	   0	91.2	64.9	 659	OK
 340	   0	86.3	74.3	 690	OK
 341	   0	93.7	59.2	 686	OK
 342	   0	91.5	76.3	 667	OK
 343	   0	83.8	72.5	 723	OK
 344	   0	81.9	81.0	 696	OK
 345	   0	91.9	81.5	 714	OK
 346	   0	90.6	47.2	 707	OK
 347	   0	88.7	59.0	 716	OK
 348	   0	91.9	79.8	 675	OK
 349	   0	87.3	75.2	 689	OK
 350	   0	95.0	60.4	 686	OK
 351	   0	94.6	67.9	 657	OK
 352	   0	83.1	61.0	 678	OK
 353	   0	91.6	80.7	 709	OK
 354	   0	90.6	73.2	 674	OK
 355	   0	83.5	86.1	 728	OK
 356	   0	95.0	95.9	 708	OK
 357	   0	94.3	64.0	 689	OK
 358	   0	93.4	72.8	 671	OK
 359	   0	83.8	67.6	 713	OK
 360	   0	85.8	69.4	 695	OK
 361	   0	87.9	75.5	 678	OK
 362	   0	89.3	49.2	 687	OK
 363	   0	89.4	63.6	 706	OK
 364	   0	86.4	72.7	 718	OK
 365	   0	88.3	49.3	 672	OK
 366	   0	87.2	65.8	 705	OK
 367	   0	92.3	61.0	 676	OK
 368	   0	85.4	75.9	 697	OK
 369	   0	84.1	62.0	 722	OK
 370	   0	87.0	70.0	 671	OK
 371	   0	98.0	80.1	 694	OK
 372	   0	94.7	58.3	 684	OK
 373	   0	91.4	42.2	 680	OK
 374	   0	87.0	65.8	 704	OK
 375	   0	89.1	87.5	 725	OK
 376	   0	94.2	78.1	 667	OK
 377	   0	86.1	74.6	 774	OK
 378	   0	87.3	65.3	 714	OK
 379	   0	86.9	64.7	 700	OK
 380	   0	92.8	78.8	 706	OK
 381	   0	89.9	63.2	 673	OK
 382	   0	85.1	87.6	 729	OK
 383	   0	87.6	72.5	 700	OK
 384	   0	88.0	59.8	 680	OK
 385	   0	86.1	54.8	 727	OK
 386	   0	95.4	47.4	 661	OK
 387	   0	94.2	60.7	 714	OK
 388	   0	87.4	88.7	 695	OK
 389	   0	92.5	73.9	 687	OK
 390	   0	86.6	60.5	 700	OK
 391	   0	88.9	78.6	 668	OK
 392	   0	90.0	97.7	 729	OK
 393	   0	88.1	73.6	 695	OK
 394	   0	85.4	59.9	 723	OK
 395	   0	86.4	77.7	 718	OK
 396	   0	88.8	77.6	 667	OK
 397	   0	86.0	31.2	 746	OK
 398	   0	85.3	80.7	 738	OK
 399	   0	98.8	79.2	 674	OK
 400	   0	81.1	56.9	 759	OK
 401	   0	89.7	79.6	 667	OK
 402	   0	85.2	63.3	 733	OK
 403	   0	82.4	64.5	 718	OK
 404	   0	78.6	79.6	 712	OK
 405	   0	91.2	66.0	 686	OK
 406	   0	95.6	38.5	 695	OK
 407	   0	85.8	82.9	 699	OK
 408	   0	88.9	89.4	 743	OK
 409	   0	88.1	69.0	 748	OK
 410	   0	89.9	51.9	 710	OK
 411	   0	90.3	47.7	 688	OK
 412	   0	87.5	83.6	 699	OK
 413	   0	89.4	73.4	 718	OK
 414	   0	82.4	73.2	 760	OK
 415	   0	85.6	74.6	 691	OK
 416	   0	88.0	68.4	 717	OK
 417	   0	95.2	80.3	 706	OK
 418	   0	90.6	77.8	 704	OK
 419	   0	89.8	78.6	 689	OK
 420	   0	88.5	74.3	 702	OK
 421	   0	85.5	75.3	 721	OK
 422	   0	82.9	55.1	 716	OK
 423	   0	87.9	84.6	 705	OK
 424	   0	91.7	53.0	 704	OK
 425	   0	88.9	74.8	 756	OK
 426	   0	96.8	57.2	 701	OK
 427	   0	85.2	105.6	 698	OK
 428	   0	87.0	72.4	 714	OK
 429	   0	89.1	83.9	 680	OK
 430	   0	86.3	51.5	 732	OK
 431	   0	91.1	68.1	 693	OK
 432	   0	88.5	61.0	 703	OK
 433	   0	81.5	62.9	 708	OK
 434	   0	91.4	62.5	 698	OK
 435	   0	90.1	65.3	 695	OK
 436	   0	87.4	69.9	 693	OK
 437	   0	87.3	98.4	 715	OK
 438	   0	90.2	101.5	 706	OK
 439	   0	83.2	87.1	 735	OK
 440	   0	90.3	64.1	 748	OK
 441	   0	90.9	79.7	 721	OK
 442	   0	85.5	52.6	 731	OK
 443	   0	89.5	79.1	 713	OK
 444	   0	90.4	83.0	 717	OK
 445	   0	94.9	89.4	 708	OK
 446	   0	91.7	76.8	 720	OK
 447	   0	97.0	55.3	 718	OK
 448	   0	94.2	75.2	 692	OK
 449	   0	92.5	92.0	 704	OK
 450	   0	78.8	94.2	 729	OK
 451	   0	92.4	72.5	 732	OK
 452	   0	86.2	83.0	 704	OK
 453	   0	84.6	84.5	 712	OK
 454	   0	85.5	63.9	 766	OK
 455	   0	89.2	76.3	 707	OK
 456	   0	90.2	71.1	 682	OK
 457	   0	91.9	88.4	 724	OK
 458	   0	95.6	78.8	 705	OK
 459	   0	85.7	77.4	 734	OK
 460	   0	94.4	54.8	 706	OK
 461	   0	88.9	98.7	 700	OK
 462	   0	96.0	77.3	 647	OK
 463	   0	89.7	63.7	 691	OK
 464	   0	89.4	83.4	 695	OK
 465	   0	88.5	56.6	 716	OK
 466	   0	88.5	69.4	 714	OK
 467	   0	85.7	80.4	 716	OK
 468	   0	85.8	78.4	 739	OK
 469	   0	84.6	60.9	 726	OK
 470	   0	86.7	89.8	 735	OK
 471	   0	85.2	69.3	 727	OK
 472	   0	87.1	81.5	 686	OK
 473	   0	94.9	58.6	 661	OK
 474	   0	94.5	69.9	 713	OK
 475	   0	96.7	80.5	 659	OK
 476	   0	91.5	56.3	 654	OK
 477	   0	92.7	89.8	 680	OK
 478	   0	97.0	82.3	 691	OK
 479	   0	89.7	77.7	 681	OK
 480	   0	87.2	70.7	 678	OK
 481	   0	87.2	71.6	 729	OK
 482	   0	93.0	63.8	 700	OK
 483	   0	98.9	77.3	 669	OK
 484	   0	90.3	89.0	 671	OK
 485	   0	92.8	37.9	 675	OK
 486	   0	94.0	74.8	 669	OK
 487	   0	89.4	72.1	 692	OK
 488	   0	87.6	90.4	 702	OK
 489	   0	87.6	69.1	 720	OK
 490	   0	90.0	101.3	 686	OK
 491	   0	87.0	75.1	 695	OK
 492	   0	91.1	81.7	 676	OK
 493	   0	91.6	86.6	 679	OK
 494	   0	79.8	71.5	 702	OK
 495	   0	88.6	49.3	 713	OK
 496	   0	93.7	76.6	 667	OK
 497	   0	96.1	66.5	 659	OK
 498	   0	92.3	83.7	 667	OK
 499	   0	82.9	72.0	 706	OK
 500	   0	93.1	75.8	 690	OK
 501	   0	84.6	50.1	 676	OK
 502	   0	88.3	72.9	 690	OK
 503	   0	88.7	87.5	 700	OK
 504	   0	84.0	63.5	 730	OK
 505	   0	95.0	67.8	 667	OK
 506	   0	92.0	79.0	 732	OK
 507	   0	89.9	81.0	 706	OK
 508	   0	88.7	77.3	 665	OK
 509	   0	93.5	67.4	 725	OK
 510	   0	91.4	77.8	 652	OK
 511	   0	87.3	66.7	 710	OK
 512	   0	83.8	93.8	 758	OK
 513	   0	82.6	63.2	 726	OK
 514	   0	80.4	71.7	 775	OK
 515	   0	81.2	72.6	 744	OK
 516	   0	82.1	71.3	 774	OK
 517	   0	86.7	70.5	 741	OK
 518	   0	82.9	69.4	 761	OK
 519	   0	80.8	42.3	 714	OK
 520	   0	76.0	90.4	 746	OK
 521	   0	77.6	67.5	 768	OK
 522	   0	80.0	65.3	 765	OK
 523	   0	81.7	74.2	 743	OK
 524	   0	82.2	84.9	 739	OK
 525	   0	84.1	67.7	 757	OK
 526	   0	82.0	37.3	 722	OK
 527	   0	80.5	80.2	 761	OK
 528	   0	88.1	95.9	 737	OK
 529	   0	85.4	62.9	 761	OK
 530	   0	85.3	81.3	 753	OK
 531	   0	78.2	73.7	 723	OK
 532	   0	81.3	81.3	 711	OK
 533	   0	83.4	90.5	 733	OK
 534	   0	87.0	71.7	 724	OK
 535	   0	81.2	67.4	 735	OK
 536	   0	85.6	63.7	 784	OK
 537	   0	80.6	59.2	 768	OK
 538	   0	82.3	105.5	 775	OK
 539	   0	79.6	94.8	 761	OK
 540	   0	81.3	45.9	 756	OK
 541	   0	83.4	76.7	 763	OK
 542	   0	79.1	66.8	 739	OK
 543	   0	80.4	65.4	 752	OK
 544	   0	83.7	58.9	 685	OK
 545	   0	87.1	78.7	 743	OK
 546	   0	86.6	55.9	 744	OK
 547	   0	84.9	92.8	 743	OK
 548	   0	85.3	57.2	 752	OK
 549	   0	81.3	73.4	 745	OK
 550	   0	80.4	66.8	 727	OK
 551	   0	77.6	71.9	 737	OK
 552	   0	84.1	70.8	 772	OK
 553	   0	90.6	70.1	 732	OK
 554	   0	81.9	87.2	 794	OK
 555	   0	83.9	89.3	 724	OK
 556	   0	81.6	74.5	 725	OK
 557	   0	89.4	67.5	 738	OK
 558	   0	88.5	32.7	 713	OK
 559	   0	88.3	62.3	 748	OK
 560	   0	80.9	74.7	 781	OK
 561	   0	75.8	46.8	 784	OK
 562	   0	76.5	84.9	 761	OK
 563	   0	82.2	80.7	 767	OK
 564	   0	81.8	80.1	 774	OK
 565	   0	87.3	46.1	 745	OK
 566	   0	80.5	61.6	 797	OK
 567	   0	87.1	72.5	 796	OK
 568	   0	82.4	54.3	 747	OK
 569	   0	83.6	55.1	 806	OK
 570	   0	86.6	66.4	 779	OK
 571	   0	83.1	74.4	 792	OK
 572	   0	82.3	75.5	 833	OK
 573	   0	79.6	58.9	 777	OK
 574	   0	80.9	81.4	 759	OK
 575	   0	84.8	79.3	 750	OK
 576	   0	82.0	91.9	 759	OK
 577	   0	86.1	66.4	 729	OK
 578	   0	88.0	72.3	 758	OK
 579	   0	82.6	79.2	 742	OK
 580	   0	81.5	56.4	 759	OK
 581	   0	87.1	91.2	 712	OK
 582	   0	87.6	68.7	 718	OK
 583	   0	85.9	89.2	 762	OK
 584	   0	92.4	77.1	 741	OK
 585	   0	84.9	89.4	 765	OK
 586	   0	87.3	80.3	 745	OK
 587	   0	84.5	64.8	 725	OK
 588	   0	88.7	71.8	 785	OK
 589	   0	87.5	67.0	 782	OK
 590	   0	82.7	89.3	 754	OK
 591	   0	80.9	61.9	 731	OK
 592	   0	79.2	63.7	 718	OK
 593	   0	82.9	66.7	 756	OK
 594	   0	84.2	65.8	 762	OK
 595	   0	78.0	50.0	 752	OK
 596	   0	81.4	48.2	 775	OK
 597	   0	90.7	40.9	 712	OK
 598	   0	78.7	70.1	 762	OK
 599	   0	89.4	90.1	 750	OK
 600	   0	81.7	69.5	 752	OK
 601	   0	85.3	42.8	 745	OK
 602	   0	85.3	37.1	 777	OK
 603	   0	80.4	66.6	 816	OK
 604	   0	84.1	92.6	 740	OK
 605	   0	81.6	85.8	 757	OK
 606	   0	79.7	75.4	 724	OK
 607	   0	82.1	68.9	 733	OK
 608	   0	77.5	99.0	 790	OK
 609	   0	84.1	48.3	 743	OK
 610	   0	81.4	83.2	 755	OK
 611	   0	85.0	69.7	 721	OK
 612	   0	79.8	68.0	 748	OK
 613	   0	78.1	51.5	 785	OK
 614	   0	74.0	69.0	 804	OK
 615	   0	78.6	83.2	 760	OK
 616	   0	79.8	72.2	 764	OK
 617	   0	80.9	81.7	 751	OK
 618	   0	83.4	80.7	 742	OK
 619	   0	86.1	80.0	 756	OK
 620	   0	84.7	59.1	 744	OK
 621	   0	79.7	58.2	 769	OK
 622	   0	80.2	52.6	 745	OK
 623	   0	78.4	48.0	 770	OK
 624	   0	88.7	99.5	 771	OK
 625	   0	82.8	87.8	 807	OK
 626	   0	82.0	80.0	 750	OK
 627	   0	80.8	61.5	 742	OK
 628	   0	81.1	65.6	 730	OK
 629	   0	90.5	68.4	 722	OK
 630	   0	76.9	84.3	 772	OK
 631	   0	84.5	73.4	 764	OK
 632	   0	77.1	83.3	 772	OK
 633	   0	86.6	56.2	 732	OK
 634	   0	79.8	63.4	 818	OK
 635	   0	84.7	67.2	 748	OK
 636	   0	75.0	79.0	 779	OK
 637	   0	80.3	45.9	 745	OK
 638	   0	83.4	66.6	 750	OK
 639	   0	80.4	57.6	 740	OK
 640	   0	83.5	44.1	 760	OK
 641	   0	85.7	76.1	 742	OK
 642	   0	83.8	62.3	 750	OK
 643	   0	81.2	60.9	 781	OK
 644	   0	90.3	65.5	 772	OK
 645	   0	88.2	65.8	 729	OK
 646	   0	85.5	70.8	 749	OK
 647	   0	82.9	82.7	 734	OK
 648	   0	77.9	72.2	 784	OK
 649	   0	83.8	58.3	 762	OK
 650	   0	87.6	69.9	 748	OK
 651	   0	82.1	58.7	 767	OK
 652	   0	82.2	48.3	 769	OK
 653	   0	86.9	74.4	 717	OK
 654	   0	88.9	79.2	 766	OK
 655	   0	86.8	74.9	 770	OK
 656	   0	84.8	73.5	 754	OK
 657	   0	84.0	91.1	 759	OK
 658	   0	84.4	58.7	 731	OK
 659	   0	78.3	71.9	 773	OK
 660	   0	81.4	47.1	 776	OK
 661	   0	81.6	70.7	 771	OK
 662	   0	84.8	59.7	 749	OK
 663	   0	83.6	79.4	 704	OK
 664	   0	86.5	56.7	 714	OK
 665	   0	88.9	63.8	 769	OK
 666	   0	84.0	85.4	 698	OK
 667	   0	77.0	74.4	 772	OK
 668	   0	86.1	44.7	 754	OK
 669	   0	89.1	55.4	 743	OK
 670	   0	83.0	67.4	 780	OK
 671	   0	83.2	67.8	 722	OK
 672	   0	76.1	38.4	 770	OK
 673	   0	89.6	65.8	 728	OK
 674	   0	89.0	80.4	 695	OK
 675	   0	87.7	75.8	 751	OK
 676	   0	84.1	56.5	 723	OK
 677	   0	86.6	78.7	 740	OK
 678	   0	89.6	68.3	 710	OK
 679	   0	85.5	66.5	 736	OK
 680	   0	91.4	62.7	 730	OK
 681	   0	85.3	53.8	 759	OK
 682	   0	79.6	83.2	 782	OK
 683	   0	89.0	65.3	 722	OK
 684	   0	91.9	73.4	 738	OK
 685	   0	88.5	55.7	 737	OK
 686	   0	88.4	43.7	 700	OK
 687	   0	78.4	60.7	 761	OK
 688	   0	85.3	87.9	 754	OK
 689	   0	88.1	61.8	 754	OK
 690	   0	82.4	74.6	 747	OK
 691	   0	91.9	58.3	 746	OK
 692	   0	84.1	41.4	 773	OK
 693	   0	86.3	66.0	 762	OK
 694	   0	92.9	58.3	 730	OK
 695	   0	83.3	96.7	 755	OK
 696	   0	85.6	66.6	 737	OK
 697	   0	87.2	55.1	 712	OK
 698	   0	85.0	75.1	 743	OK
 699	   0	83.8	82.5	 740	OK
 700	   0	80.5	75.5	 763	OK
 701	   0	86.2	92.6	 739	OK
 702	   0	88.2	56.3	 725	OK
 703	   0	97.5	66.0	 689	OK
 704	   0	87.0	55.0	 724	OK
 705	   0	91.0	60.9	 732	OK
 706	   0	87.9	74.6	 763	OK
 707	   0	90.5	82.8	 726	OK
 708	   0	87.3	60.3	 716	OK
 709	   0	85.3	86.4	 717	OK
 710	   0	89.1	89.9	 706	OK
 711	   0	81.8	83.8	 774	OK
 712	   0	85.7	29.9	 728	OK
 713	   0	87.1	71.0	 765	OK
 714	   0	84.9	69.1	 787	OK
 715	   0	94.6	64.5	 722	OK
 716	   0	84.7	69.8	 737	OK
 717	   0	84.4	80.2	 714	OK
 718	   0	85.9	58.2	 720	OK
 719	   0	78.9	67.0	 751	OK
 720	   0	89.2	72.6	 771	OK
 721	   0	90.0	68.4	 728	OK
 722	   0	83.1	71.2	 732	OK
 723	   0	93.4	73.9	 696	OK
 724	   0	87.2	61.7	 744	OK
 725	   0	78.4	46.3	 748	OK
 726	   0	87.7	60.3	 749	OK
 727	   0	85.1	71.8	 737	OK
 728	   0	86.2	68.2	 696	OK
 729	   0	90.5	77.0	 718	OK
 730	   0	84.3	66.0	 743	OK
 731	   0	90.5	84.8	 704	OK
 732	   0	86.5	74.9	 734	OK
 733	   0	86.5	60.1	 719	OK
 734	   0	82.6	68.6	 759	OK
 735	   0	81.9	62.8	 759	OK
 736	   0	86.8	85.6	 750	OK
 737	   0	90.3	83.8	 719	OK
 738	   0	85.1	73.1	 754	OK
 739	   0	77.8	98.3	 770	OK
 740	   0	89.1	72.5	 748	OK
 741	   0	90.5	60.9	 744	OK
 742	   0	84.4	88.1	 732	OK
 743	   0	88.8	86.6	 744	OK
 744	   0	80.8	83.6	 779	OK
 745	   0	98.7	85.6	 742	OK
 746	   0	88.4	86.9	 757	OK
 747	   0	82.5	64.8	 770	OK
 748	   0	81.6	75.6	 778	OK
 749	   0	82.4	67.7	 777	OK
 750	   0	77.3	75.6	 751	OK
 751	   0	84.1	92.5	 748	OK
 752	   0	79.1	73.9	 816	OK
 753	   0	84.6	81.5	 701	OK
 754	   0	85.4	55.1	 763	OK
 755	   0	88.9	63.0	 716	OK
 756	   0	84.5	76.8	 771	OK
 757	   0	87.3	93.1	 768	OK
 758	   0	84.2	57.1	 753	OK
 759	   0	83.1	71.5	 744	OK
 760	   0	82.1	43.0	 721	OK
 761	   0	87.3	64.5	 739	OK
 762	   0	88.4	40.9	 748	OK
 763	   0	87.9	79.0	 757	OK
 764	   0	81.6	79.7	 792	OK
 765	   0	87.7	88.9	 741	OK
 766	   0	87.7	67.2	 709	OK
 767	   0	85.3	83.3	 717	OK
 768	   0	76.4	55.2	 789	OK
 769	   0	89.6	60.0	 749	OK
 770	   0	85.7	55.7	 747	OK
 771	   0	80.6	82.0	 689	OK
 772	   0	84.9	59.8	 768	OK
 773	   0	78.3	73.6	 772	OK
 774	   0	83.3	88.4	 745	OK
 775	   0	77.5	47.3	 772	OK
 776	   0	79.1	45.3	 749	OK
 777	   0	75.1	47.6	 788	OK
 778	   0	81.7	70.3	 731	OK
 779	   0	82.0	75.7	 732	OK
 780	   0	86.6	70.6	 755	OK
 781	   0	83.9	73.2	 757	OK
 782	   0	83.3	48.8	 742	OK
 783	   0	79.9	33.3	 740	OK
 784	   0	83.9	75.6	 744	OK
 785	   0	77.7	63.7	 740	OK
 786	   0	78.4	79.0	 742	OK
 787	   0	81.4	64.0	 753	OK
 788	   0	82.1	62.7	 734	OK
 789	   0	80.5	44.7	 759	OK
 790	   0	75.8	72.9	 781	OK
 791	   0	79.8	73.8	 737	OK
 792	   0	82.7	53.7	 747	OK
 793	   0	74.1	38.0	 781	OK
 794	   0	76.5	59.3	 789	OK
 795	   0	72.9	75.3	 762	OK
 796	   0	89.4	67.2	 728	OK
 797	   0	81.1	52.0	 754	OK
 798	   0	78.7	71.1	 728	OK
 799	   0	78.4	79.9	 724	OK
 800	   0	78.1	55.1	 720	OK
 801	   0	82.3	67.6	 731	OK
 802	   0	82.7	53.5	 743	OK
 803	   0	80.4	61.3	 780	OK
 804	   0	77.4	62.5	 761	OK
 805	   0	71.0	46.5	 794	OK
 806	   0	82.2	81.7	 750	OK
 807	   0	81.1	51.8	 758	OK
 808	   0	86.8	74.7	 738	OK
 809	   0	86.7	76.7	 750	OK
 810	   0	88.2	67.6	 739	OK
 811	   0	80.2	62.2	 734	OK
 812	   0	83.0	81.6	 726	OK
 813	   0	74.4	62.2	 813	OK
 814	   0	83.2	74.0	 737	OK
 815	   0	85.2	71.7	 730	OK
 816	   0	82.5	58.6	 757	OK
 817	   0	81.3	43.8	 730	OK
 818	   0	81.2	75.5	 779	OK
 819	   0	81.5	73.9	 735	OK
 820	   0	83.2	49.1	 722	OK
 821	   0	79.5	54.9	 755	OK
 822	   0	85.2	74.5	 760	OK
 823	   0	80.4	53.8	 724	OK
 824	   0	91.7	83.6	 760	OK
 825	   0	84.0	62.2	 753	OK
 826	   0	89.2	59.6	 757	OK
 827	   0	84.0	61.9	 719	OK
 828	   0	85.6	55.2	 724	OK
 829	   0	79.1	80.6	 763	OK
 830	   0	84.9	51.2	 732	OK
 831	   0	79.9	59.1	 798	OK
 832	   0	85.9	82.9	 755	OK
 833	   0	77.4	82.9	 787	OK
 834	   0	82.4	74.0	 773	OK
 835	   0	87.5	75.3	 754	OK
 836	   0	90.4	89.1	 777	OK
 837	   0	80.8	60.6	 747	OK
 838	   0	80.2	64.3	 774	OK
 839	   0	78.7	79.6	 733	OK
 840	   0	85.5	79.6	 776	OK
 841	   0	80.6	49.3	 733	OK
 842	   0	81.8	74.1	 773	OK
 843	   0	80.5	39.6	 770	OK
 844	   0	83.1	58.9	 780	OK
 845	   0	83.0	85.7	 776	OK
 846	   0	82.2	70.0	 730	OK
 847	   0	85.1	75.5	 783	OK
 848	   0	88.9	71.7	 743	OK
 849	   0	75.2	71.2	 785	OK
 850	   0	79.3	88.3	 776	OK
 851	   0	79.0	78.6	 799	OK
 852	   0	82.2	55.9	 748	OK
 853	   0	74.0	51.9	 810	OK
 854	   0	80.3	69.3	 771	OK
 855	   0	79.1	70.0	 789	OK
 856	   0	79.0	74.7	 807	OK
 857	   0	82.7	84.1	 790	OK
 858	   0	84.7	78.6	 837	OK
 859	   0	80.6	59.7	 785	OK
 860	   0	80.3	73.8	 802	OK
 861	   0	75.4	70.2	 769	OK
 862	   0	88.5	59.8	 710	OK
 863	   0	79.9	69.5	 742	OK
 864	   0	81.4	89.2	 769	OK
 865	   0	86.2	67.0	 758	OK
 866	   0	85.8	84.2	 790	OK
 867	   0	78.8	72.1	 804	OK
 868	   0	81.0	61.6	 783	OK
 869	   0	80.7	85.0	 816	OK
 870	   0	81.1	31.2	 768	OK
 871	   0	71.4	65.8	 796	OK
 872	   0	80.8	78.8	 768	OK
 873	   0	84.3	80.8	 771	OK
 874	   0	75.9	84.4	 758	OK
 875	   0	80.3	66.8	 760	OK
 876	   0	84.1	59.9	 785	OK
 877	   0	84.6	63.5	 694	OK
 878	   0	78.4	68.3	 766	OK
 879	   0	78.6	53.2	 782	OK
 880	   0	80.6	51.6	 807	OK
 881	   0	90.8	67.5	 706	OK
 882	   0	80.1	65.2	 751	OK
 883	   0	82.0	67.3	 788	OK
 884	   0	84.7	51.7	 781	OK
 885	   0	75.3	76.1	 760	OK
 886	   0	76.1	73.3	 724	OK
 887	   0	78.0	86.7	 748	OK
 888	   0	80.2	60.3	 760	OK
 889	   0	81.6	68.7	 743	OK
 890	   0	82.8	50.5	 738	OK
 891	   0	83.3	47.2	 741	OK
 892	   0	83.2	88.0	 785	OK
 893	   0	85.3	81.0	 753	OK
 894	   0	82.3	69.3	 741	OK
 895	   0	82.3	46.0	 740	OK
 896	   0	73.8	47.8	 876	OK
 897	   0	80.9	57.7	 847	OK
 898	   0	70.2	64.7	 860	OK
 899	   0	70.8	78.8	 809	OK
 900	   0	78.5	84.1	 809	OK
 901	   0	75.4	59.6	 801	OK
 902	   0	72.3	78.7	 799	OK
 903	   0	75.3	69.2	 846	OK
 904	   0	69.9	62.2	 858	OK
 905	   0	67.2	64.9	 848	OK
 906	   0	79.1	51.4	 789	OK
 907	   0	70.2	71.1	 798	OK
 908	   0	73.3	80.8	 797	OK
 909	   0	75.0	76.2	 793	OK
 910	   0	72.5	68.5	 806	OK
 911	   0	70.1	66.0	 806	OK
 912	   0	72.9	69.4	 814	OK
 913	   0	72.4	82.1	 788	OK
 914	   0	68.1	106.1	 836	OK
 915	   0	71.0	52.5	 830	OK
 916	   0	68.7	43.4	 867	OK
 917	   0	71.0	67.7	 789	OK
 918	   0	72.9	77.6	 802	OK
 919	   0	73.4	103.1	 881	OK
 920	   0	68.8	77.8	 833	OK
 921	   0	72.8	65.5	 861	OK
 922	   0	70.4	79.9	 861	OK
 923	   0	69.6	74.4	 806	OK
 924	   0	71.0	70.2	 835	OK
 925	   0	79.4	71.3	 835	OK
 926	   0	69.1	72.7	 787	OK
 927	   0	78.0	75.4	 809	OK
 928	   0	74.3	71.1	 787	OK
 929	   0	74.0	95.6	 823	OK
 930	   0	77.5	72.3	 824	OK
 931	   0	74.1	73.3	 793	OK
 932	   0	79.2	73.2	 798	OK
 933	   0	72.4	89.4	 742	OK
 934	   0	74.3	82.2	 802	OK
 935	   0	78.4	67.8	 765	OK
 936	   0	72.5	69.2	 828	OK
 937	   0	70.6	78.2	 811	OK
 938	   0	72.6	75.1	 843	OK
 939	   0	73.8	46.5	 778	OK
 940	   0	76.1	72.4	 788	OK
 941	   0	69.4	72.6	 819	OK
 942	   0	71.1	91.6	 817	OK
 943	   0	68.5	77.0	 843	OK
 944	   0	82.5	53.9	 813	OK
 945	   0	73.3	54.0	 825	OK
 946	   0	72.1	63.7	 817	OK
 947	   0	71.4	90.3	 785	OK
 948	   0	74.6	79.7	 814	OK
 949	   0	71.6	71.7	 822	OK
 950	   0	72.4	53.8	 818	OK
 951	   0	80.1	46.6	 801	OK
 952	   0	79.6	65.4	 797	OK
 953	   0	79.4	78.1	 797	OK
 954	   0	75.2	77.0	 779	OK
 955	   0	74.9	81.3	 793	OK
 956	   0	79.3	80.2	 763	OK
 957	   0	79.5	81.3	 755	OK
 958	   0	76.1	51.3	 807	OK
 959	   0	74.6	67.2	 757	OK
 960	   0	78.1	58.0	 782	OK
 961	   0	76.8	69.3	 815	OK
 962	   0	68.6	79.3	 773	OK
 963	   0	72.7	50.9	 804	OK
 964	   0	78.9	76.7	 800	OK
 965	   0	74.6	59.1	 776	OK
 966	   0	73.7	76.2	 853	OK
 967	   0	68.2	55.6	 814	OK
 968	   0	78.5	66.9	 835	OK
 969	   0	72.1	50.7	 783	OK
 970	   0	78.8	85.4	 767	OK
 971	   0	71.3	71.6	 841	OK
 972	   0	74.8	87.7	 798	OK
 973	   0	79.5	78.1	 751	OK
 974	   0	72.3	51.1	 788	OK
 975	   0	76.1	51.3	 744	OK
 976	   0	81.4	79.5	 752	OK
 977	   0	72.9	63.4	 753	OK
 978	   0	71.6	63.5	 806	OK
 979	   0	73.8	65.9	 771	OK
 980	   0	77.4	35.4	 744	OK
 981	   0	75.0	89.3	 749	OK
 982	   0	76.8	61.3	 781	OK
 983	   0	70.2	45.5	 777	OK
 984	   0	67.1	66.6	 818	OK
 985	   0	74.3	71.4	 744	OK
 986	   0	81.4	76.4	 732	OK
 987	   0	71.6	57.4	 841	OK
 988	   0	75.2	64.9	 780	OK
 989	   0	77.4	51.6	 782	OK
 990	   0	75.9	71.2	 795	OK
 991	   0	79.8	95.3	 780	OK
 992	   0	77.8	78.4	 768	OK
 993	   0	76.9	63.7	 767	OK
 994	   0	72.0	73.6	 763	OK
 995	   0	70.4	61.2	 768	OK
 996	   0	80.0	71.4	 765	OK
 997	   0	74.6	58.6	 761	OK
 998	   0	74.1	72.5	 756	OK
 999	   0	74.1	67.0	 758	OK
1000	   0	74.0	78.7	 760	OK
1001	   0	68.9	68.3	 805	OK
1002	   0	72.6	66.0	 796	OK
1003	   0	77.7	62.7	 748	OK
1004	   0	74.7	64.4	 790	OK
1005	   0	79.2	63.5	 779	OK
1006	   0	80.7	64.1	 757	OK
1007	   0	75.4	74.1	 759	OK
1008	   0	67.9	83.6	 778	OK
1009	   0	70.0	55.5	 771	OK
1010	   0	72.1	85.8	 802	OK
1011	   0	74.8	63.6	 752	OK
1012	   0	78.3	71.9	 755	OK
1013	   0	78.0	77.0	 777	OK
1014	   0	74.5	60.6	 751	OK
1015	   0	76.8	78.8	 722	OK
1016	   0	78.6	72.8	 749	OK
1017	   0	71.3	72.7	 815	OK
1018	   0	77.0	62.3	 751	OK
1019	   0	72.0	93.8	 822	OK
1020	   0	73.2	80.0	 770	OK
1021	   0	73.9	55.3	 778	OK
1022	   0	69.8	87.4	 762	OK
1023	   0	80.9	65.4	 733	OK
1024	   0	87.1	79.2	 680	OK
1025	   0	90.2	86.2	 703	OK
1026	   0	81.9	48.4	 710	OK
1027	   0	94.9	62.5	 685	OK
1028	   0	86.8	54.6	 683	OK
1029	   0	90.1	56.8	 704	OK
1030	   0	86.9	79.8	 705	OK
1031	   0	88.7	90.3	 683	OK
1032	   0	85.3	67.5	 690	OK
1033	   0	91.1	79.0	 662	OK
1034	   0	82.7	70.7	 715	OK
1035	   0	85.2	71.4	 716	OK
1036	   0	88.8	85.7	 693	OK
1037	   0	89.0	92.8	 677	OK
1038	   0	87.6	54.5	 682	OK
1039	   0	89.1	82.1	 679	OK
1040	   0	88.8	43.4	 703	OK
1041	   0	90.4	51.6	 703	OK
1042	   0	87.5	62.3	 732	OK
1043	   0	92.7	90.4	 687	OK
1044	   0	82.8	74.0	 651	OK
1045	   0	84.8	76.9	 710	OK
1046	   0	76.2	45.9	 683	OK
1047	   0	88.5	81.0	 668	OK
1048	   0	91.4	92.1	 694	OK
1049	   0	85.9	71.7	 710	OK
1050	   0	87.9	69.6	 646	OK
1051	   0	88.9	81.5	 728	OK
1052	   0	96.1	76.9	 714	OK
1053	   0	93.9	82.0	 701	OK
1054	   0	84.7	75.9	 702	OK
1055	   0	90.9	71.3	 675	OK
1056	   0	91.2	71.6	 698	OK
1057	   0	87.6	67.7	 712	OK
1058	   0	83.7	55.7	 738	OK
1059	   0	89.7	65.3	 657	OK
1060	   0	96.8	90.9	 673	OK
1061	   0	93.4	74.5	 666	OK
1062	   0	89.5	62.9	 691	OK
1063	   0	79.0	77.6	 707	OK
1064	   0	83.4	63.4	 696	OK
1065	   0	87.7	75.4	 684	OK
1066	   0	73.4	78.6	 726	OK
1067	   0	91.3	60.0	 678	OK
1068	   0	81.7	67.5	 703	OK
1069	   0	82.7	84.9	 679	OK
1070	   0	85.2	89.1	 691	OK
1071	   0	86.8	74.8	 691	OK
1072	   0	80.3	66.2	 702	OK
1073	   0	90.0	57.0	 687	OK
1074	   0	84.6	88.9	 662	OK
1075	   0	87.5	87.9	 653	OK
1076	   0	88.5	64.9	 706	OK
1077	   0	92.2	78.4	 654	OK
1078	   0	79.1	72.2	 685	OK
1079	   0	92.3	46.3	 655	OK
1080	   0	81.7	97.7	 692	OK
1081	   0	83.5	71.7	 703	OK
1082	   0	83.0	74.7	 679	OK
1083	   0	85.3	70.8	 701	OK
1084	   0	89.5	78.5	 688	OK
1085	   0	94.2	54.5	 658	OK
1086	   0	95.1	65.3	 649	OK
1087	   0	86.3	71.7	 706	OK
1088	   0	86.8	103.5	 681	OK
1089	   0	85.9	65.0	 680	OK
1090	   0	83.3	90.6	 719	OK
1091	   0	79.5	68.6	 664	OK
1092	   0	82.2	72.9	 717	OK
1093	   0	87.3	79.1	 719	OK
1094	   0	83.7	52.5	 691	OK
1095	   0	85.9	79.3	 711	OK
1096	   0	86.8	80.2	 667	OK
1097	   0	82.3	43.9	 711	OK
1098	   0	89.7	75.5	 647	OK
1099	   0	90.9	76.9	 700	OK
1100	   0	85.9	78.0	 681	OK
1101	   0	83.9	85.2	 706	OK
1102	   0	93.1	73.4	 640	OK
1103	   0	85.4	64.9	 690	OK
1104	   0	89.5	79.1	 669	OK
1105	   0	83.9	74.6	 661	OK
1106	   0	93.6	85.1	 744	OK
1107	   0	87.6	55.4	 676	OK
1108	   0	89.3	78.2	 666	OK
1109	   0	84.7	57.7	 698	OK
1110	   0	80.7	76.4	 672	OK
1111	   0	81.7	85.5	 705	OK
1112	   0	85.8	73.2	 713	OK
1113	   0	94.3	69.8	 654	OK
1114	   0	83.3	54.9	 675	OK
1115	   0	85.0	54.8	 690	OK
1116	   0	92.5	67.0	 642	OK
1117	   0	85.6	42.9	 711	OK
1118	   0	91.7	45.3	 678	OK
1119	   0	80.7	55.2	 710	OK
1120	   0	84.8	87.2	 660	OK
1121	   0	84.2	55.6	 702	OK
1122	   0	89.1	66.3	 636	OK
1123	   0	85.2	50.9	 698	OK
1124	   0	83.9	74.1	 709	OK
1125	   0	90.7	76.0	 683	OK
1126	   0	92.1	66.1	 681	OK
1127	   0	91.7	56.8	 701	OK
1128	   0	86.9	63.0	 649	OK
1129	   0	86.3	76.5	 693	OK
1130	   0	97.1	67.5	 682	OK
1131	   0	87.1	87.9	 670	OK
1132	   0	95.5	104.6	 672	OK
1133	   0	91.6	85.7	 668	OK
1134	   0	91.1	68.3	 689	OK
1135	   0	89.9	71.8	 668	OK
1136	   0	84.0	72.3	 722	OK
1137	   0	82.7	63.3	 698	OK
1138	   0	87.3	59.1	 679	OK
1139	   0	85.9	84.3	 658	OK
1140	   0	85.4	91.5	 713	OK
1141	   0	89.4	69.7	 674	OK
1142	   0	90.0	99.8	 685	OK
1143	   0	83.1	49.9	 668	OK
1144	   0	84.9	68.5	 702	OK
1145	   0	87.1	81.0	 699	OK
1146	   0	81.5	80.5	 676	OK
1147	   0	90.3	60.5	 671	OK
1148	   0	85.6	67.8	 711	OK
1149	   0	78.7	93.2	 724	OK
1150	   0	92.5	59.3	 689	OK
1151	   0	91.2	77.0	 642	OK
1152	   0	83.2	85.2	 719	OK
1153	   0	76.9	70.6	 766	OK
1154	   0	77.4	105.4	 755	OK
1155	   0	80.8	70.8	 727	OK
1156	   0	79.5	85.0	 723	OK
1157	   0	86.4	94.4	 681	OK
1158	   0	86.5	75.1	 698	OK
1159	   0	83.4	75.5	 714	OK
1160	   0	89.6	81.8	 698	OK
1161	   0	88.5	79.2	 717	OK
1162	   0	87.4	67.9	 720	OK
1163	   0	82.7	75.4	 709	OK
1164	   0	84.1	78.1	 701	OK
1165	   0	84.8	52.2	 718	OK
1166	   0	93.4	71.2	 656	OK
1167	   0	86.4	78.9	 709	OK
1168	   0	88.2	87.7	 721	OK
1169	   0	86.3	80.9	 719	OK
1170	   0	81.4	64.9	 735	OK
1171	   0	89.5	71.3	 697	OK
1172	   0	85.3	74.5	 695	OK
1173	   0	86.2	75.3	 691	OK
1174	   0	83.4	74.4	 658	OK
1175	   0	88.4	73.9	 700	OK
1176	   0	81.6	74.2	 682	OK
1177	   0	89.2	64.8	 705	OK
1178	   0	78.8	77.4	 717	OK
1179	   0	86.4	65.4	 675	OK
1180	   0	84.1	105.3	 721	OK
1181	   0	85.6	94.5	 757	OK
1182	   0	84.6	108.9	 661	OK
1183	   0	86.7	73.9	 720	OK
1184	   0	85.2	68.3	 715	OK
1185	   0	85.5	67.0	 708	OK
1186	   0	83.4	72.0	 681	OK
1187	   0	88.7	66.3	 669	OK
1188	   0	91.9	87.2	 687	OK
1189	   0	87.1	90.0	 694	OK
1190	   0	88.8	88.0	 781	OK
1191	   0	81.9	86.3	 736	OK
1192	   0	85.2	99.9	 745	OK
1193	   0	87.8	66.1	 667	OK
1194	   0	85.2	54.7	 722	OK
1195	   0	81.8	87.5	 728	OK
1196	   0	82.2	85.9	 727	OK
1197	   0	85.2	90.2	 734	OK
1198	   0	78.6	75.1	 742	OK
1199	   0	90.3	83.4	 718	OK
1200	   0	85.9	75.8	 673	OK
1201	   0	81.1	70.8	 687	OK
1202	   0	94.1	82.6	 667	OK
1203	   0	90.0	97.5	 694	OK
1204	   0	94.2	97.1	 720	OK
1205	   0	91.2	60.1	 753	OK
1206	   0	87.2	88.5	 733	OK
1207	   0	79.2	75.1	 734	OK
1208	   0	90.1	94.1	 727	OK
1209	   0	84.7	76.4	 705	OK
1210	   0	90.2	78.4	 714	OK
1211	   0	92.8	90.4	 717	OK
1212	   0	83.0	88.2	 723	OK
1213	   0	85.0	71.3	 715	OK
1214	   0	87.2	80.4	 712	OK
1215	   0	91.8	67.1	 662	OK
1216	   0	89.4	74.1	 724	OK
1217	   0	88.4	82.6	 726	OK
1218	   0	91.7	48.6	 654	OK
1219	   0	82.2	85.8	 741	OK
1220	   0	86.4	67.9	 661	OK
1221	   0	88.3	88.9	 700	OK
1222	   0	87.8	79.6	 690	OK
1223	   0	85.0	80.3	 697	OK
1224	   0	85.0	97.2	 719	OK
1225	   0	91.5	76.6	 678	OK
1226	   0	83.2	56.5	 695	OK
1227	   0	88.7	52.8	 684	OK
1228	   0	82.2	93.3	 707	OK
1229	   0	81.1	77.2	 722	OK
1230	   0	88.4	85.5	 702	OK
1231	   0	84.3	65.7	 710	OK
1232	   0	93.6	46.5	 669	OK
1233	   0	87.0	63.9	 664	OK
1234	   0	84.4	57.9	 738	OK
1235	   0	80.6	86.9	 706	OK
1236	   0	88.9	97.8	 689	OK
1237	   0	89.0	85.6	 648	OK
1238	   0	88.4	65.8	 699	OK
1239	   0	84.2	74.9	 667	OK
1240	   0	89.2	63.6	 703	OK
1241	   0	93.0	59.5	 685	OK
1242	   0	81.6	79.6	 670	OK
1243	   0	79.8	78.2	 717	OK
1244	   0	85.1	70.2	 654	OK
1245	   0	81.0	81.9	 682	OK
1246	   0	90.6	74.5	 679	OK
1247	   0	87.4	68.8	 658	OK
1248	   0	84.8	51.2	 713	OK
1249	   0	84.6	91.6	 672	OK
1250	   0	89.6	82.0	 740	OK
1251	   0	92.9	60.8	 653	OK
1252	   0	87.3	46.3	 686	OK
1253	   0	87.9	66.7	 639	OK
1254	   0	89.2	84.8	 650	OK
1255	   0	83.6	71.5	 668	OK
1256	   0	91.7	67.5	 659	OK
1257	   0	87.5	87.7	 657	OK
1258	   0	85.3	74.6	 688	OK
1259	   0	79.9	71.4	 693	OK
1260	   0	83.4	92.0	 711	OK
1261	   0	91.3	72.6	 687	OK
1262	   0	82.9	71.5	 657	OK
1263	   0	92.6	62.9	 625	OK
1264	   0	85.3	93.5	 664	OK
1265	   0	87.8	95.1	 697	OK
1266	   0	84.5	74.5	 670	OK
1267	   0	88.8	70.5	 696	OK
1268	   0	87.1	67.6	 621	OK
1269	   0	82.2	83.1	 634	OK
1270	   0	87.3	45.0	 647	OK
1271	   0	83.9	84.1	 666	OK
1272	   0	80.8	73.3	 693	OK
1273	   0	85.8	98.1	 692	OK
1274	   0	81.3	76.0	 661	OK
1275	   0	88.1	80.2	 652	OK
1276	   0	86.3	70.9	 650	OK
1277	   0	82.2	62.5	 653	OK
1278	   0	82.5	68.7	 655	OK
1279	   0	82.2	90.9	 678	OK
1280	   0	83.6	68.1	 646	OK
1281	   0	90.2	82.6	 612	OK
1282	   0	91.9	66.3	 640	OK
1283	   0	91.1	43.9	 629	OK
1284	   0	89.3	49.0	 655	OK
1285	   0	93.1	78.1	 649	OK
1286	   0	91.4	68.0	 642	OK
1287	   0	89.6	78.5	 595	OK
1288	   0	92.4	51.2	 644	OK
1289	   0	104.4	58.6	 622	OK
1290	   0	95.6	50.3	 572	OK
1291	   0	100.9	81.8	 606	OK
1292	   0	95.9	86.9	 616	OK
1293	   0	99.0	74.4	 622	OK
1294	   0	92.5	87.0	 643	OK
1295	   0	90.7	66.1	 679	OK
1296	   0	91.0	61.0	 627	OK
1297	   0	99.1	57.8	 604	OK
1298	   0	91.2	38.5	 635	OK
1299	   0	94.3	71.1	 616	OK
1300	   0	96.3	75.4	 648	OK
1301	   0	99.4	62.4	 579	OK
1302	   0	88.8	69.7	 620	OK
1303	   0	86.2	56.0	 623	OK
1304	   0	92.4	60.1	 641	OK
1305	   0	81.0	56.3	 654	OK
1306	   0	92.3	59.5	 654	OK
1307	   0	97.4	94.2	 629	OK
1308	   0	91.0	71.8	 634	OK
1309	   0	86.6	96.5	 640	OK
1310	   0	89.7	43.4	 655	OK
1311	   0	93.9	70.1	 626	OK
1312	   0	92.2	55.3	 591	OK
1313	   0	91.0	66.8	 624	OK
1314	   0	92.7	73.6	 633	OK
1315	   0	91.2	80.3	 635	OK
1316	   0	96.5	45.4	 633	OK
1317	   0	95.7	50.7	 643	OK
1318	   0	86.7	45.4	 654	OK
1319	   0	95.2	67.3	 626	OK
1320	   0	93.2	65.1	 639	OK
1321	   0	93.6	77.2	 634	OK
1322	   0	96.6	81.5	 603	OK
1323	   0	102.8	93.8	 604	OK
1324	   0	93.7	73.8	 623	OK
1325	   0	93.1	68.5	 620	OK
1326	   0	97.6	66.7	 598	OK
1327	   0	97.8	29.7	 614	OK
1328	   0	97.0	57.0	 611	OK
1329	   0	87.5	69.7	 655	OK
1330	   0	96.5	86.1	 640	OK
1331	   0	92.0	71.5	 619	OK
1332	   0	91.6	76.1	 639	OK
1333	   0	97.7	81.6	 630	OK
1334	   0	94.6	85.7	 640	OK
1335	   0	96.1	59.6	 623	OK
1336	   0	96.6	78.3	 623	OK
1337	   0	87.8	71.5	 637	OK
1338	   0	93.7	67.7	 609	OK
1339	   0	92.4	58.3	 650	OK
1340	   0	99.3	46.3	 616	OK
1341	   0	99.3	64.7	 612	OK
1342	   0	97.8	73.0	 596	OK
1343	   0	89.5	77.3	 638	OK
1344	   0	85.3	76.4	 666	OK
1345	   0	92.2	58.2	 681	OK
1346	   0	92.5	101.8	 631	OK
1347	   0	95.6	99.3	 628	OK
1348	   0	95.1	100.7	 616	OK
1349	   0	86.3	67.6	 659	OK
1350	   0	93.5	55.4	 618	OK
1351	   0	85.7	77.2	 669	OK
1352	   0	89.6	94.8	 643	OK
1353	   0	102.9	43.2	 616	OK
1354	   0	93.8	59.2	 629	OK
1355	   0	89.5	97.0	 628	OK
1356	   0	95.0	52.5	 630	OK
1357	   0	82.0	71.9	 687	OK
1358	   0	97.7	61.5	 641	OK
1359	   0	90.2	72.7	 622	OK
1360	   0	87.6	65.7	 621	OK
1361	   0	84.1	69.8	 631	OK
1362	   0	95.3	63.3	 643	OK
1363	   0	97.1	64.7	 611	OK
1364	   0	87.9	61.3	 589	OK
1365	   0	94.9	66.4	 611	OK
1366	   0	92.7	72.9	 640	OK
1367	   0	94.0	58.7	 628	OK
1368	   0	103.7	46.7	 582	OK
1369	   0	91.3	80.2	 615	OK
1370	   0	92.3	74.0	 641	OK
1371	   0	91.8	64.7	 621	OK
1372	   0	91.0	69.3	 623	OK
1373	   0	87.9	61.5	 619	OK
1374	   0	94.6	59.1	 621	OK
1375	   0	91.5	84.5	 627	OK
1376	   0	94.4	74.5	 652	OK
1377	   0	90.8	66.0	 629	OK
1378	   0	91.2	63.2	 624	OK
1379	   0	94.8	68.3	 592	OK
1380	   0	95.0	75.2	 597	OK
1381	   0	98.3	77.3	 606	OK
1382	   0	100.8	66.6	 618	OK
1383	   0	93.2	68.0	 614	OK
1384	   0	89.5	76.6	 626	OK
1385	   0	93.8	81.0	 605	OK
1386	   0	96.9	70.9	 610	OK
1387	   0	91.6	71.8	 613	OK
1388	   0	94.9	102.1	 609	OK
1389	   0	96.7	76.0	 607	OK
1390	   0	89.6	63.6	 619	OK
1391	   0	91.6	69.7	 645	OK
1392	   0	95.1	64.1	 604	OK
1393	   0	86.9	101.9	 591	OK
1394	   0	86.9	74.1	 637	OK
1395	   0	93.9	68.3	 599	OK
1396	   0	91.7	89.9	 636	OK
1397	   0	90.2	72.7	 616	OK
1398	   0	86.0	90.7	 625	OK
1399	   0	89.7	60.2	 636	OK
1400	   0	85.3	76.6	 663	OK
1401	   0	88.7	73.4	 625	OK
1402	   0	88.5	46.3	 599	OK
1403	   0	93.1	57.3	 601	OK
1404	   0	89.8	73.9	 639	OK
1405	   0	97.8	66.3	 634	OK
1406	   0	90.5	57.0	 606	OK
1407	   0	102.6	65.0	 583	OK
1408	   0	83.4	75.2	 635	OK
1409	   0	84.2	55.6	 640	OK
1410	   0	89.1	67.1	 606	OK
1411	   0	82.0	71.5	 602	OK
1412	   0	82.4	62.0	 657	OK
1413	   0	80.7	69.6	 674	OK
1414	   0	85.9	74.0	 668	OK
1415	   0	88.8	70.2	 635	OK
1416	   0	81.9	78.9	 625	OK
1417	   0	86.6	76.9	 616	OK
1418	   0	89.1	72.2	 644	OK
1419	   0	86.3	67.8	 613	OK
1420	   0	80.8	75.7	 634	OK
1421	   0	92.4	64.0	 602	OK
1422	   0	77.8	51.1	 682	OK
1423	   0	80.5	94.4	 680	OK
1424	   0	78.7	60.0	 655	OK
1425	   0	86.8	72.6	 621	OK
1426	   0	75.7	110.1	 670	OK
1427	   0	87.5	61.8	 660	OK
1428	   0	85.4	61.3	 668	OK
1429	   0	87.6	64.1	 650	OK
1430	   0	85.6	59.0	 655	OK
1431	   0	85.0	63.0	 626	OK
1432	   0	83.5	76.5	 649	OK
1433	   0	87.4	71.5	 639	OK
1434	   0	79.1	47.2	 674	OK
1435	   0	88.9	71.4	 640	OK
1436	   0	86.5	54.4	 692	OK
1437	   0	79.0	88.0	 635	OK
1438	   0	80.3	95.3	 686	OK
1439	   0	87.3	75.1	 619	OK
1440	   0	88.0	78.0	 594	OK
1441	   0	88.2	76.7	 628	OK
1442	   0	91.1	75.8	 599	OK
1443	   0	78.9	70.3	 678	OK
1444	   0	89.6	52.2	 630	OK
1445	   0	75.9	59.2	 696	OK
1446	   0	81.9	56.7	 626	OK
1447	   0	91.3	73.1	 629	OK
1448	   0	83.1	66.1	 672	OK
1449	   0	89.2	89.9	 661	OK
1450	   0	84.8	55.7	 654	OK
1451	   0	83.9	84.1	 633	OK
1452	   0	86.2	74.6	 662	OK
1453	   0	88.5	62.6	 671	OK
1454	   0	85.6	74.4	 665	OK
1455	   0	83.1	81.2	 652	OK
1456	   0	89.1	81.6	 669	OK
1457	   0	91.4	80.0	 641	OK
1458	   0	87.1	86.9	 661	OK
1459	   0	86.6	89.8	 622	OK
1460	   0	85.4	55.3	 671	OK
1461	   0	84.4	78.4	 667	OK
1462	   0	85.6	90.5	 717	OK
1463	   0	87.4	79.8	 643	OK
1464	   0	92.1	67.8	 661	OK
1465	   0	83.7	71.0	 649	OK
1466	   0	85.4	76.0	 650	OK
1467	   0	83.9	65.0	 691	OK
1468	   0	85.6	79.0	 651	OK
1469	   0	85.5	62.8	 668	OK
1470	   0	83.9	54.2	 692	OK
1471	   0	92.0	85.1	 678	OK
1472	   0	81.8	78.4	 660	OK
1473	   0	88.0	87.4	 646	OK
1474	   0	88.3	69.6	 648	OK
1475	   0	84.6	68.9	 632	OK
1476	   0	80.6	83.6	 658	OK
1477	   0	83.6	58.1	 695	OK
1478	   0	80.9	71.0	 674	OK
1479	   0	86.7	62.6	 614	OK
1480	   0	84.1	81.5	 675	OK
1481	   0	86.5	77.1	 621	OK
1482	   0	84.2	77.4	 667	OK
1483	   0	91.7	65.2	 657	OK
1484	   0	89.1	61.9	 641	OK
1485	   0	86.6	57.2	 638	OK
1486	   0	90.0	71.0	 621	OK
1487	   0	86.5	78.6	 648	OK
1488	   0	81.9	65.2	 667	OK
1489	   0	75.0	66.8	 701	OK
1490	   0	87.4	85.9	 645	OK
1491	   0	85.3	47.1	 643	OK
1492	   0	88.2	88.4	 636	OK
1493	   0	82.3	86.2	 671	OK
1494	   0	86.5	70.2	 644	OK
1495	   0	84.7	72.7	 637	OK
1496	   0	89.7	76.0	 635	OK
1497	   0	86.9	60.5	 664	OK
1498	   0	80.5	66.0	 668	OK
1499	   0	80.1	61.6	 683	OK
1500	   0	93.9	55.1	 646	OK
1501	   0	85.1	72.5	 634	OK
1502	   0	88.9	65.4	 655	OK
1503	   0	88.1	77.4	 657	OK
1504	   0	88.1	79.1	 657	OK
1505	   0	91.4	46.7	 629	OK
1506	   0	81.1	88.1	 640	OK
1507	   0	84.1	67.0	 679	OK
1508	   0	93.3	70.0	 634	OK
1509	   0	91.2	43.7	 651	OK
1510	   0	87.9	61.4	 628	OK
1511	   0	82.1	33.5	 633	OK
1512	   0	82.6	81.6	 605	OK
1513	   0	85.2	69.8	 616	OK
1514	   0	81.6	67.2	 665	OK
1515	   0	88.9	61.7	 645	OK
1516	   0	85.3	73.5	 640	OK
1517	   0	88.2	58.1	 628	OK
1518	   0	85.1	49.8	 648	OK
1519	   0	85.6	76.3	 659	OK
1520	   0	83.8	51.4	 676	OK
1521	   0	81.1	83.6	 675	OK
1522	   0	88.5	61.8	 625	OK
1523	   0	80.2	65.6	 647	OK
1524	   0	87.1	81.4	 626	OK
1525	   0	87.8	62.8	 631	OK
1526	   0	85.7	77.3	 643	OK
1527	   0	77.6	53.4	 671	OK
1528	   0	86.7	98.6	 685	OK
1529	   0	86.8	74.0	 663	OK
1530	   0	84.7	71.6	 603	OK
1531	   0	86.3	65.4	 645	OK
1532	   0	87.3	69.3	 639	OK
1533	   0	83.8	71.9	 657	OK
1534	   0	82.2	80.6	 668	OK
1535	   0	89.0	73.9	 638	OK
1536	   0	89.3	48.5	 637	OK
1537	   0	94.7	50.0	 653	OK
1538	   0	83.3	74.6	 662	OK
1539	   0	88.4	79.0	 675	OK
1540	   0	86.6	72.1	 665	OK
1541	   0	89.3	70.8	 645	OK
1542	   0	94.5	55.3	 626	OK
1543	   0	90.9	50.1	 654	OK
1544	   0	87.8	69.5	 666	OK
1545	   0	94.0	48.9	 629	OK
1546	   0	84.9	77.2	 669	OK
1547	   0	87.3	72.6	 640	OK
1548	   0	92.6	86.9	 608	OK
1549	   0	88.3	45.1	 647	OK
1550	   0	92.5	77.0	 656	OK
1551	   0	86.1	89.1	 669	OK
1552	   0	95.1	79.6	 625	OK
1553	   0	88.5	58.5	 614	OK
1554	   0	89.7	67.2	 678	OK
1555	   0	88.8	84.3	 634	OK
1556	   0	82.0	67.8	 654	OK
1557	   0	85.3	70.4	 635	OK
1558	   0	82.8	69.0	 647	OK
1559	   0	86.6	70.6	 641	OK
1560	   0	89.0	73.0	 665	OK
1561	   0	83.7	63.3	 629	OK
1562	   0	95.5	47.9	 621	OK
1563	   0	97.6	71.0	 615	OK
1564	   0	91.3	57.2	 630	OK
1565	   0	96.4	75.0	 624	OK
1566	   0	85.3	95.2	 674	OK
1567	   0	87.7	66.2	 629	OK
1568	   0	82.5	79.6	 684	OK
1569	   0	88.2	77.8	 614	OK
1570	   0	92.8	64.1	 601	OK
1571	   0	89.7	78.2	 614	OK
1572	   0	88.3	67.2	 635	OK
1573	   0	95.2	60.6	 627	OK
1574	   0	88.8	65.0	 649	OK
1575	   0	93.7	26.7	 611	OK
1576	   0	85.4	80.7	 623	OK
1577	   0	91.5	55.1	 649	OK
1578	   0	90.8	68.6	 654	OK
1579	   0	82.3	66.9	 658	OK
1580	   0	94.2	72.4	 663	OK
1581	   0	87.3	53.2	 602	OK
1582	   0	93.5	87.1	 647	OK
1583	   0	79.3	61.1	 706	OK
1584	   0	82.2	63.3	 675	OK
1585	   0	84.1	57.0	 664	OK
1586	   0	86.4	76.8	 691	OK
1587	   0	86.5	40.3	 668	OK
1588	   0	92.1	75.2	 647	OK
1589	   0	85.7	68.7	 637	OK
1590	   0	90.1	75.6	 630	OK
1591	   0	82.1	118.8	 651	OK
1592	   0	88.6	70.0	 628	OK
1593	   0	88.0	44.9	 628	OK
1594	   0	91.7	61.7	 641	OK
1595	   0	86.7	73.0	 656	OK
1596	   0	94.3	45.8	 612	OK
1597	   0	92.9	78.0	 594	OK
1598	   0	93.6	108.2	 659	OK
1599	   0	93.3	64.3	 637	OK
1600	   0	94.5	77.4	 653	OK
1601	   0	87.2	82.5	 694	OK
1602	   0	88.3	86.9	 665	OK
1603	   0	90.9	48.8	 679	OK
1604	   0	92.6	68.1	 661	OK
1605	   0	91.8	61.6	 605	OK
1606	   0	89.0	70.4	 674	OK
1607	   0	86.3	75.7	 653	OK
1608	   0	88.6	72.5	 653	OK
1609	   0	85.9	61.7	 669	OK
1610	   0	90.7	79.8	 637	OK
1611	   0	93.5	71.1	 622	OK
1612	   0	94.9	84.9	 627	OK
1613	   0	87.2	64.0	 641	OK
1614	   0	89.8	71.6	 635	OK
1615	   0	87.5	44.6	 623	OK
1616	   0	87.6	67.3	 606	OK
1617	   0	83.7	53.1	 649	OK
1618	   0	88.1	72.6	 640	OK
1619	   0	93.4	84.0	 598	OK
1620	   0	95.6	88.8	 650	OK
1621	   0	92.7	62.8	 627	OK
1622	   0	94.0	54.8	 624	OK
1623	   0	92.4	62.8	 625	OK
1624	   0	81.3	71.4	 652	OK
1625	   0	87.3	65.4	 633	OK
1626	   0	92.5	61.0	 652	OK
1627	   0	89.4	73.1	 628	OK
1628	   0	93.7	58.5	 641	OK
1629	   0	83.4	73.3	 647	OK
1630	   0	88.3	55.4	 639	OK
1631	   0	90.4	64.2	 605	OK
1632	   0	90.1	49.5	 618	OK
1633	   0	81.9	70.0	 613	OK
1634	   0	82.3	64.3	 656	OK
1635	   0	89.7	73.6	 624	OK
1636	   0	86.0	67.6	 641	OK
1637	   0	80.7	56.8	 650	OK
1638	   0	85.5	73.3	 629	OK
1639	   0	90.4	57.0	 621	OK
1640	   0	86.4	64.6	 652	OK
1641	   0	90.1	57.0	 634	OK
1642	   0	85.9	62.6	 649	OK
1643	   0	91.6	65.2	 656	OK
1644	   0	90.7	41.7	 631	OK
1645	   0	84.9	54.2	 663	OK
1646	   0	90.0	61.0	 611	OK
1647	   0	81.7	72.8	 643	OK
1648	   0	81.9	64.7	 651	OK
1649	   0	86.9	64.6	 624	OK
1650	   0	91.1	62.4	 640	OK
1651	   0	91.4	96.0	 633	OK
1652	   0	92.4	53.4	 626	OK
1653	   0	92.5	73.8	 651	OK
1654	   0	89.6	68.7	 639	OK
1655	   0	86.4	72.7	 653	OK
1656	   0	85.9	63.7	 645	OK
1657	   0	90.2	71.6	 621	OK
1658	   0	94.8	84.1	 644	OK
1659	   0	81.6	67.6	 633	OK
1660	   0	91.1	80.4	 660	OK
1661	   0	79.6	68.8	 672	OK
1662	   0	93.4	52.7	 613	OK
1663	   0	88.1	72.3	 657	OK
1664	   0	93.8	80.4	 615	OK
1665	   0	88.4	71.0	 625	OK
1666	   0	86.2	63.1	 713	OK
1667	   0	83.1	92.5	 668	OK
1668	   0	89.1	105.0	 635	OK
1669	   0	88.0	80.2	 659	OK
1670	   0	85.8	72.4	 635	OK
1671	   0	98.7	70.2	 645	OK
1672	   0	87.2	74.5	 670	OK
1673	   0	93.1	58.6	 619	OK
1674	   0	87.6	98.5	 645	OK
1675	   0	78.4	75.5	 734	OK
1676	   0	85.4	72.8	 641	OK
1677	   0	87.2	79.4	 677	OK
1678	   0	89.9	69.3	 634	OK
1679	   0	89.1	68.4	 671	OK
1680	   0	84.3	82.4	 617	OK
1681	   0	95.6	67.7	 631	OK
1682	   0	93.6	75.1	 656	OK
1683	   0	93.1	72.3	 638	OK
1684	   0	84.9	82.3	 702	OK
1685	   0	88.6	62.0	 645	OK
1686	   0	90.7	85.4	 656	OK
1687	   0	95.9	102.0	 605	OK
1688	   0	91.6	80.0	 645	OK
1689	   0	92.9	61.6	 665	OK
1690	   0	80.8	55.5	 684	OK
1691	   0	84.4	75.7	 649	OK
1692	   0	92.4	100.9	 655	OK
1693	   0	87.4	66.4	 652	OK
1694	   0	91.3	82.9	 632	OK
1695	   0	91.9	74.6	 639	OK
1696	   0	87.8	76.4	 638	OK
1697	   0	84.8	69.6	 679	OK
1698	   0	86.2	95.4	 689	OK
1699	   0	91.6	71.3	 646	OK
1700	   0	89.7	71.9	 622	OK
1701	   0	92.6	73.3	 635	OK
1702	   0	89.8	79.0	 622	OK
1703	   0	90.4	90.2	 632	OK
1704	   0	89.0	78.3	 653	OK
1705	   0	89.8	69.2	 660	OK
1706	   0	91.5	68.8	 642	OK
1707	   0	96.0	57.6	 638	OK
1708	   0	90.4	91.3	 664	OK
1709	   0	87.8	97.9	 680	OK
1710	   0	82.8	58.9	 682	OK
1711	   0	93.7	54.4	 644	OK
1712	   0	90.0	64.0	 652	OK
1713	   0	85.0	77.7	 655	OK
1714	   0	94.0	80.3	 611	OK
1715	   0	89.2	75.6	 654	OK
1716	   0	95.8	89.7	 660	OK
1717	   0	92.6	72.4	 650	OK
1718	   0	92.3	66.9	 639	OK
1719	   0	85.5	83.7	 690	OK
1720	   0	83.5	88.3	 680	OK
1721	   0	91.1	75.9	 651	OK
1722	   0	89.1	51.8	 664	OK
1723	   0	89.2	99.0	 608	OK
1724	   0	92.4	96.6	 637	OK
1725	   0	95.7	82.1	 660	OK
1726	   0	91.0	86.7	 603	OK
1727	   0	91.7	89.4	 622	OK
1728	   0	83.6	86.6	 675	OK
1729	   0	88.7	77.4	 638	OK
1730	   0	85.7	66.7	 660	OK
1731	   0	93.2	78.9	 630	OK
1732	   0	82.2	75.8	 667	OK
1733	   0	93.2	85.4	 651	OK
1734	   0	88.5	69.9	 660	OK
1735	   0	90.5	60.9	 597	OK
1736	   0	93.8	67.8	 637	OK
1737	   0	87.8	71.4	 671	OK
1738	   0	93.2	71.3	 656	OK
1739	   0	88.0	94.1	 644	OK
1740	   0	82.9	77.3	 692	OK
1741	   0	90.6	79.7	 665	OK
1742	   0	89.3	66.6	 634	OK
1743	   0	84.4	78.5	 646	OK
1744	   0	89.6	56.8	 671	OK
1745	   0	96.7	42.7	 631	OK
1746	   0	81.3	105.3	 697	OK
1747	   0	95.0	74.7	 641	OK
1748	   0	88.6	78.8	 666	OK
1749	   0	86.8	91.0	 671	OK
1750	   0	84.9	57.6	 698	OK
1751	   0	91.0	76.4	 666	OK
1752	   0	82.9	63.6	 726	OK
1753	   0	87.9	92.7	 662	OK
1754	   0	94.8	86.3	 620	OK
1755	   0	100.3	91.9	 616	OK
1756	   0	87.1	77.6	 675	OK
1757	   0	85.4	75.3	 668	OK
1758	   0	94.9	92.7	 671	OK
1759	   0	101.4	57.5	 607	OK
1760	   0	95.7	102.2	 629	OK
1761	   0	85.7	106.3	 660	OK
1762	   0	89.7	64.7	 637	OK
1763	   0	84.2	71.4	 675	OK
1764	   0	88.2	60.4	 624	OK
1765	   0	89.1	66.6	 627	OK
1766	   0	96.1	89.4	 613	OK
1767	   0	88.0	75.3	 638	OK
1768	   0	90.4	87.5	 649	OK
1769	   0	94.4	73.3	 614	OK
1770	   0	87.2	70.7	 640	OK
1771	   0	86.3	94.6	 659	OK
1772	   0	91.1	92.1	 664	OK
1773	   0	90.8	65.5	 639	OK
1774	   0	81.6	57.1	 697	OK
1775	   0	85.9	73.3	 677	OK
1776	   0	86.5	90.8	 632	OK
1777	   0	89.5	63.8	 609	OK
1778	   0	91.2	79.0	 633	OK
1779	   0	82.9	84.0	 644	OK
1780	   0	88.3	88.2	 669	OK
1781	   0	87.1	90.3	 666	OK
1782	   0	84.5	63.2	 689	OK
1783	   0	88.2	72.7	 642	OK
1784	   0	99.2	80.7	 627	OK
1785	   0	85.7	68.0	 653	OK
1786	   0	94.0	81.7	 640	OK
1787	   0	92.3	88.3	 626	OK
1788	   0	93.5	89.6	 646	OK
1789	   0	87.5	79.0	 622	OK
1790	   0	87.1	78.5	 648	OK
1791	   0	86.2	84.8	 648	OK
1792	   0	81.2	58.1	 704	OK
1793	   0	79.6	69.3	 685	OK
1794	   0	81.3	71.8	 707	OK
1795	   0	87.0	57.6	 639	OK
1796	   0	83.7	58.6	 668	OK
1797	   0	80.2	64.4	 676	OK
1798	   0	84.6	79.4	 673	OK
1799	   0	80.7	73.3	 680	OK
1800	   0	81.1	78.6	 707	OK
1801	   0	84.0	76.4	 657	OK
1802	   0	81.6	56.9	 653	OK
1803	   0	79.3	93.4	 698	OK
1804	   0	79.4	66.7	 714	OK
1805	   0	89.2	69.4	 663	OK
1806	   0	82.8	54.3	 672	OK
1807	   0	82.2	49.2	 649	OK
1808	   0	82.4	95.9	 689	OK
1809	   0	87.6	70.0	 674	OK
1810	   0	83.3	66.2	 714	OK
1811	   0	79.2	93.2	 690	OK
1812	   0	83.8	66.3	 664	OK
1813	   0	78.6	67.3	 685	OK
1814	   0	85.1	64.7	 649	OK
1815	   0	78.3	72.9	 664	OK
1816	   0	77.8	77.0	 728	OK
1817	   0	82.7	63.2	 699	OK
1818	   0	79.6	80.0	 690	OK
1819	   0	82.0	81.9	 665	OK
1820	   0	87.1	61.5	 671	OK
1821	   0	88.1	59.7	 642	OK
1822	   0	87.8	69.3	 642	OK
1823	   0	82.4	54.9	 653	OK
1824	   0	85.7	84.7	 666	OK
1825	   0	80.7	86.1	 668	OK
1826	   0	77.7	66.7	 683	OK
1827	   0	74.4	60.8	 725	OK
1828	   0	78.9	59.4	 688	OK
1829	   0	85.8	98.2	 640	OK
1830	   0	77.7	60.0	 698	OK
1831	   0	76.0	47.0	 652	OK
1832	   0	80.7	83.1	 653	OK
1833	   0	83.0	38.4	 678	OK
1834	   0	87.9	64.9	 625	OK
1835	   0	80.3	82.1	 644	OK
1836	   0	77.6	57.6	 714	OK
1837	   0	81.9	62.4	 672	OK
1838	   0	78.0	47.4	 723	OK
1839	   0	80.6	61.2	 726	OK
1840	   0	84.0	80.3	 676	OK
1841	   0	82.0	58.4	 672	OK
1842	   0	86.5	64.5	 665	OK
1843	   0	85.6	51.5	 674	OK
1844	   0	85.4	58.1	 657	OK
1845	   0	85.4	83.3	 674	OK
1846	   0	81.8	82.5	 693	OK
1847	   0	82.8	63.2	 668	OK
1848	   0	77.4	56.9	 677	OK
1849	   0	82.6	71.0	 657	OK
1850	   0	85.6	78.6	 686	OK
1851	   0	82.8	84.3	 665	OK
1852	   0	86.5	94.3	 682	OK
1853	   0	84.2	63.4	 677	OK
1854	   0	83.2	57.9	 693	OK
1855	   0	76.4	92.9	 666	OK
1856	   0	89.0	83.6	 677	OK
1857	   0	80.2	76.7	 681	OK
1858	   0	82.8	82.1	 695	OK
1859	   0	84.4	50.8	 735	OK
1860	   0	81.9	56.9	 665	OK
1861	   0	77.4	70.5	 670	OK
1862	   0	81.7	88.7	 684	OK
1863	   0	90.6	98.6	 669	OK
1864	   0	85.1	70.2	 690	OK
1865	   0	83.5	60.9	 686	OK
1866	   0	82.1	59.7	 680	OK
1867	   0	78.1	57.3	 699	OK
1868	   0	84.4	78.2	 665	OK
1869	   0	81.0	50.0	 674	OK
1870	   0	87.4	71.8	 659	OK
1871	   0	84.3	74.9	 661	OK
1872	   0	76.8	71.4	 691	OK
1873	   0	88.6	49.6	 662	OK
1874	   0	89.6	76.1	 695	OK
1875	   0	76.5	64.6	 703	OK
1876	   0	85.5	86.4	 633	OK
1877	   0	78.8	54.8	 649	OK
1878	   0	82.6	46.3	 673	OK
1879	   0	78.6	66.2	 683	OK
1880	   0	87.4	68.2	 665	OK
1881	   0	87.0	55.1	 695	OK
1882	   0	79.4	80.0	 711	OK
1883	   0	79.2	69.2	 693	OK
1884	   0	76.8	48.7	 695	OK
1885	   0	85.4	59.3	 664	OK
1886	   0	80.9	87.5	 678	OK
1887	   0	82.6	38.5	 662	OK
1888	   0	85.4	77.3	 611	OK
1889	   0	84.3	68.4	 674	OK
1890	   0	82.1	88.5	 671	OK
1891	   0	83.3	69.2	 686	OK
1892	   0	84.8	65.7	 678	OK
1893	   0	79.5	57.1	 653	OK
1894	   0	78.7	76.2	 667	OK
1895	   0	84.2	76.2	 674	OK
1896	   0	76.4	82.1	 708	OK
1897	   0	80.2	56.7	 692	OK
1898	   0	84.4	74.9	 652	OK
1899	   0	83.0	84.3	 668	OK
1900	   0	82.0	67.5	 670	OK
1901	   0	83.8	77.1	 673	OK
1902	   0	83.3	67.6	 694	OK
1903	   0	76.0	52.7	 687	OK
1904	   0	78.0	83.4	 668	OK
1905	   0	81.8	82.3	 652	OK
1906	   0	85.8	71.6	 633	OK
1907	   0	89.0	51.8	 658	OK
1908	   0	81.9	71.2	 669	OK
1909	   0	80.2	68.2	 710	OK
1910	   0	85.5	90.6	 670	OK
1911	   0	92.5	97.0	 647	OK
1912	   0	77.9	76.8	 664	OK
1913	   0	81.9	67.0	 684	OK
1914	   0	81.5	79.8	 700	OK
1915	   0	83.1	70.4	 673	OK
1916	   0	81.7	81.6	 734	OK
1917	   0	81.6	87.4	 691	OK
1918	   0	81.8	75.1	 651	OK
1919	   0	78.9	54.7	 664	OK
1920	   0	79.6	87.7	 629	OK
1921	   0	87.3	52.1	 662	OK
1922	   0	82.0	88.1	 669	OK
1923	   0	86.4	76.3	 660	OK
1924	   0	84.3	51.8	 678	OK
1925	   0	81.9	54.0	 664	OK
1926	   0	87.2	73.3	 691	OK
1927	   0	82.9	81.9	 679	OK
1928	   0	90.3	72.2	 640	OK
1929	   0	82.7	73.7	 649	OK
1930	   0	85.5	67.7	 690	OK
1931	   0	86.8	86.7	 638	OK
1932	   0	77.3	79.4	 700	OK
1933	   0	88.1	70.1	 681	OK
1934	   0	82.6	68.8	 659	OK
1935	   0	92.0	66.7	 636	OK
1936	   0	78.8	60.8	 682	OK
1937	   0	81.3	86.2	 652	OK
1938	   0	91.0	89.4	 689	OK
1939	   0	80.8	74.8	 687	OK
1940	   0	86.6	55.4	 696	OK
1941	   0	85.4	69.9	 693	OK
1942	   0	78.2	84.1	 649	OK
1943	   0	87.0	64.7	 698	OK
1944	   0	81.1	64.8	 698	OK
1945	   0	82.7	86.7	 696	OK
1946	   0	83.7	82.2	 659	OK
1947	   0	78.6	54.4	 652	OK
1948	   0	84.8	54.9	 631	OK
1949	   0	86.8	56.6	 700	OK
1950	   0	86.5	87.8	 635	OK
1951	   0	81.9	83.8	 688	OK
1952	   0	79.5	64.4	 683	OK
1953	   0	78.3	87.1	 684	OK
1954	   0	89.6	57.5	 676	OK
1955	   0	80.0	74.1	 688	OK
1956	   0	90.5	67.4	 664	OK
1957	   0	82.5	60.9	 690	OK
1958	   0	91.8	81.3	 661	OK
1959	   0	89.0	79.4	 651	OK
1960	   0	87.0	72.6	 655	OK
1961	   0	88.3	73.7	 678	OK
1962	   0	89.4	67.3	 668	OK
1963	   0	84.3	74.6	 704	OK
1964	   0	78.8	59.7	 660	OK
1965	   0	93.6	79.5	 661	OK
1966	   0	83.3	53.4	 691	OK
1967	   0	89.2	63.5	 675	OK
1968	   0	86.5	56.2	 664	OK
1969	   0	92.0	79.0	 657	OK
1970	   0	86.6	90.0	 686	OK
1971	   0	86.7	66.6	 625	OK
1972	   0	94.4	92.7	 665	OK
1973	   0	90.7	57.5	 665	OK
1974	   0	87.2	80.7	 661	OK
1975	   0	87.0	85.9	 673	OK
1976	   0	87.6	100.6	 661	OK
1977	   0	82.2	61.6	 690	OK
1978	   0	84.6	74.9	 678	OK
1979	   0	91.7	67.2	 669	OK
1980	   0	89.2	62.8	 633	OK
1981	   0	91.5	93.2	 690	OK
1982	   0	86.6	54.5	 672	OK
1983	   0	90.5	71.3	 660	OK
1984	   0	80.8	47.8	 684	OK
1985	   0	86.7	62.5	 686	OK
1986	   0	88.5	85.0	 658	OK
1987	   0	88.3	65.8	 615	OK
1988	   0	83.3	62.4	 674	OK
1989	   0	91.6	47.1	 660	OK
1990	   0	85.4	97.6	 695	OK
1991	   0	84.8	55.6	 666	OK
1992	   0	78.4	70.8	 690	OK
1993	   0	81.4	63.9	 683	OK
1994	   0	83.6	80.4	 687	OK
1995	   0	79.0	60.6	 708	OK
1996	   0	83.6	94.3	 706	OK
1997	   0	87.4	71.0	 647	OK
1998	   0	87.7	75.4	 646	OK
1999	   0	87.7	57.6	 664	OK
2000	   0	85.7	57.5	 663	OK
2001	   0	81.6	55.8	 648	OK
2002	   0	91.2	56.2	 645	OK
2003	   0	88.3	64.7	 664	OK
2004	   0	86.6	79.4	 662	OK
2005	   0	82.1	56.3	 686	OK
2006	   0	81.7	100.2	 688	OK
2007	   0	80.6	91.4	 660	OK
2008	   0	79.0	82.4	 676	OK
2009	   0	82.3	65.1	 660	OK
2010	   0	84.1	65.3	 660	OK
2011	   0	89.8	79.4	 661	OK
2012	   0	92.5	61.4	 645	OK
2013	   0	85.7	51.0	 647	OK
2014	   0	81.3	75.0	 677	OK
2015	   0	85.1	77.2	 705	OK
2016	   0	78.8	58.7	 678	OK
2017	   0	81.5	73.3	 642	OK
2018	   0	87.8	69.6	 678	OK
2019	   0	84.3	80.1	 633	OK
2020	   0	86.3	62.0	 649	OK
2021	   0	86.6	55.2	 680	OK
2022	   0	78.2	68.5	 681	OK
2023	   0	82.8	88.3	 667	OK
2024	   0	81.3	58.2	 693	OK
2025	   0	85.4	91.2	 642	OK
2026	   0	87.1	81.5	 633	OK
2027	   0	85.5	54.3	 666	OK
2028	   0	79.4	45.4	 643	OK
2029	   0	80.4	46.0	 653	OK
2030	   0	80.8	74.1	 672	OK
2031	   0	86.2	74.0	 655	OK
2032	   0	83.9	96.1	 663	OK
2033	   0	86.6	69.2	 652	OK
2034	   0	80.9	62.0	 676	OK
2035	   0	81.9	59.2	 683	OK
2036	   0	76.3	62.1	 691	OK
2037	   0	87.7	65.1	 648	OK
2038	   0	85.0	83.4	 681	OK
2039	   0	85.9	76.2	 678	OK
2040	   0	86.3	82.4	 635	OK
2041	   0	92.8	93.8	 631	OK
2042	   0	82.6	49.2	 679	OK
2043	   0	93.7	63.3	 643	OK
2044	   0	90.8	82.5	 623	OK
2045	   0	85.0	80.9	 669	OK
2046	   0	86.3	57.0	 678	OK
2047	   0	88.0	48.0	 644	OK
2048	   0	83.5	69.1	 669	OK
2049	   0	78.7	62.3	 661	OK
2050	   0	81.1	83.4	 683	OK
2051	   0	78.0	60.1	 673	OK
2052	   0	79.0	87.6	 714	OK
2053	   0	80.6	67.4	 672	OK
2054	   0	83.8	63.8	 653	OK
2055	   0	92.2	61.1	 633	OK
2056	   0	72.3	79.9	 709	OK
2057	   0	87.0	69.4	 625	OK
2058	   0	76.3	61.0	 701	OK
2059	   0	88.2	76.5	 626	OK
2060	   0	79.6	75.6	 677	OK
2061	   0	79.4	66.6	 680	OK
2062	   0	80.3	63.4	 728	OK
2063	   0	82.5	44.8	 692	OK
2064	   0	83.5	68.2	 666	OK
2065	   0	77.6	78.2	 671	OK
2066	   0	75.2	79.7	 644	OK
2067	   0	81.1	85.8	 694	OK
2068	   0	75.5	43.6	 717	OK
2069	   0	83.1	55.6	 638	OK
2070	   0	82.7	64.4	 698	OK
2071	   0	81.0	77.4	 661	OK
2072	   0	77.2	63.6	 708	OK
2073	   0	81.9	55.0	 677	OK
2074	   0	85.3	61.9	 664	OK
2075	   0	81.7	59.9	 650	OK
2076	   0	75.8	79.0	 662	OK
2077	   0	82.4	67.5	 704	OK
2078	   0	81.3	61.2	 663	OK
2079	   0	82.2	58.2	 664	OK
2080	   0	81.1	65.3	 660	OK
2081	   0	84.3	46.3	 662	OK
2082	   0	85.5	51.4	 639	OK
2083	   0	79.5	74.9	 657	OK
2084	   0	80.6	67.1	 663	OK
2085	   0	87.3	78.7	 679	OK
2086	   0	74.8	60.9	 728	OK
2087	   0	79.7	69.9	 675	OK
2088	   0	79.2	75.8	 672	OK
2089	   0	81.0	62.8	 651	OK
2090	   0	87.7	60.4	 672	OK
2091	   0	80.3	75.7	 655	OK
2092	   0	86.1	50.8	 634	OK
2093	   0	78.9	56.0	 706	OK
2094	   0	78.7	71.4	 683	OK
2095	   0	82.6	53.7	 658	OK
2096	   0	83.2	43.8	 698	OK
2097	   0	81.2	61.9	 676	OK
2098	   0	78.3	66.3	 681	OK
2099	   0	81.1	72.0	 695	OK
2100	   0	82.5	77.0	 651	OK
2101	   0	89.8	98.1	 671	OK
2102	   0	82.8	89.1	 664	OK
2103	   0	85.0	73.2	 676	OK
2104	   0	82.1	52.7	 660	OK
2105	   0	87.5	79.9	 637	OK
2106	   0	74.8	86.2	 714	OK
2107	   0	83.6	76.8	 690	OK
2108	   0	88.1	44.8	 636	OK
2109	   0	81.0	53.1	 669	OK
2110	   0	85.0	49.6	 631	OK
2111	   0	81.6	71.9	 710	OK
2112	   0	87.0	66.8	 644	OK
2113	   0	78.3	61.2	 700	OK
2114	   0	80.0	55.1	 661	OK
2115	   0	88.5	70.7	 659	OK
2116	   0	82.6	69.1	 641	OK
2117	   0	85.3	63.0	 676	OK
2118	   0	77.5	56.4	 703	OK
2119	   0	74.2	39.8	 702	OK
2120	   0	83.8	33.8	 687	OK
2121	   0	78.4	102.0	 673	OK
2122	   0	84.6	11.0	 652	OK
2123	   0	82.1	69.2	 695	OK
2124	   0	88.7	93.6	 677	OK
2125	   0	74.8	63.3	 666	OK
2126	   0	80.3	68.6	 684	OK
2127	   0	79.5	77.2	 697	OK
2128	   0	86.5	54.5	 685	OK
2129	   0	83.7	54.3	 657	OK
2130	   0	79.6	33.2	 712	OK
2131	   0	80.7	37.5	 649	OK
2132	   0	82.7	72.9	 622	OK
2133	   0	79.1	60.7	 664	OK
2134	   0	83.2	41.8	 686	OK
2135	   0	82.9	74.3	 643	OK
2136	   0	79.1	73.0	 698	OK
2137	   0	73.2	61.8	 683	OK
2138	   0	77.5	65.8	 676	OK
2139	   0	81.9	40.4	 669	OK
2140	   0	77.8	47.0	 682	OK
2141	   0	82.6	83.7	 665	OK
2142	   0	79.6	81.2	 643	OK
2143	   0	80.0	77.2	 717	OK
2144	   0	83.5	65.6	 653	OK
2145	   0	79.2	75.7	 682	OK
2146	   0	78.0	69.1	 678	OK
2147	   0	86.6	86.7	 667	OK
2148	   0	80.2	42.2	 657	OK
2149	   0	78.2	64.5	 673	OK
2150	   0	75.1	80.3	 695	OK
2151	   0	81.3	38.8	 643	OK
2152	   0	84.6	76.8	 660	OK
2153	   0	93.6	81.1	 644	OK
2154	   0	84.3	49.4	 661	OK
2155	   0	80.3	76.3	 612	OK
2156	   0	84.5	54.0	 698	OK
2157	   0	87.0	87.6	 653	OK
2158	   0	75.2	57.2	 675	OK
2159	   0	76.5	84.3	 694	OK
2160	   0	82.1	70.1	 670	OK
2161	   0	79.9	54.6	 681	OK
2162	   0	81.8	47.0	 638	OK
2163	   0	82.9	57.2	 687	OK
2164	   0	82.8	90.2	 654	OK
2165	   0	76.9	67.3	 674	OK
2166	   0	84.9	70.7	 650	OK
2167	   0	85.2	73.3	 683	OK
2168	   0	79.7	68.7	 672	OK
2169	   0	81.0	65.2	 623	OK
2170	   0	82.3	55.0	 686	OK
2171	   0	83.0	59.4	 665	OK
2172	   0	83.0	59.0	 660	OK
2173	   0	71.9	77.5	 661	OK
2174	   0	83.9	78.2	 628	OK
2175	   0	81.1	75.2	 621	OK
2176	   0	72.4	78.5	 771	OK
2177	   0	70.7	58.3	 729	OK
2178	   0	72.2	54.5	 738	OK
2179	   0	68.7	76.8	 782	OK
2180	   0	76.2	47.1	 725	OK
2181	   0	79.3	62.6	 686	OK
2182	   0	65.6	69.6	 749	OK
2183	   0	68.9	50.4	 739	OK
2184	   0	72.7	77.2	 731	OK
2185	   0	72.6	92.3	 717	OK
2186	   0	76.5	84.7	 723	OK
2187	   0	73.9	64.5	 752	OK
2188	   0	70.8	65.5	 728	OK
2189	   0	75.5	81.7	 707	OK
2190	   0	72.3	61.9	 725	OK
2191	   0	79.4	57.4	 697	OK
2192	   0	72.9	60.5	 736	OK
2193	   0	75.5	85.7	 730	OK
2194	   0	69.9	79.5	 783	OK
2195	   0	72.6	84.1	 715	OK
2196	   0	65.2	62.7	 766	OK
2197	   0	66.5	49.8	 744	OK
2198	   0	68.8	85.2	 732	OK
2199	   0	73.8	60.1	 720	OK
2200	   0	77.9	83.6	 750	OK
2201	   0	68.1	64.6	 731	OK
2202	   0	74.4	80.1	 706	OK
2203	   0	68.4	71.6	 733	OK
2204	   0	73.7	86.7	 757	OK
2205	   0	67.3	55.6	 740	OK
2206	   0	73.5	61.4	 748	OK
2207	   0	73.4	44.8	 722	OK
2208	   0	64.6	51.6	 814	OK
2209	   0	67.5	58.3	 810	OK
2210	   0	67.7	65.3	 712	OK
2211	   0	76.4	70.9	 730	OK
2212	   0	75.6	52.5	 732	OK
2213	   0	69.8	63.4	 731	OK
2214	   0	73.2	73.5	 737	OK
2215	   0	74.1	57.7	 747	OK
2216	   0	77.6	72.5	 710	OK
2217	   0	69.8	60.4	 750	OK
2218	   0	76.3	44.1	 730	OK
2219	   0	65.6	70.9	 777	OK
2220	   0	72.2	62.1	 763	OK
2221	   0	70.9	37.3	 767	OK
2222	   0	67.6	55.5	 738	OK
2223	   0	71.9	63.3	 702	OK
2224	   0	72.7	79.5	 730	OK
2225	   0	78.8	81.2	 719	OK
2226	   0	71.3	82.0	 796	OK
2227	   0	78.3	74.6	 709	OK
2228	   0	79.5	50.5	 704	OK
2229	   0	78.5	74.0	 695	OK
2230	   0	76.2	73.1	 758	OK
2231	   0	74.6	71.9	 743	OK
2232	   0	77.1	88.2	 769	OK
2233	   0	84.5	45.8	 679	OK
2234	   0	80.6	59.4	 737	OK
2235	   0	77.3	75.0	 730	OK
2236	   0	72.0	76.0	 726	OK
2237	   0	72.3	72.5	 782	OK
2238	   0	68.6	91.7	 775	OK
2239	   0	79.3	60.4	 751	OK
2240	   0	76.7	82.3	 731	OK
2241	   0	72.2	103.2	 761	OK
2242	   0	77.2	80.6	 703	OK
2243	   0	74.3	39.7	 762	OK
2244	   0	73.1	69.9	 735	OK
2245	   0	85.2	67.4	 715	OK
2246	   0	81.3	72.1	 685	OK
2247	   0	73.0	64.5	 710	OK
2248	   0	76.3	80.4	 733	OK
2249	   0	74.4	59.7	 721	OK
2250	   0	72.4	87.9	 728	OK
2251	   0	72.7	57.0	 732	OK
2252	   0	79.1	85.7	 720	OK
2253	   0	70.8	103.2	 756	OK
2254	   0	77.3	75.1	 722	OK
2255	   0	75.8	71.0	 760	OK
2256	   0	84.2	69.0	 698	OK
2257	   0	78.5	63.8	 707	OK
2258	   0	75.4	34.2	 721	OK
2259	   0	69.3	64.0	 758	OK
2260	   0	70.9	52.5	 732	OK
2261	   0	75.1	76.3	 744	OK
2262	   0	76.4	72.6	 746	OK
2263	   0	78.4	77.8	 738	OK
2264	   0	78.4	89.1	 708	OK
2265	   0	79.2	55.2	 715	OK
2266	   0	74.8	75.2	 721	OK
2267	   0	76.2	70.0	 713	OK
2268	   0	72.2	75.8	 728	OK
2269	   0	76.5	74.7	 719	OK
2270	   0	70.8	60.4	 749	OK
2271	   0	74.0	50.6	 724	OK
2272	   0	76.4	85.5	 700	OK
2273	   0	81.8	97.7	 685	OK
2274	   0	66.4	92.0	 792	OK
2275	   0	75.1	80.5	 729	OK
2276	   0	75.5	65.6	 707	OK
2277	   0	78.8	83.6	 726	OK
2278	   0	77.6	53.9	 731	OK
2279	   0	70.3	51.4	 740	OK
2280	   0	69.4	62.6	 744	OK
2281	   0	77.5	64.6	 705	OK
2282	   0	71.9	75.7	 728	OK
2283	   0	75.9	52.6	 728	OK
2284	   0	75.6	77.3	 732	OK
2285	   0	76.0	76.2	 716	OK
2286	   0	75.7	65.3	 709	OK
2287	   0	79.8	55.9	 730	OK
2288	   0	75.2	85.9	 721	OK
2289	   0	74.7	36.5	 771	OK
2290	   0	75.2	94.1	 719	OK
2291	   0	70.6	90.3	 697	OK
2292	   0	80.8	61.9	 713	OK
2293	   0	80.3	68.6	 681	OK
2294	   0	70.6	67.9	 716	OK
2295	   0	76.0	74.8	 717	OK
2296	   0	76.1	62.6	 745	OK
2297	   0	73.3	70.4	 728	OK
2298	   0	71.9	69.6	 736	OK
2299	   0	77.7	76.4	 706	OK
2300	   0	73.6	60.9	 741	OK
2301	   0	72.6	75.4	 717	OK
2302	   0	69.1	59.4	 768	OK
2303	   0	64.5	77.2	 789	OK
2304	   0	86.8	66.3	 615	OK
2305	   0	92.2	85.6	 663	OK
2306	   0	87.8	96.1	 648	OK
2307	   0	80.6	77.3	 662	OK
2308	   0	85.2	65.3	 642	OK
2309	   0	85.5	87.9	 626	OK
2310	   0	91.7	73.5	 658	OK
2311	   0	88.3	60.5	 669	OK
2312	   0	90.5	82.7	 652	OK
2313	   0	83.4	87.7	 672	OK
2314	   0	88.1	76.9	 649	OK
2315	   0	84.9	88.0	 673	OK
2316	   0	91.4	86.9	 636	OK
2317	   0	85.6	61.9	 656	OK
2318	   0	88.9	72.1	 597	OK
2319	   0	86.7	50.6	 671	OK
2320	   0	89.8	55.9	 633	OK
2321	   0	87.1	73.9	 661	OK
2322	   0	85.1	78.0	 634	OK
2323	   0	78.8	100.3	 678	OK
2324	   0	86.7	77.6	 658	OK
2325	   0	92.2	90.0	 613	OK
2326	   0	93.9	38.7	 633	OK
2327	   0	94.6	81.5	 614	OK
2328	   0	91.5	50.7	 642	OK
2329	   0	86.3	64.4	 649	OK
2330	   0	87.7	77.5	 680	OK
2331	   0	87.8	45.7	 613	OK
2332	   0	91.1	53.4	 636	OK
2333	   0	86.3	72.2	 659	OK
2334	   0	87.7	82.7	 654	OK
2335	   0	87.1	65.6	 643	OK
2336	   0	89.7	75.0	 673	OK
2337	   0	87.7	81.4	 605	OK
2338	   0	92.1	85.7	 640	OK
2339	   0	84.1	88.7	 663	OK
2340	   0	85.9	70.3	 643	OK
2341	   0	91.7	92.1	 644	OK
2342	   0	87.7	66.6	 653	OK
2343	   0	85.5	91.1	 660	OK
2344	   0	82.7	90.6	 723	OK
2345	   0	89.1	89.7	 619	OK
2346	   0	86.5	70.1	 617	OK
2347	   0	85.5	78.7	 685	OK
2348	   0	80.3	83.4	 699	OK
2349	   0	75.9	66.4	 691	OK
2350	   0	88.8	77.6	 625	OK
2351	   0	83.9	57.2	 685	OK
2352	   0	86.7	39.5	 664	OK
2353	   0	87.1	63.4	 641	OK
2354	   0	83.8	38.3	 677	OK
2355	   0	89.3	70.4	 638	OK
2356	   0	81.9	66.8	 674	OK
2357	   0	86.5	78.6	 647	OK
2358	   0	85.1	63.0	 692	OK
2359	   0	77.9	83.8	 699	OK
2360	   0	85.7	66.0	 653	OK
2361	   0	87.4	68.6	 667	OK
2362	   0	81.1	73.1	 697	OK
2363	   0	82.9	77.7	 648	OK
2364	   0	88.2	83.0	 647	OK
2365	   0	85.5	75.4	 684	OK
2366	   0	79.8	73.8	 670	OK
2367	   0	85.8	77.6	 630	OK
2368	   0	85.4	83.2	 652	OK
2369	   0	98.7	69.7	 638	OK
2370	   0	88.5	76.2	 671	OK
2371	   0	91.9	71.4	 650	OK
2372	   0	96.2	84.4	 605	OK
2373	   0	86.2	61.6	 663	OK
2374	   0	82.0	82.7	 614	OK
2375	   0	84.0	72.4	 657	OK
2376	   0	84.6	69.5	 658	OK
2377	   0	89.2	83.8	 620	OK
2378	   0	80.5	76.8	 678	OK
2379	   0	88.8	84.7	 642	OK
2380	   0	87.6	62.5	 629	OK
2381	   0	92.4	63.2	 636	OK
2382	   0	85.9	91.0	 651	OK
2383	   0	88.1	44.0	 648	OK
2384	   0	82.7	56.5	 646	OK
2385	   0	92.9	83.4	 650	OK
2386	   0	82.0	51.5	 661	OK
2387	   0	87.1	48.2	 675	OK
2388	   0	80.2	73.8	 669	OK
2389	   0	93.7	86.2	 616	OK
2390	   0	86.0	85.1	 671	OK
2391	   0	86.7	73.3	 621	OK
2392	   0	84.5	61.8	 651	OK
2393	   0	83.3	74.5	 671	OK
2394	   0	92.7	62.6	 643	OK
2395	   0	93.5	51.3	 613	OK
2396	   0	85.8	56.7	 638	OK
2397	   0	85.5	66.1	 675	OK
2398	   0	86.6	93.6	 640	OK
2399	   0	80.2	81.9	 661	OK
2400	   0	87.0	92.5	 677	OK
2401	   0	85.8	67.7	 651	OK
2402	   0	88.3	62.0	 615	OK
2403	   0	88.1	66.2	 644	OK
2404	   0	90.1	77.6	 643	OK
2405	   0	91.8	47.1	 614	OK
2406	   0	94.9	66.7	 626	OK
2407	   0	86.6	54.8	 649	OK
2408	   0	87.3	37.1	 649	OK
2409	   0	87.0	61.2	 660	OK
2410	   0	83.8	86.4	 656	OK
2411	   0	85.7	87.6	 679	OK
2412	   0	88.5	79.2	 639	OK
2413	   0	89.6	68.5	 637	OK
2414	   0	85.3	87.3	 664	OK
2415	   0	82.4	81.4	 652	OK
2416	   0	81.9	56.1	 696	OK
2417	   0	83.9	46.1	 655	OK
2418	   0	85.5	54.7	 670	OK
2419	   0	82.0	71.9	 652	OK
2420	   0	83.6	74.8	 650	OK
2421	   0	82.4	66.1	 625	OK
2422	   0	88.0	77.2	 611	OK
2423	   0	86.2	81.3	 634	OK
2424	   0	82.1	87.7	 660	OK
2425	   0	89.1	57.5	 613	OK
2426	   0	92.1	70.8	 653	OK
2427	   0	85.5	80.6	 644	OK
2428	   0	85.3	68.8	 665	OK
2429	   0	83.9	62.0	 647	OK
2430	   0	87.0	52.8	 658	OK
2431	   0	95.2	45.0	 604	OK
2432	   0	88.9	83.3	 617	OK
2433	   0	85.5	77.0	 653	OK
2434	   0	85.2	52.7	 664	OK
2435	   0	87.5	64.7	 716	OK
2436	   0	85.5	53.9	 670	OK
2437	   0	85.4	94.4	 699	OK
2438	   0	81.6	75.3	 665	OK
2439	   0	83.8	73.8	 701	OK
2440	   0	86.0	66.1	 637	OK
2441	   0	83.8	66.9	 640	OK
2442	   0	85.3	45.2	 662	OK
2443	   0	83.6	77.9	 667	OK
2444	   0	88.9	81.6	 648	OK
2445	   0	81.2	91.2	 706	OK
2446	   0	80.9	65.0	 686	OK
2447	   0	83.0	66.5	 647	OK
2448	   0	83.5	97.8	 670	OK
2449	   0	86.2	53.7	 696	OK
2450	   0	88.0	79.4	 643	OK
2451	   0	81.8	75.5	 707	OK
2452	   0	81.5	63.4	 667	OK
2453	   0	91.7	86.2	 661	OK
2454	   0	85.8	70.8	 687	OK
2455	   0	80.0	57.9	 660	OK
2456	   0	91.6	100.7	 643	OK
2457	   0	87.4	77.4	 650	OK
2458	   0	80.7	78.2	 686	OK
2459	   0	85.5	69.6	 654	OK
2460	   0	85.2	66.2	 625	OK
2461	   0	91.2	64.6	 644	OK
2462	   0	82.4	65.6	 664	OK
2463	   0	87.3	65.2	 636	OK
2464	   0	86.3	74.3	 665	OK
2465	   0	83.9	74.5	 655	OK
2466	   0	83.5	95.8	 677	OK
2467	   0	80.3	64.7	 653	OK
2468	   0	88.5	59.9	 692	OK
2469	   0	86.3	77.1	 662	OK
2470	   0	85.0	76.9	 644	OK
2471	   0	81.0	82.2	 673	OK
2472	   0	75.3	75.2	 730	OK
2473	   0	84.6	76.8	 693	OK
2474	   0	84.1	65.7	 635	OK
2475	   0	84.4	71.8	 660	OK
2476	   0	84.6	72.3	 663	OK
2477	   0	87.8	60.6	 640	OK
2478	   0	86.1	58.9	 687	OK
2479	   0	82.4	76.0	 689	OK
2480	   0	87.1	66.7	 653	OK
2481	   0	87.7	53.0	 648	OK
2482	   0	98.2	82.2	 698	OK
2483	   0	82.3	91.2	 665	OK
2484	   0	85.5	78.2	 654	OK
2485	   0	86.8	95.2	 690	OK
2486	   0	85.9	73.3	 651	OK
2487	   0	88.2	76.5	 656	OK
2488	   0	88.0	58.1	 659	OK
2489	   0	85.4	71.2	 690	OK
2490	   0	81.8	54.1	 700	OK
2491	   0	86.0	78.0	 684	OK
2492	   0	91.8	80.7	 649	OK
2493	   0	86.5	70.7	 666	OK
2494	   0	89.4	50.4	 671	OK
2495	   0	88.2	114.3	 636	OK
2496	   0	94.0	83.7	 640	OK
2497	   0	94.3	79.0	 630	OK
2498	   0	90.1	74.1	 665	OK
2499	   0	94.1	73.6	 621	OK
2500	   0	86.6	83.1	 670	OK
2501	   0	83.6	103.4	 697	OK
2502	   0	79.0	92.3	 636	OK
2503	   0	78.8	89.4	 693	OK
2504	   0	85.0	72.6	 649	OK
2505	   0	82.8	67.1	 673	OK
2506	   0	88.0	32.7	 685	OK
2507	   0	83.4	103.2	 674	OK
2508	   0	85.9	70.1	 639	OK
2509	   0	90.7	98.4	 635	OK
2510	   0	90.9	65.6	 655	OK
2511	   0	86.8	73.3	 605	OK
2512	   0	86.4	95.0	 689	OK
2513	   0	83.6	60.9	 667	OK
2514	   0	86.5	85.8	 647	OK
2515	   0	91.0	41.2	 646	OK
2516	   0	85.5	89.5	 655	OK
2517	   0	86.8	88.4	 623	OK
2518	   0	79.1	102.0	 698	OK
2519	   0	89.2	69.1	 654	OK
2520	   0	84.1	92.3	 629	OK
2521	   0	88.9	74.0	 668	OK
2522	   0	78.8	84.2	 708	OK
2523	   0	90.7	76.5	 664	OK
2524	   0	88.0	75.0	 632	OK
2525	   0	88.9	70.0	 659	OK
2526	   0	88.6	72.7	 662	OK
2527	   0	81.9	81.7	 676	OK
2528	   0	83.4	70.8	 665	OK
2529	   0	89.7	56.1	 650	OK
2530	   0	86.8	88.5	 642	OK
2531	   0	90.3	77.2	 649	OK
2532	   0	82.3	66.5	 664	OK
2533	   0	91.1	73.1	 653	OK
2534	   0	88.3	90.0	 675	OK
2535	   0	80.5	62.7	 626	OK
2536	   0	87.6	76.9	 639	OK
2537	   0	88.6	77.5	 675	OK
2538	   0	88.3	58.1	 652	OK
2539	   0	87.7	80.7	 671	OK
2540	   0	84.5	71.3	 670	OK
2541	   0	82.4	72.9	 659	OK
2542	   0	85.5	88.3	 686	OK
2543	   0	85.5	48.1	 669	OK
2544	   0	86.7	63.4	 639	OK
2545	   0	88.0	72.2	 657	OK
2546	   0	87.2	70.4	 643	OK
2547	   0	84.8	62.3	 638	OK
2548	   0	82.4	81.6	 684	OK
2549	   0	82.1	59.7	 668	OK
2550	   0	86.9	63.6	 661	OK
2551	   0	86.3	66.9	 663	OK
2552	   0	89.2	65.7	 632	OK
2553	   0	87.7	57.1	 656	OK
2554	   0	87.0	63.0	 658	OK
2555	   0	86.8	62.9	 672	OK
2556	   0	89.8	84.9	 652	OK
2557	   0	94.9	64.6	 614	OK
2558	   0	87.0	82.8	 703	OK
2559	   0	83.7	97.4	 675	OK
