#chan	code	gain	offset	innse	comment
   0	   0	106.6	21.0	 583	OK
   1	   0	110.0	17.0	 564	OK
   2	   0	96.0	35.5	 597	OK
   3	   0	99.3	29.0	 596	OK
   4	   0	90.8	41.3	 605	OK
   5	   0	102.0	27.5	 593	OK
   6	   0	92.6	37.3	 603	OK
   7	   0	106.6	23.6	 572	OK
   8	   0	96.2	34.3	 580	OK
   9	   0	96.0	33.4	 625	OK
  10	   0	98.6	31.1	 593	OK
  11	   0	97.2	34.3	 606	OK
  12	   0	111.7	16.7	 558	OK
  13	   0	95.1	35.4	 594	OK
  14	   0	99.7	29.9	 599	OK
  15	   0	98.8	31.1	 605	OK
  16	   0	95.9	33.4	 620	OK
  17	   0	101.8	26.3	 616	OK
  18	   0	98.1	30.4	 619	OK
  19	   0	103.5	26.3	 609	OK
  20	   0	93.8	35.9	 625	OK
  21	   0	98.4	31.6	 611	OK
  22	   0	102.6	26.9	 609	OK
  23	   0	100.3	29.4	 623	OK
  24	   0	95.9	33.6	 612	OK
  25	   0	101.9	26.5	 607	OK
  26	   0	102.0	26.6	 613	OK
  27	   0	102.2	28.0	 605	OK
  28	   0	106.4	22.3	 584	OK
  29	   0	99.5	29.3	 613	OK
  30	   0	110.2	17.5	 594	OK
  31	   0	97.7	32.0	 602	OK
  32	   0	96.9	33.8	 648	OK
  33	   0	97.2	33.6	 622	OK
  34	   0	98.2	31.2	 626	OK
  35	   0	101.4	26.9	 616	OK
  36	   0	98.0	32.4	 626	OK
  37	   0	95.3	35.4	 636	OK
  38	   0	97.2	33.0	 649	OK
  39	   0	97.6	32.4	 657	OK
  40	   0	102.7	26.0	 634	OK
  41	   0	109.3	19.8	 619	OK
  42	   0	104.5	23.7	 610	OK
  43	   0	99.8	30.7	 612	OK
  44	   0	98.1	31.9	 633	OK
  45	   0	99.0	30.0	 647	OK
  46	   0	105.4	22.4	 612	OK
  47	   0	99.0	32.0	 632	OK
  48	   0	103.1	25.5	 619	OK
  49	   0	95.3	34.1	 663	OK
  50	   0	100.9	27.9	 619	OK
  51	   0	97.9	32.5	 650	OK
  52	   0	103.1	26.3	 653	OK
  53	   0	105.9	23.3	 642	OK
  54	   0	94.6	35.4	 657	OK
  55	   0	104.7	24.7	 643	OK
  56	   0	100.5	28.4	 631	OK
  57	   0	105.6	23.9	 642	OK
  58	   0	103.9	24.5	 629	OK
  59	   0	104.2	25.9	 628	OK
  60	   0	103.7	25.4	 656	OK
  61	   0	104.1	25.0	 646	OK
  62	   0	105.9	23.2	 639	OK
  63	   0	99.6	30.0	 667	OK
  64	   0	106.2	21.6	 637	OK
  65	   0	99.0	31.6	 646	OK
  66	   0	102.9	26.7	 651	OK
  67	   0	109.6	18.8	 620	OK
  68	   0	105.5	25.1	 660	OK
  69	   0	101.9	28.6	 610	OK
  70	   0	109.6	18.9	 635	OK
  71	   0	99.6	30.0	 637	OK
  72	   0	104.5	25.8	 631	OK
  73	   0	97.9	32.5	 655	OK
  74	   0	94.5	35.9	 647	OK
  75	   0	101.9	28.0	 647	OK
  76	   0	109.0	19.1	 660	OK
  77	   0	102.6	25.8	 640	OK
  78	   0	105.2	23.3	 640	OK
  79	   0	107.4	21.1	 648	OK
  80	   0	103.1	25.9	 658	OK
  81	   0	93.1	36.3	 647	OK
  82	   0	96.3	35.1	 657	OK
  83	   0	97.4	34.1	 642	OK
  84	   0	104.8	24.1	 642	OK
  85	   0	100.0	28.7	 641	OK
  86	   0	96.1	33.0	 662	OK
  87	   0	89.7	40.0	 653	OK
  88	   0	99.4	32.1	 651	OK
  89	   0	100.1	30.1	 641	OK
  90	   0	96.8	33.7	 644	OK
  91	   0	99.2	29.7	 649	OK
  92	   0	103.1	26.0	 639	OK
  93	   0	108.0	20.0	 622	OK
  94	   0	92.7	38.8	 660	OK
  95	   0	104.3	24.7	 622	OK
  96	   0	98.1	32.3	 662	OK
  97	   0	98.1	32.2	 660	OK
  98	   0	106.1	23.6	 621	OK
  99	   0	94.9	34.7	 643	OK
 100	   0	97.5	31.7	 656	OK
 101	   0	97.1	33.8	 649	OK
 102	   0	88.1	43.6	 670	OK
 103	   0	97.2	33.5	 640	OK
 104	   0	105.9	22.9	 624	OK
 105	   0	99.9	29.0	 631	OK
 106	   0	101.0	28.3	 652	OK
 107	   0	109.2	19.0	 609	OK
 108	   0	100.9	28.4	 633	OK
 109	   0	95.3	34.8	 646	OK
 110	   0	104.2	25.6	 633	OK
 111	   0	97.5	32.5	 647	OK
 112	   0	106.0	22.2	 640	OK
 113	   0	88.2	44.6	 685	OK
 114	   0	99.6	31.1	 648	OK
 115	   0	99.9	29.3	 634	OK
 116	   0	98.1	30.7	 650	OK
 117	   0	103.8	26.6	 627	OK
 118	   0	100.6	29.2	 604	OK
 119	   0	104.1	24.1	 630	OK
 120	   0	95.6	36.6	 646	OK
 121	   0	101.5	27.4	 632	OK
 122	   0	97.2	32.1	 635	OK
 123	   0	103.4	24.8	 618	OK
 124	   0	108.4	20.4	 618	OK
 125	   0	92.9	38.8	 648	OK
 126	   0	103.9	25.7	 637	OK
 127	   0	96.4	33.7	 647	OK
 128	   0	81.0	52.3	 724	OK
 129	   0	88.9	43.1	 687	OK
 130	   0	88.6	43.7	 683	OK
 131	   0	90.5	41.6	 674	OK
 132	   0	91.7	40.7	 674	OK
 133	   0	81.6	49.8	 699	OK
 134	   0	86.3	46.1	 674	OK
 135	   0	95.2	36.2	 652	OK
 136	   0	88.2	43.4	 713	OK
 137	   0	96.5	33.7	 645	OK
 138	   0	91.1	41.6	 658	OK
 139	   0	90.6	39.4	 662	OK
 140	   0	84.3	49.2	 689	OK
 141	   0	93.0	39.5	 658	OK
 142	   0	89.4	41.7	 673	OK
 143	   0	83.9	48.7	 691	OK
 144	   0	89.0	43.1	 649	OK
 145	   0	89.0	41.2	 683	OK
 146	   0	95.1	35.3	 663	OK
 147	   0	86.4	45.3	 680	OK
 148	   0	87.5	45.5	 675	OK
 149	   0	89.1	41.3	 660	OK
 150	   0	92.3	39.6	 689	OK
 151	   0	86.1	47.8	 669	OK
 152	   0	90.6	40.2	 660	OK
 153	   0	90.7	40.1	 641	OK
 154	   0	95.7	35.0	 664	OK
 155	   0	88.4	42.3	 687	OK
 156	   0	94.9	34.9	 663	OK
 157	   0	95.1	34.7	 658	OK
 158	   0	86.9	44.8	 688	OK
 159	   0	95.4	36.8	 667	OK
 160	   0	93.1	37.3	 655	OK
 161	   0	88.9	43.4	 676	OK
 162	   0	86.9	47.3	 673	OK
 163	   0	85.1	48.4	 668	OK
 164	   0	91.6	40.5	 672	OK
 165	   0	87.8	45.3	 666	OK
 166	   0	93.1	36.8	 678	OK
 167	   0	94.9	35.8	 648	OK
 168	   0	95.0	36.8	 662	OK
 169	   0	91.2	39.0	 689	OK
 170	   0	93.3	37.8	 683	OK
 171	   0	95.0	35.0	 656	OK
 172	   0	85.4	47.0	 674	OK
 173	   0	94.4	36.5	 648	OK
 174	   0	95.3	35.9	 671	OK
 175	   0	91.2	39.9	 685	OK
 176	   0	85.9	45.4	 687	OK
 177	   0	98.9	32.4	 649	OK
 178	   0	91.8	40.5	 652	OK
 179	   0	87.5	43.1	 698	OK
 180	   0	93.8	36.6	 681	OK
 181	   0	90.4	42.8	 674	OK
 182	   0	94.9	36.6	 661	OK
 183	   0	90.7	41.9	 666	OK
 184	   0	92.4	38.2	 679	OK
 185	   0	97.4	31.7	 656	OK
 186	   0	89.1	40.4	 662	OK
 187	   0	102.3	28.5	 663	OK
 188	   0	93.7	36.5	 676	OK
 189	   0	103.3	26.1	 674	OK
 190	   0	94.0	35.1	 677	OK
 191	   0	93.4	38.2	 676	OK
 192	   0	98.1	31.3	 666	OK
 193	   0	94.7	36.1	 663	OK
 194	   0	94.2	36.1	 662	OK
 195	   0	92.4	37.8	 677	OK
 196	   0	103.8	24.5	 629	OK
 197	   0	96.5	32.8	 664	OK
 198	   0	90.6	41.1	 678	OK
 199	   0	101.5	28.2	 636	OK
 200	   0	85.8	47.1	 678	OK
 201	   0	86.3	44.5	 684	OK
 202	   0	91.1	41.3	 670	OK
 203	   0	92.7	39.5	 672	OK
 204	   0	94.3	36.7	 647	OK
 205	   0	99.1	30.9	 664	OK
 206	   0	87.5	44.7	 657	OK
 207	   0	80.9	52.1	 686	OK
 208	   0	97.5	33.5	 625	OK
 209	   0	87.8	42.6	 688	OK
 210	   0	86.8	46.8	 669	OK
 211	   0	89.7	41.5	 670	OK
 212	   0	98.8	32.1	 645	OK
 213	   0	87.0	43.8	 683	OK
 214	   0	91.4	40.5	 656	OK
 215	   0	83.8	47.0	 695	OK
 216	   0	93.8	36.1	 637	OK
 217	   0	98.1	32.2	 635	OK
 218	   0	81.4	50.2	 684	OK
 219	   0	92.5	38.3	 652	OK
 220	   0	87.7	44.6	 668	OK
 221	   0	86.6	43.8	 676	OK
 222	   0	90.7	41.1	 643	OK
 223	   0	95.4	35.2	 639	OK
 224	   0	93.0	37.0	 651	OK
 225	   0	96.3	33.0	 645	OK
 226	   0	90.3	41.2	 668	OK
 227	   0	93.6	36.5	 633	OK
 228	   0	90.6	40.0	 667	OK
 229	   0	94.6	37.0	 638	OK
 230	   0	89.1	42.2	 688	OK
 231	   0	94.4	38.2	 658	OK
 232	   0	88.2	42.1	 653	OK
 233	   0	92.1	37.1	 677	OK
 234	   0	96.3	34.0	 637	OK
 235	   0	89.9	40.9	 666	OK
 236	   0	83.4	50.7	 691	OK
 237	   0	92.2	38.5	 663	OK
 238	   0	91.8	40.7	 667	OK
 239	   0	97.0	32.6	 656	OK
 240	   0	95.5	34.5	 652	OK
 241	   0	97.0	32.2	 653	OK
 242	   0	90.6	42.1	 662	OK
 243	   0	99.0	31.4	 643	OK
 244	   0	86.6	46.1	 639	OK
 245	   0	90.6	41.3	 669	OK
 246	   0	99.5	29.0	 640	OK
 247	   0	94.1	37.3	 628	OK
 248	   0	89.4	42.7	 651	OK
 249	   0	88.9	44.2	 672	OK
 250	   0	85.8	46.7	 697	OK
 251	   0	92.5	39.0	 653	OK
 252	   0	90.6	42.0	 668	OK
 253	   0	89.0	44.9	 669	OK
 254	   0	86.1	47.3	 708	OK
 255	   0	97.0	34.6	 653	OK
 256	   0	92.6	38.4	 690	OK
 257	   0	103.8	26.3	 637	OK
 258	   0	94.7	33.8	 676	OK
 259	   0	97.4	33.6	 649	OK
 260	   0	96.7	32.1	 651	OK
 261	   0	96.5	33.2	 655	OK
 262	   0	92.1	38.4	 683	OK
 263	   0	97.9	33.7	 647	OK
 264	   0	97.1	34.5	 667	OK
 265	   0	92.3	39.0	 659	OK
 266	   0	91.1	41.9	 665	OK
 267	   0	90.2	41.5	 678	OK
 268	   0	93.5	36.5	 659	OK
 269	   0	93.2	37.7	 675	OK
 270	   0	98.6	31.0	 662	OK
 271	   0	100.1	29.8	 651	OK
 272	   0	87.5	46.2	 689	OK
 273	   0	96.9	34.5	 661	OK
 274	   0	92.5	35.9	 664	OK
 275	   0	95.5	33.7	 660	OK
 276	   0	97.1	33.3	 665	OK
 277	   0	97.2	33.3	 655	OK
 278	   0	88.5	44.5	 672	OK
 279	   0	96.3	35.2	 663	OK
 280	   0	98.0	30.1	 641	OK
 281	   0	97.3	34.1	 637	OK
 282	   0	104.1	24.2	 643	OK
 283	   0	92.9	37.1	 668	OK
 284	   0	98.2	31.1	 656	OK
 285	   0	91.7	37.4	 669	OK
 286	   0	93.3	35.8	 658	OK
 287	   0	98.8	30.4	 663	OK
 288	   0	95.4	34.4	 672	OK
 289	   0	97.6	31.7	 653	OK
 290	   0	90.6	41.7	 678	OK
 291	   0	93.5	38.2	 663	OK
 292	   0	89.9	42.2	 683	OK
 293	   0	92.4	38.4	 671	OK
 294	   0	88.2	42.9	 679	OK
 295	   0	94.0	38.7	 634	OK
 296	   0	93.4	37.5	 663	OK
 297	   0	92.3	39.4	 662	OK
 298	   0	94.7	35.6	 680	OK
 299	   0	98.1	29.8	 666	OK
 300	   0	90.5	40.1	 675	OK
 301	   0	98.2	30.9	 652	OK
 302	   0	90.0	39.9	 671	OK
 303	   0	90.7	41.0	 662	OK
 304	   0	98.1	30.8	 637	OK
 305	   0	100.3	29.3	 648	OK
 306	   0	95.2	37.3	 663	OK
 307	   0	87.1	43.4	 654	OK
 308	   0	95.4	34.3	 679	OK
 309	   0	93.5	37.3	 657	OK
 310	   0	98.5	30.6	 652	OK
 311	   0	100.2	29.6	 645	OK
 312	   0	92.1	39.5	 688	OK
 313	   0	90.4	41.0	 678	OK
 314	   0	102.1	26.6	 666	OK
 315	   0	98.9	31.3	 671	OK
 316	   0	91.7	39.4	 683	OK
 317	   0	102.7	26.2	 644	OK
 318	   0	96.3	33.8	 675	OK
 319	   0	101.9	26.8	 650	OK
 320	   0	91.7	39.7	 686	OK
 321	   0	99.2	30.0	 636	OK
 322	   0	104.2	24.1	 649	OK
 323	   0	94.2	36.3	 658	OK
 324	   0	94.0	36.1	 664	OK
 325	   0	92.5	39.0	 676	OK
 326	   0	97.8	30.0	 673	OK
 327	   0	96.8	32.0	 662	OK
 328	   0	90.6	40.6	 668	OK
 329	   0	93.0	38.0	 675	OK
 330	   0	89.2	43.0	 689	OK
 331	   0	96.9	35.3	 675	OK
 332	   0	86.8	45.5	 680	OK
 333	   0	91.3	39.2	 668	OK
 334	   0	99.2	29.9	 643	OK
 335	   0	86.5	45.1	 683	OK
 336	   0	93.5	38.2	 666	OK
 337	   0	93.2	39.2	 661	OK
 338	   0	94.6	35.5	 663	OK
 339	   0	97.3	32.0	 650	OK
 340	   0	92.8	37.8	 663	OK
 341	   0	100.7	28.3	 638	OK
 342	   0	97.6	30.4	 657	OK
 343	   0	89.2	40.8	 675	OK
 344	   0	88.8	41.7	 679	OK
 345	   0	98.4	30.5	 671	OK
 346	   0	96.4	33.5	 664	OK
 347	   0	94.2	36.4	 669	OK
 348	   0	98.9	29.3	 623	OK
 349	   0	93.9	36.8	 665	OK
 350	   0	101.6	26.5	 644	OK
 351	   0	101.7	28.0	 635	OK
 352	   0	88.2	42.8	 654	OK
 353	   0	98.1	30.9	 656	OK
 354	   0	97.1	33.5	 665	OK
 355	   0	89.6	41.5	 676	OK
 356	   0	102.0	26.0	 635	OK
 357	   0	99.8	29.3	 623	OK
 358	   0	100.1	29.7	 610	OK
 359	   0	89.9	41.6	 664	OK
 360	   0	92.0	39.4	 664	OK
 361	   0	93.2	36.7	 634	OK
 362	   0	95.1	35.0	 657	OK
 363	   0	95.7	33.4	 649	OK
 364	   0	92.2	37.8	 662	OK
 365	   0	94.6	37.3	 644	OK
 366	   0	93.5	37.5	 666	OK
 367	   0	98.5	30.1	 655	OK
 368	   0	92.1	38.9	 658	OK
 369	   0	88.7	43.5	 676	OK
 370	   0	92.1	38.1	 669	OK
 371	   0	105.0	24.7	 623	OK
 372	   0	101.1	27.9	 650	OK
 373	   0	97.5	31.6	 648	OK
 374	   0	92.9	37.6	 663	OK
 375	   0	95.8	34.8	 652	OK
 376	   0	101.2	26.6	 656	OK
 377	   0	92.7	38.9	 654	OK
 378	   0	92.3	40.0	 673	OK
 379	   0	93.8	36.1	 664	OK
 380	   0	100.4	30.0	 636	OK
 381	   0	95.3	34.1	 654	OK
 382	   0	91.3	38.4	 671	OK
 383	   0	93.1	36.8	 658	OK
 384	   0	93.8	36.1	 644	OK
 385	   0	92.1	40.8	 669	OK
 386	   0	102.0	29.2	 647	OK
 387	   0	101.4	27.3	 633	OK
 388	   0	94.1	36.5	 661	OK
 389	   0	99.8	29.5	 639	OK
 390	   0	93.4	39.1	 669	OK
 391	   0	95.1	35.3	 660	OK
 392	   0	99.1	30.1	 654	OK
 393	   0	94.6	34.6	 671	OK
 394	   0	92.3	37.9	 667	OK
 395	   0	93.9	35.6	 653	OK
 396	   0	96.2	34.6	 665	OK
 397	   0	91.8	40.4	 670	OK
 398	   0	93.5	38.0	 675	OK
 399	   0	106.6	21.5	 655	OK
 400	   0	88.0	44.4	 665	OK
 401	   0	97.5	34.1	 656	OK
 402	   0	92.2	38.3	 667	OK
 403	   0	88.4	43.3	 702	OK
 404	   0	85.1	48.0	 679	OK
 405	   0	98.4	31.4	 653	OK
 406	   0	102.2	26.7	 670	OK
 407	   0	92.9	38.6	 677	OK
 408	   0	97.5	31.9	 687	OK
 409	   0	95.4	33.9	 667	OK
 410	   0	96.1	33.6	 670	OK
 411	   0	96.2	33.1	 670	OK
 412	   0	95.2	34.8	 674	OK
 413	   0	97.9	30.6	 662	OK
 414	   0	88.8	43.7	 666	OK
 415	   0	92.0	38.4	 681	OK
 416	   0	94.4	36.5	 675	OK
 417	   0	103.8	25.5	 668	OK
 418	   0	98.2	30.7	 664	OK
 419	   0	97.7	33.6	 642	OK
 420	   0	96.6	33.0	 645	OK
 421	   0	93.1	36.8	 663	OK
 422	   0	88.8	43.8	 683	OK
 423	   0	95.8	34.0	 667	OK
 424	   0	97.3	33.8	 666	OK
 425	   0	96.2	32.4	 663	OK
 426	   0	104.8	24.8	 646	OK
 427	   0	92.8	38.2	 671	OK
 428	   0	94.9	36.7	 648	OK
 429	   0	96.4	32.7	 653	OK
 430	   0	92.3	40.7	 675	OK
 431	   0	98.9	32.8	 640	OK
 432	   0	95.6	35.9	 673	OK
 433	   0	86.9	45.3	 687	OK
 434	   0	98.9	30.7	 662	OK
 435	   0	96.6	33.2	 667	OK
 436	   0	95.2	34.3	 650	OK
 437	   0	95.2	35.2	 664	OK
 438	   0	98.9	31.8	 658	OK
 439	   0	90.6	39.5	 702	OK
 440	   0	97.1	33.8	 686	OK
 441	   0	98.4	31.7	 666	OK
 442	   0	91.7	40.8	 660	OK
 443	   0	97.0	34.2	 663	OK
 444	   0	98.1	30.6	 687	OK
 445	   0	103.9	24.9	 658	OK
 446	   0	100.4	30.0	 670	OK
 447	   0	105.0	25.4	 646	OK
 448	   0	103.5	26.4	 650	OK
 449	   0	101.0	28.9	 624	OK
 450	   0	87.2	45.1	 695	OK
 451	   0	99.8	30.4	 679	OK
 452	   0	94.7	36.4	 661	OK
 453	   0	94.0	37.0	 679	OK
 454	   0	93.1	37.7	 677	OK
 455	   0	96.0	35.2	 668	OK
 456	   0	98.6	31.7	 650	OK
 457	   0	100.7	30.0	 665	OK
 458	   0	103.6	25.4	 657	OK
 459	   0	94.1	37.4	 689	OK
 460	   0	101.9	28.5	 651	OK
 461	   0	98.1	31.6	 644	OK
 462	   0	103.5	25.2	 659	OK
 463	   0	98.1	31.8	 666	OK
 464	   0	97.8	30.9	 644	OK
 465	   0	95.6	35.1	 669	OK
 466	   0	96.3	32.8	 658	OK
 467	   0	93.5	38.0	 657	OK
 468	   0	93.4	38.3	 664	OK
 469	   0	91.6	38.9	 682	OK
 470	   0	94.2	35.9	 665	OK
 471	   0	92.4	37.7	 643	OK
 472	   0	95.6	33.6	 681	OK
 473	   0	102.0	27.9	 648	OK
 474	   0	102.2	25.9	 641	OK
 475	   0	105.2	22.4	 655	OK
 476	   0	97.9	32.6	 660	OK
 477	   0	100.9	28.6	 689	OK
 478	   0	105.5	23.5	 642	OK
 479	   0	97.4	33.5	 654	OK
 480	   0	94.7	35.6	 680	OK
 481	   0	95.2	36.4	 657	OK
 482	   0	100.7	27.4	 642	OK
 483	   0	106.3	22.6	 640	OK
 484	   0	98.4	30.5	 639	OK
 485	   0	98.7	33.0	 644	OK
 486	   0	101.3	26.3	 661	OK
 487	   0	97.0	34.1	 659	OK
 488	   0	95.7	33.2	 672	OK
 489	   0	95.0	36.3	 668	OK
 490	   0	98.7	32.2	 657	OK
 491	   0	94.4	34.5	 643	OK
 492	   0	99.6	31.5	 673	OK
 493	   0	99.8	30.8	 635	OK
 494	   0	86.8	45.4	 674	OK
 495	   0	94.9	37.8	 658	OK
 496	   0	100.5	29.0	 640	OK
 497	   0	104.7	23.5	 652	OK
 498	   0	100.4	27.7	 632	OK
 499	   0	89.8	42.8	 671	OK
 500	   0	100.4	30.3	 651	OK
 501	   0	90.6	41.8	 658	OK
 502	   0	96.1	33.2	 638	OK
 503	   0	96.1	33.6	 638	OK
 504	   0	90.3	42.2	 668	OK
 505	   0	101.4	28.1	 624	OK
 506	   0	99.8	30.7	 655	OK
 507	   0	98.2	29.7	 649	OK
 508	   0	96.1	34.8	 659	OK
 509	   0	101.0	27.6	 675	OK
 510	   0	98.1	30.7	 649	OK
 511	   0	93.9	37.8	 685	OK
 512	   0	90.7	40.0	 679	OK
 513	   0	87.7	46.3	 696	OK
 514	   0	87.3	44.2	 696	OK
 515	   0	88.1	43.0	 683	OK
 516	   0	88.6	42.2	 691	OK
 517	   0	93.2	38.0	 687	OK
 518	   0	88.7	43.8	 711	OK
 519	   0	86.5	47.3	 698	OK
 520	   0	82.6	48.0	 737	OK
 521	   0	84.0	48.6	 730	OK
 522	   0	85.8	46.7	 727	OK
 523	   0	88.4	43.2	 713	OK
 524	   0	88.6	42.1	 691	OK
 525	   0	89.7	43.9	 672	OK
 526	   0	88.3	42.1	 716	OK
 527	   0	86.7	45.0	 704	OK
 528	   0	95.0	35.5	 700	OK
 529	   0	91.9	41.0	 696	OK
 530	   0	92.9	37.6	 691	OK
 531	   0	83.5	49.9	 717	OK
 532	   0	86.9	44.8	 701	OK
 533	   0	90.7	39.8	 698	OK
 534	   0	94.2	35.1	 690	OK
 535	   0	86.3	46.5	 697	OK
 536	   0	91.4	39.6	 733	OK
 537	   0	86.1	47.3	 701	OK
 538	   0	89.2	41.1	 716	OK
 539	   0	86.1	45.3	 731	OK
 540	   0	86.6	45.3	 738	OK
 541	   0	89.3	42.4	 703	OK
 542	   0	85.4	48.6	 724	OK
 543	   0	86.8	47.0	 698	OK
 544	   0	89.1	43.8	 703	OK
 545	   0	93.8	36.6	 700	OK
 546	   0	91.9	41.0	 704	OK
 547	   0	91.8	39.1	 718	OK
 548	   0	91.8	38.8	 719	OK
 549	   0	87.1	44.7	 706	OK
 550	   0	86.0	46.4	 716	OK
 551	   0	83.8	49.8	 746	OK
 552	   0	90.2	41.8	 720	OK
 553	   0	96.9	33.2	 698	OK
 554	   0	88.4	43.1	 689	OK
 555	   0	90.0	42.4	 715	OK
 556	   0	87.1	43.8	 710	OK
 557	   0	95.8	35.0	 715	OK
 558	   0	94.2	37.4	 707	OK
 559	   0	94.2	37.7	 708	OK
 560	   0	87.3	44.2	 759	OK
 561	   0	81.1	52.3	 732	OK
 562	   0	82.4	49.5	 735	OK
 563	   0	89.1	42.7	 721	OK
 564	   0	86.7	44.5	 703	OK
 565	   0	93.2	39.0	 701	OK
 566	   0	86.8	44.7	 728	OK
 567	   0	93.5	38.7	 690	OK
 568	   0	88.3	43.7	 729	OK
 569	   0	90.1	41.6	 714	OK
 570	   0	93.7	38.1	 726	OK
 571	   0	89.0	41.0	 745	OK
 572	   0	88.8	43.1	 722	OK
 573	   0	86.6	45.1	 739	OK
 574	   0	88.1	43.0	 737	OK
 575	   0	92.2	38.6	 711	OK
 576	   0	88.6	42.6	 720	OK
 577	   0	93.2	37.1	 702	OK
 578	   0	95.2	34.9	 718	OK
 579	   0	88.7	43.5	 749	OK
 580	   0	86.7	44.3	 728	OK
 581	   0	93.5	38.2	 711	OK
 582	   0	94.1	37.0	 691	OK
 583	   0	93.0	38.1	 722	OK
 584	   0	99.2	31.0	 685	OK
 585	   0	91.4	38.9	 714	OK
 586	   0	95.1	34.8	 720	OK
 587	   0	90.8	39.9	 717	OK
 588	   0	95.8	34.4	 720	OK
 589	   0	94.2	36.4	 747	OK
 590	   0	88.4	41.8	 721	OK
 591	   0	86.6	46.6	 735	OK
 592	   0	85.1	47.9	 724	OK
 593	   0	89.7	42.0	 717	OK
 594	   0	90.0	42.4	 701	OK
 595	   0	83.2	49.6	 717	OK
 596	   0	87.0	44.2	 720	OK
 597	   0	97.6	32.8	 689	OK
 598	   0	84.0	47.9	 728	OK
 599	   0	96.1	35.1	 702	OK
 600	   0	86.5	46.0	 705	OK
 601	   0	91.6	38.4	 682	OK
 602	   0	91.0	39.2	 679	OK
 603	   0	86.0	48.2	 744	OK
 604	   0	91.3	38.6	 715	OK
 605	   0	88.6	42.6	 700	OK
 606	   0	84.6	49.7	 703	OK
 607	   0	87.7	45.0	 726	OK
 608	   0	84.1	48.3	 709	OK
 609	   0	90.6	41.0	 682	OK
 610	   0	87.7	44.4	 736	OK
 611	   0	91.6	39.0	 705	OK
 612	   0	85.2	47.2	 724	OK
 613	   0	83.6	50.6	 694	OK
 614	   0	80.4	52.5	 756	OK
 615	   0	85.1	46.5	 699	OK
 616	   0	85.5	47.3	 716	OK
 617	   0	86.7	44.5	 698	OK
 618	   0	88.6	44.2	 716	OK
 619	   0	92.3	37.7	 696	OK
 620	   0	91.1	40.3	 692	OK
 621	   0	85.3	48.7	 701	OK
 622	   0	86.5	45.5	 727	OK
 623	   0	84.7	46.3	 722	OK
 624	   0	95.0	35.6	 708	OK
 625	   0	89.3	43.0	 739	OK
 626	   0	87.9	44.2	 692	OK
 627	   0	87.5	45.0	 729	OK
 628	   0	87.7	45.9	 710	OK
 629	   0	97.7	32.0	 703	OK
 630	   0	82.3	50.1	 746	OK
 631	   0	91.0	40.5	 714	OK
 632	   0	83.6	49.4	 715	OK
 633	   0	91.9	38.9	 724	OK
 634	   0	86.9	45.9	 710	OK
 635	   0	90.4	41.3	 711	OK
 636	   0	80.4	52.0	 713	OK
 637	   0	86.1	44.5	 723	OK
 638	   0	89.5	43.1	 691	OK
 639	   0	86.3	45.3	 703	OK
 640	   0	88.3	43.2	 731	OK
 641	   0	92.2	37.3	 722	OK
 642	   0	90.2	40.7	 713	OK
 643	   0	85.6	47.7	 731	OK
 644	   0	97.5	32.4	 713	OK
 645	   0	94.0	36.3	 717	OK
 646	   0	91.9	37.6	 725	OK
 647	   0	89.1	41.5	 716	OK
 648	   0	83.8	48.3	 707	OK
 649	   0	90.5	42.7	 706	OK
 650	   0	94.6	35.4	 699	OK
 651	   0	88.1	43.8	 728	OK
 652	   0	87.7	46.3	 720	OK
 653	   0	93.2	37.4	 697	OK
 654	   0	94.9	33.5	 692	OK
 655	   0	93.1	36.6	 714	OK
 656	   0	90.7	39.7	 722	OK
 657	   0	90.6	40.4	 722	OK
 658	   0	90.5	40.2	 713	OK
 659	   0	83.7	47.3	 712	OK
 660	   0	86.8	45.5	 729	OK
 661	   0	88.0	42.9	 697	OK
 662	   0	91.3	41.3	 718	OK
 663	   0	90.1	40.6	 712	OK
 664	   0	91.8	39.6	 699	OK
 665	   0	94.9	36.1	 699	OK
 666	   0	90.6	39.6	 697	OK
 667	   0	83.6	47.6	 761	OK
 668	   0	91.5	40.3	 723	OK
 669	   0	96.2	33.2	 680	OK
 670	   0	90.1	41.8	 711	OK
 671	   0	89.4	43.6	 706	OK
 672	   0	82.0	49.6	 728	OK
 673	   0	96.0	35.3	 710	OK
 674	   0	96.3	34.0	 692	OK
 675	   0	94.7	35.1	 700	OK
 676	   0	90.2	41.9	 690	OK
 677	   0	93.1	36.8	 684	OK
 678	   0	95.6	34.3	 682	OK
 679	   0	90.9	39.2	 682	OK
 680	   0	99.2	30.4	 693	OK
 681	   0	91.2	38.7	 702	OK
 682	   0	86.9	44.0	 735	OK
 683	   0	95.8	35.8	 696	OK
 684	   0	99.0	30.0	 683	OK
 685	   0	94.9	36.7	 700	OK
 686	   0	94.5	35.8	 713	OK
 687	   0	84.0	48.3	 712	OK
 688	   0	92.4	36.5	 722	OK
 689	   0	94.5	36.6	 694	OK
 690	   0	89.7	40.1	 719	OK
 691	   0	98.8	29.4	 686	OK
 692	   0	90.0	42.6	 700	OK
 693	   0	93.9	35.4	 709	OK
 694	   0	100.6	27.8	 672	OK
 695	   0	90.0	40.3	 714	OK
 696	   0	91.4	39.5	 690	OK
 697	   0	94.0	37.1	 698	OK
 698	   0	90.9	39.9	 701	OK
 699	   0	91.3	38.0	 702	OK
 700	   0	86.6	44.3	 722	OK
 701	   0	93.7	36.3	 685	OK
 702	   0	94.4	34.7	 707	OK
 703	   0	105.4	23.0	 690	OK
 704	   0	92.4	39.8	 724	OK
 705	   0	97.6	32.1	 704	OK
 706	   0	94.8	34.0	 686	OK
 707	   0	97.3	33.4	 698	OK
 708	   0	93.2	36.1	 682	OK
 709	   0	91.7	37.5	 700	OK
 710	   0	97.4	30.5	 675	OK
 711	   0	87.8	43.3	 719	OK
 712	   0	91.1	38.5	 704	OK
 713	   0	92.8	37.6	 688	OK
 714	   0	92.2	38.6	 700	OK
 715	   0	101.1	27.2	 695	OK
 716	   0	90.7	40.1	 688	OK
 717	   0	91.6	38.8	 687	OK
 718	   0	92.6	39.7	 687	OK
 719	   0	84.5	46.4	 708	OK
 720	   0	96.1	33.5	 680	OK
 721	   0	97.6	32.1	 694	OK
 722	   0	89.2	42.9	 711	OK
 723	   0	100.8	29.4	 673	OK
 724	   0	92.3	38.2	 699	OK
 725	   0	85.0	47.3	 732	OK
 726	   0	94.0	38.4	 692	OK
 727	   0	91.6	38.7	 702	OK
 728	   0	91.7	38.0	 701	OK
 729	   0	97.8	33.2	 679	OK
 730	   0	90.0	41.2	 723	OK
 731	   0	96.7	32.1	 691	OK
 732	   0	93.7	36.0	 693	OK
 733	   0	92.1	36.6	 687	OK
 734	   0	90.0	42.1	 708	OK
 735	   0	87.9	44.7	 686	OK
 736	   0	94.4	36.6	 707	OK
 737	   0	97.3	32.5	 692	OK
 738	   0	91.7	38.5	 701	OK
 739	   0	84.8	45.0	 733	OK
 740	   0	96.1	34.4	 716	OK
 741	   0	97.5	31.4	 689	OK
 742	   0	90.9	40.6	 699	OK
 743	   0	96.9	30.9	 703	OK
 744	   0	86.5	43.5	 722	OK
 745	   0	105.6	23.1	 678	OK
 746	   0	96.3	32.2	 696	OK
 747	   0	88.6	41.6	 708	OK
 748	   0	88.2	43.8	 726	OK
 749	   0	88.2	43.4	 721	OK
 750	   0	83.6	47.4	 718	OK
 751	   0	90.2	41.3	 706	OK
 752	   0	84.8	46.7	 745	OK
 753	   0	91.2	40.0	 725	OK
 754	   0	91.4	40.6	 703	OK
 755	   0	95.5	34.1	 701	OK
 756	   0	90.5	41.2	 714	OK
 757	   0	94.0	36.3	 716	OK
 758	   0	90.6	41.8	 730	OK
 759	   0	89.0	41.0	 729	OK
 760	   0	88.2	44.8	 717	OK
 761	   0	94.4	36.0	 690	OK
 762	   0	95.2	35.3	 701	OK
 763	   0	94.5	33.9	 717	OK
 764	   0	88.3	42.5	 704	OK
 765	   0	94.9	34.0	 693	OK
 766	   0	93.7	37.4	 704	OK
 767	   0	91.4	37.4	 700	OK
 768	   0	81.4	51.1	 726	OK
 769	   0	94.7	35.5	 685	OK
 770	   0	90.8	40.4	 706	OK
 771	   0	85.8	43.5	 702	OK
 772	   0	91.6	40.0	 698	OK
 773	   0	83.2	49.0	 725	OK
 774	   0	88.4	43.0	 716	OK
 775	   0	83.3	49.9	 725	OK
 776	   0	84.6	47.8	 726	OK
 777	   0	80.6	53.1	 733	OK
 778	   0	87.0	44.3	 700	OK
 779	   0	87.8	42.2	 703	OK
 780	   0	91.0	39.6	 721	OK
 781	   0	89.7	41.7	 728	OK
 782	   0	88.7	44.0	 724	OK
 783	   0	84.7	47.4	 728	OK
 784	   0	89.7	39.4	 719	OK
 785	   0	83.6	48.5	 718	OK
 786	   0	84.1	47.0	 727	OK
 787	   0	85.8	45.8	 714	OK
 788	   0	87.5	44.7	 724	OK
 789	   0	86.0	47.5	 725	OK
 790	   0	80.6	52.0	 702	OK
 791	   0	85.3	45.5	 729	OK
 792	   0	87.3	43.4	 708	OK
 793	   0	79.9	54.2	 743	OK
 794	   0	82.9	50.1	 721	OK
 795	   0	78.0	54.0	 716	OK
 796	   0	95.3	34.9	 711	OK
 797	   0	86.5	44.0	 703	OK
 798	   0	83.6	46.0	 714	OK
 799	   0	83.8	47.2	 714	OK
 800	   0	82.3	51.8	 725	OK
 801	   0	87.6	42.3	 686	OK
 802	   0	89.4	44.3	 687	OK
 803	   0	86.1	46.4	 726	OK
 804	   0	82.9	51.0	 717	OK
 805	   0	75.8	60.0	 745	OK
 806	   0	87.1	43.6	 688	OK
 807	   0	85.9	44.5	 733	OK
 808	   0	92.8	36.5	 681	OK
 809	   0	92.3	38.5	 705	OK
 810	   0	95.3	34.5	 682	OK
 811	   0	85.4	47.0	 700	OK
 812	   0	89.1	40.1	 693	OK
 813	   0	80.4	53.3	 726	OK
 814	   0	89.6	40.7	 701	OK
 815	   0	91.0	39.0	 695	OK
 816	   0	87.9	43.7	 710	OK
 817	   0	85.7	46.9	 718	OK
 818	   0	87.6	41.8	 695	OK
 819	   0	86.7	44.8	 714	OK
 820	   0	88.9	44.3	 713	OK
 821	   0	84.9	46.4	 705	OK
 822	   0	91.6	38.9	 704	OK
 823	   0	84.9	46.4	 739	OK
 824	   0	99.3	30.8	 662	OK
 825	   0	89.0	43.3	 700	OK
 826	   0	95.6	33.8	 699	OK
 827	   0	89.6	40.3	 702	OK
 828	   0	90.8	40.2	 716	OK
 829	   0	84.6	45.4	 731	OK
 830	   0	90.3	40.0	 704	OK
 831	   0	84.7	48.0	 717	OK
 832	   0	92.5	36.9	 710	OK
 833	   0	83.2	46.5	 739	OK
 834	   0	87.9	42.1	 737	OK
 835	   0	93.5	36.0	 728	OK
 836	   0	95.9	32.5	 715	OK
 837	   0	85.5	46.0	 756	OK
 838	   0	86.0	44.7	 742	OK
 839	   0	83.6	48.3	 746	OK
 840	   0	91.5	39.1	 729	OK
 841	   0	86.1	44.2	 725	OK
 842	   0	87.7	41.8	 725	OK
 843	   0	85.9	45.9	 729	OK
 844	   0	88.4	42.9	 753	OK
 845	   0	89.2	41.6	 732	OK
 846	   0	87.4	43.7	 732	OK
 847	   0	91.7	38.6	 756	OK
 848	   0	96.0	32.0	 727	OK
 849	   0	80.9	51.3	 746	OK
 850	   0	85.6	46.4	 749	OK
 851	   0	85.1	45.4	 747	OK
 852	   0	88.1	43.6	 705	OK
 853	   0	79.2	54.3	 754	OK
 854	   0	85.9	46.9	 753	OK
 855	   0	84.0	48.3	 732	OK
 856	   0	84.6	46.6	 741	OK
 857	   0	89.9	39.7	 747	OK
 858	   0	89.9	42.3	 749	OK
 859	   0	86.5	43.5	 752	OK
 860	   0	86.6	44.0	 756	OK
 861	   0	80.8	51.6	 784	OK
 862	   0	94.6	33.5	 751	OK
 863	   0	85.4	46.5	 754	OK
 864	   0	87.9	43.6	 730	OK
 865	   0	91.4	40.5	 727	OK
 866	   0	93.7	37.3	 749	OK
 867	   0	84.4	48.0	 773	OK
 868	   0	86.4	46.4	 754	OK
 869	   0	86.8	43.7	 743	OK
 870	   0	86.2	45.0	 778	OK
 871	   0	76.6	58.1	 752	OK
 872	   0	85.6	46.6	 731	OK
 873	   0	90.8	41.1	 720	OK
 874	   0	82.2	50.5	 748	OK
 875	   0	86.2	46.3	 749	OK
 876	   0	89.7	41.3	 707	OK
 877	   0	90.4	40.2	 736	OK
 878	   0	83.8	49.2	 716	OK
 879	   0	85.3	47.1	 715	OK
 880	   0	86.1	46.8	 715	OK
 881	   0	96.4	32.7	 704	OK
 882	   0	85.6	46.0	 728	OK
 883	   0	88.0	44.9	 702	OK
 884	   0	90.8	40.2	 714	OK
 885	   0	81.3	49.3	 713	OK
 886	   0	82.0	51.2	 708	OK
 887	   0	84.1	46.9	 753	OK
 888	   0	85.7	44.8	 717	OK
 889	   0	86.6	43.3	 726	OK
 890	   0	88.6	41.6	 710	OK
 891	   0	88.4	43.6	 707	OK
 892	   0	89.9	39.4	 705	OK
 893	   0	90.7	39.3	 722	OK
 894	   0	87.9	42.5	 692	OK
 895	   0	87.8	45.2	 724	OK
 896	   0	77.6	54.3	 790	OK
 897	   0	87.2	44.0	 760	OK
 898	   0	74.8	59.0	 797	OK
 899	   0	75.7	55.5	 783	OK
 900	   0	84.1	48.3	 779	OK
 901	   0	80.1	51.0	 768	OK
 902	   0	77.5	54.7	 776	OK
 903	   0	80.7	50.1	 800	OK
 904	   0	73.8	61.1	 798	OK
 905	   0	72.6	62.4	 814	OK
 906	   0	84.5	46.5	 768	OK
 907	   0	74.4	59.1	 802	OK
 908	   0	78.1	54.5	 788	OK
 909	   0	79.8	53.4	 798	OK
 910	   0	77.7	56.0	 787	OK
 911	   0	75.3	60.5	 777	OK
 912	   0	77.8	53.5	 756	OK
 913	   0	77.4	55.6	 805	OK
 914	   0	74.0	59.1	 791	OK
 915	   0	75.8	58.2	 794	OK
 916	   0	73.3	60.7	 790	OK
 917	   0	75.6	59.6	 762	OK
 918	   0	78.7	54.9	 771	OK
 919	   0	80.2	52.2	 761	OK
 920	   0	73.9	58.7	 769	OK
 921	   0	78.1	55.9	 771	OK
 922	   0	74.9	57.8	 792	OK
 923	   0	75.4	56.9	 781	OK
 924	   0	75.9	57.9	 804	OK
 925	   0	85.6	46.3	 761	OK
 926	   0	74.4	59.6	 762	OK
 927	   0	84.1	48.3	 766	OK
 928	   0	79.9	51.5	 788	OK
 929	   0	80.1	52.4	 776	OK
 930	   0	83.1	48.5	 765	OK
 931	   0	79.0	53.4	 769	OK
 932	   0	83.7	47.1	 764	OK
 933	   0	77.6	55.2	 791	OK
 934	   0	78.9	53.4	 768	OK
 935	   0	84.1	47.6	 741	OK
 936	   0	77.4	56.4	 794	OK
 937	   0	75.8	55.7	 776	OK
 938	   0	77.9	55.5	 809	OK
 939	   0	78.0	57.0	 748	OK
 940	   0	81.4	52.1	 752	OK
 941	   0	74.8	56.4	 781	OK
 942	   0	76.5	54.3	 765	OK
 943	   0	74.1	60.2	 757	OK
 944	   0	87.9	45.0	 736	OK
 945	   0	77.2	56.3	 779	OK
 946	   0	77.4	54.0	 768	OK
 947	   0	77.1	55.1	 769	OK
 948	   0	80.7	52.1	 755	OK
 949	   0	76.7	55.5	 789	OK
 950	   0	77.5	55.5	 776	OK
 951	   0	84.6	46.3	 757	OK
 952	   0	85.7	44.8	 748	OK
 953	   0	85.0	46.8	 760	OK
 954	   0	81.3	49.8	 763	OK
 955	   0	80.4	52.9	 765	OK
 956	   0	83.6	47.0	 732	OK
 957	   0	85.9	46.0	 747	OK
 958	   0	81.7	52.2	 765	OK
 959	   0	80.1	53.5	 739	OK
 960	   0	84.3	47.7	 734	OK
 961	   0	82.9	49.0	 772	OK
 962	   0	73.5	59.6	 810	OK
 963	   0	77.8	57.1	 765	OK
 964	   0	85.1	45.6	 755	OK
 965	   0	79.6	53.3	 768	OK
 966	   0	78.9	53.0	 769	OK
 967	   0	73.0	61.6	 778	OK
 968	   0	84.6	46.9	 757	OK
 969	   0	76.8	56.8	 774	OK
 970	   0	85.3	43.6	 766	OK
 971	   0	76.3	54.9	 774	OK
 972	   0	80.1	53.3	 773	OK
 973	   0	85.7	46.5	 720	OK
 974	   0	78.3	55.5	 731	OK
 975	   0	81.4	53.2	 750	OK
 976	   0	87.1	41.7	 713	OK
 977	   0	77.1	55.0	 742	OK
 978	   0	76.2	55.8	 765	OK
 979	   0	78.2	54.0	 728	OK
 980	   0	82.6	51.5	 697	OK
 981	   0	80.7	49.2	 758	OK
 982	   0	82.9	47.8	 734	OK
 983	   0	75.5	57.3	 747	OK
 984	   0	72.2	60.7	 765	OK
 985	   0	80.1	50.7	 731	OK
 986	   0	87.7	42.4	 726	OK
 987	   0	76.7	55.6	 743	OK
 988	   0	79.6	53.4	 738	OK
 989	   0	82.3	49.9	 728	OK
 990	   0	80.5	51.0	 736	OK
 991	   0	85.8	44.4	 719	OK
 992	   0	82.4	48.7	 737	OK
 993	   0	81.9	51.4	 750	OK
 994	   0	77.3	57.1	 748	OK
 995	   0	75.2	59.6	 741	OK
 996	   0	85.8	43.6	 731	OK
 997	   0	79.0	54.3	 738	OK
 998	   0	78.9	52.9	 746	OK
 999	   0	79.3	54.3	 716	OK
1000	   0	79.1	55.1	 749	OK
1001	   0	73.8	59.7	 767	OK
1002	   0	78.7	52.8	 754	OK
1003	   0	83.6	49.7	 728	OK
1004	   0	79.4	51.9	 750	OK
1005	   0	84.3	46.4	 711	OK
1006	   0	86.9	42.4	 710	OK
1007	   0	80.0	51.4	 706	OK
1008	   0	73.0	59.0	 763	OK
1009	   0	75.3	57.0	 752	OK
1010	   0	78.4	53.9	 753	OK
1011	   0	79.9	51.2	 731	OK
1012	   0	84.1	47.9	 731	OK
1013	   0	83.1	49.0	 736	OK
1014	   0	79.3	55.3	 742	OK
1015	   0	82.3	50.9	 710	OK
1016	   0	84.8	45.5	 692	OK
1017	   0	76.4	55.5	 743	OK
1018	   0	82.3	49.3	 718	OK
1019	   0	78.3	55.0	 744	OK
1020	   0	78.5	53.0	 743	OK
1021	   0	78.8	53.8	 726	OK
1022	   0	74.8	56.7	 758	OK
1023	   0	86.0	45.6	 717	OK
1024	   0	92.9	37.1	 653	OK
1025	   0	97.4	33.1	 669	OK
1026	   0	87.5	45.0	 674	OK
1027	   0	100.3	28.1	 658	OK
1028	   0	93.2	38.4	 631	OK
1029	   0	96.4	32.9	 645	OK
1030	   0	93.2	37.4	 649	OK
1031	   0	96.4	33.5	 649	OK
1032	   0	92.2	37.8	 641	OK
1033	   0	97.8	31.8	 635	OK
1034	   0	88.7	42.9	 649	OK
1035	   0	92.5	39.2	 652	OK
1036	   0	95.6	35.1	 662	OK
1037	   0	95.4	34.7	 643	OK
1038	   0	94.2	36.7	 651	OK
1039	   0	96.9	31.8	 650	OK
1040	   0	95.2	35.8	 651	OK
1041	   0	97.4	33.5	 647	OK
1042	   0	93.8	36.1	 658	OK
1043	   0	101.0	28.6	 655	OK
1044	   0	89.7	40.7	 666	OK
1045	   0	91.5	40.1	 657	OK
1046	   0	80.9	51.0	 695	OK
1047	   0	96.5	33.3	 657	OK
1048	   0	99.8	29.6	 657	OK
1049	   0	93.2	37.3	 666	OK
1050	   0	94.3	34.8	 609	OK
1051	   0	95.2	34.7	 653	OK
1052	   0	104.5	23.8	 629	OK
1053	   0	102.3	26.1	 657	OK
1054	   0	91.5	39.5	 660	OK
1055	   0	96.8	32.2	 646	OK
1056	   0	97.9	30.7	 677	OK
1057	   0	93.7	35.2	 655	OK
1058	   0	89.5	41.4	 674	OK
1059	   0	95.0	34.2	 667	OK
1060	   0	105.5	24.1	 633	OK
1061	   0	100.5	29.3	 655	OK
1062	   0	95.6	35.9	 651	OK
1063	   0	86.0	46.4	 662	OK
1064	   0	88.8	43.0	 649	OK
1065	   0	95.2	35.1	 661	OK
1066	   0	79.5	52.7	 676	OK
1067	   0	98.4	33.0	 643	OK
1068	   0	87.4	43.3	 650	OK
1069	   0	90.0	41.5	 666	OK
1070	   0	92.6	38.1	 665	OK
1071	   0	93.8	37.2	 663	OK
1072	   0	86.4	46.0	 669	OK
1073	   0	97.0	32.7	 636	OK
1074	   0	91.4	38.2	 659	OK
1075	   0	93.7	35.8	 639	OK
1076	   0	94.7	36.5	 656	OK
1077	   0	100.2	29.6	 642	OK
1078	   0	84.7	48.1	 647	OK
1079	   0	98.8	31.3	 623	OK
1080	   0	89.1	43.4	 657	OK
1081	   0	90.0	41.4	 655	OK
1082	   0	90.8	39.7	 667	OK
1083	   0	92.4	38.5	 642	OK
1084	   0	97.1	32.1	 663	OK
1085	   0	100.6	28.0	 633	OK
1086	   0	102.3	25.6	 605	OK
1087	   0	92.7	37.0	 656	OK
1088	   0	94.5	35.0	 642	OK
1089	   0	92.4	39.5	 645	OK
1090	   0	91.5	39.0	 669	OK
1091	   0	85.3	48.5	 665	OK
1092	   0	89.0	43.5	 661	OK
1093	   0	94.1	36.7	 686	OK
1094	   0	89.7	42.9	 670	OK
1095	   0	92.7	36.8	 660	OK
1096	   0	95.1	34.1	 652	OK
1097	   0	89.0	42.7	 664	OK
1098	   0	97.5	32.7	 653	OK
1099	   0	98.6	30.8	 629	OK
1100	   0	92.4	38.9	 641	OK
1101	   0	90.1	41.5	 653	OK
1102	   0	100.7	29.3	 646	OK
1103	   0	91.8	40.8	 650	OK
1104	   0	97.5	31.9	 650	OK
1105	   0	90.6	39.0	 664	OK
1106	   0	101.2	28.1	 685	OK
1107	   0	93.1	38.3	 641	OK
1108	   0	97.0	33.2	 623	OK
1109	   0	91.5	39.3	 642	OK
1110	   0	87.2	44.6	 657	OK
1111	   0	88.7	41.9	 667	OK
1112	   0	91.6	39.1	 666	OK
1113	   0	101.8	28.6	 627	OK
1114	   0	89.4	43.2	 664	OK
1115	   0	91.5	41.6	 669	OK
1116	   0	98.5	32.0	 637	OK
1117	   0	91.6	39.4	 632	OK
1118	   0	97.1	33.9	 626	OK
1119	   0	87.0	45.4	 665	OK
1120	   0	92.1	39.1	 660	OK
1121	   0	90.6	40.1	 653	OK
1122	   0	95.5	35.0	 640	OK
1123	   0	92.5	37.7	 656	OK
1124	   0	90.5	40.0	 659	OK
1125	   0	98.3	32.3	 628	OK
1126	   0	99.1	30.9	 624	OK
1127	   0	98.7	32.3	 654	OK
1128	   0	92.8	37.5	 670	OK
1129	   0	93.5	38.1	 662	OK
1130	   0	105.0	23.2	 634	OK
1131	   0	94.4	35.0	 652	OK
1132	   0	101.9	27.9	 672	OK
1133	   0	99.3	29.1	 623	OK
1134	   0	97.7	33.1	 636	OK
1135	   0	96.3	33.4	 627	OK
1136	   0	90.1	40.7	 652	OK
1137	   0	88.7	43.7	 673	OK
1138	   0	94.2	37.5	 651	OK
1139	   0	93.3	36.7	 624	OK
1140	   0	91.9	39.1	 635	OK
1141	   0	96.4	32.6	 656	OK
1142	   0	97.8	32.3	 636	OK
1143	   0	90.1	42.5	 643	OK
1144	   0	90.9	38.4	 669	OK
1145	   0	93.3	37.6	 648	OK
1146	   0	88.9	42.2	 681	OK
1147	   0	95.8	33.9	 643	OK
1148	   0	92.4	38.7	 669	OK
1149	   0	86.0	45.5	 653	OK
1150	   0	99.5	29.9	 649	OK
1151	   0	99.1	30.1	 626	OK
1152	   0	90.2	41.4	 679	OK
1153	   0	83.8	50.0	 684	OK
1154	   0	84.7	46.4	 691	OK
1155	   0	87.0	45.2	 700	OK
1156	   0	86.6	45.3	 679	OK
1157	   0	94.6	36.5	 654	OK
1158	   0	93.0	37.0	 666	OK
1159	   0	90.3	39.7	 691	OK
1160	   0	96.9	32.2	 674	OK
1161	   0	96.6	34.0	 662	OK
1162	   0	94.2	36.9	 670	OK
1163	   0	89.6	41.3	 672	OK
1164	   0	89.1	42.8	 668	OK
1165	   0	91.1	40.1	 645	OK
1166	   0	101.0	28.0	 635	OK
1167	   0	93.5	37.6	 664	OK
1168	   0	96.0	34.0	 666	OK
1169	   0	93.6	37.9	 660	OK
1170	   0	88.3	43.2	 681	OK
1171	   0	96.6	33.9	 638	OK
1172	   0	91.6	38.6	 656	OK
1173	   0	93.7	36.6	 646	OK
1174	   0	89.8	42.7	 674	OK
1175	   0	96.1	34.3	 684	OK
1176	   0	88.4	44.2	 661	OK
1177	   0	96.8	33.8	 657	OK
1178	   0	85.5	44.8	 676	OK
1179	   0	93.0	40.3	 645	OK
1180	   0	92.8	38.7	 648	OK
1181	   0	93.8	36.5	 673	OK
1182	   0	91.7	38.8	 683	OK
1183	   0	93.8	37.9	 664	OK
1184	   0	92.1	37.9	 638	OK
1185	   0	92.8	39.3	 679	OK
1186	   0	90.5	39.7	 649	OK
1187	   0	94.4	37.5	 689	OK
1188	   0	100.5	27.3	 642	OK
1189	   0	95.1	35.0	 660	OK
1190	   0	97.2	31.4	 656	OK
1191	   0	89.7	41.4	 679	OK
1192	   0	92.9	36.8	 670	OK
1193	   0	93.9	36.1	 653	OK
1194	   0	91.8	39.7	 679	OK
1195	   0	88.6	42.9	 670	OK
1196	   0	89.7	42.9	 709	OK
1197	   0	93.3	38.9	 666	OK
1198	   0	85.4	47.7	 676	OK
1199	   0	99.7	29.9	 641	OK
1200	   0	93.3	36.8	 664	OK
1201	   0	87.5	44.7	 687	OK
1202	   0	102.8	25.4	 640	OK
1203	   0	97.6	30.8	 648	OK
1204	   0	102.8	26.5	 648	OK
1205	   0	97.3	34.3	 664	OK
1206	   0	94.8	35.8	 664	OK
1207	   0	85.8	47.9	 715	OK
1208	   0	99.4	30.5	 642	OK
1209	   0	91.6	40.7	 672	OK
1210	   0	99.1	31.0	 653	OK
1211	   0	102.8	26.3	 671	OK
1212	   0	90.5	41.0	 672	OK
1213	   0	91.7	39.4	 663	OK
1214	   0	95.4	35.6	 683	OK
1215	   0	100.0	29.0	 650	OK
1216	   0	98.1	32.0	 643	OK
1217	   0	96.2	35.2	 664	OK
1218	   0	99.1	32.3	 656	OK
1219	   0	88.6	41.4	 684	OK
1220	   0	92.4	39.0	 674	OK
1221	   0	95.6	33.0	 661	OK
1222	   0	97.0	32.1	 643	OK
1223	   0	92.6	37.7	 673	OK
1224	   0	93.4	38.3	 654	OK
1225	   0	99.5	31.3	 669	OK
1226	   0	90.0	40.9	 669	OK
1227	   0	94.6	35.4	 663	OK
1228	   0	88.9	43.1	 676	OK
1229	   0	88.0	43.0	 658	OK
1230	   0	95.9	32.7	 679	OK
1231	   0	90.8	41.8	 662	OK
1232	   0	101.5	27.8	 653	OK
1233	   0	94.2	35.7	 667	OK
1234	   0	91.2	39.7	 665	OK
1235	   0	88.1	43.5	 661	OK
1236	   0	97.7	31.8	 651	OK
1237	   0	96.1	34.9	 640	OK
1238	   0	96.1	34.2	 646	OK
1239	   0	91.0	39.8	 660	OK
1240	   0	95.7	33.2	 649	OK
1241	   0	100.0	29.4	 641	OK
1242	   0	87.8	44.0	 666	OK
1243	   0	86.0	45.7	 654	OK
1244	   0	91.4	39.9	 653	OK
1245	   0	87.6	43.4	 654	OK
1246	   0	97.3	32.1	 639	OK
1247	   0	93.7	36.2	 635	OK
1248	   0	91.7	38.6	 661	OK
1249	   0	90.6	40.4	 647	OK
1250	   0	97.7	32.3	 700	OK
1251	   0	99.0	30.9	 617	OK
1252	   0	94.1	37.0	 628	OK
1253	   0	95.0	35.7	 622	OK
1254	   0	96.0	34.5	 629	OK
1255	   0	89.9	40.2	 658	OK
1256	   0	98.8	30.9	 620	OK
1257	   0	95.4	34.5	 625	OK
1258	   0	91.8	38.8	 606	OK
1259	   0	86.6	44.1	 630	OK
1260	   0	91.4	39.4	 629	OK
1261	   0	98.7	30.8	 626	OK
1262	   0	89.2	42.5	 631	OK
1263	   0	99.4	30.9	 635	OK
1264	   0	91.2	38.9	 633	OK
1265	   0	95.5	33.6	 599	OK
1266	   0	91.6	39.4	 648	OK
1267	   0	96.9	32.6	 647	OK
1268	   0	93.6	36.8	 631	OK
1269	   0	89.2	42.1	 614	OK
1270	   0	92.8	39.9	 615	OK
1271	   0	92.1	38.2	 609	OK
1272	   0	87.5	45.1	 655	OK
1273	   0	93.3	37.3	 625	OK
1274	   0	88.4	44.7	 632	OK
1275	   0	95.4	35.4	 633	OK
1276	   0	93.6	36.8	 643	OK
1277	   0	88.2	44.8	 635	OK
1278	   0	88.9	42.8	 644	OK
1279	   0	88.9	40.2	 657	OK
1280	   0	89.1	40.6	 611	OK
1281	   0	96.6	32.1	 604	OK
1282	   0	98.2	30.6	 603	OK
1283	   0	96.9	35.4	 604	OK
1284	   0	95.7	36.3	 583	OK
1285	   0	100.8	29.6	 559	OK
1286	   0	98.0	32.8	 589	OK
1287	   0	97.3	32.4	 605	OK
1288	   0	97.8	32.5	 604	OK
1289	   0	112.0	15.6	 566	OK
1290	   0	102.1	27.2	 579	OK
1291	   0	109.5	19.1	 584	OK
1292	   0	102.1	27.6	 582	OK
1293	   0	106.5	22.5	 587	OK
1294	   0	99.3	30.0	 591	OK
1295	   0	98.0	32.6	 626	OK
1296	   0	97.2	32.2	 605	OK
1297	   0	106.3	23.0	 553	OK
1298	   0	96.5	33.5	 593	OK
1299	   0	100.7	28.2	 594	OK
1300	   0	103.4	25.7	 590	OK
1301	   0	106.7	22.7	 562	OK
1302	   0	95.6	33.9	 617	OK
1303	   0	92.3	39.0	 592	OK
1304	   0	99.4	30.6	 582	OK
1305	   0	87.4	43.8	 608	OK
1306	   0	98.9	32.3	 613	OK
1307	   0	105.1	23.0	 583	OK
1308	   0	97.7	32.2	 603	OK
1309	   0	94.0	36.6	 591	OK
1310	   0	95.8	34.6	 584	OK
1311	   0	100.3	29.7	 560	OK
1312	   0	98.0	32.6	 598	OK
1313	   0	97.7	33.1	 575	OK
1314	   0	99.2	31.6	 586	OK
1315	   0	97.5	31.8	 619	OK
1316	   0	103.7	25.1	 599	OK
1317	   0	102.3	28.0	 584	OK
1318	   0	93.1	38.5	 604	OK
1319	   0	103.1	24.9	 587	OK
1320	   0	99.9	30.1	 580	OK
1321	   0	99.6	29.8	 593	OK
1322	   0	105.0	24.4	 604	OK
1323	   0	109.5	18.6	 563	OK
1324	   0	100.9	28.1	 586	OK
1325	   0	99.6	31.0	 587	OK
1326	   0	105.9	22.4	 575	OK
1327	   0	104.3	26.2	 584	OK
1328	   0	104.0	24.8	 579	OK
1329	   0	94.0	35.5	 605	OK
1330	   0	105.0	23.1	 593	OK
1331	   0	98.8	30.9	 563	OK
1332	   0	99.1	30.3	 601	OK
1333	   0	106.0	24.3	 595	OK
1334	   0	103.3	24.9	 588	OK
1335	   0	102.3	27.3	 602	OK
1336	   0	104.6	24.1	 587	OK
1337	   0	94.4	34.8	 598	OK
1338	   0	101.1	29.2	 583	OK
1339	   0	99.8	30.9	 585	OK
1340	   0	105.8	22.7	 590	OK
1341	   0	106.3	22.4	 563	OK
1342	   0	105.5	23.7	 578	OK
1343	   0	96.4	33.1	 614	OK
1344	   0	92.3	38.1	 614	OK
1345	   0	98.5	32.7	 585	OK
1346	   0	99.9	29.3	 592	OK
1347	   0	102.9	26.5	 594	OK
1348	   0	102.6	26.6	 586	OK
1349	   0	92.1	38.9	 602	OK
1350	   0	101.4	28.3	 592	OK
1351	   0	93.3	36.6	 634	OK
1352	   0	97.2	33.0	 617	OK
1353	   0	111.0	18.3	 556	OK
1354	   0	100.9	30.1	 600	OK
1355	   0	96.7	34.8	 609	OK
1356	   0	102.1	28.8	 581	OK
1357	   0	87.9	42.9	 618	OK
1358	   0	104.7	24.5	 603	OK
1359	   0	97.4	34.0	 598	OK
1360	   0	94.2	37.3	 589	OK
1361	   0	90.2	40.7	 609	OK
1362	   0	102.7	27.6	 566	OK
1363	   0	104.7	23.2	 593	OK
1364	   0	93.6	36.4	 599	OK
1365	   0	101.3	27.9	 581	OK
1366	   0	99.5	30.3	 601	OK
1367	   0	101.3	28.9	 580	OK
1368	   0	110.4	18.9	 588	OK
1369	   0	97.6	31.9	 596	OK
1370	   0	100.1	29.2	 593	OK
1371	   0	98.8	31.9	 590	OK
1372	   0	98.3	30.9	 612	OK
1373	   0	94.3	35.8	 583	OK
1374	   0	100.9	28.3	 586	OK
1375	   0	98.9	29.5	 594	OK
1376	   0	101.7	28.5	 585	OK
1377	   0	97.1	34.3	 571	OK
1378	   0	97.5	32.4	 587	OK
1379	   0	102.0	27.5	 559	OK
1380	   0	101.6	27.0	 562	OK
1381	   0	105.5	23.0	 564	OK
1382	   0	108.7	19.0	 578	OK
1383	   0	99.0	31.7	 579	OK
1384	   0	96.3	34.2	 602	OK
1385	   0	100.7	29.1	 575	OK
1386	   0	104.4	24.3	 588	OK
1387	   0	97.4	32.7	 578	OK
1388	   0	102.3	27.1	 575	OK
1389	   0	104.6	25.0	 576	OK
1390	   0	96.2	34.0	 588	OK
1391	   0	97.8	32.7	 576	OK
1392	   0	103.1	27.1	 600	OK
1393	   0	93.6	37.2	 588	OK
1394	   0	94.4	34.8	 580	OK
1395	   0	101.2	28.7	 582	OK
1396	   0	97.8	32.7	 598	OK
1397	   0	96.8	32.3	 586	OK
1398	   0	93.3	37.6	 598	OK
1399	   0	96.4	34.8	 583	OK
1400	   0	92.1	40.0	 604	OK
1401	   0	95.0	36.5	 574	OK
1402	   0	94.8	37.3	 596	OK
1403	   0	99.0	30.1	 570	OK
1404	   0	95.2	34.8	 590	OK
1405	   0	104.7	25.2	 586	OK
1406	   0	97.2	32.9	 587	OK
1407	   0	109.3	18.9	 559	OK
1408	   0	89.4	40.9	 619	OK
1409	   0	90.0	40.3	 624	OK
1410	   0	95.4	33.5	 604	OK
1411	   0	86.9	45.7	 637	OK
1412	   0	88.0	44.5	 645	OK
1413	   0	86.8	45.0	 621	OK
1414	   0	92.0	38.1	 615	OK
1415	   0	95.5	35.8	 602	OK
1416	   0	89.2	42.1	 623	OK
1417	   0	93.1	38.5	 596	OK
1418	   0	95.7	33.5	 598	OK
1419	   0	92.4	37.9	 604	OK
1420	   0	86.9	43.4	 636	OK
1421	   0	99.9	30.9	 615	OK
1422	   0	83.4	48.8	 638	OK
1423	   0	87.6	43.1	 612	OK
1424	   0	84.0	48.9	 627	OK
1425	   0	92.9	36.7	 596	OK
1426	   0	82.2	49.7	 643	OK
1427	   0	94.0	37.1	 603	OK
1428	   0	91.0	40.4	 608	OK
1429	   0	93.5	35.7	 628	OK
1430	   0	90.9	41.4	 626	OK
1431	   0	90.4	41.9	 610	OK
1432	   0	88.9	42.6	 626	OK
1433	   0	94.9	35.3	 619	OK
1434	   0	84.5	49.2	 647	OK
1435	   0	96.0	34.3	 607	OK
1436	   0	93.2	38.9	 623	OK
1437	   0	84.9	46.7	 609	OK
1438	   0	86.3	43.8	 633	OK
1439	   0	93.5	37.1	 598	OK
1440	   0	93.9	36.0	 597	OK
1441	   0	94.3	35.2	 618	OK
1442	   0	97.4	32.8	 584	OK
1443	   0	84.8	46.5	 618	OK
1444	   0	96.1	33.4	 597	OK
1445	   0	81.6	50.5	 629	OK
1446	   0	87.1	45.6	 618	OK
1447	   0	97.9	31.5	 593	OK
1448	   0	89.2	44.4	 609	OK
1449	   0	97.0	31.8	 619	OK
1450	   0	91.8	38.6	 614	OK
1451	   0	90.8	40.4	 623	OK
1452	   0	92.9	38.1	 619	OK
1453	   0	94.9	34.7	 590	OK
1454	   0	91.3	40.8	 593	OK
1455	   0	89.1	41.6	 612	OK
1456	   0	95.2	35.8	 627	OK
1457	   0	99.3	31.1	 617	OK
1458	   0	93.4	37.4	 612	OK
1459	   0	93.1	37.9	 596	OK
1460	   0	91.2	39.8	 631	OK
1461	   0	90.7	40.5	 627	OK
1462	   0	93.0	36.5	 640	OK
1463	   0	93.3	37.4	 629	OK
1464	   0	98.7	30.8	 596	OK
1465	   0	89.0	44.1	 619	OK
1466	   0	91.6	38.9	 633	OK
1467	   0	90.1	40.2	 611	OK
1468	   0	92.7	37.2	 623	OK
1469	   0	91.7	40.2	 602	OK
1470	   0	90.2	41.3	 628	OK
1471	   0	100.0	29.6	 594	OK
1472	   0	88.2	44.0	 615	OK
1473	   0	96.3	33.7	 593	OK
1474	   0	96.1	35.2	 616	OK
1475	   0	90.1	41.7	 607	OK
1476	   0	87.8	42.2	 661	OK
1477	   0	90.4	42.3	 634	OK
1478	   0	86.7	46.4	 635	OK
1479	   0	93.0	38.4	 580	OK
1480	   0	90.4	40.1	 622	OK
1481	   0	93.6	37.3	 597	OK
1482	   0	91.0	39.7	 603	OK
1483	   0	99.2	31.7	 600	OK
1484	   0	95.6	33.6	 599	OK
1485	   0	92.8	38.0	 594	OK
1486	   0	96.1	35.2	 621	OK
1487	   0	93.4	37.2	 601	OK
1488	   0	87.2	44.3	 635	OK
1489	   0	81.7	49.9	 634	OK
1490	   0	94.4	36.4	 604	OK
1491	   0	91.3	41.6	 613	OK
1492	   0	95.1	34.8	 621	OK
1493	   0	88.5	42.6	 593	OK
1494	   0	93.3	36.1	 596	OK
1495	   0	91.0	41.1	 589	OK
1496	   0	96.6	34.0	 603	OK
1497	   0	93.5	38.4	 628	OK
1498	   0	86.5	47.0	 625	OK
1499	   0	86.0	46.6	 619	OK
1500	   0	100.2	30.3	 581	OK
1501	   0	91.1	38.9	 608	OK
1502	   0	94.4	34.5	 603	OK
1503	   0	93.8	35.3	 601	OK
1504	   0	94.0	37.2	 624	OK
1505	   0	98.3	31.1	 596	OK
1506	   0	87.1	42.6	 609	OK
1507	   0	89.1	43.2	 606	OK
1508	   0	100.0	29.1	 589	OK
1509	   0	97.0	32.5	 580	OK
1510	   0	92.6	38.2	 608	OK
1511	   0	87.7	45.0	 632	OK
1512	   0	89.3	43.2	 617	OK
1513	   0	91.7	38.7	 602	OK
1514	   0	87.7	45.5	 600	OK
1515	   0	95.0	36.3	 584	OK
1516	   0	91.6	40.4	 621	OK
1517	   0	94.4	37.8	 583	OK
1518	   0	90.9	41.3	 596	OK
1519	   0	91.7	39.7	 598	OK
1520	   0	90.0	42.6	 612	OK
1521	   0	86.4	46.9	 624	OK
1522	   0	94.1	37.4	 609	OK
1523	   0	86.3	47.0	 628	OK
1524	   0	93.7	35.1	 623	OK
1525	   0	93.6	37.4	 607	OK
1526	   0	91.7	40.3	 627	OK
1527	   0	82.9	48.9	 626	OK
1528	   0	93.0	37.7	 608	OK
1529	   0	93.7	38.0	 604	OK
1530	   0	90.9	39.9	 627	OK
1531	   0	92.2	38.0	 596	OK
1532	   0	93.4	38.1	 611	OK
1533	   0	89.8	41.6	 611	OK
1534	   0	88.7	42.4	 614	OK
1535	   0	95.0	36.3	 580	OK
1536	   0	95.2	34.4	 616	OK
1537	   0	100.1	28.6	 586	OK
1538	   0	88.9	42.1	 629	OK
1539	   0	94.9	34.6	 615	OK
1540	   0	93.1	38.8	 623	OK
1541	   0	95.0	35.6	 604	OK
1542	   0	101.2	29.2	 582	OK
1543	   0	96.3	34.6	 594	OK
1544	   0	93.7	35.5	 611	OK
1545	   0	100.5	29.6	 605	OK
1546	   0	91.2	39.4	 609	OK
1547	   0	93.1	35.4	 611	OK
1548	   0	98.8	32.1	 627	OK
1549	   0	92.9	38.4	 635	OK
1550	   0	98.6	29.4	 600	OK
1551	   0	92.5	37.3	 620	OK
1552	   0	101.3	27.6	 590	OK
1553	   0	93.9	36.3	 600	OK
1554	   0	95.9	32.8	 612	OK
1555	   0	94.3	36.6	 590	OK
1556	   0	88.0	44.1	 623	OK
1557	   0	90.8	38.6	 626	OK
1558	   0	88.2	44.4	 625	OK
1559	   0	93.2	38.2	 624	OK
1560	   0	95.0	36.1	 625	OK
1561	   0	88.9	41.4	 626	OK
1562	   0	100.6	28.8	 591	OK
1563	   0	103.8	24.7	 580	OK
1564	   0	97.4	33.3	 599	OK
1565	   0	102.4	25.4	 593	OK
1566	   0	91.4	38.0	 629	OK
1567	   0	93.1	37.2	 601	OK
1568	   0	88.1	42.3	 615	OK
1569	   0	94.9	35.6	 609	OK
1570	   0	98.1	30.2	 586	OK
1571	   0	95.8	33.9	 602	OK
1572	   0	94.4	36.9	 604	OK
1573	   0	101.2	28.3	 594	OK
1574	   0	95.0	34.4	 607	OK
1575	   0	98.8	33.1	 589	OK
1576	   0	91.7	38.5	 604	OK
1577	   0	98.1	30.8	 607	OK
1578	   0	97.9	32.4	 589	OK
1579	   0	87.2	44.6	 624	OK
1580	   0	101.4	26.9	 606	OK
1581	   0	93.1	36.6	 618	OK
1582	   0	100.8	28.4	 586	OK
1583	   0	85.8	46.4	 649	OK
1584	   0	88.0	43.8	 626	OK
1585	   0	89.7	43.0	 649	OK
1586	   0	93.1	38.7	 628	OK
1587	   0	92.1	39.5	 616	OK
1588	   0	99.5	28.3	 594	OK
1589	   0	91.1	39.0	 624	OK
1590	   0	96.6	33.5	 608	OK
1591	   0	87.0	46.5	 645	OK
1592	   0	94.7	37.1	 612	OK
1593	   0	93.4	37.9	 620	OK
1594	   0	98.2	33.3	 606	OK
1595	   0	92.5	39.8	 631	OK
1596	   0	100.6	27.8	 613	OK
1597	   0	100.2	27.9	 599	OK
1598	   0	100.7	33.0	 604	OK
1599	   0	99.6	28.3	 612	OK
1600	   0	101.9	27.4	 607	OK
1601	   0	92.7	37.2	 611	OK
1602	   0	94.8	35.6	 622	OK
1603	   0	96.7	34.9	 621	OK
1604	   0	99.0	31.3	 603	OK
1605	   0	96.9	33.6	 587	OK
1606	   0	95.4	34.6	 609	OK
1607	   0	92.5	39.1	 621	OK
1608	   0	94.3	35.7	 613	OK
1609	   0	92.4	38.5	 623	OK
1610	   0	98.2	31.1	 614	OK
1611	   0	99.8	28.9	 595	OK
1612	   0	100.6	29.4	 574	OK
1613	   0	92.4	38.2	 582	OK
1614	   0	96.0	32.8	 592	OK
1615	   0	93.3	37.2	 575	OK
1616	   0	93.5	38.0	 610	OK
1617	   0	89.8	42.0	 587	OK
1618	   0	93.5	36.5	 618	OK
1619	   0	99.6	29.5	 607	OK
1620	   0	102.2	27.8	 591	OK
1621	   0	99.6	31.5	 607	OK
1622	   0	99.5	31.6	 612	OK
1623	   0	98.7	32.5	 614	OK
1624	   0	87.2	44.8	 648	OK
1625	   0	93.1	36.7	 610	OK
1626	   0	98.0	32.3	 609	OK
1627	   0	95.5	34.0	 614	OK
1628	   0	99.3	30.0	 591	OK
1629	   0	89.4	40.8	 597	OK
1630	   0	94.8	35.1	 617	OK
1631	   0	97.5	32.8	 596	OK
1632	   0	96.7	35.3	 610	OK
1633	   0	87.4	43.4	 639	OK
1634	   0	88.5	41.6	 607	OK
1635	   0	96.5	33.1	 614	OK
1636	   0	92.6	37.8	 616	OK
1637	   0	86.5	46.6	 615	OK
1638	   0	91.9	37.4	 608	OK
1639	   0	96.0	34.6	 599	OK
1640	   0	93.2	37.0	 615	OK
1641	   0	95.5	36.5	 606	OK
1642	   0	92.1	38.7	 602	OK
1643	   0	97.0	32.0	 619	OK
1644	   0	96.6	35.1	 602	OK
1645	   0	91.3	39.6	 600	OK
1646	   0	96.0	35.7	 609	OK
1647	   0	87.6	44.3	 623	OK
1648	   0	88.1	44.0	 635	OK
1649	   0	92.7	38.5	 615	OK
1650	   0	97.2	31.6	 596	OK
1651	   0	97.0	32.1	 592	OK
1652	   0	98.6	31.6	 597	OK
1653	   0	99.5	29.4	 591	OK
1654	   0	96.6	33.4	 610	OK
1655	   0	91.7	37.9	 617	OK
1656	   0	91.6	40.4	 615	OK
1657	   0	96.7	31.9	 599	OK
1658	   0	101.9	28.6	 598	OK
1659	   0	86.7	44.5	 617	OK
1660	   0	98.5	31.8	 618	OK
1661	   0	85.9	46.5	 620	OK
1662	   0	99.5	28.3	 584	OK
1663	   0	94.0	37.2	 595	OK
1664	   0	101.8	26.9	 588	OK
1665	   0	95.2	36.1	 610	OK
1666	   0	92.6	38.7	 656	OK
1667	   0	89.3	42.4	 623	OK
1668	   0	96.9	34.6	 629	OK
1669	   0	95.7	34.5	 607	OK
1670	   0	92.1	39.4	 619	OK
1671	   0	107.1	21.3	 593	OK
1672	   0	93.7	37.5	 603	OK
1673	   0	100.1	30.5	 588	OK
1674	   0	96.0	34.5	 613	OK
1675	   0	85.1	47.2	 659	OK
1676	   0	92.8	40.2	 631	OK
1677	   0	93.9	37.9	 629	OK
1678	   0	97.2	34.0	 601	OK
1679	   0	96.6	32.2	 594	OK
1680	   0	91.7	37.5	 601	OK
1681	   0	103.1	26.9	 574	OK
1682	   0	100.4	28.7	 604	OK
1683	   0	100.6	27.5	 592	OK
1684	   0	92.0	39.6	 619	OK
1685	   0	94.9	37.1	 626	OK
1686	   0	97.8	30.5	 620	OK
1687	   0	102.9	27.3	 604	OK
1688	   0	99.6	31.0	 603	OK
1689	   0	100.2	30.3	 595	OK
1690	   0	86.5	47.4	 648	OK
1691	   0	90.1	41.9	 629	OK
1692	   0	100.6	30.3	 619	OK
1693	   0	94.6	36.8	 628	OK
1694	   0	98.9	31.2	 615	OK
1695	   0	99.1	29.8	 583	OK
1696	   0	94.6	35.9	 603	OK
1697	   0	90.9	41.8	 624	OK
1698	   0	94.5	35.8	 628	OK
1699	   0	98.6	30.7	 597	OK
1700	   0	95.2	35.5	 615	OK
1701	   0	100.2	28.4	 614	OK
1702	   0	97.2	32.6	 600	OK
1703	   0	98.5	32.2	 616	OK
1704	   0	97.3	31.3	 609	OK
1705	   0	97.1	32.0	 609	OK
1706	   0	97.3	33.9	 612	OK
1707	   0	102.8	27.3	 578	OK
1708	   0	98.8	30.5	 601	OK
1709	   0	97.1	32.8	 625	OK
1710	   0	88.7	44.2	 624	OK
1711	   0	100.4	29.6	 611	OK
1712	   0	95.7	33.5	 641	OK
1713	   0	91.7	38.4	 623	OK
1714	   0	101.6	28.2	 577	OK
1715	   0	96.0	34.2	 606	OK
1716	   0	105.1	22.6	 581	OK
1717	   0	99.8	31.2	 606	OK
1718	   0	100.3	27.9	 600	OK
1719	   0	93.4	36.6	 614	OK
1720	   0	90.5	40.7	 635	OK
1721	   0	98.5	32.9	 600	OK
1722	   0	93.6	39.0	 609	OK
1723	   0	95.8	33.3	 597	OK
1724	   0	101.4	28.0	 634	OK
1725	   0	103.8	23.6	 598	OK
1726	   0	99.5	29.8	 603	OK
1727	   0	98.9	31.1	 598	OK
1728	   0	91.4	38.7	 636	OK
1729	   0	97.3	31.7	 611	OK
1730	   0	92.3	39.4	 632	OK
1731	   0	101.5	29.1	 598	OK
1732	   0	89.7	40.5	 622	OK
1733	   0	102.1	26.1	 611	OK
1734	   0	95.9	34.6	 605	OK
1735	   0	97.6	31.4	 621	OK
1736	   0	100.9	29.5	 611	OK
1737	   0	94.7	35.0	 596	OK
1738	   0	101.6	26.7	 591	OK
1739	   0	95.7	34.5	 578	OK
1740	   0	88.8	43.3	 617	OK
1741	   0	98.5	30.9	 617	OK
1742	   0	96.3	34.2	 616	OK
1743	   0	91.3	38.9	 647	OK
1744	   0	97.1	33.9	 639	OK
1745	   0	103.5	27.4	 595	OK
1746	   0	89.9	40.1	 666	OK
1747	   0	104.3	23.5	 572	OK
1748	   0	95.9	33.2	 627	OK
1749	   0	94.5	37.2	 589	OK
1750	   0	92.3	38.4	 621	OK
1751	   0	99.7	29.4	 591	OK
1752	   0	89.7	42.1	 632	OK
1753	   0	97.0	31.9	 614	OK
1754	   0	103.5	24.6	 563	OK
1755	   0	109.2	18.8	 583	OK
1756	   0	93.9	36.4	 612	OK
1757	   0	93.1	38.8	 644	OK
1758	   0	103.2	24.6	 580	OK
1759	   0	108.6	19.2	 567	OK
1760	   0	104.5	25.3	 581	OK
1761	   0	93.3	37.1	 610	OK
1762	   0	97.7	32.4	 600	OK
1763	   0	91.6	38.6	 603	OK
1764	   0	95.0	35.8	 599	OK
1765	   0	95.4	35.8	 609	OK
1766	   0	105.7	22.5	 586	OK
1767	   0	94.9	34.2	 604	OK
1768	   0	98.2	32.0	 611	OK
1769	   0	102.0	26.0	 587	OK
1770	   0	94.5	36.3	 601	OK
1771	   0	93.8	37.9	 609	OK
1772	   0	98.7	31.3	 626	OK
1773	   0	97.7	32.8	 592	OK
1774	   0	88.0	45.7	 653	OK
1775	   0	94.1	35.5	 643	OK
1776	   0	94.3	36.0	 621	OK
1777	   0	95.7	35.5	 614	OK
1778	   0	99.8	30.0	 596	OK
1779	   0	89.8	40.7	 626	OK
1780	   0	95.8	33.5	 630	OK
1781	   0	95.0	34.3	 594	OK
1782	   0	91.1	41.5	 616	OK
1783	   0	94.5	37.1	 598	OK
1784	   0	107.6	20.1	 595	OK
1785	   0	91.9	39.9	 621	OK
1786	   0	101.9	26.3	 602	OK
1787	   0	101.0	28.6	 628	OK
1788	   0	101.3	27.6	 581	OK
1789	   0	94.6	35.2	 589	OK
1790	   0	94.4	36.9	 620	OK
1791	   0	92.4	37.6	 609	OK
1792	   0	86.2	46.9	 675	OK
1793	   0	85.5	48.4	 667	OK
1794	   0	87.5	45.6	 633	OK
1795	   0	92.5	39.6	 620	OK
1796	   0	89.4	44.2	 625	OK
1797	   0	86.2	46.1	 660	OK
1798	   0	90.2	40.1	 640	OK
1799	   0	86.9	45.4	 625	OK
1800	   0	87.9	42.8	 649	OK
1801	   0	89.8	41.5	 639	OK
1802	   0	87.1	45.1	 629	OK
1803	   0	85.9	46.3	 620	OK
1804	   0	84.9	48.2	 637	OK
1805	   0	95.8	35.7	 615	OK
1806	   0	88.1	45.4	 641	OK
1807	   0	87.5	46.4	 636	OK
1808	   0	88.3	43.5	 641	OK
1809	   0	94.6	36.1	 601	OK
1810	   0	90.1	41.4	 649	OK
1811	   0	85.4	46.1	 639	OK
1812	   0	89.7	42.2	 638	OK
1813	   0	84.4	47.6	 658	OK
1814	   0	91.5	39.5	 612	OK
1815	   0	84.6	48.1	 631	OK
1816	   0	83.5	48.0	 675	OK
1817	   0	89.1	44.5	 633	OK
1818	   0	84.9	46.4	 646	OK
1819	   0	89.1	42.6	 654	OK
1820	   0	92.5	37.6	 623	OK
1821	   0	94.6	35.5	 610	OK
1822	   0	93.9	36.2	 637	OK
1823	   0	88.2	45.3	 634	OK
1824	   0	91.2	39.9	 649	OK
1825	   0	87.0	45.4	 631	OK
1826	   0	83.9	48.7	 646	OK
1827	   0	79.5	54.6	 649	OK
1828	   0	85.0	46.5	 639	OK
1829	   0	92.4	39.8	 633	OK
1830	   0	83.9	50.1	 643	OK
1831	   0	82.1	51.5	 665	OK
1832	   0	85.7	46.0	 638	OK
1833	   0	89.0	42.9	 623	OK
1834	   0	95.0	36.5	 624	OK
1835	   0	86.6	46.5	 636	OK
1836	   0	83.6	50.6	 661	OK
1837	   0	88.3	45.4	 644	OK
1838	   0	83.7	49.6	 647	OK
1839	   0	86.9	45.8	 652	OK
1840	   0	89.6	42.9	 665	OK
1841	   0	88.2	43.3	 633	OK
1842	   0	92.2	37.8	 634	OK
1843	   0	90.9	39.8	 629	OK
1844	   0	91.8	38.7	 642	OK
1845	   0	92.3	38.8	 643	OK
1846	   0	88.9	43.0	 653	OK
1847	   0	88.7	42.1	 634	OK
1848	   0	83.5	50.1	 665	OK
1849	   0	88.8	43.1	 650	OK
1850	   0	92.5	37.7	 618	OK
1851	   0	88.8	42.5	 641	OK
1852	   0	94.4	35.9	 648	OK
1853	   0	90.8	40.9	 659	OK
1854	   0	88.4	43.0	 658	OK
1855	   0	82.8	48.9	 650	OK
1856	   0	96.1	34.8	 648	OK
1857	   0	86.8	45.3	 638	OK
1858	   0	89.0	41.6	 652	OK
1859	   0	91.1	40.3	 633	OK
1860	   0	87.8	44.5	 644	OK
1861	   0	83.4	48.9	 660	OK
1862	   0	87.8	42.6	 653	OK
1863	   0	97.7	31.8	 617	OK
1864	   0	91.1	40.7	 645	OK
1865	   0	88.9	42.4	 635	OK
1866	   0	88.9	43.3	 634	OK
1867	   0	83.5	48.1	 640	OK
1868	   0	90.2	42.1	 634	OK
1869	   0	86.4	46.0	 619	OK
1870	   0	93.3	36.7	 636	OK
1871	   0	89.9	41.6	 614	OK
1872	   0	82.1	51.0	 644	OK
1873	   0	95.0	37.1	 605	OK
1874	   0	95.3	35.1	 611	OK
1875	   0	81.9	52.3	 676	OK
1876	   0	92.6	38.8	 632	OK
1877	   0	84.6	48.4	 629	OK
1878	   0	87.7	43.3	 635	OK
1879	   0	83.4	49.0	 646	OK
1880	   0	93.5	38.2	 617	OK
1881	   0	93.0	39.7	 615	OK
1882	   0	85.7	45.7	 650	OK
1883	   0	84.5	47.9	 635	OK
1884	   0	83.4	49.7	 665	OK
1885	   0	91.6	41.2	 634	OK
1886	   0	86.6	44.8	 648	OK
1887	   0	88.7	43.4	 644	OK
1888	   0	91.4	38.6	 631	OK
1889	   0	89.9	42.5	 627	OK
1890	   0	88.5	44.1	 627	OK
1891	   0	89.5	42.5	 643	OK
1892	   0	91.3	40.0	 654	OK
1893	   0	85.6	47.4	 646	OK
1894	   0	84.7	47.3	 644	OK
1895	   0	91.7	38.7	 627	OK
1896	   0	81.9	49.9	 669	OK
1897	   0	86.2	44.3	 616	OK
1898	   0	90.7	39.4	 628	OK
1899	   0	88.4	43.2	 618	OK
1900	   0	87.4	45.0	 641	OK
1901	   0	89.8	41.9	 621	OK
1902	   0	89.2	43.0	 628	OK
1903	   0	82.1	51.7	 645	OK
1904	   0	83.3	48.3	 648	OK
1905	   0	87.2	45.0	 624	OK
1906	   0	92.2	40.9	 642	OK
1907	   0	95.8	35.4	 601	OK
1908	   0	87.8	44.8	 619	OK
1909	   0	86.7	46.1	 639	OK
1910	   0	92.4	37.7	 631	OK
1911	   0	99.2	30.0	 618	OK
1912	   0	83.3	49.7	 654	OK
1913	   0	87.3	43.6	 640	OK
1914	   0	87.6	43.4	 625	OK
1915	   0	89.4	42.5	 630	OK
1916	   0	88.3	42.5	 649	OK
1917	   0	88.5	42.9	 650	OK
1918	   0	88.1	42.6	 652	OK
1919	   0	84.2	49.0	 617	OK
1920	   0	85.9	45.5	 643	OK
1921	   0	93.9	37.1	 624	OK
1922	   0	88.7	42.1	 657	OK
1923	   0	93.5	35.6	 607	OK
1924	   0	89.6	41.4	 652	OK
1925	   0	87.8	43.1	 650	OK
1926	   0	94.2	36.2	 628	OK
1927	   0	90.2	40.8	 631	OK
1928	   0	97.7	32.3	 611	OK
1929	   0	90.1	39.6	 629	OK
1930	   0	92.3	38.9	 619	OK
1931	   0	92.2	38.7	 620	OK
1932	   0	82.3	49.9	 662	OK
1933	   0	94.3	36.0	 611	OK
1934	   0	88.1	43.8	 607	OK
1935	   0	99.4	29.3	 617	OK
1936	   0	84.7	46.0	 653	OK
1937	   0	87.7	43.9	 660	OK
1938	   0	98.7	29.4	 618	OK
1939	   0	87.3	43.3	 620	OK
1940	   0	93.1	36.9	 633	OK
1941	   0	93.0	35.9	 628	OK
1942	   0	83.8	47.7	 654	OK
1943	   0	93.2	37.0	 617	OK
1944	   0	87.2	44.0	 662	OK
1945	   0	89.6	40.7	 663	OK
1946	   0	90.5	40.5	 631	OK
1947	   0	83.5	50.6	 654	OK
1948	   0	90.8	40.4	 624	OK
1949	   0	93.3	38.7	 629	OK
1950	   0	92.8	36.9	 651	OK
1951	   0	88.2	42.9	 632	OK
1952	   0	86.1	46.2	 654	OK
1953	   0	84.9	46.6	 659	OK
1954	   0	95.8	33.5	 621	OK
1955	   0	86.0	43.9	 649	OK
1956	   0	96.9	33.2	 625	OK
1957	   0	88.7	43.3	 611	OK
1958	   0	99.2	30.6	 626	OK
1959	   0	95.6	35.4	 615	OK
1960	   0	93.6	35.0	 637	OK
1961	   0	94.4	36.2	 644	OK
1962	   0	96.4	32.5	 615	OK
1963	   0	90.2	39.1	 650	OK
1964	   0	84.5	48.4	 646	OK
1965	   0	100.4	29.0	 601	OK
1966	   0	88.8	42.0	 637	OK
1967	   0	96.3	33.1	 634	OK
1968	   0	91.5	39.3	 649	OK
1969	   0	99.5	30.9	 610	OK
1970	   0	93.5	35.9	 639	OK
1971	   0	91.9	38.1	 628	OK
1972	   0	103.8	26.1	 630	OK
1973	   0	97.5	32.0	 624	OK
1974	   0	94.3	36.8	 620	OK
1975	   0	92.9	37.4	 642	OK
1976	   0	94.4	35.5	 629	OK
1977	   0	88.1	43.3	 637	OK
1978	   0	91.0	40.6	 638	OK
1979	   0	99.3	28.9	 624	OK
1980	   0	95.8	34.6	 621	OK
1981	   0	99.6	29.9	 620	OK
1982	   0	92.1	39.3	 643	OK
1983	   0	97.5	33.7	 632	OK
1984	   0	85.8	46.5	 676	OK
1985	   0	93.3	37.5	 653	OK
1986	   0	95.8	34.2	 624	OK
1987	   0	94.3	37.6	 615	OK
1988	   0	89.3	41.4	 628	OK
1989	   0	98.0	32.3	 630	OK
1990	   0	92.2	39.2	 640	OK
1991	   0	91.3	39.6	 647	OK
1992	   0	84.6	45.9	 621	OK
1993	   0	87.2	45.7	 652	OK
1994	   0	90.5	39.3	 625	OK
1995	   0	84.2	49.8	 646	OK
1996	   0	91.1	40.1	 652	OK
1997	   0	93.3	36.5	 643	OK
1998	   0	92.9	38.5	 639	OK
1999	   0	93.3	36.7	 624	OK
2000	   0	91.8	39.6	 647	OK
2001	   0	87.5	44.4	 640	OK
2002	   0	97.9	33.6	 614	OK
2003	   0	94.8	34.4	 611	OK
2004	   0	92.9	38.6	 622	OK
2005	   0	89.2	43.9	 627	OK
2006	   0	88.0	42.9	 642	OK
2007	   0	86.5	44.2	 653	OK
2008	   0	84.8	47.6	 647	OK
2009	   0	88.1	44.3	 630	OK
2010	   0	89.5	42.6	 626	OK
2011	   0	96.4	34.0	 594	OK
2012	   0	99.4	30.3	 585	OK
2013	   0	91.6	39.6	 636	OK
2014	   0	87.0	43.2	 649	OK
2015	   0	91.2	41.1	 628	OK
2016	   0	84.3	47.2	 663	OK
2017	   0	87.5	43.6	 633	OK
2018	   0	94.7	35.5	 630	OK
2019	   0	91.6	37.7	 616	OK
2020	   0	91.1	41.5	 637	OK
2021	   0	92.6	37.2	 615	OK
2022	   0	84.1	47.5	 631	OK
2023	   0	88.8	43.1	 633	OK
2024	   0	87.3	43.9	 644	OK
2025	   0	92.7	36.2	 614	OK
2026	   0	92.8	36.9	 588	OK
2027	   0	91.2	39.8	 623	OK
2028	   0	83.8	48.7	 643	OK
2029	   0	86.6	44.6	 641	OK
2030	   0	87.3	45.2	 642	OK
2031	   0	92.6	37.5	 617	OK
2032	   0	90.4	38.7	 625	OK
2033	   0	92.5	37.4	 625	OK
2034	   0	86.7	44.6	 669	OK
2035	   0	87.2	45.2	 655	OK
2036	   0	82.2	50.7	 667	OK
2037	   0	94.0	37.6	 607	OK
2038	   0	91.0	40.1	 626	OK
2039	   0	90.6	40.7	 626	OK
2040	   0	91.6	37.4	 642	OK
2041	   0	100.3	27.8	 619	OK
2042	   0	88.2	44.6	 609	OK
2043	   0	99.5	28.8	 608	OK
2044	   0	98.1	31.7	 607	OK
2045	   0	91.5	38.6	 610	OK
2046	   0	92.2	38.9	 607	OK
2047	   0	93.8	36.7	 605	OK
2048	   0	89.2	42.8	 647	OK
2049	   0	83.5	48.2	 630	OK
2050	   0	86.8	42.9	 657	OK
2051	   0	82.8	49.5	 638	OK
2052	   0	84.5	48.3	 639	OK
2053	   0	86.2	45.9	 628	OK
2054	   0	88.9	42.8	 608	OK
2055	   0	98.1	31.7	 606	OK
2056	   0	76.7	55.2	 688	OK
2057	   0	92.5	38.6	 627	OK
2058	   0	81.3	49.6	 655	OK
2059	   0	93.9	37.9	 594	OK
2060	   0	84.2	47.4	 623	OK
2061	   0	85.2	47.7	 634	OK
2062	   0	85.6	44.7	 627	OK
2063	   0	88.0	43.4	 591	OK
2064	   0	89.3	40.9	 642	OK
2065	   0	83.3	48.6	 633	OK
2066	   0	79.9	51.4	 653	OK
2067	   0	87.6	44.1	 630	OK
2068	   0	80.6	54.0	 660	OK
2069	   0	88.8	41.0	 630	OK
2070	   0	87.8	43.2	 648	OK
2071	   0	86.4	45.3	 658	OK
2072	   0	81.8	52.9	 636	OK
2073	   0	88.1	42.0	 613	OK
2074	   0	89.9	41.0	 634	OK
2075	   0	86.8	45.5	 653	OK
2076	   0	80.7	51.1	 640	OK
2077	   0	88.7	40.9	 637	OK
2078	   0	86.8	46.1	 631	OK
2079	   0	87.1	43.9	 630	OK
2080	   0	86.2	46.9	 630	OK
2081	   0	89.8	42.0	 632	OK
2082	   0	91.0	40.3	 630	OK
2083	   0	84.7	45.6	 638	OK
2084	   0	85.4	45.3	 630	OK
2085	   0	93.4	35.4	 640	OK
2086	   0	80.0	52.3	 666	OK
2087	   0	85.1	45.2	 634	OK
2088	   0	84.2	47.2	 625	OK
2089	   0	85.5	45.2	 635	OK
2090	   0	92.3	38.9	 621	OK
2091	   0	85.8	46.6	 644	OK
2092	   0	91.4	39.0	 634	OK
2093	   0	84.0	48.8	 617	OK
2094	   0	84.2	46.1	 641	OK
2095	   0	87.5	42.4	 624	OK
2096	   0	88.4	43.2	 640	OK
2097	   0	86.4	43.8	 634	OK
2098	   0	83.7	47.6	 640	OK
2099	   0	86.3	43.9	 621	OK
2100	   0	87.9	42.6	 645	OK
2101	   0	97.2	31.1	 629	OK
2102	   0	88.9	40.1	 644	OK
2103	   0	91.0	39.8	 611	OK
2104	   0	87.5	44.8	 661	OK
2105	   0	94.3	35.4	 627	OK
2106	   0	79.9	52.0	 653	OK
2107	   0	90.1	40.7	 631	OK
2108	   0	92.5	38.0	 626	OK
2109	   0	86.7	44.7	 626	OK
2110	   0	89.9	41.7	 614	OK
2111	   0	87.6	44.9	 647	OK
2112	   0	93.0	37.7	 615	OK
2113	   0	83.7	49.6	 651	OK
2114	   0	84.9	47.4	 627	OK
2115	   0	94.9	34.8	 630	OK
2116	   0	87.4	43.8	 642	OK
2117	   0	91.6	40.4	 619	OK
2118	   0	83.1	47.8	 638	OK
2119	   0	79.2	53.3	 673	OK
2120	   0	89.4	44.2	 632	OK
2121	   0	83.2	48.4	 637	OK
2122	   0	89.8	42.9	 637	OK
2123	   0	87.4	43.5	 612	OK
2124	   0	94.9	35.4	 624	OK
2125	   0	80.1	52.1	 678	OK
2126	   0	85.8	47.1	 633	OK
2127	   0	84.2	45.9	 647	OK
2128	   0	91.7	39.7	 633	OK
2129	   0	89.0	42.9	 632	OK
2130	   0	85.5	46.1	 619	OK
2131	   0	86.6	46.8	 641	OK
2132	   0	87.6	44.6	 635	OK
2133	   0	84.0	49.3	 622	OK
2134	   0	88.8	44.5	 639	OK
2135	   0	88.4	41.9	 638	OK
2136	   0	84.4	47.9	 613	OK
2137	   0	78.4	53.6	 652	OK
2138	   0	82.8	50.6	 655	OK
2139	   0	87.3	46.8	 619	OK
2140	   0	83.4	49.6	 637	OK
2141	   0	87.9	42.2	 627	OK
2142	   0	85.3	46.6	 650	OK
2143	   0	86.0	44.6	 625	OK
2144	   0	89.5	42.7	 631	OK
2145	   0	84.4	46.0	 653	OK
2146	   0	83.6	46.3	 620	OK
2147	   0	92.1	37.6	 627	OK
2148	   0	85.8	45.0	 650	OK
2149	   0	84.0	48.9	 616	OK
2150	   0	79.2	52.4	 637	OK
2151	   0	86.8	45.3	 622	OK
2152	   0	89.6	39.9	 633	OK
2153	   0	98.9	31.6	 624	OK
2154	   0	89.2	42.1	 604	OK
2155	   0	84.6	47.8	 640	OK
2156	   0	89.8	42.4	 631	OK
2157	   0	93.0	36.6	 626	OK
2158	   0	80.4	52.1	 649	OK
2159	   0	82.1	48.3	 649	OK
2160	   0	87.3	44.7	 656	OK
2161	   0	85.9	46.0	 609	OK
2162	   0	87.5	45.6	 603	OK
2163	   0	87.8	42.6	 645	OK
2164	   0	88.1	43.4	 651	OK
2165	   0	81.9	51.9	 657	OK
2166	   0	90.7	38.3	 619	OK
2167	   0	90.5	40.7	 635	OK
2168	   0	85.8	45.8	 642	OK
2169	   0	86.0	43.9	 628	OK
2170	   0	87.5	43.2	 647	OK
2171	   0	88.9	43.3	 643	OK
2172	   0	88.5	43.8	 622	OK
2173	   0	76.8	53.8	 642	OK
2174	   0	89.0	41.9	 615	OK
2175	   0	86.1	44.1	 635	OK
2176	   0	77.6	54.3	 677	OK
2177	   0	75.5	57.0	 662	OK
2178	   0	77.8	55.3	 686	OK
2179	   0	73.4	61.0	 709	OK
2180	   0	81.0	52.8	 685	OK
2181	   0	84.5	46.6	 650	OK
2182	   0	70.5	64.4	 733	OK
2183	   0	73.7	59.5	 709	OK
2184	   0	76.9	54.6	 672	OK
2185	   0	78.4	52.1	 687	OK
2186	   0	82.2	48.8	 687	OK
2187	   0	78.6	53.2	 680	OK
2188	   0	76.0	56.4	 707	OK
2189	   0	80.4	51.9	 668	OK
2190	   0	76.8	57.3	 670	OK
2191	   0	84.6	48.3	 654	OK
2192	   0	77.3	55.9	 696	OK
2193	   0	81.6	50.9	 677	OK
2194	   0	75.0	56.7	 667	OK
2195	   0	78.0	54.3	 683	OK
2196	   0	69.7	65.4	 733	OK
2197	   0	70.6	62.8	 697	OK
2198	   0	73.6	57.7	 715	OK
2199	   0	78.0	55.9	 675	OK
2200	   0	83.1	47.1	 716	OK
2201	   0	72.7	59.9	 687	OK
2202	   0	80.5	52.4	 693	OK
2203	   0	73.9	58.5	 734	OK
2204	   0	80.1	51.4	 687	OK
2205	   0	72.9	60.8	 702	OK
2206	   0	78.9	55.5	 697	OK
2207	   0	78.6	54.5	 700	OK
2208	   0	69.1	65.6	 754	OK
2209	   0	72.7	60.6	 712	OK
2210	   0	72.8	59.9	 696	OK
2211	   0	81.2	52.0	 666	OK
2212	   0	80.6	51.5	 695	OK
2213	   0	75.1	57.9	 700	OK
2214	   0	78.5	54.6	 704	OK
2215	   0	79.7	51.8	 680	OK
2216	   0	82.3	47.5	 696	OK
2217	   0	74.7	59.1	 697	OK
2218	   0	80.9	50.7	 677	OK
2219	   0	70.5	62.0	 727	OK
2220	   0	77.6	56.3	 714	OK
2221	   0	75.6	58.1	 704	OK
2222	   0	72.3	61.3	 706	OK
2223	   0	77.2	58.0	 687	OK
2224	   0	76.6	57.0	 715	OK
2225	   0	84.9	47.0	 681	OK
2226	   0	76.9	54.5	 714	OK
2227	   0	83.8	48.0	 651	OK
2228	   0	84.1	48.9	 676	OK
2229	   0	83.4	48.0	 676	OK
2230	   0	82.1	49.4	 702	OK
2231	   0	79.9	51.7	 683	OK
2232	   0	83.3	49.2	 706	OK
2233	   0	90.0	40.2	 657	OK
2234	   0	85.6	46.9	 661	OK
2235	   0	82.5	48.4	 677	OK
2236	   0	77.1	56.3	 709	OK
2237	   0	76.8	57.2	 753	OK
2238	   0	74.1	57.2	 725	OK
2239	   0	84.4	48.1	 684	OK
2240	   0	83.2	46.5	 718	OK
2241	   0	79.6	53.0	 714	OK
2242	   0	82.5	49.9	 682	OK
2243	   0	79.1	52.9	 685	OK
2244	   0	78.0	53.5	 702	OK
2245	   0	91.6	40.0	 679	OK
2246	   0	86.3	45.9	 671	OK
2247	   0	78.5	54.4	 685	OK
2248	   0	82.2	50.0	 695	OK
2249	   0	79.0	54.6	 702	OK
2250	   0	77.4	53.9	 717	OK
2251	   0	78.7	54.5	 689	OK
2252	   0	85.2	46.8	 687	OK
2253	   0	76.4	55.0	 710	OK
2254	   0	82.4	47.8	 696	OK
2255	   0	81.3	51.4	 693	OK
2256	   0	90.2	41.3	 685	OK
2257	   0	83.4	48.6	 673	OK
2258	   0	80.5	54.0	 686	OK
2259	   0	74.3	59.0	 708	OK
2260	   0	76.4	58.2	 688	OK
2261	   0	80.3	50.5	 672	OK
2262	   0	82.0	51.4	 706	OK
2263	   0	83.7	46.5	 649	OK
2264	   0	84.1	48.5	 691	OK
2265	   0	83.4	47.2	 706	OK
2266	   0	79.9	52.3	 696	OK
2267	   0	81.8	49.7	 659	OK
2268	   0	77.2	56.5	 691	OK
2269	   0	82.4	50.8	 709	OK
2270	   0	75.3	58.7	 674	OK
2271	   0	78.6	53.0	 698	OK
2272	   0	82.9	49.2	 699	OK
2273	   0	89.2	42.2	 681	OK
2274	   0	71.7	61.3	 723	OK
2275	   0	81.4	49.9	 685	OK
2276	   0	80.5	52.7	 703	OK
2277	   0	85.2	45.3	 705	OK
2278	   0	82.5	49.1	 673	OK
2279	   0	74.7	57.6	 711	OK
2280	   0	74.4	57.3	 718	OK
2281	   0	82.7	48.0	 661	OK
2282	   0	77.2	55.3	 688	OK
2283	   0	81.5	50.7	 670	OK
2284	   0	81.1	49.7	 680	OK
2285	   0	80.6	49.9	 685	OK
2286	   0	80.9	52.6	 709	OK
2287	   0	84.1	47.7	 668	OK
2288	   0	80.7	51.2	 666	OK
2289	   0	79.8	53.7	 683	OK
2290	   0	81.7	48.3	 693	OK
2291	   0	76.2	56.8	 692	OK
2292	   0	86.3	45.2	 670	OK
2293	   0	85.6	44.4	 685	OK
2294	   0	76.0	58.3	 685	OK
2295	   0	81.7	51.2	 687	OK
2296	   0	82.1	48.6	 713	OK
2297	   0	77.7	55.7	 697	OK
2298	   0	77.2	56.6	 714	OK
2299	   0	83.0	48.2	 693	OK
2300	   0	79.4	54.7	 700	OK
2301	   0	77.5	55.4	 692	OK
2302	   0	75.2	56.6	 713	OK
2303	   0	70.5	63.7	 690	OK
2304	   0	92.9	37.3	 599	OK
2305	   0	100.4	28.9	 595	OK
2306	   0	94.8	36.5	 625	OK
2307	   0	86.9	45.0	 611	OK
2308	   0	91.5	40.1	 621	OK
2309	   0	92.5	38.2	 592	OK
2310	   0	98.1	30.5	 575	OK
2311	   0	94.8	35.2	 611	OK
2312	   0	98.0	32.4	 617	OK
2313	   0	91.1	39.5	 629	OK
2314	   0	95.6	33.4	 612	OK
2315	   0	92.2	37.8	 617	OK
2316	   0	99.0	31.4	 617	OK
2317	   0	91.4	38.4	 621	OK
2318	   0	95.6	36.1	 605	OK
2319	   0	92.8	38.2	 617	OK
2320	   0	96.0	35.6	 597	OK
2321	   0	95.0	35.1	 605	OK
2322	   0	91.5	39.4	 631	OK
2323	   0	85.3	45.7	 610	OK
2324	   0	94.6	35.7	 617	OK
2325	   0	98.8	30.6	 601	OK
2326	   0	99.2	30.1	 602	OK
2327	   0	101.4	29.3	 598	OK
2328	   0	97.9	31.6	 616	OK
2329	   0	92.8	37.9	 596	OK
2330	   0	94.2	35.9	 596	OK
2331	   0	93.6	36.4	 594	OK
2332	   0	98.0	31.8	 585	OK
2333	   0	93.4	37.6	 600	OK
2334	   0	95.1	35.9	 612	OK
2335	   0	93.8	37.3	 593	OK
2336	   0	97.1	33.2	 622	OK
2337	   0	95.1	34.9	 604	OK
2338	   0	99.8	30.2	 595	OK
2339	   0	90.9	40.1	 629	OK
2340	   0	91.8	40.3	 631	OK
2341	   0	99.0	30.6	 590	OK
2342	   0	94.3	36.7	 591	OK
2343	   0	94.3	37.2	 620	OK
2344	   0	90.1	39.9	 627	OK
2345	   0	95.4	33.9	 587	OK
2346	   0	93.2	38.1	 612	OK
2347	   0	93.4	36.3	 622	OK
2348	   0	87.0	45.5	 619	OK
2349	   0	82.0	51.2	 630	OK
2350	   0	96.3	33.4	 610	OK
2351	   0	90.0	42.3	 642	OK
2352	   0	92.5	38.5	 623	OK
2353	   0	93.5	36.9	 613	OK
2354	   0	89.3	40.4	 622	OK
2355	   0	95.4	34.4	 611	OK
2356	   0	87.8	44.2	 637	OK
2357	   0	93.1	36.7	 606	OK
2358	   0	92.0	38.6	 621	OK
2359	   0	84.8	46.5	 655	OK
2360	   0	92.5	39.4	 653	OK
2361	   0	93.9	34.9	 616	OK
2362	   0	88.2	42.1	 640	OK
2363	   0	90.0	40.3	 624	OK
2364	   0	96.2	34.2	 625	OK
2365	   0	92.9	37.1	 617	OK
2366	   0	84.8	46.3	 657	OK
2367	   0	92.7	37.4	 607	OK
2368	   0	92.9	37.2	 636	OK
2369	   0	107.1	20.7	 587	OK
2370	   0	95.3	34.3	 587	OK
2371	   0	99.7	30.3	 626	OK
2372	   0	105.0	24.4	 571	OK
2373	   0	92.7	38.4	 619	OK
2374	   0	89.4	42.0	 623	OK
2375	   0	90.9	40.7	 629	OK
2376	   0	91.5	39.3	 623	OK
2377	   0	95.8	33.9	 623	OK
2378	   0	87.1	45.1	 608	OK
2379	   0	95.2	34.7	 588	OK
2380	   0	93.7	38.6	 603	OK
2381	   0	100.1	31.0	 573	OK
2382	   0	93.3	37.0	 616	OK
2383	   0	94.0	37.8	 606	OK
2384	   0	89.1	44.9	 619	OK
2385	   0	101.0	29.6	 614	OK
2386	   0	88.6	43.9	 604	OK
2387	   0	93.7	36.7	 612	OK
2388	   0	86.0	46.7	 596	OK
2389	   0	101.9	26.7	 592	OK
2390	   0	93.3	37.7	 590	OK
2391	   0	93.8	38.0	 617	OK
2392	   0	90.6	41.5	 609	OK
2393	   0	89.6	42.9	 611	OK
2394	   0	99.2	31.7	 591	OK
2395	   0	100.0	29.9	 588	OK
2396	   0	92.4	38.9	 618	OK
2397	   0	91.7	38.8	 617	OK
2398	   0	94.4	36.8	 601	OK
2399	   0	86.9	44.5	 616	OK
2400	   0	94.4	35.2	 594	OK
2401	   0	92.3	38.4	 607	OK
2402	   0	93.2	36.5	 586	OK
2403	   0	94.3	36.3	 623	OK
2404	   0	97.1	34.0	 607	OK
2405	   0	99.2	31.7	 581	OK
2406	   0	102.0	26.4	 582	OK
2407	   0	92.1	38.7	 604	OK
2408	   0	93.1	37.7	 609	OK
2409	   0	93.5	37.4	 604	OK
2410	   0	90.3	40.5	 623	OK
2411	   0	92.8	36.5	 609	OK
2412	   0	95.6	34.9	 599	OK
2413	   0	97.4	32.8	 592	OK
2414	   0	91.4	39.5	 616	OK
2415	   0	89.1	42.7	 614	OK
2416	   0	87.2	44.8	 625	OK
2417	   0	90.8	39.9	 611	OK
2418	   0	91.5	41.0	 623	OK
2419	   0	88.4	43.0	 612	OK
2420	   0	89.3	40.8	 640	OK
2421	   0	88.0	44.2	 614	OK
2422	   0	95.3	34.7	 589	OK
2423	   0	92.5	39.2	 626	OK
2424	   0	89.1	43.0	 603	OK
2425	   0	95.7	34.3	 591	OK
2426	   0	99.8	29.4	 593	OK
2427	   0	91.8	40.3	 608	OK
2428	   0	91.4	40.4	 609	OK
2429	   0	89.9	41.9	 624	OK
2430	   0	93.2	37.3	 600	OK
2431	   0	101.9	27.0	 585	OK
2432	   0	97.2	33.2	 615	OK
2433	   0	91.7	40.0	 630	OK
2434	   0	90.8	41.4	 624	OK
2435	   0	93.9	36.2	 653	OK
2436	   0	90.8	40.0	 634	OK
2437	   0	93.5	37.1	 639	OK
2438	   0	88.8	42.2	 620	OK
2439	   0	90.2	39.6	 617	OK
2440	   0	93.8	35.7	 628	OK
2441	   0	89.9	42.5	 622	OK
2442	   0	92.1	38.5	 632	OK
2443	   0	90.7	39.5	 627	OK
2444	   0	96.6	34.7	 613	OK
2445	   0	88.4	41.5	 626	OK
2446	   0	87.1	44.0	 623	OK
2447	   0	89.6	43.4	 624	OK
2448	   0	91.6	39.3	 634	OK
2449	   0	92.7	39.1	 605	OK
2450	   0	96.5	34.8	 601	OK
2451	   0	87.9	43.9	 624	OK
2452	   0	87.6	43.0	 632	OK
2453	   0	99.5	29.2	 613	OK
2454	   0	92.3	39.2	 600	OK
2455	   0	86.6	44.8	 637	OK
2456	   0	100.3	28.8	 613	OK
2457	   0	95.2	35.0	 592	OK
2458	   0	87.2	45.6	 634	OK
2459	   0	93.0	38.9	 637	OK
2460	   0	91.9	38.8	 636	OK
2461	   0	98.0	31.7	 599	OK
2462	   0	88.7	42.1	 638	OK
2463	   0	94.1	36.9	 608	OK
2464	   0	93.5	38.4	 604	OK
2465	   0	91.5	38.2	 603	OK
2466	   0	91.9	38.4	 632	OK
2467	   0	86.4	47.2	 636	OK
2468	   0	95.4	36.1	 607	OK
2469	   0	93.4	37.0	 618	OK
2470	   0	92.2	40.1	 619	OK
2471	   0	88.5	42.4	 612	OK
2472	   0	81.4	51.3	 652	OK
2473	   0	92.3	37.5	 612	OK
2474	   0	91.3	40.5	 639	OK
2475	   0	91.5	41.5	 615	OK
2476	   0	91.5	39.8	 639	OK
2477	   0	94.9	36.4	 622	OK
2478	   0	93.4	36.7	 622	OK
2479	   0	89.8	43.1	 613	OK
2480	   0	93.5	36.9	 643	OK
2481	   0	93.9	38.1	 628	OK
2482	   0	107.8	20.7	 588	OK
2483	   0	89.9	42.4	 626	OK
2484	   0	92.8	39.0	 620	OK
2485	   0	94.4	36.2	 644	OK
2486	   0	93.3	38.5	 635	OK
2487	   0	97.0	33.9	 612	OK
2488	   0	94.7	36.9	 631	OK
2489	   0	93.3	39.0	 628	OK
2490	   0	87.9	45.0	 664	OK
2491	   0	92.9	37.9	 597	OK
2492	   0	100.3	29.9	 618	OK
2493	   0	94.3	36.1	 615	OK
2494	   0	96.4	34.7	 609	OK
2495	   0	96.8	35.4	 602	OK
2496	   0	103.0	27.4	 626	OK
2497	   0	103.6	26.9	 605	OK
2498	   0	97.0	32.9	 612	OK
2499	   0	102.3	26.8	 591	OK
2500	   0	94.2	36.0	 620	OK
2501	   0	91.5	40.5	 628	OK
2502	   0	87.0	45.0	 667	OK
2503	   0	85.1	46.1	 642	OK
2504	   0	91.7	39.2	 627	OK
2505	   0	89.8	42.1	 637	OK
2506	   0	93.5	36.4	 624	OK
2507	   0	89.8	40.4	 633	OK
2508	   0	93.7	37.0	 630	OK
2509	   0	99.0	30.7	 596	OK
2510	   0	98.1	31.0	 602	OK
2511	   0	94.0	36.5	 605	OK
2512	   0	95.0	35.3	 633	OK
2513	   0	90.7	42.2	 623	OK
2514	   0	95.5	34.9	 653	OK
2515	   0	97.4	32.8	 619	OK
2516	   0	93.1	38.4	 625	OK
2517	   0	95.5	34.6	 604	OK
2518	   0	86.6	44.9	 639	OK
2519	   0	97.1	32.5	 609	OK
2520	   0	90.9	39.6	 621	OK
2521	   0	96.2	33.9	 600	OK
2522	   0	85.6	45.1	 654	OK
2523	   0	98.1	32.4	 596	OK
2524	   0	95.4	34.0	 630	OK
2525	   0	95.7	33.6	 603	OK
2526	   0	94.5	36.8	 613	OK
2527	   0	88.8	43.1	 595	OK
2528	   0	89.7	41.6	 631	OK
2529	   0	96.2	34.9	 622	OK
2530	   0	94.5	35.8	 592	OK
2531	   0	98.1	31.7	 620	OK
2532	   0	87.0	44.7	 661	OK
2533	   0	99.2	28.8	 590	OK
2534	   0	97.5	31.9	 640	OK
2535	   0	86.6	45.2	 636	OK
2536	   0	94.3	36.0	 619	OK
2537	   0	96.5	34.2	 622	OK
2538	   0	95.5	36.1	 630	OK
2539	   0	95.5	34.6	 592	OK
2540	   0	91.7	38.6	 618	OK
2541	   0	89.3	42.0	 609	OK
2542	   0	94.0	36.7	 622	OK
2543	   0	91.9	39.2	 599	OK
2544	   0	93.3	36.6	 628	OK
2545	   0	94.7	35.8	 604	OK
2546	   0	93.9	36.3	 600	OK
2547	   0	90.3	41.8	 601	OK
2548	   0	89.7	40.4	 616	OK
2549	   0	88.4	44.7	 646	OK
2550	   0	94.9	35.7	 609	OK
2551	   0	94.0	35.8	 606	OK
2552	   0	95.8	35.6	 615	OK
2553	   0	94.5	37.3	 606	OK
2554	   0	94.3	35.0	 619	OK
2555	   0	93.2	38.5	 624	OK
2556	   0	97.5	33.8	 610	OK
2557	   0	102.5	25.5	 615	OK
2558	   0	94.5	34.9	 627	OK
2559	   0	90.3	40.8	 635	OK
