#chan	code	gain	offset	innse	comment
   0	   0	80.5	80.5	 661	OK
   1	   0	93.5	93.5	 657	OK
   2	   0	86.3	86.3	 602	OK
   3	   0	82.6	82.6	 627	OK
   4	   0	83.3	83.3	 550	OK
   5	   0	87.9	87.9	 633	OK
   6	   0	86.5	86.5	 575	OK
   7	   0	85.8	85.8	 609	OK
   8	   0	89.9	89.9	 556	OK
   9	   0	80.6	80.6	 629	OK
  10	   0	93.2	93.2	 610	OK
  11	   0	89.6	89.6	 554	OK
  12	   0	80.3	80.3	 706	OK
  13	   0	87.8	87.8	 683	OK
  14	   0	86.8	86.8	 729	OK
  15	   0	84.9	84.9	 560	OK
  16	   0	82.6	82.6	 690	OK
  17	   0	89.1	89.1	 634	OK
  18	   0	85.2	85.2	 650	OK
  19	   0	82.7	82.7	 647	OK
  20	   0	87.1	87.1	 661	OK
  21	   0	92.5	92.5	 636	OK
  22	   0	85.3	85.3	 632	OK
  23	   0	85.5	85.5	 615	OK
  24	   0	84.0	84.0	 746	OK
  25	   0	83.3	83.3	 606	OK
  26	   0	92.3	92.3	 605	OK
  27	   0	86.0	86.0	 722	OK
  28	   0	84.6	84.6	 640	OK
  29	   0	84.1	84.1	 656	OK
  30	   0	79.4	79.4	 657	OK
  31	   0	88.0	88.0	 636	OK
  32	   0	87.9	87.9	 566	OK
  33	   0	90.1	90.1	 644	OK
  34	   0	89.6	89.6	 725	OK
  35	   0	86.0	86.0	 581	OK
  36	   0	84.0	84.0	 716	OK
  37	   0	87.2	87.2	 718	OK
  38	   0	88.1	88.1	 660	OK
  39	   0	89.3	89.3	 604	OK
  40	   0	76.5	76.5	 693	OK
  41	   0	73.8	73.8	 656	OK
  42	   0	93.4	93.4	 690	OK
  43	   0	79.9	79.9	 544	OK
  44	4000	78.6	78.6	 771	high noise
  45	   0	81.8	81.8	 696	OK
  46	   0	84.0	84.0	 650	OK
  47	   0	92.3	92.3	 638	OK
  48	1000	92.0	92.0	 498	unbonded
  49	   0	81.1	81.1	 627	OK
  50	   0	83.4	83.4	 635	OK
  51	   0	88.9	88.9	 638	OK
  52	   0	85.1	85.1	 720	OK
  53	   0	87.4	87.4	 725	OK
  54	   0	86.2	86.2	 656	OK
  55	   0	83.9	83.9	 688	OK
  56	   0	84.9	84.9	 679	OK
  57	   0	90.9	90.9	 661	OK
  58	   0	84.1	84.1	 659	OK
  59	   0	85.0	85.0	 587	OK
  60	   0	89.5	89.5	 599	OK
  61	   0	87.7	87.7	 648	OK
  62	   0	88.4	88.4	 680	OK
  63	   0	85.8	85.8	 738	OK
  64	   0	89.8	89.8	 603	OK
  65	4000	81.1	81.1	 781	high noise
  66	   0	93.1	93.1	 628	OK
  67	   0	85.6	85.6	 644	OK
  68	4000	86.4	86.4	 797	high noise
  69	   0	82.8	82.8	 704	OK
  70	   0	91.7	91.7	 646	OK
  71	   0	89.2	89.2	 648	OK
  72	   0	80.1	80.1	 714	OK
  73	   0	86.7	86.7	 681	OK
  74	   0	88.9	88.9	 642	OK
  75	   0	88.0	88.0	 613	OK
  76	   0	85.3	85.3	 731	OK
  77	   0	92.2	92.2	 622	OK
  78	   0	83.2	83.2	 680	OK
  79	   0	84.0	84.0	 682	OK
  80	4000	81.3	81.3	 790	high noise
  81	   0	88.0	88.0	 616	OK
  82	   0	82.1	82.1	 622	OK
  83	   0	95.1	95.1	 614	OK
  84	   0	82.9	82.9	 743	OK
  85	   0	90.4	90.4	 592	OK
  86	   0	82.7	82.7	 616	OK
  87	   0	85.8	85.8	 568	OK
  88	4000	78.4	78.4	 761	high noise
  89	   0	82.6	82.6	 648	OK
  90	   0	86.2	86.2	 706	OK
  91	4000	83.6	83.6	 796	high noise
  92	   0	81.0	81.0	 665	OK
  93	   0	80.5	80.5	 709	OK
  94	   0	89.5	89.5	 618	OK
  95	   0	84.5	84.5	 680	OK
  96	   0	85.5	85.5	 746	OK
  97	   0	85.2	85.2	 730	OK
  98	   0	86.9	86.9	 677	OK
  99	   0	86.7	86.7	 689	OK
 100	4000	82.7	82.7	 775	high noise
 101	   0	90.8	90.8	 604	OK
 102	   0	90.0	90.0	 691	OK
 103	   0	88.0	88.0	 604	OK
 104	   0	92.4	92.4	 557	OK
 105	   0	86.5	86.5	 638	OK
 106	   0	88.9	88.9	 718	OK
 107	   0	93.2	93.2	 670	OK
 108	   0	80.6	80.6	 684	OK
 109	4000	82.7	82.7	 779	high noise
 110	   0	90.1	90.1	 600	OK
 111	   0	96.6	96.6	 643	OK
 112	   0	93.7	93.7	 633	OK
 113	   0	89.2	89.2	 569	OK
 114	   0	92.0	92.0	 684	OK
 115	   0	85.6	85.6	 699	OK
 116	   0	88.8	88.8	 608	OK
 117	1000	86.8	86.8	 539	unbonded
 118	   0	85.6	85.6	 643	OK
 119	   0	93.7	93.7	 645	OK
 120	4000	79.2	79.2	 824	high noise
 121	   0	90.1	90.1	 631	OK
 122	   0	88.1	88.1	 684	OK
 123	   0	87.7	87.7	 634	OK
 124	   0	78.8	78.8	 649	OK
 125	   0	87.8	87.8	 720	OK
 126	   0	88.1	88.1	 658	OK
 127	   0	82.4	82.4	 643	OK
 128	   0	75.4	75.4	 554	OK
 129	   0	83.5	83.5	 737	OK
 130	   0	77.5	77.5	 739	OK
 131	   0	82.3	82.3	 734	OK
 132	   0	85.2	85.2	 708	OK
 133	   0	83.6	83.6	 636	OK
 134	4000	74.4	74.4	 888	high noise
 135	   0	79.8	79.8	 642	OK
 136	   0	74.2	74.2	 732	OK
 137	4000	73.9	73.9	 850	high noise
 138	4000	77.6	77.6	 860	high noise
 139	   0	78.1	78.1	 669	OK
 140	   0	79.0	79.0	 740	OK
 141	   0	77.0	77.0	 789	OK
 142	   0	87.7	87.7	 706	OK
 143	   0	82.2	82.2	 726	OK
 144	   0	85.3	85.3	 682	OK
 145	   0	83.4	83.4	 819	OK
 146	   0	83.7	83.7	 790	OK
 147	   0	76.7	76.7	 756	OK
 148	   0	76.8	76.8	 766	OK
 149	4000	80.9	80.9	 849	high noise
 150	   0	80.9	80.9	 732	OK
 151	   0	83.4	83.4	 634	OK
 152	   0	81.1	81.1	 723	OK
 153	   0	78.7	78.7	 730	OK
 154	   0	81.9	81.9	 758	OK
 155	   0	77.6	77.6	 554	OK
 156	   0	68.6	68.6	 811	OK
 157	   0	83.6	83.6	 740	OK
 158	   0	78.2	78.2	 716	OK
 159	   0	78.4	78.4	 769	OK
 160	   0	79.8	79.8	 701	OK
 161	   0	78.9	78.9	 789	OK
 162	   0	76.2	76.2	 817	OK
 163	   0	74.2	74.2	 726	OK
 164	   0	79.8	79.8	 697	OK
 165	   0	73.2	73.2	 772	OK
 166	   0	87.0	87.0	 720	OK
 167	   0	78.5	78.5	 815	OK
 168	   0	84.1	84.1	 691	OK
 169	   0	74.8	74.8	 740	OK
 170	   0	71.6	71.6	 715	OK
 171	   0	85.1	85.1	 824	OK
 172	   0	78.1	78.1	 732	OK
 173	   0	77.7	77.7	 681	OK
 174	   0	76.3	76.3	 783	OK
 175	   0	78.6	78.6	 703	OK
 176	   0	76.8	76.8	 713	OK
 177	   0	78.9	78.9	 718	OK
 178	   0	85.6	85.6	 677	OK
 179	   0	75.9	75.9	 784	OK
 180	   0	79.0	79.0	 789	OK
 181	4000	84.3	84.3	 848	high noise
 182	   0	77.3	77.3	 734	OK
 183	   0	78.5	78.5	 747	OK
 184	   0	83.0	83.0	 693	OK
 185	   0	81.2	81.2	 701	OK
 186	   0	84.3	84.3	 715	OK
 187	   0	81.0	81.0	 640	OK
 188	   0	77.4	77.4	 801	OK
 189	   0	83.4	83.4	 757	OK
 190	   0	83.6	83.6	 751	OK
 191	   0	84.7	84.7	 625	OK
 192	   0	79.8	79.8	 822	OK
 193	   0	71.7	71.7	 763	OK
 194	   0	80.9	80.9	 665	OK
 195	   0	82.0	82.0	 703	OK
 196	   0	87.5	87.5	 811	OK
 197	   0	78.9	78.9	 739	OK
 198	   0	79.0	79.0	 719	OK
 199	   0	81.8	81.8	 692	OK
 200	   0	79.7	79.7	 731	OK
 201	   0	78.9	78.9	 728	OK
 202	   0	84.8	84.8	 615	OK
 203	   0	82.9	82.9	 672	OK
 204	   0	76.4	76.4	 802	OK
 205	   0	81.8	81.8	 764	OK
 206	   0	76.5	76.5	 690	OK
 207	   0	75.2	75.2	 788	OK
 208	   0	78.1	78.1	 716	OK
 209	   0	69.9	69.9	 830	OK
 210	   0	86.0	86.0	 713	OK
 211	   0	77.5	77.5	 681	OK
 212	   0	82.3	82.3	 746	OK
 213	   0	77.6	77.6	 773	OK
 214	   0	78.5	78.5	 822	OK
 215	   0	76.3	76.3	 623	OK
 216	   0	69.7	69.7	 732	OK
 217	   0	71.7	71.7	 694	OK
 218	   0	73.8	73.8	 698	OK
 219	   0	79.0	79.0	 746	OK
 220	   0	87.3	87.3	 673	OK
 221	   0	73.3	73.3	 680	OK
 222	   0	75.4	75.4	 736	OK
 223	   0	79.4	79.4	 743	OK
 224	   0	78.7	78.7	 753	OK
 225	   0	79.5	79.5	 743	OK
 226	   0	73.3	73.3	 771	OK
 227	   0	78.4	78.4	 737	OK
 228	   0	79.2	79.2	 740	OK
 229	   0	80.2	80.2	 729	OK
 230	   0	82.8	82.8	 735	OK
 231	   0	87.2	87.2	 595	OK
 232	   0	75.9	75.9	 598	OK
 233	   0	79.9	79.9	 719	OK
 234	   0	77.0	77.0	 673	OK
 235	   0	79.9	79.9	 749	OK
 236	   0	71.7	71.7	 745	OK
 237	   0	83.6	83.6	 719	OK
 238	   0	80.3	80.3	 745	OK
 239	   0	81.5	81.5	 838	OK
 240	   0	76.1	76.1	 703	OK
 241	   0	77.7	77.7	 705	OK
 242	   0	72.6	72.6	 766	OK
 243	   0	83.5	83.5	 834	OK
 244	   0	80.9	80.9	 761	OK
 245	   0	78.8	78.8	 814	OK
 246	   0	74.9	74.9	 678	OK
 247	   0	77.7	77.7	 719	OK
 248	   0	74.6	74.6	 741	OK
 249	   0	83.3	83.3	 672	OK
 250	   0	78.4	78.4	 723	OK
 251	   0	72.2	72.2	 648	OK
 252	   0	69.7	69.7	 753	OK
 253	   0	72.6	72.6	 797	OK
 254	   0	76.2	76.2	 679	OK
 255	   0	80.7	80.7	 744	OK
 256	   0	76.4	76.4	 760	OK
 257	   0	78.4	78.4	 734	OK
 258	   0	82.9	82.9	 692	OK
 259	   0	82.1	82.1	 748	OK
 260	   0	83.7	83.7	 630	OK
 261	   0	72.1	72.1	 721	OK
 262	   0	78.5	78.5	 731	OK
 263	   0	84.8	84.8	 735	OK
 264	   0	79.2	79.2	 732	OK
 265	   0	77.0	77.0	 709	OK
 266	   0	83.2	83.2	 724	OK
 267	   0	75.5	75.5	 636	OK
 268	   0	80.6	80.6	 781	OK
 269	   0	79.1	79.1	 700	OK
 270	   0	79.8	79.8	 701	OK
 271	   0	85.5	85.5	 692	OK
 272	   0	83.4	83.4	 752	OK
 273	   0	82.5	82.5	 636	OK
 274	   0	83.0	83.0	 647	OK
 275	   0	79.8	79.8	 678	OK
 276	   0	79.7	79.7	 618	OK
 277	   0	83.1	83.1	 739	OK
 278	   0	84.3	84.3	 638	OK
 279	   0	73.1	73.1	 749	OK
 280	   0	83.2	83.2	 631	OK
 281	   0	78.2	78.2	 645	OK
 282	   0	80.7	80.7	 762	OK
 283	   0	80.4	80.4	 780	OK
 284	   0	85.8	85.8	 713	OK
 285	   0	76.9	76.9	 666	OK
 286	   0	64.6	64.6	 785	OK
 287	   0	78.6	78.6	 711	OK
 288	   0	77.0	77.0	 659	OK
 289	   0	75.9	75.9	 674	OK
 290	   0	69.7	69.7	 740	OK
 291	   0	83.0	83.0	 684	OK
 292	   0	79.1	79.1	 637	OK
 293	   0	78.7	78.7	 715	OK
 294	   0	81.0	81.0	 641	OK
 295	   0	77.9	77.9	 717	OK
 296	   0	79.7	79.7	 681	OK
 297	   0	74.7	74.7	 702	OK
 298	   0	74.7	74.7	 720	OK
 299	   0	78.2	78.2	 727	OK
 300	   0	75.6	75.6	 713	OK
 301	   0	83.8	83.8	 754	OK
 302	   0	81.2	81.2	 783	OK
 303	   0	77.5	77.5	 683	OK
 304	   0	79.5	79.5	 718	OK
 305	   0	89.2	89.2	 713	OK
 306	4000	82.6	82.6	 819	high noise
 307	   0	78.9	78.9	 689	OK
 308	   0	74.3	74.3	 690	OK
 309	   0	80.1	80.1	 703	OK
 310	   0	90.9	90.9	 671	OK
 311	   0	78.4	78.4	 720	OK
 312	4000	70.8	70.8	 884	high noise
 313	   0	79.8	79.8	 672	OK
 314	   0	74.3	74.3	 727	OK
 315	   0	76.6	76.6	 644	OK
 316	   0	78.2	78.2	 752	OK
 317	   0	85.6	85.6	 709	OK
 318	   0	75.9	75.9	 759	OK
 319	   0	83.9	83.9	 709	OK
 320	   0	78.3	78.3	 664	OK
 321	   0	77.9	77.9	 763	OK
 322	4000	78.4	78.4	 821	high noise
 323	   0	77.8	77.8	 675	OK
 324	   0	78.1	78.1	 754	OK
 325	4000	72.1	72.1	 883	high noise
 326	   0	85.1	85.1	 651	OK
 327	   0	80.1	80.1	 691	OK
 328	   0	73.2	73.2	 706	OK
 329	4000	72.1	72.1	 821	high noise
 330	   0	80.8	80.8	 716	OK
 331	   0	80.7	80.7	 686	OK
 332	   0	70.7	70.7	 757	OK
 333	   0	73.8	73.8	 611	OK
 334	   0	89.4	89.4	 628	OK
 335	   0	76.3	76.3	 718	OK
 336	   0	81.4	81.4	 735	OK
 337	   0	77.7	77.7	 736	OK
 338	   0	78.9	78.9	 705	OK
 339	   0	79.3	79.3	 700	OK
 340	   0	73.0	73.0	 766	OK
 341	   0	84.6	84.6	 700	OK
 342	   0	72.8	72.8	 690	OK
 343	   0	76.3	76.3	 752	OK
 344	   0	77.3	77.3	 755	OK
 345	   0	85.3	85.3	 630	OK
 346	   0	83.2	83.2	 782	OK
 347	   0	80.6	80.6	 618	OK
 348	   0	77.4	77.4	 739	OK
 349	   0	81.0	81.0	 690	OK
 350	   0	78.4	78.4	 625	OK
 351	   0	78.8	78.8	 693	OK
 352	   0	81.0	81.0	 599	OK
 353	1000	74.0	74.0	 535	unbonded
 354	   0	77.3	77.3	 711	OK
 355	   0	79.3	79.3	 700	OK
 356	   0	77.4	77.4	 723	OK
 357	   0	73.0	73.0	 671	OK
 358	   0	75.0	75.0	 642	OK
 359	   0	70.0	70.0	 726	OK
 360	   0	80.4	80.4	 700	OK
 361	   0	76.4	76.4	 757	OK
 362	   0	76.3	76.3	 725	OK
 363	   0	85.5	85.5	 713	OK
 364	   0	80.5	80.5	 741	OK
 365	   0	74.1	74.1	 618	OK
 366	   0	74.9	74.9	 704	OK
 367	   0	77.5	77.5	 753	OK
 368	   0	82.7	82.7	 743	OK
 369	   0	78.7	78.7	 719	OK
 370	   0	80.3	80.3	 630	OK
 371	   0	76.1	76.1	 616	OK
 372	   0	82.8	82.8	 696	OK
 373	   0	78.2	78.2	 721	OK
 374	   0	78.5	78.5	 734	OK
 375	4000	79.5	79.5	 814	high noise
 376	   0	76.1	76.1	 667	OK
 377	   0	71.3	71.3	 693	OK
 378	   0	80.0	80.0	 699	OK
 379	   0	69.9	69.9	 769	OK
 380	   0	77.6	77.6	 727	OK
 381	   0	80.2	80.2	 591	OK
 382	   0	81.6	81.6	 613	OK
 383	   0	75.7	75.7	 746	OK
 384	   0	88.8	88.8	 641	OK
 385	   0	89.4	89.4	 655	OK
 386	   0	85.3	85.3	 681	OK
 387	   0	92.4	92.4	 703	OK
 388	   0	90.1	90.1	 601	OK
 389	   0	96.3	96.3	 575	OK
 390	   0	89.4	89.4	 615	OK
 391	   0	88.9	88.9	 678	OK
 392	   0	84.4	84.4	 631	OK
 393	   0	87.4	87.4	 628	OK
 394	   0	87.2	87.2	 575	OK
 395	   0	84.0	84.0	 680	OK
 396	   0	88.7	88.7	 654	OK
 397	   0	86.6	86.6	 630	OK
 398	   0	89.5	89.5	 624	OK
 399	   0	89.7	89.7	 588	OK
 400	   0	93.6	93.6	 640	OK
 401	   0	93.2	93.2	 608	OK
 402	   0	85.1	85.1	 574	OK
 403	   0	82.4	82.4	 670	OK
 404	   0	85.3	85.3	 632	OK
 405	   0	85.9	85.9	 591	OK
 406	   0	83.8	83.8	 605	OK
 407	   0	91.4	91.4	 579	OK
 408	   0	85.1	85.1	 689	OK
 409	   0	80.4	80.4	 581	OK
 410	   0	96.0	96.0	 708	OK
 411	   0	88.4	88.4	 667	OK
 412	   0	88.1	88.1	 574	OK
 413	   0	94.8	94.8	 700	OK
 414	4000	83.1	83.1	 737	high noise
 415	   0	89.3	89.3	 556	OK
 416	   0	93.6	93.6	 586	OK
 417	   0	82.4	82.4	 659	OK
 418	   0	92.8	92.8	 611	OK
 419	4000	86.2	86.2	 733	high noise
 420	   0	80.0	80.0	 632	OK
 421	   0	99.2	99.2	 562	OK
 422	1000	88.9	88.9	 518	unbonded
 423	   0	82.0	82.0	 547	OK
 424	4000	91.0	91.0	 738	high noise
 425	   0	85.5	85.5	 665	OK
 426	   0	88.9	88.9	 711	OK
 427	   0	95.2	95.2	 612	OK
 428	   0	88.0	88.0	 607	OK
 429	   0	93.2	93.2	 677	OK
 430	   0	91.7	91.7	 651	OK
 431	   0	90.9	90.9	 560	OK
 432	   0	88.4	88.4	 620	OK
 433	   0	87.5	87.5	 544	OK
 434	   0	92.5	92.5	 664	OK
 435	   0	85.6	85.6	 652	OK
 436	   0	90.0	90.0	 642	OK
 437	   0	87.5	87.5	 722	OK
 438	   0	84.2	84.2	 614	OK
 439	   0	91.1	91.1	 620	OK
 440	   0	84.6	84.6	 598	OK
 441	   0	90.1	90.1	 572	OK
 442	   0	90.5	90.5	 654	OK
 443	   0	89.6	89.6	 627	OK
 444	   0	97.4	97.4	 595	OK
 445	1000	98.7	98.7	 523	unbonded
 446	   0	94.1	94.1	 712	OK
 447	   0	93.4	93.4	 663	OK
 448	   0	87.3	87.3	 658	OK
 449	   0	87.4	87.4	 561	OK
 450	   0	88.4	88.4	 596	OK
 451	   0	92.5	92.5	 614	OK
 452	   0	84.8	84.8	 716	OK
 453	   0	88.4	88.4	 714	OK
 454	   0	88.4	88.4	 681	OK
 455	   0	87.2	87.2	 628	OK
 456	   0	91.7	91.7	 705	OK
 457	   0	92.3	92.3	 562	OK
 458	   0	90.9	90.9	 655	OK
 459	   0	87.2	87.2	 696	OK
 460	1000	85.8	85.8	 398	unbonded
 461	   0	86.0	86.0	 697	OK
 462	   0	86.0	86.0	 640	OK
 463	   0	94.5	94.5	 605	OK
 464	   0	95.2	95.2	 605	OK
 465	   0	87.2	87.2	 628	OK
 466	   0	100.5	100.5	 581	OK
 467	   0	84.2	84.2	 628	OK
 468	   0	89.8	89.8	 600	OK
 469	   0	80.8	80.8	 636	OK
 470	   0	89.2	89.2	 648	OK
 471	1000	88.8	88.8	 502	unbonded
 472	4000	84.4	84.4	 753	high noise
 473	   0	89.6	89.6	 558	OK
 474	   0	81.4	81.4	 689	OK
 475	   0	86.5	86.5	 653	OK
 476	   0	88.8	88.8	 687	OK
 477	   0	88.4	88.4	 695	OK
 478	   0	90.6	90.6	 574	OK
 479	   0	83.6	83.6	 689	OK
 480	   0	83.0	83.0	 631	OK
 481	   0	79.5	79.5	 592	OK
 482	   0	93.3	93.3	 668	OK
 483	   0	83.1	83.1	 580	OK
 484	   0	87.7	87.7	 579	OK
 485	   0	90.9	90.9	 626	OK
 486	   0	83.8	83.8	 722	OK
 487	   0	85.1	85.1	 620	OK
 488	   0	82.6	82.6	 546	OK
 489	   0	89.6	89.6	 629	OK
 490	   0	88.9	88.9	 712	OK
 491	   0	90.3	90.3	 618	OK
 492	   0	84.9	84.9	 608	OK
 493	   0	86.6	86.6	 551	OK
 494	   0	88.7	88.7	 611	OK
 495	   0	89.5	89.5	 566	OK
 496	   0	89.6	89.6	 574	OK
 497	4000	84.6	84.6	 740	high noise
 498	   0	91.9	91.9	 560	OK
 499	   0	87.9	87.9	 673	OK
 500	   0	84.4	84.4	 592	OK
 501	   0	92.6	92.6	 599	OK
 502	   0	85.8	85.8	 599	OK
 503	   0	86.1	86.1	 656	OK
 504	   0	83.6	83.6	 558	OK
 505	   0	88.1	88.1	 671	OK
 506	   0	82.8	82.8	 660	OK
 507	   0	91.6	91.6	 651	OK
 508	   0	88.4	88.4	 604	OK
 509	   0	91.7	91.7	 583	OK
 510	   0	86.2	86.2	 606	OK
 511	   0	89.6	89.6	 638	OK
 512	   0	84.9	84.9	 707	OK
 513	   0	77.0	77.0	 653	OK
 514	   0	80.9	80.9	 615	OK
 515	   0	87.4	87.4	 597	OK
 516	   0	97.4	97.4	 582	OK
 517	1000	92.6	92.6	 524	unbonded
 518	   0	86.0	86.0	 565	OK
 519	   0	90.3	90.3	 597	OK
 520	   0	88.0	88.0	 626	OK
 521	   0	89.8	89.8	 624	OK
 522	   0	93.4	93.4	 631	OK
 523	   0	87.0	87.0	 590	OK
 524	   0	94.0	94.0	 688	OK
 525	   0	85.3	85.3	 676	OK
 526	   0	86.2	86.2	 612	OK
 527	   0	88.9	88.9	 672	OK
 528	   0	90.5	90.5	 695	OK
 529	   0	85.3	85.3	 620	OK
 530	   0	92.2	92.2	 629	OK
 531	   0	95.0	95.0	 645	OK
 532	   0	94.2	94.2	 636	OK
 533	   0	89.2	89.2	 681	OK
 534	   0	87.3	87.3	 591	OK
 535	   0	85.0	85.0	 641	OK
 536	   0	91.4	91.4	 698	OK
 537	   0	89.1	89.1	 625	OK
 538	   0	94.7	94.7	 593	OK
 539	1000	85.7	85.7	 519	unbonded
 540	   0	83.2	83.2	 727	OK
 541	   0	99.4	99.4	 595	OK
 542	1000	87.7	87.7	 503	unbonded
 543	   0	98.1	98.1	 677	OK
 544	   0	87.8	87.8	 637	OK
 545	   0	85.0	85.0	 680	OK
 546	   0	87.2	87.2	 545	OK
 547	   0	93.5	93.5	 612	OK
 548	   0	92.5	92.5	 681	OK
 549	   0	85.4	85.4	 636	OK
 550	   0	91.8	91.8	 609	OK
 551	   0	90.2	90.2	 595	OK
 552	   0	83.8	83.8	 637	OK
 553	   0	92.6	92.6	 635	OK
 554	   0	96.0	96.0	 680	OK
 555	   0	89.0	89.0	 579	OK
 556	   0	89.0	89.0	 589	OK
 557	   0	82.0	82.0	 664	OK
 558	   0	91.0	91.0	 566	OK
 559	   0	93.8	93.8	 666	OK
 560	   0	86.8	86.8	 697	OK
 561	4000	84.4	84.4	 749	high noise
 562	   0	90.9	90.9	 668	OK
 563	4000	81.3	81.3	 763	high noise
 564	   0	91.7	91.7	 664	OK
 565	   0	88.2	88.2	 698	OK
 566	   0	94.1	94.1	 676	OK
 567	   0	95.3	95.3	 596	OK
 568	   0	83.5	83.5	 656	OK
 569	   0	100.2	100.2	 657	OK
 570	   0	92.9	92.9	 657	OK
 571	4000	86.1	86.1	 732	high noise
 572	   0	90.1	90.1	 580	OK
 573	4000	90.1	90.1	 788	high noise
 574	   0	95.3	95.3	 612	OK
 575	4000	92.1	92.1	 734	high noise
 576	   0	95.7	95.7	 589	OK
 577	   0	95.8	95.8	 577	OK
 578	   0	87.6	87.6	 559	OK
 579	   0	94.6	94.6	 543	OK
 580	   0	89.5	89.5	 671	OK
 581	   0	92.4	92.4	 600	OK
 582	   0	85.7	85.7	 691	OK
 583	   0	92.5	92.5	 594	OK
 584	   0	82.6	82.6	 655	OK
 585	   0	90.8	90.8	 603	OK
 586	   0	83.8	83.8	 683	OK
 587	4000	84.3	84.3	 739	high noise
 588	   0	89.7	89.7	 608	OK
 589	   0	85.5	85.5	 597	OK
 590	   0	83.7	83.7	 633	OK
 591	   0	86.5	86.5	 658	OK
 592	   0	89.8	89.8	 661	OK
 593	   0	96.4	96.4	 713	OK
 594	   0	89.0	89.0	 657	OK
 595	   0	90.5	90.5	 644	OK
 596	   0	87.9	87.9	 600	OK
 597	1000	99.5	99.5	 517	unbonded
 598	   0	89.4	89.4	 683	OK
 599	   0	92.3	92.3	 630	OK
 600	   0	84.2	84.2	 632	OK
 601	   0	94.4	94.4	 693	OK
 602	   0	92.8	92.8	 587	OK
 603	   0	92.7	92.7	 632	OK
 604	   0	85.5	85.5	 621	OK
 605	   0	83.6	83.6	 617	OK
 606	   0	79.4	79.4	 701	OK
 607	   0	87.8	87.8	 688	OK
 608	   0	95.9	95.9	 605	OK
 609	   0	84.6	84.6	 579	OK
 610	   0	88.8	88.8	 664	OK
 611	   0	77.1	77.1	 672	OK
 612	   0	90.4	90.4	 667	OK
 613	   0	93.2	93.2	 604	OK
 614	   0	87.8	87.8	 614	OK
 615	   0	91.7	91.7	 638	OK
 616	   0	93.0	93.0	 635	OK
 617	   0	92.7	92.7	 727	OK
 618	   0	82.6	82.6	 613	OK
 619	   0	94.1	94.1	 546	OK
 620	   0	87.2	87.2	 694	OK
 621	   0	91.1	91.1	 575	OK
 622	   0	93.6	93.6	 641	OK
 623	   0	87.6	87.6	 568	OK
 624	   0	87.7	87.7	 610	OK
 625	   0	82.7	82.7	 586	OK
 626	   0	86.7	86.7	 618	OK
 627	   0	89.1	89.1	 612	OK
 628	   0	89.3	89.3	 552	OK
 629	   0	92.4	92.4	 584	OK
 630	   0	81.3	81.3	 611	OK
 631	   0	90.5	90.5	 704	OK
 632	   0	89.0	89.0	 633	OK
 633	   0	87.7	87.7	 559	OK
 634	   0	88.0	88.0	 700	OK
 635	   0	89.0	89.0	 618	OK
 636	1000	83.1	83.1	 538	unbonded
 637	   0	85.8	85.8	 668	OK
 638	   0	81.4	81.4	 648	OK
 639	   0	90.7	90.7	 633	OK
 640	   0	82.0	82.0	 666	OK
 641	   0	84.6	84.6	 669	OK
 642	   0	83.3	83.3	 626	OK
 643	   0	79.2	79.2	 610	OK
 644	   0	87.9	87.9	 600	OK
 645	   0	84.3	84.3	 630	OK
 646	   0	81.6	81.6	 730	OK
 647	   0	85.2	85.2	 691	OK
 648	   0	87.3	87.3	 597	OK
 649	   0	83.8	83.8	 682	OK
 650	   0	85.0	85.0	 695	OK
 651	   0	80.4	80.4	 724	OK
 652	   0	72.7	72.7	 682	OK
 653	   0	80.6	80.6	 739	OK
 654	   0	81.9	81.9	 582	OK
 655	   0	85.8	85.8	 716	OK
 656	   0	89.0	89.0	 677	OK
 657	   0	87.6	87.6	 602	OK
 658	   0	79.2	79.2	 611	OK
 659	4000	78.0	78.0	 774	high noise
 660	   0	85.7	85.7	 744	OK
 661	   0	76.9	76.9	 725	OK
 662	   0	82.3	82.3	 698	OK
 663	   0	88.0	88.0	 605	OK
 664	4000	84.0	84.0	 788	high noise
 665	   0	83.1	83.1	 690	OK
 666	   0	87.5	87.5	 677	OK
 667	   0	82.8	82.8	 658	OK
 668	   0	84.9	84.9	 709	OK
 669	   0	80.8	80.8	 680	OK
 670	   0	87.8	87.8	 724	OK
 671	   0	84.9	84.9	 770	OK
 672	   0	77.5	77.5	 686	OK
 673	   0	79.5	79.5	 664	OK
 674	   0	89.0	89.0	 547	OK
 675	   0	84.2	84.2	 709	OK
 676	   0	84.1	84.1	 627	OK
 677	   0	82.6	82.6	 671	OK
 678	   0	76.6	76.6	 767	OK
 679	1000	84.3	84.3	 519	unbonded
 680	   0	93.4	93.4	 619	OK
 681	   0	85.5	85.5	 761	OK
 682	   0	88.6	88.6	 582	OK
 683	   0	89.3	89.3	 632	OK
 684	   0	80.6	80.6	 754	OK
 685	   0	87.6	87.6	 649	OK
 686	   0	82.2	82.2	 713	OK
 687	   0	80.3	80.3	 723	OK
 688	   0	84.4	84.4	 700	OK
 689	   0	88.4	88.4	 567	OK
 690	   0	88.8	88.8	 690	OK
 691	   0	87.0	87.0	 713	OK
 692	   0	82.8	82.8	 670	OK
 693	   0	78.5	78.5	 737	OK
 694	   0	85.8	85.8	 611	OK
 695	   0	83.7	83.7	 635	OK
 696	   0	78.9	78.9	 679	OK
 697	   0	86.3	86.3	 636	OK
 698	   0	82.4	82.4	 735	OK
 699	4000	82.3	82.3	 778	high noise
 700	   0	85.5	85.5	 623	OK
 701	   0	82.4	82.4	 563	OK
 702	   0	85.1	85.1	 672	OK
 703	   0	77.4	77.4	 617	OK
 704	   0	88.0	88.0	 619	OK
 705	   0	81.6	81.6	 666	OK
 706	   0	84.1	84.1	 718	OK
 707	   0	82.5	82.5	 652	OK
 708	   0	84.1	84.1	 675	OK
 709	   0	90.0	90.0	 731	OK
 710	   0	82.5	82.5	 628	OK
 711	   0	87.8	87.8	 690	OK
 712	   0	83.5	83.5	 587	OK
 713	   0	80.5	80.5	 726	OK
 714	   0	76.8	76.8	 702	OK
 715	   0	82.5	82.5	 645	OK
 716	   0	81.6	81.6	 719	OK
 717	   0	81.0	81.0	 706	OK
 718	   0	82.2	82.2	 728	OK
 719	   0	88.6	88.6	 603	OK
 720	   0	77.6	77.6	 695	OK
 721	   0	78.5	78.5	 601	OK
 722	   0	80.3	80.3	 676	OK
 723	   0	78.4	78.4	 624	OK
 724	   0	75.4	75.4	 681	OK
 725	   0	84.8	84.8	 668	OK
 726	   0	76.2	76.2	 690	OK
 727	   0	78.2	78.2	 661	OK
 728	   0	79.2	79.2	 706	OK
 729	   0	88.6	88.6	 592	OK
 730	   0	81.3	81.3	 748	OK
 731	   0	71.9	71.9	 644	OK
 732	   0	80.2	80.2	 618	OK
 733	   0	82.9	82.9	 634	OK
 734	   0	80.6	80.6	 625	OK
 735	   0	84.1	84.1	 628	OK
 736	   0	79.4	79.4	 633	OK
 737	   0	77.6	77.6	 683	OK
 738	   0	79.1	79.1	 592	OK
 739	   0	76.7	76.7	 747	OK
 740	   0	85.9	85.9	 629	OK
 741	   0	80.7	80.7	 695	OK
 742	   0	79.3	79.3	 688	OK
 743	   0	77.7	77.7	 600	OK
 744	   0	75.0	75.0	 729	OK
 745	   0	71.2	71.2	 694	OK
 746	   0	77.5	77.5	 729	OK
 747	   0	82.0	82.0	 722	OK
 748	   0	78.9	78.9	 674	OK
 749	   0	76.0	76.0	 739	OK
 750	   0	82.2	82.2	 621	OK
 751	   0	82.6	82.6	 660	OK
 752	   0	83.4	83.4	 703	OK
 753	   0	80.7	80.7	 674	OK
 754	   0	82.2	82.2	 610	OK
 755	4000	75.8	75.8	 806	high noise
 756	4000	76.0	76.0	 798	high noise
 757	   0	79.3	79.3	 629	OK
 758	   0	79.4	79.4	 744	OK
 759	   0	82.1	82.1	 640	OK
 760	   0	75.3	75.3	 567	OK
 761	1000	78.2	78.2	 539	unbonded
 762	   0	82.9	82.9	 627	OK
 763	   0	76.2	76.2	 691	OK
 764	   0	83.1	83.1	 705	OK
 765	   0	79.6	79.6	 742	OK
 766	   0	75.1	75.1	 681	OK
 767	   0	78.3	78.3	 693	OK
 768	   0	91.0	91.0	 715	OK
 769	   0	92.7	92.7	 595	OK
 770	   0	95.0	95.0	 659	OK
 771	   0	88.0	88.0	 768	OK
 772	   0	91.1	91.1	 675	OK
 773	   0	86.5	86.5	 717	OK
 774	   0	94.9	94.9	 637	OK
 775	   0	85.7	85.7	 612	OK
 776	   0	85.7	85.7	 655	OK
 777	   0	92.3	92.3	 639	OK
 778	   0	93.6	93.6	 676	OK
 779	   0	88.7	88.7	 706	OK
 780	   0	89.2	89.2	 684	OK
 781	   0	92.7	92.7	 634	OK
 782	   0	90.4	90.4	 722	OK
 783	   0	95.6	95.6	 663	OK
 784	   0	92.6	92.6	 660	OK
 785	   0	80.4	80.4	 713	OK
 786	   0	84.8	84.8	 583	OK
 787	   0	83.7	83.7	 688	OK
 788	   0	88.2	88.2	 671	OK
 789	   0	88.6	88.6	 724	OK
 790	   0	88.8	88.8	 712	OK
 791	   0	82.9	82.9	 724	OK
 792	   0	85.8	85.8	 668	OK
 793	   0	84.1	84.1	 562	OK
 794	   0	86.1	86.1	 737	OK
 795	   0	83.3	83.3	 584	OK
 796	   0	82.5	82.5	 692	OK
 797	   0	92.4	92.4	 628	OK
 798	   0	87.2	87.2	 716	OK
 799	   0	94.3	94.3	 596	OK
 800	   0	90.2	90.2	 633	OK
 801	   0	86.6	86.6	 740	OK
 802	   0	92.2	92.2	 634	OK
 803	   0	89.0	89.0	 728	OK
 804	   0	89.7	89.7	 611	OK
 805	   0	89.7	89.7	 626	OK
 806	8000	89.0	89.0	 541	partbonded
 807	   0	83.2	83.2	 790	OK
 808	   0	92.0	92.0	 571	OK
 809	   0	93.2	93.2	 620	OK
 810	   0	80.3	80.3	 605	OK
 811	   0	88.7	88.7	 679	OK
 812	4000	82.7	82.7	 823	high noise
 813	   0	83.2	83.2	 615	OK
 814	   0	89.1	89.1	 673	OK
 815	   0	92.2	92.2	 641	OK
 816	   0	95.2	95.2	 662	OK
 817	   0	93.4	93.4	 646	OK
 818	   0	87.4	87.4	 703	OK
 819	   0	90.0	90.0	 641	OK
 820	1000	90.1	90.1	 510	unbonded
 821	   0	93.9	93.9	 647	OK
 822	   0	85.8	85.8	 669	OK
 823	   0	88.8	88.8	 760	OK
 824	   0	87.1	87.1	 639	OK
 825	   0	91.9	91.9	 684	OK
 826	   0	89.2	89.2	 680	OK
 827	   0	90.7	90.7	 688	OK
 828	   0	88.9	88.9	 720	OK
 829	   0	94.6	94.6	 748	OK
 830	   0	93.9	93.9	 627	OK
 831	   0	95.0	95.0	 624	OK
 832	   0	84.3	84.3	 764	OK
 833	   0	85.9	85.9	 681	OK
 834	4000	84.8	84.8	 828	high noise
 835	   0	90.1	90.1	 660	OK
 836	   0	86.3	86.3	 623	OK
 837	   0	89.0	89.0	 672	OK
 838	   0	83.2	83.2	 757	OK
 839	   0	83.1	83.1	 707	OK
 840	   0	94.3	94.3	 655	OK
 841	   0	86.9	86.9	 670	OK
 842	   0	85.2	85.2	 643	OK
 843	   0	83.2	83.2	 712	OK
 844	   0	83.4	83.4	 788	OK
 845	   0	83.9	83.9	 759	OK
 846	4000	81.3	81.3	 817	high noise
 847	4000	80.7	80.7	 833	high noise
 848	   0	82.3	82.3	 719	OK
 849	   0	84.4	84.4	 734	OK
 850	   0	82.3	82.3	 716	OK
 851	   0	77.5	77.5	 715	OK
 852	   0	79.5	79.5	 688	OK
 853	   0	75.9	75.9	 796	OK
 854	   0	80.2	80.2	 742	OK
 855	   0	82.4	82.4	 697	OK
 856	4000	87.6	87.6	 876	high noise
 857	   0	85.9	85.9	 773	OK
 858	   0	81.0	81.0	 731	OK
 859	   0	87.6	87.6	 779	OK
 860	   0	80.7	80.7	 664	OK
 861	   0	81.7	81.7	 784	OK
 862	   0	77.4	77.4	 725	OK
 863	4000	81.8	81.8	 824	high noise
 864	   0	84.8	84.8	 691	OK
 865	   0	88.4	88.4	 680	OK
 866	   0	82.5	82.5	 683	OK
 867	   0	84.1	84.1	 771	OK
 868	4000	82.9	82.9	 833	high noise
 869	   0	83.1	83.1	 726	OK
 870	   0	79.0	79.0	 770	OK
 871	4000	83.5	83.5	 808	high noise
 872	4000	81.9	81.9	 822	high noise
 873	   0	82.5	82.5	 763	OK
 874	   0	80.1	80.1	 652	OK
 875	4000	81.8	81.8	 823	high noise
 876	   0	79.9	79.9	 657	OK
 877	   0	78.6	78.6	 742	OK
 878	   0	88.2	88.2	 626	OK
 879	   0	83.4	83.4	 702	OK
 880	   0	76.9	76.9	 636	OK
 881	   0	83.9	83.9	 648	OK
 882	   0	88.2	88.2	 652	OK
 883	   0	74.1	74.1	 637	OK
 884	   0	82.7	82.7	 695	OK
 885	   0	90.0	90.0	 667	OK
 886	   0	88.3	88.3	 734	OK
 887	   0	85.1	85.1	 711	OK
 888	   0	83.7	83.7	 717	OK
 889	   0	82.1	82.1	 693	OK
 890	   0	85.0	85.0	 684	OK
 891	   0	78.1	78.1	 687	OK
 892	   0	83.8	83.8	 586	OK
 893	   0	87.0	87.0	 712	OK
 894	   0	74.4	74.4	 716	OK
 895	   0	82.5	82.5	 597	OK
 896	   0	86.2	86.2	 658	OK
 897	   0	91.1	91.1	 693	OK
 898	   0	89.8	89.8	 705	OK
 899	   0	84.4	84.4	 610	OK
 900	   0	85.1	85.1	 727	OK
 901	   0	82.2	82.2	 664	OK
 902	   0	78.2	78.2	 652	OK
 903	   0	90.7	90.7	 672	OK
 904	   0	86.5	86.5	 700	OK
 905	   0	81.8	81.8	 635	OK
 906	   0	83.4	83.4	 747	OK
 907	   0	81.4	81.4	 628	OK
 908	   0	85.6	85.6	 691	OK
 909	   0	83.8	83.8	 665	OK
 910	   0	81.8	81.8	 594	OK
 911	   0	87.4	87.4	 578	OK
 912	   0	82.4	82.4	 745	OK
 913	   0	84.5	84.5	 602	OK
 914	   0	92.7	92.7	 708	OK
 915	   0	84.5	84.5	 650	OK
 916	   0	79.0	79.0	 615	OK
 917	   0	81.8	81.8	 654	OK
 918	   0	80.9	80.9	 713	OK
 919	4000	81.9	81.9	 757	high noise
 920	   0	82.5	82.5	 650	OK
 921	   0	78.3	78.3	 618	OK
 922	   0	83.3	83.3	 641	OK
 923	   0	82.1	82.1	 613	OK
 924	   0	92.0	92.0	 701	OK
 925	   0	77.8	77.8	 731	OK
 926	   0	80.3	80.3	 673	OK
 927	   0	87.0	87.0	 702	OK
 928	   0	84.1	84.1	 681	OK
 929	   0	78.7	78.7	 616	OK
 930	   0	79.5	79.5	 664	OK
 931	4000	78.1	78.1	 780	high noise
 932	   0	84.9	84.9	 567	OK
 933	   0	87.9	87.9	 678	OK
 934	   0	84.0	84.0	 684	OK
 935	   0	83.7	83.7	 589	OK
 936	   0	87.5	87.5	 627	OK
 937	   0	82.9	82.9	 703	OK
 938	   0	83.6	83.6	 662	OK
 939	   0	83.3	83.3	 632	OK
 940	   0	87.3	87.3	 610	OK
 941	   0	85.1	85.1	 643	OK
 942	   0	78.0	78.0	 714	OK
 943	   0	85.0	85.0	 674	OK
 944	   0	95.2	95.2	 680	OK
 945	   0	86.6	86.6	 632	OK
 946	   0	86.4	86.4	 664	OK
 947	   0	84.1	84.1	 621	OK
 948	   0	88.1	88.1	 605	OK
 949	   0	84.8	84.8	 706	OK
 950	   0	82.9	82.9	 613	OK
 951	   0	81.7	81.7	 687	OK
 952	   0	86.5	86.5	 720	OK
 953	   0	96.7	96.7	 667	OK
 954	   0	91.0	91.0	 693	OK
 955	   0	82.1	82.1	 615	OK
 956	   0	87.7	87.7	 657	OK
 957	   0	81.8	81.8	 721	OK
 958	   0	92.5	92.5	 638	OK
 959	   0	84.7	84.7	 593	OK
 960	   0	77.3	77.3	 695	OK
 961	   0	83.3	83.3	 699	OK
 962	   0	87.8	87.8	 633	OK
 963	   0	91.8	91.8	 705	OK
 964	   0	87.6	87.6	 720	OK
 965	   0	80.1	80.1	 732	OK
 966	   0	85.3	85.3	 584	OK
 967	   0	94.2	94.2	 568	OK
 968	   0	88.1	88.1	 732	OK
 969	   0	87.1	87.1	 603	OK
 970	   0	85.5	85.5	 623	OK
 971	   0	90.1	90.1	 642	OK
 972	   0	87.1	87.1	 592	OK
 973	   0	86.7	86.7	 597	OK
 974	   0	84.0	84.0	 707	OK
 975	   0	84.5	84.5	 709	OK
 976	4000	78.1	78.1	 818	high noise
 977	   0	95.5	95.5	 673	OK
 978	   0	83.1	83.1	 710	OK
 979	   0	86.3	86.3	 599	OK
 980	   0	89.7	89.7	 651	OK
 981	   0	87.4	87.4	 657	OK
 982	   0	82.4	82.4	 602	OK
 983	   0	85.2	85.2	 603	OK
 984	   0	81.2	81.2	 574	OK
 985	   0	83.0	83.0	 692	OK
 986	4000	78.6	78.6	 776	high noise
 987	   0	87.6	87.6	 611	OK
 988	   0	83.9	83.9	 646	OK
 989	   0	87.3	87.3	 633	OK
 990	   0	80.4	80.4	 662	OK
 991	   0	77.6	77.6	 714	OK
 992	   0	84.5	84.5	 638	OK
 993	   0	85.9	85.9	 654	OK
 994	   0	89.6	89.6	 685	OK
 995	   0	79.5	79.5	 592	OK
 996	   0	90.3	90.3	 602	OK
 997	1000	85.9	85.9	 527	unbonded
 998	   0	82.5	82.5	 590	OK
 999	   0	82.8	82.8	 708	OK
1000	   0	86.4	86.4	 641	OK
1001	   0	81.1	81.1	 719	OK
1002	   0	83.0	83.0	 668	OK
1003	   0	84.0	84.0	 722	OK
1004	   0	77.2	77.2	 623	OK
1005	   0	84.8	84.8	 611	OK
1006	   0	85.2	85.2	 588	OK
1007	   0	83.6	83.6	 645	OK
1008	   0	82.9	82.9	 567	OK
1009	   0	82.0	82.0	 621	OK
1010	   0	83.6	83.6	 564	OK
1011	   0	82.6	82.6	 668	OK
1012	   0	75.3	75.3	 673	OK
1013	   0	80.2	80.2	 622	OK
1014	   0	88.7	88.7	 557	OK
1015	   0	80.1	80.1	 722	OK
1016	   0	83.0	83.0	 638	OK
1017	   0	93.8	93.8	 606	OK
1018	   0	80.8	80.8	 629	OK
1019	   0	85.3	85.3	 620	OK
1020	   0	75.9	75.9	 601	OK
1021	   0	86.0	86.0	 669	OK
1022	   0	78.6	78.6	 724	OK
1023	   0	87.1	87.1	 647	OK
1024	4000	79.5	79.5	 876	high noise
1025	   0	79.5	79.5	 661	OK
1026	   0	77.0	77.0	 672	OK
1027	   0	77.0	77.0	 665	OK
1028	   0	71.9	71.9	 727	OK
1029	   0	76.0	76.0	 714	OK
1030	   0	79.0	79.0	 712	OK
1031	   0	76.0	76.0	 571	OK
1032	   0	83.4	83.4	 748	OK
1033	   0	82.9	82.9	 778	OK
1034	   0	77.5	77.5	 680	OK
1035	   0	81.4	81.4	 689	OK
1036	4000	77.4	77.4	 857	high noise
1037	   0	75.0	75.0	 752	OK
1038	   0	75.2	75.2	 747	OK
1039	   0	76.1	76.1	 738	OK
1040	   0	81.3	81.3	 682	OK
1041	   0	72.7	72.7	 637	OK
1042	4000	81.3	81.3	 838	high noise
1043	   0	80.2	80.2	 790	OK
1044	   0	84.1	84.1	 714	OK
1045	   0	79.0	79.0	 695	OK
1046	   0	75.6	75.6	 681	OK
1047	   0	74.6	74.6	 608	OK
1048	   0	76.8	76.8	 668	OK
1049	   0	71.6	71.6	 725	OK
1050	   0	78.8	78.8	 691	OK
1051	   0	76.2	76.2	 728	OK
1052	   0	81.1	81.1	 750	OK
1053	   0	75.8	75.8	 697	OK
1054	   0	83.7	83.7	 801	OK
1055	   0	77.5	77.5	 591	OK
1056	   0	79.0	79.0	 739	OK
1057	   0	75.4	75.4	 801	OK
1058	   0	85.6	85.6	 774	OK
1059	   0	86.0	86.0	 637	OK
1060	   0	79.1	79.1	 804	OK
1061	   0	76.9	76.9	 771	OK
1062	   0	82.6	82.6	 676	OK
1063	   0	74.1	74.1	 770	OK
1064	   0	75.3	75.3	 689	OK
1065	   0	77.1	77.1	 740	OK
1066	4000	78.7	78.7	 864	high noise
1067	   0	80.4	80.4	 767	OK
1068	   0	80.5	80.5	 729	OK
1069	4000	77.4	77.4	 852	high noise
1070	   0	77.8	77.8	 666	OK
1071	   0	73.3	73.3	 719	OK
1072	   0	74.5	74.5	 771	OK
1073	   0	84.0	84.0	 692	OK
1074	   0	79.1	79.1	 669	OK
1075	   0	80.2	80.2	 695	OK
1076	4000	72.0	72.0	 856	high noise
1077	   0	83.7	83.7	 756	OK
1078	   0	74.1	74.1	 752	OK
1079	   0	77.3	77.3	 746	OK
1080	   0	82.6	82.6	 694	OK
1081	   0	84.4	84.4	 689	OK
1082	   0	78.4	78.4	 710	OK
1083	   0	81.7	81.7	 682	OK
1084	4000	73.7	73.7	 882	high noise
1085	   0	78.2	78.2	 568	OK
1086	   0	80.8	80.8	 821	OK
1087	   0	74.0	74.0	 701	OK
1088	   0	82.0	82.0	 581	OK
1089	   0	77.3	77.3	 729	OK
1090	   0	82.2	82.2	 668	OK
1091	   0	83.4	83.4	 728	OK
1092	   0	76.1	76.1	 748	OK
1093	   0	78.7	78.7	 708	OK
1094	   0	78.9	78.9	 714	OK
1095	   0	77.2	77.2	 816	OK
1096	   0	78.9	78.9	 772	OK
1097	   0	74.7	74.7	 825	OK
1098	   0	86.3	86.3	 736	OK
1099	   0	81.4	81.4	 655	OK
1100	   0	78.9	78.9	 652	OK
1101	   0	80.0	80.0	 725	OK
1102	   0	81.2	81.2	 723	OK
1103	   0	71.4	71.4	 680	OK
1104	   0	75.0	75.0	 604	OK
1105	   0	80.8	80.8	 767	OK
1106	   0	83.0	83.0	 674	OK
1107	   0	79.2	79.2	 726	OK
1108	   0	81.2	81.2	 782	OK
1109	   0	78.0	78.0	 783	OK
1110	   0	80.4	80.4	 776	OK
1111	   0	76.1	76.1	 602	OK
1112	   0	75.7	75.7	 742	OK
1113	   0	80.5	80.5	 762	OK
1114	   0	80.3	80.3	 674	OK
1115	   0	75.4	75.4	 683	OK
1116	   0	77.3	77.3	 761	OK
1117	   0	77.1	77.1	 819	OK
1118	   0	77.2	77.2	 742	OK
1119	   0	85.1	85.1	 690	OK
1120	   0	74.0	74.0	 776	OK
1121	   0	79.0	79.0	 835	OK
1122	   0	74.4	74.4	 644	OK
1123	   0	81.0	81.0	 833	OK
1124	   0	79.7	79.7	 775	OK
1125	   0	74.7	74.7	 696	OK
1126	   0	79.6	79.6	 664	OK
1127	   0	81.7	81.7	 717	OK
1128	   0	71.8	71.8	 789	OK
1129	4000	69.8	69.8	 841	high noise
1130	   0	78.8	78.8	 781	OK
1131	   0	72.3	72.3	 803	OK
1132	   0	74.9	74.9	 641	OK
1133	   0	81.2	81.2	 783	OK
1134	   0	73.7	73.7	 725	OK
1135	   0	71.8	71.8	 631	OK
1136	   0	80.7	80.7	 778	OK
1137	   0	72.9	72.9	 747	OK
1138	   0	73.4	73.4	 730	OK
1139	   0	85.7	85.7	 715	OK
1140	   0	74.5	74.5	 691	OK
1141	4000	71.9	71.9	 855	high noise
1142	   0	71.7	71.7	 834	OK
1143	   0	71.0	71.0	 784	OK
1144	   0	81.3	81.3	 691	OK
1145	   0	76.8	76.8	 693	OK
1146	   0	77.4	77.4	 766	OK
1147	   0	73.6	73.6	 715	OK
1148	   0	72.9	72.9	 697	OK
1149	   0	78.6	78.6	 693	OK
1150	   0	86.4	86.4	 612	OK
1151	   0	75.7	75.7	 700	OK
1152	   0	78.1	78.1	 678	OK
1153	   0	89.0	89.0	 623	OK
1154	   0	88.4	88.4	 638	OK
1155	   0	89.9	89.9	 630	OK
1156	   0	90.8	90.8	 580	OK
1157	   0	91.6	91.6	 596	OK
1158	   0	88.4	88.4	 584	OK
1159	   0	90.2	90.2	 602	OK
1160	   0	81.9	81.9	 617	OK
1161	   0	86.6	86.6	 553	OK
1162	   0	88.7	88.7	 654	OK
1163	   0	86.3	86.3	 633	OK
1164	   0	86.4	86.4	 639	OK
1165	   0	93.2	93.2	 577	OK
1166	   0	91.4	91.4	 594	OK
1167	   0	94.0	94.0	 580	OK
1168	   0	92.6	92.6	 600	OK
1169	   0	88.0	88.0	 575	OK
1170	   0	81.7	81.7	 689	OK
1171	   0	89.1	89.1	 569	OK
1172	   0	80.6	80.6	 629	OK
1173	4000	90.1	90.1	 711	high noise
1174	   0	85.8	85.8	 654	OK
1175	   0	83.5	83.5	 631	OK
1176	1000	84.4	84.4	 532	unbonded
1177	   0	87.3	87.3	 604	OK
1178	   0	94.0	94.0	 581	OK
1179	1000	93.3	93.3	 532	unbonded
1180	1000	90.2	90.2	 540	unbonded
1181	   0	94.3	94.3	 634	OK
1182	   0	90.6	90.6	 591	OK
1183	   0	85.1	85.1	 665	OK
1184	1000	88.6	88.6	 538	unbonded
1185	1000	99.3	99.3	 531	unbonded
1186	   0	92.6	92.6	 577	OK
1187	   0	82.9	82.9	 612	OK
1188	4000	78.5	78.5	 734	high noise
1189	   0	94.7	94.7	 605	OK
1190	1000	95.3	95.3	 491	unbonded
1191	   0	87.5	87.5	 677	OK
1192	1000	80.9	80.9	 500	unbonded
1193	   0	87.5	87.5	 615	OK
1194	   0	93.6	93.6	 679	OK
1195	   0	91.1	91.1	 621	OK
1196	   0	98.0	98.0	 629	OK
1197	   0	89.1	89.1	 632	OK
1198	1000	91.9	91.9	 517	unbonded
1199	   0	87.7	87.7	 571	OK
1200	   0	92.2	92.2	 663	OK
1201	   0	86.7	86.7	 658	OK
1202	   0	89.0	89.0	 592	OK
1203	   0	85.8	85.8	 623	OK
1204	1000	87.2	87.2	 514	unbonded
1205	   0	89.1	89.1	 600	OK
1206	   0	92.9	92.9	 569	OK
1207	   0	90.6	90.6	 614	OK
1208	   0	93.3	93.3	 618	OK
1209	   0	88.0	88.0	 608	OK
1210	   0	95.9	95.9	 645	OK
1211	   0	90.1	90.1	 622	OK
1212	   0	92.7	92.7	 637	OK
1213	   0	92.0	92.0	 664	OK
1214	   0	88.2	88.2	 613	OK
1215	   0	97.6	97.6	 565	OK
1216	   0	90.8	90.8	 603	OK
1217	   0	96.9	96.9	 607	OK
1218	   0	93.1	93.1	 601	OK
1219	   0	92.4	92.4	 648	OK
1220	   0	94.2	94.2	 668	OK
1221	   0	86.7	86.7	 677	OK
1222	1000	86.0	86.0	 536	unbonded
1223	   0	94.0	94.0	 632	OK
1224	   0	90.8	90.8	 590	OK
1225	   0	88.4	88.4	 633	OK
1226	   0	88.3	88.3	 658	OK
1227	1000	89.0	89.0	 534	unbonded
1228	   0	91.5	91.5	 621	OK
1229	   0	88.9	88.9	 674	OK
1230	1000	88.5	88.5	 536	unbonded
1231	   0	91.3	91.3	 630	OK
1232	1000	84.7	84.7	 523	unbonded
1233	   0	82.6	82.6	 601	OK
1234	   0	88.5	88.5	 595	OK
1235	   0	82.2	82.2	 601	OK
1236	1000	94.7	94.7	 483	unbonded
1237	   0	83.9	83.9	 560	OK
1238	4000	85.4	85.4	 745	high noise
1239	   0	87.7	87.7	 605	OK
1240	   0	88.9	88.9	 574	OK
1241	   0	89.0	89.0	 611	OK
1242	   0	84.6	84.6	 665	OK
1243	   0	81.0	81.0	 612	OK
1244	   0	84.9	84.9	 586	OK
1245	   0	93.1	93.1	 614	OK
1246	   0	90.4	90.4	 629	OK
1247	   0	87.2	87.2	 615	OK
1248	   0	91.6	91.6	 674	OK
1249	   0	95.2	95.2	 625	OK
1250	   0	88.9	88.9	 654	OK
1251	   0	86.4	86.4	 572	OK
1252	   0	84.6	84.6	 682	OK
1253	   0	84.1	84.1	 638	OK
1254	   0	88.5	88.5	 625	OK
1255	   0	78.7	78.7	 668	OK
1256	   0	86.3	86.3	 602	OK
1257	   0	86.7	86.7	 633	OK
1258	   0	90.6	90.6	 577	OK
1259	   0	85.7	85.7	 644	OK
1260	   0	85.9	85.9	 565	OK
1261	   0	84.4	84.4	 557	OK
1262	   0	89.7	89.7	 651	OK
1263	   0	84.5	84.5	 589	OK
1264	   0	94.9	94.9	 575	OK
1265	   0	88.4	88.4	 546	OK
1266	1000	93.0	93.0	 509	unbonded
1267	   0	86.0	86.0	 594	OK
1268	   0	82.0	82.0	 564	OK
1269	1000	89.0	89.0	 537	unbonded
1270	   0	80.3	80.3	 635	OK
1271	   0	88.7	88.7	 632	OK
1272	   0	89.5	89.5	 572	OK
1273	   0	89.5	89.5	 562	OK
1274	1000	88.9	88.9	 476	unbonded
1275	   0	89.8	89.8	 580	OK
1276	   0	86.4	86.4	 546	OK
1277	   0	88.5	88.5	 553	OK
1278	   0	84.1	84.1	 596	OK
1279	4000	84.4	84.4	 725	high noise
1280	   0	88.2	88.2	 710	OK
1281	   0	86.9	86.9	 604	OK
1282	   0	84.2	84.2	 676	OK
1283	   0	86.6	86.6	 666	OK
1284	   0	87.0	87.0	 541	OK
1285	   0	85.4	85.4	 659	OK
1286	   0	85.9	85.9	 606	OK
1287	1000	83.7	83.7	 486	unbonded
1288	   0	82.8	82.8	 609	OK
1289	   0	88.6	88.6	 603	OK
1290	   0	81.3	81.3	 661	OK
1291	   0	91.8	91.8	 688	OK
1292	   0	80.4	80.4	 612	OK
1293	   0	86.6	86.6	 667	OK
1294	   0	80.8	80.8	 644	OK
1295	   0	84.6	84.6	 622	OK
1296	   0	85.6	85.6	 716	OK
1297	   0	84.0	84.0	 677	OK
1298	   0	87.9	87.9	 648	OK
1299	   0	78.2	78.2	 693	OK
1300	1000	88.3	88.3	 466	unbonded
1301	   0	87.7	87.7	 555	OK
1302	   0	82.5	82.5	 644	OK
1303	   0	94.0	94.0	 660	OK
1304	   0	86.7	86.7	 671	OK
1305	   0	85.6	85.6	 617	OK
1306	   0	88.5	88.5	 593	OK
1307	   0	79.3	79.3	 636	OK
1308	   0	90.4	90.4	 664	OK
1309	   0	91.9	91.9	 553	OK
1310	1000	91.3	91.3	 524	unbonded
1311	   0	87.7	87.7	 648	OK
1312	8000	89.0	89.0	 541	partbonded
1313	   0	82.9	82.9	 703	OK
1314	   0	85.7	85.7	 680	OK
1315	4000	86.5	86.5	 773	high noise
1316	   0	94.4	94.4	 580	OK
1317	   0	81.4	81.4	 670	OK
1318	   0	91.9	91.9	 573	OK
1319	   0	85.1	85.1	 652	OK
1320	   0	85.2	85.2	 674	OK
1321	   0	90.6	90.6	 606	OK
1322	   0	88.4	88.4	 677	OK
1323	   0	93.5	93.5	 545	OK
1324	   0	86.9	86.9	 681	OK
1325	   0	86.1	86.1	 610	OK
1326	   0	85.2	85.2	 666	OK
1327	   0	83.8	83.8	 679	OK
1328	   0	83.3	83.3	 602	OK
1329	   0	83.5	83.5	 662	OK
1330	   0	83.5	83.5	 642	OK
1331	   0	93.9	93.9	 619	OK
1332	   0	82.8	82.8	 699	OK
1333	   0	84.7	84.7	 583	OK
1334	   0	94.3	94.3	 565	OK
1335	   0	91.7	91.7	 634	OK
1336	1000	86.4	86.4	 538	unbonded
1337	   0	85.4	85.4	 629	OK
1338	   0	91.8	91.8	 627	OK
1339	   0	84.4	84.4	 713	OK
1340	   0	84.4	84.4	 576	OK
1341	   0	83.7	83.7	 594	OK
1342	   0	82.7	82.7	 652	OK
1343	   0	87.0	87.0	 572	OK
1344	   0	92.5	92.5	 571	OK
1345	   0	93.0	93.0	 592	OK
1346	   0	93.2	93.2	 645	OK
1347	   0	92.8	92.8	 698	OK
1348	   0	86.9	86.9	 701	OK
1349	   0	86.8	86.8	 554	OK
1350	8000	87.1	87.1	 540	partbonded
1351	   0	89.5	89.5	 619	OK
1352	   0	87.2	87.2	 599	OK
1353	   0	85.7	85.7	 645	OK
1354	   0	84.2	84.2	 622	OK
1355	   0	86.6	86.6	 622	OK
1356	   0	84.2	84.2	 657	OK
1357	   0	85.0	85.0	 683	OK
1358	   0	83.9	83.9	 635	OK
1359	   0	92.8	92.8	 595	OK
1360	1000	87.1	87.1	 502	unbonded
1361	   0	86.0	86.0	 623	OK
1362	   0	80.4	80.4	 678	OK
1363	   0	86.5	86.5	 632	OK
1364	1000	80.7	80.7	 522	unbonded
1365	   0	98.1	98.1	 717	OK
1366	   0	86.3	86.3	 583	OK
1367	   0	77.1	77.1	 712	OK
1368	   0	88.4	88.4	 568	OK
1369	   0	83.6	83.6	 607	OK
1370	1000	85.2	85.2	 484	unbonded
1371	   0	81.3	81.3	 599	OK
1372	   0	85.4	85.4	 644	OK
1373	   0	84.1	84.1	 636	OK
1374	   0	83.5	83.5	 637	OK
1375	   0	81.5	81.5	 576	OK
1376	   0	87.7	87.7	 560	OK
1377	   0	83.9	83.9	 695	OK
1378	   0	82.7	82.7	 657	OK
1379	   0	79.4	79.4	 616	OK
1380	   0	81.7	81.7	 673	OK
1381	   0	80.6	80.6	 660	OK
1382	   0	99.8	99.8	 604	OK
1383	   0	81.1	81.1	 673	OK
1384	   0	80.6	80.6	 638	OK
1385	4000	77.2	77.2	 755	high noise
1386	   0	87.6	87.6	 721	OK
1387	   0	92.0	92.0	 707	OK
1388	1000	87.6	87.6	 470	unbonded
1389	   0	86.5	86.5	 622	OK
1390	   0	88.3	88.3	 692	OK
1391	   0	79.0	79.0	 666	OK
1392	   0	90.2	90.2	 621	OK
1393	   0	86.9	86.9	 656	OK
1394	   0	82.2	82.2	 667	OK
1395	4000	87.1	87.1	 731	high noise
1396	   0	88.7	88.7	 597	OK
1397	   0	92.5	92.5	 576	OK
1398	   0	85.4	85.4	 594	OK
1399	   0	94.6	94.6	 680	OK
1400	   0	81.1	81.1	 628	OK
1401	4000	85.8	85.8	 735	high noise
1402	   0	85.9	85.9	 600	OK
1403	4000	86.3	86.3	 730	high noise
1404	   0	87.6	87.6	 573	OK
1405	   0	77.0	77.0	 675	OK
1406	   0	81.7	81.7	 640	OK
1407	4000	87.4	87.4	 748	high noise
1408	   0	75.8	75.8	 739	OK
1409	   0	74.6	74.6	 777	OK
1410	   0	81.8	81.8	 718	OK
1411	   0	82.0	82.0	 739	OK
1412	   0	78.3	78.3	 717	OK
1413	   0	81.4	81.4	 760	OK
1414	   0	76.5	76.5	 687	OK
1415	   0	77.9	77.9	 812	OK
1416	   0	81.4	81.4	 750	OK
1417	   0	78.0	78.0	 780	OK
1418	   0	78.8	78.8	 737	OK
1419	   0	79.1	79.1	 718	OK
1420	   0	77.9	77.9	 727	OK
1421	   0	80.4	80.4	 667	OK
1422	   0	77.7	77.7	 687	OK
1423	   0	75.3	75.3	 770	OK
1424	   0	79.9	79.9	 822	OK
1425	   0	82.3	82.3	 785	OK
1426	   0	80.3	80.3	 746	OK
1427	   0	75.9	75.9	 730	OK
1428	   0	74.6	74.6	 733	OK
1429	   0	79.8	79.8	 813	OK
1430	   0	75.7	75.7	 706	OK
1431	   0	73.6	73.6	 639	OK
1432	   0	82.0	82.0	 726	OK
1433	   0	80.8	80.8	 737	OK
1434	   0	76.0	76.0	 744	OK
1435	   0	79.6	79.6	 699	OK
1436	   0	74.5	74.5	 746	OK
1437	   0	72.5	72.5	 623	OK
1438	   0	76.7	76.7	 771	OK
1439	4000	78.1	78.1	 855	high noise
1440	   0	82.1	82.1	 712	OK
1441	   0	75.0	75.0	 755	OK
1442	   0	89.2	89.2	 818	OK
1443	   0	76.4	76.4	 772	OK
1444	   0	81.1	81.1	 686	OK
1445	   0	78.6	78.6	 730	OK
1446	   0	84.3	84.3	 813	OK
1447	   0	77.9	77.9	 773	OK
1448	   0	73.5	73.5	 787	OK
1449	4000	82.5	82.5	 863	high noise
1450	   0	81.5	81.5	 721	OK
1451	   0	77.9	77.9	 729	OK
1452	   0	82.7	82.7	 682	OK
1453	   0	75.8	75.8	 740	OK
1454	   0	84.3	84.3	 662	OK
1455	   0	77.0	77.0	 786	OK
1456	   0	80.7	80.7	 623	OK
1457	   0	76.5	76.5	 723	OK
1458	   0	80.2	80.2	 799	OK
1459	   0	75.3	75.3	 832	OK
1460	   0	79.2	79.2	 776	OK
1461	   0	74.8	74.8	 718	OK
1462	   0	74.2	74.2	 776	OK
1463	   0	78.4	78.4	 634	OK
1464	   0	82.1	82.1	 623	OK
1465	   0	74.4	74.4	 700	OK
1466	   0	75.7	75.7	 734	OK
1467	   0	79.5	79.5	 748	OK
1468	4000	79.9	79.9	 842	high noise
1469	   0	80.1	80.1	 742	OK
1470	   0	74.5	74.5	 737	OK
1471	   0	78.8	78.8	 663	OK
1472	   0	77.1	77.1	 595	OK
1473	   0	81.6	81.6	 616	OK
1474	   0	80.0	80.0	 715	OK
1475	   0	84.4	84.4	 670	OK
1476	   0	82.6	82.6	 761	OK
1477	   0	79.5	79.5	 676	OK
1478	   0	82.5	82.5	 772	OK
1479	   0	82.0	82.0	 692	OK
1480	   0	76.7	76.7	 746	OK
1481	   0	76.5	76.5	 693	OK
1482	   0	75.2	75.2	 703	OK
1483	   0	79.7	79.7	 802	OK
1484	   0	86.4	86.4	 564	OK
1485	   0	84.9	84.9	 736	OK
1486	   0	82.6	82.6	 746	OK
1487	   0	72.6	72.6	 759	OK
1488	   0	76.3	76.3	 726	OK
1489	   0	82.9	82.9	 842	OK
1490	   0	82.4	82.4	 610	OK
1491	   0	76.1	76.1	 739	OK
1492	   0	82.7	82.7	 780	OK
1493	   0	73.7	73.7	 692	OK
1494	   0	74.1	74.1	 797	OK
1495	   0	74.5	74.5	 823	OK
1496	   0	73.6	73.6	 650	OK
1497	   0	75.3	75.3	 751	OK
1498	   0	72.1	72.1	 782	OK
1499	   0	73.2	73.2	 786	OK
1500	   0	75.8	75.8	 715	OK
1501	   0	78.7	78.7	 752	OK
1502	   0	77.0	77.0	 747	OK
1503	   0	77.9	77.9	 738	OK
1504	   0	80.5	80.5	 784	OK
1505	   0	74.6	74.6	 735	OK
1506	   0	83.0	83.0	 782	OK
1507	   0	80.6	80.6	 668	OK
1508	   0	77.7	77.7	 664	OK
1509	   0	76.2	76.2	 764	OK
1510	   0	80.9	80.9	 681	OK
1511	   0	76.8	76.8	 723	OK
1512	   0	80.1	80.1	 725	OK
1513	   0	75.4	75.4	 776	OK
1514	   0	84.7	84.7	 720	OK
1515	   0	74.7	74.7	 747	OK
1516	   0	73.4	73.4	 710	OK
1517	   0	75.9	75.9	 773	OK
1518	   0	84.2	84.2	 765	OK
1519	   0	72.8	72.8	 773	OK
1520	   0	82.9	82.9	 677	OK
1521	   0	78.9	78.9	 800	OK
1522	   0	80.8	80.8	 572	OK
1523	   0	78.5	78.5	 693	OK
1524	   0	78.4	78.4	 661	OK
1525	   0	75.7	75.7	 702	OK
1526	   0	76.0	76.0	 763	OK
1527	   0	79.2	79.2	 626	OK
1528	   0	77.8	77.8	 692	OK
1529	   0	76.1	76.1	 753	OK
1530	   0	77.2	77.2	 704	OK
1531	   0	74.0	74.0	 798	OK
1532	   0	83.1	83.1	 642	OK
1533	4000	72.7	72.7	 865	high noise
1534	   0	77.8	77.8	 692	OK
1535	   0	74.8	74.8	 747	OK
1536	   0	72.1	72.1	 606	OK
1537	   0	79.7	79.7	 636	OK
1538	   0	84.0	84.0	 707	OK
1539	   0	83.3	83.3	 639	OK
1540	   0	76.3	76.3	 611	OK
1541	   0	74.8	74.8	 648	OK
1542	   0	74.0	74.0	 587	OK
1543	   0	80.3	80.3	 705	OK
1544	   0	83.4	83.4	 703	OK
1545	   0	83.3	83.3	 722	OK
1546	   0	74.6	74.6	 759	OK
1547	   0	84.7	84.7	 664	OK
1548	   0	83.2	83.2	 671	OK
1549	   0	78.1	78.1	 711	OK
1550	   0	70.9	70.9	 779	OK
1551	   0	84.4	84.4	 673	OK
1552	   0	85.4	85.4	 679	OK
1553	   0	80.0	80.0	 755	OK
1554	   0	88.8	88.8	 759	OK
1555	   0	76.9	76.9	 583	OK
1556	   0	86.7	86.7	 641	OK
1557	   0	79.6	79.6	 693	OK
1558	   0	84.4	84.4	 546	OK
1559	4000	80.0	80.0	 833	high noise
1560	   0	84.7	84.7	 578	OK
1561	   0	74.7	74.7	 708	OK
1562	   0	76.0	76.0	 705	OK
1563	   0	86.8	86.8	 613	OK
1564	   0	85.6	85.6	 678	OK
1565	   0	85.3	85.3	 630	OK
1566	   0	79.2	79.2	 686	OK
1567	   0	76.8	76.8	 693	OK
1568	   0	82.3	82.3	 581	OK
1569	   0	80.3	80.3	 641	OK
1570	   0	78.5	78.5	 705	OK
1571	   0	79.2	79.2	 726	OK
1572	   0	82.5	82.5	 669	OK
1573	   0	80.0	80.0	 659	OK
1574	   0	83.8	83.8	 637	OK
1575	   0	72.7	72.7	 627	OK
1576	   0	82.0	82.0	 549	OK
1577	   0	83.7	83.7	 741	OK
1578	   0	73.4	73.4	 676	OK
1579	   0	79.7	79.7	 693	OK
1580	   0	74.9	74.9	 661	OK
1581	   0	76.9	76.9	 714	OK
1582	   0	80.3	80.3	 722	OK
1583	4000	81.9	81.9	 816	high noise
1584	   0	78.2	78.2	 715	OK
1585	   0	81.0	81.0	 728	OK
1586	   0	84.9	84.9	 698	OK
1587	   0	72.0	72.0	 661	OK
1588	   0	81.9	81.9	 768	OK
1589	   0	84.8	84.8	 644	OK
1590	   0	91.6	91.6	 640	OK
1591	   0	79.9	79.9	 748	OK
1592	   0	80.8	80.8	 699	OK
1593	   0	77.8	77.8	 703	OK
1594	   0	83.4	83.4	 647	OK
1595	   0	86.5	86.5	 695	OK
1596	   0	81.3	81.3	 629	OK
1597	   0	77.5	77.5	 716	OK
1598	   0	82.7	82.7	 698	OK
1599	   0	81.0	81.0	 698	OK
1600	   0	75.1	75.1	 564	OK
1601	4000	75.0	75.0	 788	high noise
1602	   0	78.0	78.0	 636	OK
1603	   0	85.9	85.9	 610	OK
1604	   0	78.5	78.5	 668	OK
1605	   0	80.8	80.8	 707	OK
1606	   0	70.8	70.8	 677	OK
1607	   0	75.9	75.9	 683	OK
1608	   0	80.7	80.7	 602	OK
1609	   0	72.0	72.0	 758	OK
1610	   0	76.6	76.6	 569	OK
1611	   0	78.9	78.9	 577	OK
1612	   0	79.0	79.0	 660	OK
1613	   0	75.2	75.2	 590	OK
1614	   0	76.2	76.2	 682	OK
1615	   0	81.7	81.7	 696	OK
1616	   0	77.9	77.9	 737	OK
1617	   0	77.8	77.8	 546	OK
1618	   0	83.7	83.7	 669	OK
1619	   0	82.5	82.5	 596	OK
1620	   0	78.6	78.6	 655	OK
1621	   0	73.2	73.2	 749	OK
1622	   0	86.2	86.2	 635	OK
1623	   0	80.4	80.4	 627	OK
1624	   0	81.1	81.1	 693	OK
1625	   0	82.2	82.2	 718	OK
1626	   0	71.6	71.6	 669	OK
1627	   0	77.0	77.0	 670	OK
1628	   0	80.7	80.7	 733	OK
1629	   0	80.1	80.1	 715	OK
1630	4000	72.3	72.3	 808	high noise
1631	   0	80.2	80.2	 615	OK
1632	   0	82.7	82.7	 644	OK
1633	   0	79.8	79.8	 693	OK
1634	   0	76.3	76.3	 752	OK
1635	   0	79.0	79.0	 683	OK
1636	   0	79.9	79.9	 639	OK
1637	   0	79.6	79.6	 749	OK
1638	   0	77.6	77.6	 739	OK
1639	   0	78.2	78.2	 744	OK
1640	   0	74.6	74.6	 699	OK
1641	   0	88.9	88.9	 750	OK
1642	   0	80.2	80.2	 708	OK
1643	   0	73.5	73.5	 768	OK
1644	   0	78.8	78.8	 610	OK
1645	   0	71.4	71.4	 617	OK
1646	   0	75.4	75.4	 610	OK
1647	   0	75.9	75.9	 667	OK
1648	   0	81.8	81.8	 593	OK
1649	   0	85.0	85.0	 657	OK
1650	   0	78.4	78.4	 673	OK
1651	   0	77.7	77.7	 607	OK
1652	   0	75.5	75.5	 697	OK
1653	4000	74.0	74.0	 818	high noise
1654	   0	79.0	79.0	 678	OK
1655	   0	71.4	71.4	 642	OK
1656	   0	76.6	76.6	 694	OK
1657	   0	74.3	74.3	 764	OK
1658	   0	81.1	81.1	 667	OK
1659	   0	74.8	74.8	 743	OK
1660	   0	75.3	75.3	 731	OK
1661	   0	80.3	80.3	 705	OK
1662	   0	80.9	80.9	 681	OK
1663	   0	76.1	76.1	 717	OK
1664	   0	82.9	82.9	 568	OK
1665	   0	87.8	87.8	 614	OK
1666	   0	91.2	91.2	 606	OK
1667	   0	86.2	86.2	 592	OK
1668	   0	85.0	85.0	 628	OK
1669	   0	85.1	85.1	 677	OK
1670	   0	86.0	86.0	 645	OK
1671	   0	92.7	92.7	 643	OK
1672	   0	92.8	92.8	 581	OK
1673	   0	85.8	85.8	 601	OK
1674	   0	91.3	91.3	 659	OK
1675	   0	80.9	80.9	 550	OK
1676	   0	84.7	84.7	 573	OK
1677	   0	83.7	83.7	 587	OK
1678	   0	87.4	87.4	 632	OK
1679	1000	86.0	86.0	 536	unbonded
1680	8000	89.0	89.0	 540	partbonded
1681	   0	86.2	86.2	 640	OK
1682	   0	80.0	80.0	 642	OK
1683	   0	86.5	86.5	 657	OK
1684	   0	85.6	85.6	 575	OK
1685	   0	89.2	89.2	 617	OK
1686	   0	86.6	86.6	 646	OK
1687	   0	84.2	84.2	 611	OK
1688	   0	90.8	90.8	 549	OK
1689	   0	93.7	93.7	 607	OK
1690	   0	89.5	89.5	 565	OK
1691	   0	93.9	93.9	 545	OK
1692	   0	96.1	96.1	 652	OK
1693	   0	98.1	98.1	 594	OK
1694	1000	88.4	88.4	 516	unbonded
1695	1000	93.0	93.0	 504	unbonded
1696	   0	87.3	87.3	 575	OK
1697	1000	93.1	93.1	 515	unbonded
1698	   0	87.2	87.2	 680	OK
1699	   0	90.3	90.3	 565	OK
1700	   0	93.8	93.8	 579	OK
1701	   0	88.2	88.2	 626	OK
1702	   0	94.1	94.1	 631	OK
1703	1000	93.8	93.8	 535	unbonded
1704	   0	88.5	88.5	 624	OK
1705	   0	94.6	94.6	 604	OK
1706	   0	89.2	89.2	 620	OK
1707	   0	92.7	92.7	 570	OK
1708	   0	88.3	88.3	 608	OK
1709	   0	93.2	93.2	 552	OK
1710	   0	88.6	88.6	 603	OK
1711	   0	88.6	88.6	 605	OK
1712	   0	94.3	94.3	 625	OK
1713	1000	84.5	84.5	 521	unbonded
1714	   0	92.9	92.9	 669	OK
1715	   0	88.6	88.6	 569	OK
1716	   0	99.2	99.2	 577	OK
1717	   0	95.4	95.4	 571	OK
1718	1000	87.9	87.9	 539	unbonded
1719	   0	92.0	92.0	 643	OK
1720	   0	86.9	86.9	 627	OK
1721	   0	95.0	95.0	 549	OK
1722	   0	90.4	90.4	 650	OK
1723	   0	88.9	88.9	 564	OK
1724	1000	90.5	90.5	 516	unbonded
1725	   0	93.6	93.6	 581	OK
1726	   0	88.4	88.4	 576	OK
1727	1000	94.6	94.6	 516	unbonded
1728	1000	85.6	85.6	 508	unbonded
1729	4000	86.7	86.7	 769	high noise
1730	   0	91.9	91.9	 568	OK
1731	   0	89.0	89.0	 605	OK
1732	   0	98.2	98.2	 547	OK
1733	   0	91.1	91.1	 596	OK
1734	   0	89.4	89.4	 620	OK
1735	4000	85.2	85.2	 754	high noise
1736	1000	83.9	83.9	 504	unbonded
1737	   0	93.7	93.7	 652	OK
1738	   0	88.4	88.4	 567	OK
1739	   0	89.4	89.4	 630	OK
1740	   0	87.6	87.6	 573	OK
1741	   0	83.5	83.5	 618	OK
1742	1000	88.1	88.1	 529	unbonded
1743	   0	91.1	91.1	 653	OK
1744	   0	93.2	93.2	 552	OK
1745	   0	86.0	86.0	 609	OK
1746	   0	84.0	84.0	 616	OK
1747	   0	91.5	91.5	 641	OK
1748	   0	91.9	91.9	 615	OK
1749	   0	88.5	88.5	 618	OK
1750	   0	78.2	78.2	 654	OK
1751	   0	88.6	88.6	 579	OK
1752	   0	93.0	93.0	 542	OK
1753	   0	91.8	91.8	 621	OK
1754	1000	91.7	91.7	 538	unbonded
1755	   0	77.7	77.7	 591	OK
1756	   0	86.6	86.6	 631	OK
1757	4000	85.0	85.0	 702	high noise
1758	1000	89.3	89.3	 534	unbonded
1759	   0	96.2	96.2	 631	OK
1760	   0	90.6	90.6	 615	OK
1761	   0	91.9	91.9	 684	OK
1762	   0	86.9	86.9	 563	OK
1763	   0	87.3	87.3	 634	OK
1764	   0	82.2	82.2	 646	OK
1765	   0	85.6	85.6	 567	OK
1766	   0	96.7	96.7	 600	OK
1767	1000	84.8	84.8	 528	unbonded
1768	   0	87.0	87.0	 671	OK
1769	   0	86.1	86.1	 607	OK
1770	   0	82.6	82.6	 682	OK
1771	   0	85.9	85.9	 623	OK
1772	4000	87.9	87.9	 695	high noise
1773	   0	88.8	88.8	 579	OK
1774	   0	89.4	89.4	 556	OK
1775	   0	90.5	90.5	 564	OK
1776	   0	89.2	89.2	 598	OK
1777	   0	85.1	85.1	 649	OK
1778	   0	86.0	86.0	 572	OK
1779	   0	88.4	88.4	 615	OK
1780	   0	73.9	73.9	 671	OK
1781	   0	86.3	86.3	 644	OK
1782	   0	79.4	79.4	 560	OK
1783	   0	90.8	90.8	 568	OK
1784	   0	87.5	87.5	 671	OK
1785	   0	94.2	94.2	 593	OK
1786	   0	89.0	89.0	 646	OK
1787	   0	84.6	84.6	 658	OK
1788	   0	90.2	90.2	 576	OK
1789	   0	92.4	92.4	 568	OK
1790	   0	89.1	89.1	 588	OK
1791	   0	88.6	88.6	 613	OK
1792	   0	88.2	88.2	 633	OK
1793	   0	85.3	85.3	 604	OK
1794	1000	94.4	94.4	 498	unbonded
1795	4000	92.7	92.7	 737	high noise
1796	1000	92.2	92.2	 499	unbonded
1797	   0	82.5	82.5	 661	OK
1798	   0	95.4	95.4	 643	OK
1799	   0	97.8	97.8	 648	OK
1800	   0	96.9	96.9	 622	OK
1801	1000	97.7	97.7	 506	unbonded
1802	   0	89.6	89.6	 622	OK
1803	   0	91.1	91.1	 630	OK
1804	   0	88.1	88.1	 629	OK
1805	   0	95.4	95.4	 600	OK
1806	   0	85.3	85.3	 589	OK
1807	   0	86.4	86.4	 595	OK
1808	   0	83.8	83.8	 578	OK
1809	   0	95.8	95.8	 616	OK
1810	   0	78.5	78.5	 553	OK
1811	   0	85.0	85.0	 545	OK
1812	   0	89.9	89.9	 556	OK
1813	1000	93.4	93.4	 532	unbonded
1814	   0	96.8	96.8	 604	OK
1815	   0	95.7	95.7	 650	OK
1816	   0	84.2	84.2	 573	OK
1817	   0	88.4	88.4	 576	OK
1818	   0	88.5	88.5	 597	OK
1819	   0	81.9	81.9	 594	OK
1820	   0	92.3	92.3	 613	OK
1821	   0	97.9	97.9	 596	OK
1822	   0	91.8	91.8	 618	OK
1823	   0	80.3	80.3	 627	OK
1824	   0	89.9	89.9	 626	OK
1825	4000	88.3	88.3	 699	high noise
1826	   0	90.9	90.9	 670	OK
1827	   0	94.9	94.9	 629	OK
1828	   0	88.4	88.4	 618	OK
1829	   0	90.2	90.2	 624	OK
1830	   0	85.0	85.0	 594	OK
1831	8000	87.2	87.2	 540	partbonded
1832	   0	89.8	89.8	 638	OK
1833	   0	90.4	90.4	 599	OK
1834	   0	85.6	85.6	 573	OK
1835	   0	89.0	89.0	 591	OK
1836	   0	87.7	87.7	 615	OK
1837	   0	83.0	83.0	 575	OK
1838	   0	90.7	90.7	 621	OK
1839	   0	86.6	86.6	 621	OK
1840	1000	95.0	95.0	 517	unbonded
1841	1000	87.2	87.2	 532	unbonded
1842	   0	86.2	86.2	 586	OK
1843	   0	87.4	87.4	 609	OK
1844	1000	78.0	78.0	 489	unbonded
1845	   0	95.2	95.2	 594	OK
1846	   0	86.0	86.0	 588	OK
1847	   0	88.6	88.6	 665	OK
1848	1000	92.4	92.4	 523	unbonded
1849	   0	94.4	94.4	 674	OK
1850	   0	90.2	90.2	 614	OK
1851	   0	94.3	94.3	 626	OK
1852	   0	92.5	92.5	 620	OK
1853	   0	92.4	92.4	 623	OK
1854	   0	86.6	86.6	 601	OK
1855	   0	90.6	90.6	 603	OK
1856	   0	98.1	98.1	 625	OK
1857	   0	86.7	86.7	 569	OK
1858	   0	86.0	86.0	 633	OK
1859	   0	88.1	88.1	 691	OK
1860	   0	90.1	90.1	 658	OK
1861	4000	89.6	89.6	 709	high noise
1862	   0	88.8	88.8	 652	OK
1863	   0	88.2	88.2	 621	OK
1864	   0	85.6	85.6	 610	OK
1865	   0	93.7	93.7	 558	OK
1866	   0	97.1	97.1	 622	OK
1867	   0	95.7	95.7	 631	OK
1868	   0	86.2	86.2	 653	OK
1869	   0	92.3	92.3	 559	OK
1870	   0	79.6	79.6	 694	OK
1871	   0	83.7	83.7	 595	OK
1872	   0	91.3	91.3	 641	OK
1873	   0	88.5	88.5	 597	OK
1874	1000	87.8	87.8	 532	unbonded
1875	   0	94.2	94.2	 599	OK
1876	1000	97.9	97.9	 501	unbonded
1877	   0	88.0	88.0	 554	OK
1878	   0	96.8	96.8	 541	OK
1879	   0	90.2	90.2	 566	OK
1880	   0	86.5	86.5	 592	OK
1881	   0	83.4	83.4	 603	OK
1882	   0	86.7	86.7	 648	OK
1883	   0	87.7	87.7	 560	OK
1884	   0	90.1	90.1	 621	OK
1885	   0	89.7	89.7	 586	OK
1886	   0	90.3	90.3	 583	OK
1887	   0	90.9	90.9	 657	OK
1888	   0	83.6	83.6	 576	OK
1889	   0	86.9	86.9	 609	OK
1890	   0	82.0	82.0	 588	OK
1891	   0	82.6	82.6	 552	OK
1892	   0	85.9	85.9	 669	OK
1893	   0	82.7	82.7	 591	OK
1894	1000	88.4	88.4	 515	unbonded
1895	   0	83.0	83.0	 600	OK
1896	   0	88.2	88.2	 665	OK
1897	   0	84.0	84.0	 562	OK
1898	   0	84.9	84.9	 621	OK
1899	   0	93.2	93.2	 569	OK
1900	1000	95.8	95.8	 507	unbonded
1901	   0	87.4	87.4	 616	OK
1902	   0	84.1	84.1	 695	OK
1903	   0	87.0	87.0	 542	OK
1904	   0	92.3	92.3	 666	OK
1905	   0	88.8	88.8	 689	OK
1906	   0	92.6	92.6	 577	OK
1907	   0	86.8	86.8	 654	OK
1908	   0	90.1	90.1	 641	OK
1909	   0	87.0	87.0	 648	OK
1910	   0	80.0	80.0	 608	OK
1911	   0	84.7	84.7	 641	OK
1912	   0	83.4	83.4	 600	OK
1913	   0	88.2	88.2	 543	OK
1914	   0	84.7	84.7	 610	OK
1915	4000	86.1	86.1	 724	high noise
1916	   0	81.9	81.9	 581	OK
1917	   0	83.7	83.7	 678	OK
1918	1000	93.9	93.9	 536	unbonded
1919	   0	81.3	81.3	 579	OK
1920	   0	83.7	83.7	 616	OK
1921	   0	84.0	84.0	 612	OK
1922	   0	83.4	83.4	 586	OK
1923	   0	84.2	84.2	 629	OK
1924	   0	83.2	83.2	 660	OK
1925	   0	83.5	83.5	 593	OK
1926	   0	85.1	85.1	 651	OK
1927	   0	90.3	90.3	 666	OK
1928	   0	83.8	83.8	 593	OK
1929	   0	91.0	91.0	 626	OK
1930	   0	85.6	85.6	 603	OK
1931	   0	82.0	82.0	 621	OK
1932	   0	87.0	87.0	 610	OK
1933	   0	82.6	82.6	 615	OK
1934	   0	80.5	80.5	 646	OK
1935	   0	88.6	88.6	 598	OK
1936	4000	83.0	83.0	 764	high noise
1937	   0	82.5	82.5	 716	OK
1938	   0	86.7	86.7	 561	OK
1939	   0	82.1	82.1	 654	OK
1940	   0	85.6	85.6	 588	OK
1941	   0	77.0	77.0	 615	OK
1942	   0	81.8	81.8	 641	OK
1943	   0	79.1	79.1	 684	OK
1944	   0	88.3	88.3	 687	OK
1945	   0	82.6	82.6	 633	OK
1946	4000	74.5	74.5	 742	high noise
1947	4000	81.2	81.2	 742	high noise
1948	   0	83.9	83.9	 629	OK
1949	   0	85.3	85.3	 734	OK
1950	1000	84.2	84.2	 518	unbonded
1951	   0	86.8	86.8	 656	OK
1952	   0	84.8	84.8	 596	OK
1953	   0	75.9	75.9	 631	OK
1954	   0	82.9	82.9	 647	OK
1955	   0	93.8	93.8	 682	OK
1956	   0	80.5	80.5	 568	OK
1957	   0	84.8	84.8	 672	OK
1958	   0	86.3	86.3	 731	OK
1959	   0	90.2	90.2	 648	OK
1960	   0	83.5	83.5	 668	OK
1961	   0	86.2	86.2	 633	OK
1962	4000	89.7	89.7	 747	high noise
1963	   0	80.9	80.9	 612	OK
1964	   0	76.6	76.6	 733	OK
1965	   0	83.4	83.4	 597	OK
1966	   0	83.2	83.2	 589	OK
1967	   0	79.2	79.2	 668	OK
1968	   0	82.7	82.7	 677	OK
1969	   0	87.4	87.4	 639	OK
1970	   0	87.1	87.1	 622	OK
1971	   0	81.1	81.1	 653	OK
1972	   0	85.5	85.5	 658	OK
1973	   0	77.2	77.2	 620	OK
1974	   0	89.8	89.8	 636	OK
1975	   0	82.5	82.5	 708	OK
1976	   0	85.9	85.9	 606	OK
1977	   0	81.4	81.4	 643	OK
1978	   0	84.2	84.2	 612	OK
1979	   0	84.8	84.8	 586	OK
1980	4000	88.9	88.9	 749	high noise
1981	   0	86.4	86.4	 644	OK
1982	   0	85.5	85.5	 657	OK
1983	   0	89.3	89.3	 625	OK
1984	   0	90.6	90.6	 612	OK
1985	   0	70.7	70.7	 678	OK
1986	   0	85.5	85.5	 710	OK
1987	   0	79.5	79.5	 660	OK
1988	   0	90.6	90.6	 574	OK
1989	   0	80.1	80.1	 710	OK
1990	   0	84.3	84.3	 563	OK
1991	4000	85.4	85.4	 756	high noise
1992	   0	76.2	76.2	 569	OK
1993	   0	85.1	85.1	 673	OK
1994	   0	77.6	77.6	 564	OK
1995	   0	85.7	85.7	 702	OK
1996	   0	82.3	82.3	 717	OK
1997	   0	80.7	80.7	 599	OK
1998	   0	78.8	78.8	 559	OK
1999	   0	74.9	74.9	 581	OK
2000	   0	82.3	82.3	 667	OK
2001	1000	81.0	81.0	 519	unbonded
2002	   0	79.1	79.1	 590	OK
2003	   0	84.9	84.9	 561	OK
2004	   0	80.9	80.9	 661	OK
2005	   0	79.4	79.4	 617	OK
2006	   0	75.3	75.3	 666	OK
2007	4000	76.4	76.4	 770	high noise
2008	1000	87.8	87.8	 516	unbonded
2009	   0	77.3	77.3	 666	OK
2010	   0	75.0	75.0	 667	OK
2011	   0	72.9	72.9	 629	OK
2012	   0	79.2	79.2	 674	OK
2013	   0	85.8	85.8	 589	OK
2014	   0	78.0	78.0	 639	OK
2015	   0	74.7	74.7	 696	OK
2016	   0	78.1	78.1	 664	OK
2017	1000	76.7	76.7	 525	unbonded
2018	   0	84.4	84.4	 728	OK
2019	   0	85.0	85.0	 633	OK
2020	   0	85.8	85.8	 616	OK
2021	   0	71.9	71.9	 598	OK
2022	   0	80.7	80.7	 699	OK
2023	   0	78.5	78.5	 637	OK
2024	   0	78.4	78.4	 624	OK
2025	   0	74.6	74.6	 696	OK
2026	   0	77.7	77.7	 631	OK
2027	   0	81.0	81.0	 688	OK
2028	   0	80.6	80.6	 728	OK
2029	   0	84.5	84.5	 645	OK
2030	   0	78.6	78.6	 658	OK
2031	   0	82.1	82.1	 655	OK
2032	4000	82.4	82.4	 758	high noise
2033	   0	79.7	79.7	 570	OK
2034	   0	80.0	80.0	 616	OK
2035	   0	82.2	82.2	 612	OK
2036	   0	79.2	79.2	 602	OK
2037	   0	83.9	83.9	 635	OK
2038	   0	76.3	76.3	 634	OK
2039	   0	82.5	82.5	 679	OK
2040	   0	78.5	78.5	 612	OK
2041	   0	88.1	88.1	 634	OK
2042	   0	78.4	78.4	 555	OK
2043	   0	78.5	78.5	 664	OK
2044	1000	78.3	78.3	 532	unbonded
2045	   0	81.6	81.6	 607	OK
2046	   0	75.1	75.1	 686	OK
2047	   0	84.9	84.9	 596	OK
2048	   0	91.5	91.5	 638	OK
2049	   0	87.8	87.8	 696	OK
2050	   0	89.7	89.7	 640	OK
2051	   0	89.2	89.2	 637	OK
2052	   0	90.0	90.0	 714	OK
2053	   0	93.0	93.0	 592	OK
2054	   0	98.6	98.6	 623	OK
2055	   0	81.2	81.2	 672	OK
2056	   0	87.3	87.3	 626	OK
2057	   0	87.1	87.1	 730	OK
2058	   0	89.9	89.9	 668	OK
2059	   0	92.3	92.3	 549	OK
2060	   0	87.8	87.8	 637	OK
2061	   0	85.0	85.0	 654	OK
2062	   0	86.1	86.1	 662	OK
2063	   0	92.6	92.6	 669	OK
2064	   0	85.9	85.9	 683	OK
2065	   0	87.4	87.4	 690	OK
2066	   0	88.5	88.5	 619	OK
2067	   0	81.0	81.0	 610	OK
2068	   0	80.1	80.1	 692	OK
2069	   0	86.8	86.8	 647	OK
2070	   0	88.0	88.0	 573	OK
2071	   0	89.4	89.4	 652	OK
2072	   0	92.7	92.7	 646	OK
2073	   0	88.4	88.4	 602	OK
2074	   0	90.7	90.7	 632	OK
2075	   0	89.2	89.2	 593	OK
2076	   0	88.8	88.8	 603	OK
2077	   0	89.5	89.5	 670	OK
2078	   0	84.4	84.4	 667	OK
2079	   0	91.0	91.0	 632	OK
2080	   0	84.1	84.1	 677	OK
2081	4000	96.9	96.9	 762	high noise
2082	   0	88.8	88.8	 615	OK
2083	1000	88.6	88.6	 515	unbonded
2084	   0	90.2	90.2	 678	OK
2085	   0	92.9	92.9	 667	OK
2086	   0	95.4	95.4	 677	OK
2087	   0	80.9	80.9	 599	OK
2088	   0	94.3	94.3	 587	OK
2089	   0	81.2	81.2	 665	OK
2090	   0	85.4	85.4	 717	OK
2091	   0	87.5	87.5	 601	OK
2092	   0	88.7	88.7	 618	OK
2093	   0	89.0	89.0	 699	OK
2094	1000	91.1	91.1	 535	unbonded
2095	   0	82.8	82.8	 657	OK
2096	   0	87.6	87.6	 698	OK
2097	   0	91.0	91.0	 709	OK
2098	   0	82.7	82.7	 637	OK
2099	   0	84.1	84.1	 676	OK
2100	   0	88.9	88.9	 692	OK
2101	   0	90.9	90.9	 592	OK
2102	   0	97.7	97.7	 599	OK
2103	   0	89.3	89.3	 617	OK
2104	   0	97.3	97.3	 692	OK
2105	1000	90.4	90.4	 524	unbonded
2106	   0	87.6	87.6	 659	OK
2107	   0	91.1	91.1	 632	OK
2108	   0	87.0	87.0	 637	OK
2109	4000	84.4	84.4	 738	high noise
2110	   0	94.5	94.5	 556	OK
2111	   0	94.2	94.2	 585	OK
2112	   0	92.1	92.1	 637	OK
2113	   0	91.1	91.1	 623	OK
2114	   0	87.0	87.0	 604	OK
2115	   0	82.9	82.9	 713	OK
2116	4000	82.1	82.1	 752	high noise
2117	   0	85.8	85.8	 557	OK
2118	   0	84.1	84.1	 552	OK
2119	   0	92.1	92.1	 615	OK
2120	   0	80.8	80.8	 670	OK
2121	   0	82.9	82.9	 619	OK
2122	   0	82.5	82.5	 558	OK
2123	   0	82.8	82.8	 672	OK
2124	   0	92.9	92.9	 613	OK
2125	   0	82.5	82.5	 583	OK
2126	   0	84.7	84.7	 587	OK
2127	   0	85.8	85.8	 641	OK
2128	   0	83.7	83.7	 627	OK
2129	   0	84.9	84.9	 652	OK
2130	   0	84.2	84.2	 645	OK
2131	   0	78.4	78.4	 666	OK
2132	   0	79.9	79.9	 669	OK
2133	   0	78.7	78.7	 678	OK
2134	   0	85.0	85.0	 617	OK
2135	   0	84.5	84.5	 603	OK
2136	   0	79.5	79.5	 676	OK
2137	   0	91.9	91.9	 645	OK
2138	1000	85.2	85.2	 511	unbonded
2139	   0	80.9	80.9	 644	OK
2140	   0	83.1	83.1	 690	OK
2141	   0	80.2	80.2	 618	OK
2142	   0	81.6	81.6	 618	OK
2143	   0	79.4	79.4	 593	OK
2144	   0	87.4	87.4	 595	OK
2145	   0	76.9	76.9	 653	OK
2146	   0	81.7	81.7	 646	OK
2147	   0	85.3	85.3	 643	OK
2148	   0	80.4	80.4	 634	OK
2149	   0	81.0	81.0	 615	OK
2150	   0	85.3	85.3	 669	OK
2151	   0	85.2	85.2	 612	OK
2152	   0	84.2	84.2	 659	OK
2153	   0	86.4	86.4	 687	OK
2154	   0	81.7	81.7	 682	OK
2155	   0	85.5	85.5	 608	OK
2156	   0	94.0	94.0	 587	OK
2157	   0	83.8	83.8	 667	OK
2158	   0	83.3	83.3	 598	OK
2159	   0	81.9	81.9	 559	OK
2160	   0	87.2	87.2	 709	OK
2161	4000	74.0	74.0	 746	high noise
2162	   0	87.2	87.2	 636	OK
2163	   0	79.6	79.6	 609	OK
2164	   0	82.6	82.6	 620	OK
2165	   0	85.6	85.6	 636	OK
2166	   0	77.8	77.8	 698	OK
2167	   0	83.7	83.7	 544	OK
2168	   0	80.8	80.8	 607	OK
2169	   0	87.2	87.2	 566	OK
2170	   0	75.2	75.2	 595	OK
2171	   0	80.5	80.5	 635	OK
2172	   0	73.4	73.4	 661	OK
2173	   0	76.1	76.1	 679	OK
2174	   0	83.7	83.7	 594	OK
2175	   0	82.9	82.9	 612	OK
2176	   0	84.3	84.3	 669	OK
2177	   0	82.4	82.4	 649	OK
2178	   0	81.0	81.0	 632	OK
2179	   0	83.0	83.0	 582	OK
2180	   0	84.2	84.2	 632	OK
2181	   0	89.6	89.6	 584	OK
2182	   0	90.1	90.1	 563	OK
2183	   0	85.6	85.6	 683	OK
2184	1000	81.2	81.2	 524	unbonded
2185	   0	87.5	87.5	 644	OK
2186	   0	79.0	79.0	 624	OK
2187	   0	88.8	88.8	 558	OK
2188	   0	84.8	84.8	 703	OK
2189	   0	85.5	85.5	 648	OK
2190	   0	84.2	84.2	 630	OK
2191	   0	85.6	85.6	 629	OK
2192	   0	87.0	87.0	 580	OK
2193	   0	81.8	81.8	 667	OK
2194	1000	77.2	77.2	 525	unbonded
2195	   0	86.6	86.6	 732	OK
2196	   0	88.1	88.1	 578	OK
2197	4000	81.6	81.6	 759	high noise
2198	   0	84.3	84.3	 700	OK
2199	   0	79.5	79.5	 692	OK
2200	   0	78.0	78.0	 686	OK
2201	   0	81.9	81.9	 611	OK
2202	1000	78.7	78.7	 510	unbonded
2203	   0	83.2	83.2	 593	OK
2204	1000	85.1	85.1	 522	unbonded
2205	   0	83.3	83.3	 650	OK
2206	   0	88.1	88.1	 659	OK
2207	   0	79.1	79.1	 634	OK
2208	   0	83.4	83.4	 589	OK
2209	   0	84.3	84.3	 631	OK
2210	   0	82.9	82.9	 585	OK
2211	   0	92.3	92.3	 704	OK
2212	   0	80.0	80.0	 677	OK
2213	   0	89.1	89.1	 568	OK
2214	   0	88.1	88.1	 634	OK
2215	   0	91.2	91.2	 590	OK
2216	   0	79.2	79.2	 687	OK
2217	   0	85.0	85.0	 652	OK
2218	   0	80.5	80.5	 689	OK
2219	   0	79.4	79.4	 703	OK
2220	   0	84.6	84.6	 635	OK
2221	   0	77.6	77.6	 640	OK
2222	   0	81.3	81.3	 696	OK
2223	   0	85.3	85.3	 592	OK
2224	   0	82.6	82.6	 635	OK
2225	   0	77.7	77.7	 654	OK
2226	   0	84.3	84.3	 574	OK
2227	   0	86.0	86.0	 624	OK
2228	   0	87.6	87.6	 677	OK
2229	   0	88.3	88.3	 544	OK
2230	   0	91.5	91.5	 680	OK
2231	   0	84.9	84.9	 581	OK
2232	   0	88.2	88.2	 564	OK
2233	   0	87.3	87.3	 605	OK
2234	   0	79.5	79.5	 602	OK
2235	   0	84.3	84.3	 651	OK
2236	   0	75.3	75.3	 669	OK
2237	   0	90.3	90.3	 701	OK
2238	   0	88.0	88.0	 602	OK
2239	   0	88.3	88.3	 659	OK
2240	   0	73.8	73.8	 666	OK
2241	   0	82.9	82.9	 643	OK
2242	   0	82.6	82.6	 666	OK
2243	   0	80.3	80.3	 598	OK
2244	   0	93.9	93.9	 652	OK
2245	   0	84.0	84.0	 676	OK
2246	   0	92.0	92.0	 552	OK
2247	   0	83.3	83.3	 633	OK
2248	   0	79.5	79.5	 706	OK
2249	   0	84.6	84.6	 562	OK
2250	   0	73.6	73.6	 727	OK
2251	   0	90.0	90.0	 553	OK
2252	   0	84.1	84.1	 639	OK
2253	   0	85.8	85.8	 642	OK
2254	   0	84.8	84.8	 639	OK
2255	1000	77.3	77.3	 531	unbonded
2256	   0	88.0	88.0	 639	OK
2257	   0	82.0	82.0	 686	OK
2258	   0	80.2	80.2	 625	OK
2259	   0	88.9	88.9	 594	OK
2260	   0	81.5	81.5	 732	OK
2261	   0	91.8	91.8	 639	OK
2262	   0	90.1	90.1	 554	OK
2263	   0	83.4	83.4	 645	OK
2264	   0	80.9	80.9	 682	OK
2265	   0	82.0	82.0	 643	OK
2266	   0	82.7	82.7	 664	OK
2267	   0	86.6	86.6	 643	OK
2268	   0	79.0	79.0	 681	OK
2269	   0	79.9	79.9	 621	OK
2270	   0	84.3	84.3	 723	OK
2271	4000	78.2	78.2	 735	high noise
2272	   0	85.9	85.9	 628	OK
2273	   0	85.9	85.9	 658	OK
2274	   0	87.2	87.2	 616	OK
2275	   0	80.8	80.8	 668	OK
2276	   0	85.6	85.6	 711	OK
2277	   0	89.8	89.8	 601	OK
2278	   0	83.2	83.2	 627	OK
2279	   0	78.0	78.0	 632	OK
2280	   0	83.5	83.5	 718	OK
2281	   0	91.3	91.3	 603	OK
2282	   0	91.4	91.4	 605	OK
2283	   0	83.8	83.8	 656	OK
2284	   0	79.7	79.7	 620	OK
2285	   0	83.0	83.0	 667	OK
2286	   0	83.5	83.5	 632	OK
2287	1000	85.0	85.0	 520	unbonded
2288	   0	88.0	88.0	 698	OK
2289	   0	85.8	85.8	 644	OK
2290	   0	74.0	74.0	 718	OK
2291	   0	86.3	86.3	 660	OK
2292	   0	81.3	81.3	 691	OK
2293	   0	81.1	81.1	 646	OK
2294	   0	79.9	79.9	 682	OK
2295	   0	86.3	86.3	 607	OK
2296	   0	88.0	88.0	 572	OK
2297	   0	84.1	84.1	 602	OK
2298	   0	87.1	87.1	 670	OK
2299	4000	83.1	83.1	 736	high noise
2300	   0	81.8	81.8	 702	OK
2301	   0	80.5	80.5	 590	OK
2302	   0	80.4	80.4	 568	OK
2303	   0	85.7	85.7	 702	OK
2304	   0	75.3	75.3	 724	OK
2305	   0	75.9	75.9	 710	OK
2306	   0	68.8	68.8	 708	OK
2307	   0	75.8	75.8	 787	OK
2308	   0	78.2	78.2	 782	OK
2309	   0	77.7	77.7	 649	OK
2310	4000	69.9	69.9	 893	high noise
2311	   0	70.4	70.4	 713	OK
2312	   0	77.7	77.7	 796	OK
2313	   0	83.2	83.2	 616	OK
2314	   0	79.2	79.2	 657	OK
2315	   0	76.3	76.3	 674	OK
2316	   0	70.8	70.8	 739	OK
2317	   0	76.4	76.4	 673	OK
2318	   0	86.5	86.5	 658	OK
2319	   0	70.7	70.7	 765	OK
2320	   0	81.5	81.5	 724	OK
2321	   0	86.9	86.9	 624	OK
2322	   0	80.9	80.9	 678	OK
2323	   0	70.3	70.3	 786	OK
2324	   0	82.7	82.7	 687	OK
2325	   0	79.6	79.6	 696	OK
2326	   0	77.3	77.3	 720	OK
2327	   0	79.9	79.9	 613	OK
2328	   0	73.2	73.2	 756	OK
2329	   0	72.8	72.8	 680	OK
2330	   0	79.6	79.6	 626	OK
2331	   0	78.3	78.3	 642	OK
2332	   0	77.6	77.6	 728	OK
2333	   0	69.0	69.0	 685	OK
2334	   0	75.6	75.6	 739	OK
2335	1000	72.8	72.8	 534	unbonded
2336	   0	78.9	78.9	 772	OK
2337	   0	79.7	79.7	 698	OK
2338	   0	75.8	75.8	 772	OK
2339	   0	73.5	73.5	 788	OK
2340	   0	73.7	73.7	 729	OK
2341	   0	73.3	73.3	 784	OK
2342	   0	76.0	76.0	 801	OK
2343	   0	73.8	73.8	 678	OK
2344	   0	73.9	73.9	 752	OK
2345	   0	76.8	76.8	 731	OK
2346	   0	77.7	77.7	 702	OK
2347	   0	83.0	83.0	 738	OK
2348	   0	77.6	77.6	 609	OK
2349	   0	85.0	85.0	 743	OK
2350	   0	76.4	76.4	 623	OK
2351	   0	79.9	79.9	 692	OK
2352	   0	79.5	79.5	 621	OK
2353	   0	79.1	79.1	 688	OK
2354	   0	77.3	77.3	 638	OK
2355	   0	75.2	75.2	 757	OK
2356	   0	77.0	77.0	 744	OK
2357	   0	74.3	74.3	 807	OK
2358	   0	76.1	76.1	 648	OK
2359	   0	79.7	79.7	 730	OK
2360	   0	72.8	72.8	 660	OK
2361	   0	84.8	84.8	 735	OK
2362	   0	75.1	75.1	 735	OK
2363	   0	83.4	83.4	 680	OK
2364	   0	83.5	83.5	 784	OK
2365	   0	72.7	72.7	 685	OK
2366	   0	80.4	80.4	 734	OK
2367	   0	80.0	80.0	 804	OK
2368	   0	81.1	81.1	 707	OK
2369	   0	80.4	80.4	 687	OK
2370	   0	74.9	74.9	 774	OK
2371	   0	77.3	77.3	 735	OK
2372	   0	72.7	72.7	 723	OK
2373	   0	83.5	83.5	 726	OK
2374	   0	78.9	78.9	 650	OK
2375	   0	76.5	76.5	 724	OK
2376	   0	81.1	81.1	 708	OK
2377	   0	75.2	75.2	 724	OK
2378	   0	83.9	83.9	 742	OK
2379	   0	77.4	77.4	 775	OK
2380	   0	81.3	81.3	 753	OK
2381	   0	84.2	84.2	 692	OK
2382	   0	84.5	84.5	 657	OK
2383	   0	84.4	84.4	 777	OK
2384	   0	76.8	76.8	 688	OK
2385	   0	86.6	86.6	 679	OK
2386	   0	71.6	71.6	 705	OK
2387	   0	73.9	73.9	 718	OK
2388	   0	81.2	81.2	 675	OK
2389	   0	74.1	74.1	 763	OK
2390	   0	76.5	76.5	 800	OK
2391	   0	69.3	69.3	 762	OK
2392	   0	75.0	75.0	 677	OK
2393	   0	74.3	74.3	 699	OK
2394	   0	76.0	76.0	 732	OK
2395	   0	72.5	72.5	 670	OK
2396	   0	76.5	76.5	 802	OK
2397	   0	78.5	78.5	 788	OK
2398	   0	79.6	79.6	 637	OK
2399	   0	74.2	74.2	 671	OK
2400	   0	73.9	73.9	 754	OK
2401	   0	74.0	74.0	 710	OK
2402	   0	72.1	72.1	 660	OK
2403	   0	74.8	74.8	 619	OK
2404	   0	78.7	78.7	 674	OK
2405	   0	71.6	71.6	 731	OK
2406	   0	75.5	75.5	 620	OK
2407	   0	79.5	79.5	 760	OK
2408	   0	83.6	83.6	 700	OK
2409	   0	74.8	74.8	 676	OK
2410	   0	84.2	84.2	 691	OK
2411	   0	73.6	73.6	 774	OK
2412	   0	76.3	76.3	 589	OK
2413	   0	78.6	78.6	 753	OK
2414	   0	72.4	72.4	 566	OK
2415	   0	81.9	81.9	 748	OK
2416	   0	72.8	72.8	 719	OK
2417	   0	84.9	84.9	 723	OK
2418	   0	76.3	76.3	 736	OK
2419	   0	74.1	74.1	 726	OK
2420	   0	79.3	79.3	 722	OK
2421	   0	74.5	74.5	 768	OK
2422	   0	72.7	72.7	 742	OK
2423	   0	70.8	70.8	 710	OK
2424	   0	80.3	80.3	 795	OK
2425	   0	75.6	75.6	 754	OK
2426	   0	76.8	76.8	 762	OK
2427	   0	76.1	76.1	 608	OK
2428	   0	81.3	81.3	 751	OK
2429	   0	77.7	77.7	 602	OK
2430	   0	77.6	77.6	 653	OK
2431	   0	71.2	71.2	 735	OK
2432	   0	87.2	87.2	 597	OK
2433	   0	93.3	93.3	 667	OK
2434	   0	92.6	92.6	 582	OK
2435	   0	83.9	83.9	 563	OK
2436	   0	81.6	81.6	 598	OK
2437	1000	91.8	91.8	 489	unbonded
2438	1000	86.8	86.8	 529	unbonded
2439	   0	87.0	87.0	 587	OK
2440	   0	92.5	92.5	 646	OK
2441	1000	87.2	87.2	 525	unbonded
2442	   0	96.0	96.0	 620	OK
2443	   0	95.5	95.5	 584	OK
2444	   0	82.6	82.6	 608	OK
2445	   0	90.5	90.5	 571	OK
2446	   0	89.9	89.9	 554	OK
2447	   0	88.7	88.7	 585	OK
2448	   0	83.6	83.6	 648	OK
2449	   0	86.7	86.7	 647	OK
2450	   0	89.6	89.6	 671	OK
2451	   0	95.7	95.7	 564	OK
2452	1000	87.5	87.5	 533	unbonded
2453	   0	83.9	83.9	 603	OK
2454	   0	88.7	88.7	 562	OK
2455	   0	85.2	85.2	 644	OK
2456	1000	91.5	91.5	 487	unbonded
2457	   0	85.8	85.8	 624	OK
2458	1000	90.9	90.9	 539	unbonded
2459	   0	82.4	82.4	 545	OK
2460	1000	85.0	85.0	 516	unbonded
2461	   0	87.9	87.9	 600	OK
2462	1000	90.3	90.3	 517	unbonded
2463	   0	85.8	85.8	 592	OK
2464	   0	87.5	87.5	 564	OK
2465	4000	86.0	86.0	 705	high noise
2466	   0	89.0	89.0	 563	OK
2467	   0	88.2	88.2	 601	OK
2468	   0	93.9	93.9	 613	OK
2469	   0	90.3	90.3	 585	OK
2470	   0	88.0	88.0	 575	OK
2471	   0	88.3	88.3	 551	OK
2472	1000	90.6	90.6	 537	unbonded
2473	   0	88.6	88.6	 623	OK
2474	   0	95.2	95.2	 574	OK
2475	   0	91.6	91.6	 601	OK
2476	   0	87.7	87.7	 587	OK
2477	1000	87.0	87.0	 534	unbonded
2478	1000	93.5	93.5	 435	unbonded
2479	   0	90.3	90.3	 600	OK
2480	   0	93.6	93.6	 573	OK
2481	   0	93.0	93.0	 590	OK
2482	   0	90.4	90.4	 584	OK
2483	   0	89.5	89.5	 597	OK
2484	   0	89.9	89.9	 545	OK
2485	   0	83.2	83.2	 662	OK
2486	   0	96.4	96.4	 547	OK
2487	   0	82.8	82.8	 633	OK
2488	   0	93.6	93.6	 573	OK
2489	1000	99.1	99.1	 535	unbonded
2490	   0	92.6	92.6	 632	OK
2491	   0	88.8	88.8	 594	OK
2492	   0	85.3	85.3	 576	OK
2493	   0	92.3	92.3	 677	OK
2494	   0	95.0	95.0	 655	OK
2495	1000	93.4	93.4	 513	unbonded
2496	1000	89.8	89.8	 539	unbonded
2497	   0	93.9	93.9	 637	OK
2498	   0	92.7	92.7	 657	OK
2499	1000	88.8	88.8	 515	unbonded
2500	   0	84.3	84.3	 620	OK
2501	   0	86.9	86.9	 671	OK
2502	1000	85.7	85.7	 501	unbonded
2503	4000	92.0	92.0	 680	high noise
2504	   0	90.6	90.6	 543	OK
2505	   0	88.5	88.5	 580	OK
2506	   0	98.0	98.0	 602	OK
2507	1000	93.1	93.1	 527	unbonded
2508	   0	84.5	84.5	 649	OK
2509	   0	92.0	92.0	 621	OK
2510	   0	86.8	86.8	 577	OK
2511	   0	86.4	86.4	 570	OK
2512	   0	83.1	83.1	 658	OK
2513	   0	85.0	85.0	 614	OK
2514	   0	88.5	88.5	 592	OK
2515	   0	92.4	92.4	 596	OK
2516	   0	91.5	91.5	 610	OK
2517	   0	84.4	84.4	 636	OK
2518	   0	96.3	96.3	 620	OK
2519	   0	87.7	87.7	 629	OK
2520	   0	94.9	94.9	 552	OK
2521	   0	86.0	86.0	 662	OK
2522	1000	94.8	94.8	 537	unbonded
2523	   0	86.9	86.9	 549	OK
2524	   0	90.2	90.2	 576	OK
2525	   0	87.1	87.1	 622	OK
2526	   0	94.6	94.6	 595	OK
2527	   0	88.0	88.0	 577	OK
2528	1000	85.2	85.2	 494	unbonded
2529	1000	88.5	88.5	 539	unbonded
2530	   0	87.6	87.6	 618	OK
2531	   0	84.5	84.5	 557	OK
2532	1000	93.0	93.0	 524	unbonded
2533	4000	83.0	83.0	 710	high noise
2534	   0	92.3	92.3	 614	OK
2535	   0	87.7	87.7	 646	OK
2536	   0	90.9	90.9	 595	OK
2537	1000	89.4	89.4	 510	unbonded
2538	   0	88.6	88.6	 614	OK
2539	   0	88.2	88.2	 594	OK
2540	   0	87.8	87.8	 590	OK
2541	   0	92.7	92.7	 560	OK
2542	1000	94.1	94.1	 538	unbonded
2543	   0	86.3	86.3	 565	OK
2544	1000	91.9	91.9	 527	unbonded
2545	   0	89.6	89.6	 573	OK
2546	   0	89.3	89.3	 630	OK
2547	1000	93.5	93.5	 540	unbonded
2548	   0	85.3	85.3	 623	OK
2549	4000	92.8	92.8	 689	high noise
2550	4000	87.4	87.4	 694	high noise
2551	1000	87.5	87.5	 526	unbonded
2552	   0	84.8	84.8	 563	OK
2553	   0	89.8	89.8	 569	OK
2554	   0	86.2	86.2	 567	OK
2555	   0	93.4	93.4	 648	OK
2556	   0	83.1	83.1	 629	OK
2557	4000	87.5	87.5	 701	high noise
2558	   0	93.7	93.7	 646	OK
2559	   0	93.6	93.6	 641	OK
