#chan	code	gain	offset	innse	comment
   0	   0	91.0	91.0	 618	OK
   1	   0	91.6	91.6	 595	OK
   2	   0	97.2	97.2	 594	OK
   3	   0	100.7	100.7	 588	OK
   4	   0	98.3	98.3	 596	OK
   5	   0	99.6	99.6	 626	OK
   6	   0	98.3	98.3	 606	OK
   7	   0	100.0	100.0	 632	OK
   8	   0	102.6	102.6	 626	OK
   9	   0	93.0	93.0	 636	OK
  10	   0	100.5	100.5	 610	OK
  11	   0	95.7	95.7	 631	OK
  12	   0	97.1	97.1	 632	OK
  13	   0	97.6	97.6	 622	OK
  14	   0	106.7	106.7	 626	OK
  15	   0	98.3	98.3	 615	OK
  16	   0	97.3	97.3	 600	OK
  17	   0	90.3	90.3	 643	OK
  18	   0	105.5	105.5	 641	OK
  19	   0	91.8	91.8	 660	OK
  20	   0	100.0	100.0	 620	OK
  21	   0	83.4	83.4	 645	OK
  22	   0	84.2	84.2	 656	OK
  23	   0	83.1	83.1	 662	OK
  24	   0	88.4	88.4	 645	OK
  25	   0	94.3	94.3	 663	OK
  26	   0	105.7	105.7	 635	OK
  27	   0	90.4	90.4	 655	OK
  28	   0	96.9	96.9	 627	OK
  29	   0	92.1	92.1	 681	OK
  30	   0	97.7	97.7	 644	OK
  31	   0	90.7	90.7	 638	OK
  32	   0	99.2	99.2	 622	OK
  33	   0	89.8	89.8	 683	OK
  34	   0	98.4	98.4	 658	OK
  35	   0	91.3	91.3	 667	OK
  36	   0	88.5	88.5	 646	OK
  37	   0	96.2	96.2	 667	OK
  38	   0	91.1	91.1	 671	OK
  39	   0	96.8	96.8	 624	OK
  40	   0	93.0	93.0	 650	OK
  41	   0	92.1	92.1	 673	OK
  42	   0	103.5	103.5	 647	OK
  43	   0	94.1	94.1	 691	OK
  44	   0	94.8	94.8	 656	OK
  45	   0	90.3	90.3	 676	OK
  46	   0	91.7	91.7	 679	OK
  47	   0	103.2	103.2	 633	OK
  48	   0	94.8	94.8	 653	OK
  49	   0	96.7	96.7	 667	OK
  50	   0	93.5	93.5	 676	OK
  51	   0	93.2	93.2	 671	OK
  52	   0	94.9	94.9	 645	OK
  53	   0	94.4	94.4	 670	OK
  54	   0	98.4	98.4	 656	OK
  55	   0	95.5	95.5	 658	OK
  56	   0	93.3	93.3	 674	OK
  57	   0	94.0	94.0	 669	OK
  58	   0	97.0	97.0	 668	OK
  59	   0	98.8	98.8	 646	OK
  60	   0	99.9	99.9	 638	OK
  61	   0	101.4	101.4	 615	OK
  62	   0	102.1	102.1	 638	OK
  63	   0	97.9	97.9	 624	OK
  64	   0	101.5	101.5	 646	OK
  65	   0	95.5	95.5	 672	OK
  66	   0	95.8	95.8	 643	OK
  67	   0	85.4	85.4	 661	OK
  68	   0	96.7	96.7	 677	OK
  69	   0	98.3	98.3	 697	OK
  70	   0	94.8	94.8	 634	OK
  71	   0	106.6	106.6	 626	OK
  72	   0	86.7	86.7	 684	OK
  73	   0	91.3	91.3	 724	OK
  74	   0	93.6	93.6	 679	OK
  75	   0	92.5	92.5	 676	OK
  76	   0	98.0	98.0	 660	OK
  77	   0	100.2	100.2	 631	OK
  78	   0	96.4	96.4	 667	OK
  79	   0	102.7	102.7	 658	OK
  80	   0	98.9	98.9	 649	OK
  81	   0	101.8	101.8	 620	OK
  82	   0	99.1	99.1	 656	OK
  83	   0	90.1	90.1	 647	OK
  84	   0	99.2	99.2	 618	OK
  85	   0	92.9	92.9	 668	OK
  86	   0	98.1	98.1	 660	OK
  87	   0	91.3	91.3	 644	OK
  88	   0	93.1	93.1	 642	OK
  89	   0	91.1	91.1	 651	OK
  90	   0	100.5	100.5	 620	OK
  91	   0	94.4	94.4	 663	OK
  92	   0	86.3	86.3	 682	OK
  93	   0	92.8	92.8	 708	OK
  94	   0	91.4	91.4	 658	OK
  95	   0	94.9	94.9	 648	OK
  96	   0	93.8	93.8	 650	OK
  97	   0	88.8	88.8	 674	OK
  98	   0	88.3	88.3	 649	OK
  99	   0	92.7	92.7	 644	OK
 100	   0	89.9	89.9	 622	OK
 101	   0	86.7	86.7	 656	OK
 102	   0	98.2	98.2	 634	OK
 103	   0	98.0	98.0	 642	OK
 104	   0	93.9	93.9	 595	OK
 105	   0	90.1	90.1	 654	OK
 106	   0	97.8	97.8	 674	OK
 107	   0	89.9	89.9	 627	OK
 108	   0	93.8	93.8	 667	OK
 109	   0	90.1	90.1	 655	OK
 110	   0	90.2	90.2	 640	OK
 111	   0	94.5	94.5	 621	OK
 112	   0	91.4	91.4	 661	OK
 113	   0	100.2	100.2	 636	OK
 114	   0	88.8	88.8	 662	OK
 115	   0	89.5	89.5	 654	OK
 116	   0	87.8	87.8	 727	OK
 117	   0	90.7	90.7	 614	OK
 118	   0	87.8	87.8	 641	OK
 119	   0	92.6	92.6	 662	OK
 120	   0	96.1	96.1	 612	OK
 121	   0	96.7	96.7	 638	OK
 122	   0	88.7	88.7	 668	OK
 123	   0	91.6	91.6	 618	OK
 124	   0	91.5	91.5	 641	OK
 125	   0	87.2	87.2	 677	OK
 126	   0	79.6	79.6	 698	OK
 127	   0	91.1	91.1	 608	OK
 128	   0	82.2	82.2	 751	OK
 129	   0	83.2	83.2	 726	OK
 130	   0	82.0	82.0	 759	OK
 131	   0	79.0	79.0	 771	OK
 132	   0	87.4	87.4	 763	OK
 133	   0	83.7	83.7	 735	OK
 134	   0	89.4	89.4	 752	OK
 135	   0	79.9	79.9	 724	OK
 136	   0	83.6	83.6	 749	OK
 137	   0	87.2	87.2	 744	OK
 138	   0	91.3	91.3	 691	OK
 139	   0	86.1	86.1	 728	OK
 140	   0	84.9	84.9	 727	OK
 141	   0	83.8	83.8	 736	OK
 142	   0	92.2	92.2	 728	OK
 143	   0	85.0	85.0	 720	OK
 144	   0	81.9	81.9	 734	OK
 145	   0	83.0	83.0	 753	OK
 146	   0	81.3	81.3	 750	OK
 147	   0	82.5	82.5	 771	OK
 148	   0	84.6	84.6	 714	OK
 149	   0	76.9	76.9	 768	OK
 150	   0	81.8	81.8	 751	OK
 151	   0	86.1	86.1	 719	OK
 152	   0	84.2	84.2	 726	OK
 153	   0	92.4	92.4	 701	OK
 154	   0	80.0	80.0	 709	OK
 155	   0	88.6	88.6	 757	OK
 156	   0	81.0	81.0	 753	OK
 157	   0	80.3	80.3	 759	OK
 158	   0	83.3	83.3	 734	OK
 159	   0	80.8	80.8	 730	OK
 160	   0	88.6	88.6	 719	OK
 161	   0	82.2	82.2	 754	OK
 162	   0	80.4	80.4	 710	OK
 163	   0	79.0	79.0	 746	OK
 164	   0	87.9	87.9	 738	OK
 165	   0	79.9	79.9	 715	OK
 166	   0	83.3	83.3	 771	OK
 167	   0	81.2	81.2	 700	OK
 168	   0	86.6	86.6	 706	OK
 169	   0	83.6	83.6	 743	OK
 170	   0	88.8	88.8	 719	OK
 171	   0	88.7	88.7	 715	OK
 172	   0	84.1	84.1	 731	OK
 173	   0	86.9	86.9	 700	OK
 174	   0	83.7	83.7	 740	OK
 175	   0	86.4	86.4	 751	OK
 176	   0	85.8	85.8	 731	OK
 177	   0	86.5	86.5	 772	OK
 178	   0	82.0	82.0	 744	OK
 179	   0	76.4	76.4	 722	OK
 180	   0	85.7	85.7	 759	OK
 181	   0	81.1	81.1	 722	OK
 182	   0	90.5	90.5	 767	OK
 183	   0	90.6	90.6	 708	OK
 184	   0	85.2	85.2	 756	OK
 185	   0	93.0	93.0	 697	OK
 186	   0	86.7	86.7	 757	OK
 187	   0	89.8	89.8	 709	OK
 188	   0	83.2	83.2	 763	OK
 189	   0	89.3	89.3	 705	OK
 190	   0	93.9	93.9	 717	OK
 191	   0	90.0	90.0	 733	OK
 192	   0	90.8	90.8	 722	OK
 193	   0	87.3	87.3	 721	OK
 194	   0	86.0	86.0	 726	OK
 195	   0	85.8	85.8	 723	OK
 196	   0	84.0	84.0	 710	OK
 197	   0	88.3	88.3	 724	OK
 198	   0	90.3	90.3	 691	OK
 199	   0	86.6	86.6	 718	OK
 200	   0	84.4	84.4	 751	OK
 201	   0	85.6	85.6	 732	OK
 202	   0	77.5	77.5	 718	OK
 203	   0	79.0	79.0	 692	OK
 204	   0	84.7	84.7	 725	OK
 205	   0	83.1	83.1	 703	OK
 206	   0	80.7	80.7	 758	OK
 207	   0	84.0	84.0	 722	OK
 208	   0	80.9	80.9	 730	OK
 209	   0	77.7	77.7	 691	OK
 210	   0	84.3	84.3	 738	OK
 211	   0	80.6	80.6	 755	OK
 212	   0	83.3	83.3	 725	OK
 213	   0	87.7	87.7	 730	OK
 214	   0	84.4	84.4	 710	OK
 215	   0	82.2	82.2	 717	OK
 216	   0	83.7	83.7	 743	OK
 217	   0	80.7	80.7	 763	OK
 218	   0	77.4	77.4	 722	OK
 219	   0	82.6	82.6	 744	OK
 220	   0	80.4	80.4	 767	OK
 221	   0	83.9	83.9	 729	OK
 222	   0	87.6	87.6	 709	OK
 223	   0	82.4	82.4	 738	OK
 224	   0	77.6	77.6	 755	OK
 225	   0	79.6	79.6	 713	OK
 226	   0	81.9	81.9	 709	OK
 227	   0	79.1	79.1	 698	OK
 228	   0	77.7	77.7	 789	OK
 229	   0	80.8	80.8	 688	OK
 230	   0	78.9	78.9	 757	OK
 231	   0	80.0	80.0	 720	OK
 232	   0	81.2	81.2	 742	OK
 233	   0	81.8	81.8	 730	OK
 234	   0	84.2	84.2	 736	OK
 235	   0	79.0	79.0	 746	OK
 236	   0	78.7	78.7	 680	OK
 237	   0	79.3	79.3	 755	OK
 238	   0	80.5	80.5	 754	OK
 239	   0	78.3	78.3	 751	OK
 240	   0	79.5	79.5	 750	OK
 241	   0	72.6	72.6	 746	OK
 242	   0	80.7	80.7	 749	OK
 243	   0	83.6	83.6	 692	OK
 244	   0	75.6	75.6	 752	OK
 245	   0	82.0	82.0	 731	OK
 246	   0	78.5	78.5	 762	OK
 247	   0	79.0	79.0	 717	OK
 248	   0	79.0	79.0	 723	OK
 249	   0	84.6	84.6	 754	OK
 250	   0	74.5	74.5	 757	OK
 251	   0	85.3	85.3	 687	OK
 252	   0	80.7	80.7	 708	OK
 253	   0	81.8	81.8	 745	OK
 254	   0	80.6	80.6	 720	OK
 255	   0	82.5	82.5	 721	OK
 256	   0	99.2	99.2	 675	OK
 257	   0	95.7	95.7	 701	OK
 258	   0	100.6	100.6	 694	OK
 259	   0	95.2	95.2	 708	OK
 260	   0	101.4	101.4	 725	OK
 261	   0	98.8	98.8	 661	OK
 262	   0	98.5	98.5	 709	OK
 263	   0	97.1	97.1	 688	OK
 264	   0	92.5	92.5	 693	OK
 265	   0	101.7	101.7	 674	OK
 266	   0	97.7	97.7	 681	OK
 267	   0	105.9	105.9	 723	OK
 268	   0	94.4	94.4	 654	OK
 269	   0	98.7	98.7	 697	OK
 270	   0	89.5	89.5	 699	OK
 271	   0	101.8	101.8	 699	OK
 272	   0	98.4	98.4	 698	OK
 273	   0	90.8	90.8	 664	OK
 274	   0	93.5	93.5	 694	OK
 275	   0	92.6	92.6	 726	OK
 276	   0	92.9	92.9	 688	OK
 277	   0	95.0	95.0	 654	OK
 278	   0	97.1	97.1	 715	OK
 279	   0	90.2	90.2	 711	OK
 280	   0	95.3	95.3	 685	OK
 281	   0	96.1	96.1	 689	OK
 282	   0	92.4	92.4	 686	OK
 283	   0	96.4	96.4	 687	OK
 284	   0	97.4	97.4	 672	OK
 285	   0	88.3	88.3	 681	OK
 286	   0	85.9	85.9	 740	OK
 287	   0	84.1	84.1	 731	OK
 288	   0	95.6	95.6	 737	OK
 289	   0	99.0	99.0	 716	OK
 290	   0	94.3	94.3	 686	OK
 291	   0	97.6	97.6	 696	OK
 292	   0	97.0	97.0	 688	OK
 293	   0	97.0	97.0	 705	OK
 294	   0	94.9	94.9	 687	OK
 295	   0	97.9	97.9	 703	OK
 296	   0	92.9	92.9	 703	OK
 297	   0	95.1	95.1	 691	OK
 298	   0	93.0	93.0	 722	OK
 299	   0	90.0	90.0	 692	OK
 300	   0	93.8	93.8	 729	OK
 301	   0	86.9	86.9	 718	OK
 302	   0	86.8	86.8	 709	OK
 303	   0	95.4	95.4	 683	OK
 304	   0	97.0	97.0	 711	OK
 305	   0	92.2	92.2	 687	OK
 306	   0	98.1	98.1	 708	OK
 307	   0	103.3	103.3	 723	OK
 308	   0	93.9	93.9	 722	OK
 309	   0	100.9	100.9	 672	OK
 310	   0	91.2	91.2	 722	OK
 311	   0	95.1	95.1	 722	OK
 312	   0	89.7	89.7	 719	OK
 313	   0	87.7	87.7	 724	OK
 314	   0	88.2	88.2	 728	OK
 315	   0	86.6	86.6	 718	OK
 316	   0	101.6	101.6	 682	OK
 317	   0	106.6	106.6	 684	OK
 318	   0	93.8	93.8	 698	OK
 319	   0	97.8	97.8	 683	OK
 320	   0	87.5	87.5	 703	OK
 321	   0	96.1	96.1	 703	OK
 322	   0	93.0	93.0	 721	OK
 323	   0	88.7	88.7	 724	OK
 324	   0	90.3	90.3	 747	OK
 325	   0	89.3	89.3	 712	OK
 326	   0	95.5	95.5	 735	OK
 327	   0	86.1	86.1	 762	OK
 328	   0	95.1	95.1	 680	OK
 329	   0	96.6	96.6	 708	OK
 330	   0	99.5	99.5	 677	OK
 331	   0	92.8	92.8	 725	OK
 332	   0	92.3	92.3	 704	OK
 333	   0	90.1	90.1	 720	OK
 334	   0	92.5	92.5	 666	OK
 335	   0	96.5	96.5	 707	OK
 336	   0	92.9	92.9	 677	OK
 337	   0	86.6	86.6	 694	OK
 338	   0	91.9	91.9	 713	OK
 339	   0	87.6	87.6	 710	OK
 340	   0	90.5	90.5	 733	OK
 341	   0	88.7	88.7	 742	OK
 342	   0	94.8	94.8	 712	OK
 343	   0	86.8	86.8	 721	OK
 344	   0	92.8	92.8	 685	OK
 345	   0	86.2	86.2	 702	OK
 346	   0	99.8	99.8	 709	OK
 347	1501	0.0	0.0	   0	dead
 348	   0	92.0	92.0	 752	OK
 349	   0	86.5	86.5	 710	OK
 350	   0	94.2	94.2	 717	OK
 351	   0	81.4	81.4	 710	OK
 352	   0	95.0	95.0	 698	OK
 353	   0	89.5	89.5	 715	OK
 354	   0	92.8	92.8	 686	OK
 355	   0	91.1	91.1	 703	OK
 356	   0	92.8	92.8	 719	OK
 357	   0	95.1	95.1	 721	OK
 358	1501	0.0	0.0	   0	dead
 359	   0	96.9	96.9	 716	OK
 360	   0	96.4	96.4	 716	OK
 361	   0	92.5	92.5	 731	OK
 362	   0	99.2	99.2	 680	OK
 363	   0	88.4	88.4	 727	OK
 364	   0	94.2	94.2	 688	OK
 365	   0	86.7	86.7	 741	OK
 366	   0	99.6	99.6	 681	OK
 367	   0	92.9	92.9	 689	OK
 368	   0	88.6	88.6	 719	OK
 369	   0	90.2	90.2	 698	OK
 370	   0	91.0	91.0	 689	OK
 371	   0	95.2	95.2	 682	OK
 372	   0	86.8	86.8	 730	OK
 373	   0	90.1	90.1	 686	OK
 374	   0	92.4	92.4	 717	OK
 375	   0	87.9	87.9	 690	OK
 376	   0	91.1	91.1	 710	OK
 377	   0	84.3	84.3	 709	OK
 378	   0	97.5	97.5	 724	OK
 379	   0	93.9	93.9	 695	OK
 380	   0	93.2	93.2	 688	OK
 381	   0	92.9	92.9	 724	OK
 382	   0	84.4	84.4	 716	OK
 383	   0	90.7	90.7	 761	OK
 384	   0	80.8	80.8	 696	OK
 385	   0	80.7	80.7	 707	OK
 386	   0	84.5	84.5	 721	OK
 387	   0	76.9	76.9	 763	OK
 388	   0	81.4	81.4	 699	OK
 389	   0	82.5	82.5	 693	OK
 390	   0	80.4	80.4	 721	OK
 391	   0	80.8	80.8	 720	OK
 392	   0	79.2	79.2	 711	OK
 393	   0	80.4	80.4	 723	OK
 394	   0	77.2	77.2	 745	OK
 395	   0	74.9	74.9	 700	OK
 396	   0	76.9	76.9	 699	OK
 397	   0	80.7	80.7	 696	OK
 398	   0	77.0	77.0	 754	OK
 399	   0	71.6	71.6	 738	OK
 400	   0	72.1	72.1	 773	OK
 401	   0	79.1	79.1	 751	OK
 402	   0	76.3	76.3	 673	OK
 403	   0	79.5	79.5	 748	OK
 404	   0	79.6	79.6	 721	OK
 405	   0	82.2	82.2	 736	OK
 406	   0	77.6	77.6	 721	OK
 407	   0	87.7	87.7	 701	OK
 408	   0	74.3	74.3	 748	OK
 409	   0	84.6	84.6	 736	OK
 410	   0	76.2	76.2	 732	OK
 411	   0	80.3	80.3	 709	OK
 412	   0	79.2	79.2	 740	OK
 413	   0	74.7	74.7	 706	OK
 414	   0	81.9	81.9	 732	OK
 415	   0	78.3	78.3	 772	OK
 416	   0	74.8	74.8	 755	OK
 417	   0	83.1	83.1	 690	OK
 418	   0	78.6	78.6	 743	OK
 419	   0	83.9	83.9	 732	OK
 420	   0	81.2	81.2	 756	OK
 421	   0	77.6	77.6	 750	OK
 422	   0	79.8	79.8	 725	OK
 423	   0	83.6	83.6	 701	OK
 424	   0	78.9	78.9	 719	OK
 425	   0	77.6	77.6	 733	OK
 426	   0	74.8	74.8	 750	OK
 427	   0	85.3	85.3	 746	OK
 428	   0	82.4	82.4	 732	OK
 429	   0	80.5	80.5	 753	OK
 430	   0	77.4	77.4	 760	OK
 431	   0	84.7	84.7	 710	OK
 432	   0	82.8	82.8	 723	OK
 433	   0	83.2	83.2	 713	OK
 434	   0	79.5	79.5	 745	OK
 435	   0	90.6	90.6	 725	OK
 436	   0	80.2	80.2	 732	OK
 437	   0	86.8	86.8	 725	OK
 438	   0	87.0	87.0	 700	OK
 439	   0	80.9	80.9	 756	OK
 440	   0	77.5	77.5	 757	OK
 441	   0	78.9	78.9	 728	OK
 442	   0	77.0	77.0	 777	OK
 443	   0	80.1	80.1	 740	OK
 444	   0	87.2	87.2	 769	OK
 445	   0	81.1	81.1	 718	OK
 446	   0	80.4	80.4	 816	OK
 447	   0	82.7	82.7	 718	OK
 448	   0	82.8	82.8	 731	OK
 449	   0	77.9	77.9	 763	OK
 450	   0	82.3	82.3	 746	OK
 451	   0	79.5	79.5	 765	OK
 452	   0	78.9	78.9	 753	OK
 453	   0	81.3	81.3	 760	OK
 454	   0	80.4	80.4	 786	OK
 455	   0	82.6	82.6	 739	OK
 456	   0	81.8	81.8	 754	OK
 457	   0	78.6	78.6	 766	OK
 458	   0	76.8	76.8	 766	OK
 459	   0	82.8	82.8	 780	OK
 460	   0	81.3	81.3	 760	OK
 461	   0	77.8	77.8	 812	OK
 462	   0	81.2	81.2	 789	OK
 463	   0	77.7	77.7	 778	OK
 464	   0	80.7	80.7	 811	OK
 465	   0	74.8	74.8	 798	OK
 466	   0	86.6	86.6	 733	OK
 467	   0	79.8	79.8	 744	OK
 468	   0	84.7	84.7	 735	OK
 469	   0	75.1	75.1	 726	OK
 470	   0	84.1	84.1	 750	OK
 471	   0	81.4	81.4	 758	OK
 472	   0	78.0	78.0	 774	OK
 473	   0	77.8	77.8	 769	OK
 474	   0	75.9	75.9	 749	OK
 475	   0	82.2	82.2	 729	OK
 476	   0	81.8	81.8	 739	OK
 477	   0	88.0	88.0	 752	OK
 478	   0	80.0	80.0	 731	OK
 479	   0	83.5	83.5	 732	OK
 480	   0	83.9	83.9	 727	OK
 481	   0	82.1	82.1	 749	OK
 482	   0	84.2	84.2	 744	OK
 483	   0	79.0	79.0	 791	OK
 484	   0	81.4	81.4	 748	OK
 485	   0	77.8	77.8	 740	OK
 486	   0	86.9	86.9	 782	OK
 487	   0	82.2	82.2	 717	OK
 488	   0	83.8	83.8	 726	OK
 489	   0	87.4	87.4	 714	OK
 490	   0	86.2	86.2	 764	OK
 491	   0	80.3	80.3	 758	OK
 492	   0	84.1	84.1	 738	OK
 493	   0	86.6	86.6	 742	OK
 494	   0	81.6	81.6	 726	OK
 495	   0	83.0	83.0	 738	OK
 496	   0	77.6	77.6	 737	OK
 497	   0	84.5	84.5	 749	OK
 498	   0	82.5	82.5	 705	OK
 499	   0	85.9	85.9	 740	OK
 500	   0	81.9	81.9	 730	OK
 501	   0	79.4	79.4	 759	OK
 502	   0	79.2	79.2	 691	OK
 503	   0	83.2	83.2	 738	OK
 504	   0	80.9	80.9	 752	OK
 505	   0	79.4	79.4	 764	OK
 506	   0	75.8	75.8	 771	OK
 507	   0	86.5	86.5	 724	OK
 508	   0	82.5	82.5	 722	OK
 509	   0	78.0	78.0	 720	OK
 510	   0	81.7	81.7	 747	OK
 511	   0	83.9	83.9	 713	OK
 512	   0	77.3	77.3	 754	OK
 513	   0	86.1	86.1	 738	OK
 514	   0	80.6	80.6	 775	OK
 515	   0	80.3	80.3	 833	OK
 516	   0	80.0	80.0	 782	OK
 517	   0	83.5	83.5	 748	OK
 518	   0	82.2	82.2	 780	OK
 519	   0	87.8	87.8	 780	OK
 520	   0	79.9	79.9	 785	OK
 521	   0	77.1	77.1	 775	OK
 522	   0	81.9	81.9	 766	OK
 523	   0	86.9	86.9	 763	OK
 524	   0	85.5	85.5	 720	OK
 525	   0	79.9	79.9	 782	OK
 526	   0	86.9	86.9	 780	OK
 527	   0	80.5	80.5	 774	OK
 528	   0	74.7	74.7	 781	OK
 529	   0	85.3	85.3	 733	OK
 530	   0	78.9	78.9	 809	OK
 531	   0	84.3	84.3	 735	OK
 532	   0	89.9	89.9	 764	OK
 533	   0	81.3	81.3	 797	OK
 534	   0	72.9	72.9	 823	OK
 535	   0	83.8	83.8	 746	OK
 536	   0	84.0	84.0	 764	OK
 537	   0	82.9	82.9	 788	OK
 538	   0	82.1	82.1	 787	OK
 539	   0	87.4	87.4	 739	OK
 540	   0	94.1	94.1	 736	OK
 541	   0	78.2	78.2	 771	OK
 542	   0	84.5	84.5	 758	OK
 543	   0	74.5	74.5	 776	OK
 544	   0	78.0	78.0	 820	OK
 545	   0	84.3	84.3	 797	OK
 546	   0	77.4	77.4	 775	OK
 547	   0	84.2	84.2	 748	OK
 548	   0	86.4	86.4	 785	OK
 549	   0	80.3	80.3	 759	OK
 550	   0	80.9	80.9	 802	OK
 551	   0	78.1	78.1	 813	OK
 552	   0	74.9	74.9	 829	OK
 553	   0	78.1	78.1	 823	OK
 554	   0	77.0	77.0	 764	OK
 555	   0	86.3	86.3	 786	OK
 556	   0	90.7	90.7	 773	OK
 557	   0	82.3	82.3	 754	OK
 558	   0	80.9	80.9	 766	OK
 559	   0	76.9	76.9	 790	OK
 560	   0	80.5	80.5	 798	OK
 561	   0	85.2	85.2	 781	OK
 562	   0	87.4	87.4	 766	OK
 563	   0	72.5	72.5	 774	OK
 564	   0	76.2	76.2	 783	OK
 565	   0	83.4	83.4	 763	OK
 566	   0	82.0	82.0	 754	OK
 567	   0	84.7	84.7	 775	OK
 568	   0	80.8	80.8	 773	OK
 569	   0	79.7	79.7	 775	OK
 570	   0	83.4	83.4	 762	OK
 571	   0	81.6	81.6	 787	OK
 572	   0	85.3	85.3	 775	OK
 573	   0	85.0	85.0	 752	OK
 574	   0	82.1	82.1	 797	OK
 575	   0	84.3	84.3	 777	OK
 576	   0	78.9	78.9	 743	OK
 577	   0	82.7	82.7	 811	OK
 578	   0	80.7	80.7	 768	OK
 579	   0	82.9	82.9	 761	OK
 580	   0	80.2	80.2	 803	OK
 581	   0	86.4	86.4	 777	OK
 582	   0	79.1	79.1	 756	OK
 583	   0	84.1	84.1	 765	OK
 584	   0	84.0	84.0	 779	OK
 585	   0	76.3	76.3	 762	OK
 586	   0	77.6	77.6	 761	OK
 587	   0	78.4	78.4	 809	OK
 588	   0	84.7	84.7	 750	OK
 589	   0	82.6	82.6	 768	OK
 590	   0	79.3	79.3	 776	OK
 591	   0	77.5	77.5	 773	OK
 592	   0	78.8	78.8	 759	OK
 593	   0	77.7	77.7	 767	OK
 594	   0	78.7	78.7	 793	OK
 595	   0	76.9	76.9	 769	OK
 596	   0	82.5	82.5	 794	OK
 597	   0	79.1	79.1	 783	OK
 598	   0	75.7	75.7	 773	OK
 599	   0	82.0	82.0	 734	OK
 600	   0	84.9	84.9	 782	OK
 601	   0	81.4	81.4	 733	OK
 602	   0	80.7	80.7	 832	OK
 603	   0	75.4	75.4	 771	OK
 604	   0	78.4	78.4	 746	OK
 605	   0	77.7	77.7	 784	OK
 606	   0	75.1	75.1	 789	OK
 607	   0	75.9	75.9	 782	OK
 608	   0	81.4	81.4	 756	OK
 609	   0	86.2	86.2	 794	OK
 610	   0	78.4	78.4	 755	OK
 611	   0	83.4	83.4	 723	OK
 612	   0	77.5	77.5	 745	OK
 613	   0	73.3	73.3	 824	OK
 614	   0	83.5	83.5	 741	OK
 615	   0	72.3	72.3	 828	OK
 616	   0	76.8	76.8	 741	OK
 617	   0	82.1	82.1	 776	OK
 618	   0	81.2	81.2	 764	OK
 619	   0	79.2	79.2	 773	OK
 620	   0	80.5	80.5	 771	OK
 621	   0	77.3	77.3	 714	OK
 622	   0	80.2	80.2	 771	OK
 623	   0	79.7	79.7	 752	OK
 624	   0	81.3	81.3	 741	OK
 625	   0	77.0	77.0	 797	OK
 626	   0	82.5	82.5	 756	OK
 627	   0	75.5	75.5	 811	OK
 628	   0	80.0	80.0	 769	OK
 629	   0	72.5	72.5	 747	OK
 630	   0	78.3	78.3	 777	OK
 631	   0	80.3	80.3	 769	OK
 632	   0	78.8	78.8	 767	OK
 633	   0	83.6	83.6	 742	OK
 634	   0	71.9	71.9	 806	OK
 635	   0	75.9	75.9	 763	OK
 636	   0	85.8	85.8	 717	OK
 637	   0	78.9	78.9	 775	OK
 638	   0	79.0	79.0	 763	OK
 639	   0	76.4	76.4	 759	OK
 640	   0	97.9	97.9	 661	OK
 641	   0	86.7	86.7	 707	OK
 642	   0	96.7	96.7	 691	OK
 643	   0	92.7	92.7	 673	OK
 644	   0	91.8	91.8	 711	OK
 645	   0	91.4	91.4	 707	OK
 646	   0	87.4	87.4	 686	OK
 647	   0	93.5	93.5	 729	OK
 648	   0	96.3	96.3	 650	OK
 649	   0	91.5	91.5	 682	OK
 650	   0	95.5	95.5	 656	OK
 651	   0	101.0	101.0	 697	OK
 652	   0	94.5	94.5	 675	OK
 653	   0	88.1	88.1	 686	OK
 654	   0	93.4	93.4	 714	OK
 655	   0	95.7	95.7	 665	OK
 656	   0	99.5	99.5	 724	OK
 657	   0	93.9	93.9	 695	OK
 658	   0	90.6	90.6	 697	OK
 659	   0	93.8	93.8	 667	OK
 660	   0	97.0	97.0	 712	OK
 661	   0	91.5	91.5	 674	OK
 662	   0	91.1	91.1	 714	OK
 663	   0	93.4	93.4	 705	OK
 664	   0	86.5	86.5	 685	OK
 665	   0	94.2	94.2	 698	OK
 666	   0	90.6	90.6	 674	OK
 667	   0	93.3	93.3	 685	OK
 668	   0	89.7	89.7	 729	OK
 669	   0	95.8	95.8	 689	OK
 670	   0	101.7	101.7	 705	OK
 671	   0	103.5	103.5	 699	OK
 672	   0	97.2	97.2	 686	OK
 673	   0	96.7	96.7	 731	OK
 674	   0	96.1	96.1	 669	OK
 675	   0	95.0	95.0	 691	OK
 676	   0	88.6	88.6	 706	OK
 677	   0	96.9	96.9	 725	OK
 678	   0	97.7	97.7	 694	OK
 679	   0	88.4	88.4	 676	OK
 680	   0	90.6	90.6	 704	OK
 681	   0	93.4	93.4	 720	OK
 682	   0	94.4	94.4	 681	OK
 683	   0	86.6	86.6	 732	OK
 684	   0	97.4	97.4	 694	OK
 685	   0	92.1	92.1	 689	OK
 686	   0	95.7	95.7	 693	OK
 687	   0	95.0	95.0	 677	OK
 688	   0	92.5	92.5	 702	OK
 689	   0	85.8	85.8	 720	OK
 690	   0	92.3	92.3	 686	OK
 691	   0	90.0	90.0	 733	OK
 692	   0	89.1	89.1	 745	OK
 693	   0	88.3	88.3	 695	OK
 694	   0	87.5	87.5	 655	OK
 695	   0	93.6	93.6	 709	OK
 696	   0	92.6	92.6	 697	OK
 697	   0	93.3	93.3	 685	OK
 698	   0	91.5	91.5	 703	OK
 699	   0	100.4	100.4	 705	OK
 700	   0	105.6	105.6	 727	OK
 701	   0	98.5	98.5	 686	OK
 702	   0	100.6	100.6	 704	OK
 703	   0	98.2	98.2	 698	OK
 704	   0	96.2	96.2	 694	OK
 705	   0	99.1	99.1	 707	OK
 706	   0	93.8	93.8	 714	OK
 707	   0	96.1	96.1	 711	OK
 708	   0	98.0	98.0	 713	OK
 709	   0	91.6	91.6	 731	OK
 710	   0	96.6	96.6	 691	OK
 711	   0	95.9	95.9	 702	OK
 712	   0	100.9	100.9	 692	OK
 713	   0	86.4	86.4	 729	OK
 714	   0	100.8	100.8	 700	OK
 715	   0	103.4	103.4	 694	OK
 716	   0	86.3	86.3	 717	OK
 717	   0	95.3	95.3	 677	OK
 718	   0	95.9	95.9	 683	OK
 719	   0	96.1	96.1	 716	OK
 720	   0	93.9	93.9	 677	OK
 721	   0	98.1	98.1	 699	OK
 722	   0	99.3	99.3	 670	OK
 723	   0	95.1	95.1	 686	OK
 724	   0	94.8	94.8	 723	OK
 725	   0	90.3	90.3	 719	OK
 726	   0	90.9	90.9	 698	OK
 727	   0	91.4	91.4	 701	OK
 728	   0	91.5	91.5	 669	OK
 729	   0	92.9	92.9	 712	OK
 730	   0	89.8	89.8	 695	OK
 731	   0	91.0	91.0	 701	OK
 732	   0	98.5	98.5	 705	OK
 733	   0	97.5	97.5	 683	OK
 734	   0	98.3	98.3	 699	OK
 735	   0	87.0	87.0	 725	OK
 736	   0	91.5	91.5	 728	OK
 737	   0	94.7	94.7	 685	OK
 738	   0	89.1	89.1	 705	OK
 739	   0	90.1	90.1	 680	OK
 740	   0	87.1	87.1	 699	OK
 741	   0	91.1	91.1	 720	OK
 742	   0	100.6	100.6	 673	OK
 743	   0	97.9	97.9	 662	OK
 744	   0	92.3	92.3	 688	OK
 745	   0	94.1	94.1	 677	OK
 746	   0	99.4	99.4	 673	OK
 747	   0	94.3	94.3	 713	OK
 748	   0	90.7	90.7	 663	OK
 749	   0	92.6	92.6	 701	OK
 750	   0	98.7	98.7	 647	OK
 751	   0	95.4	95.4	 689	OK
 752	   0	89.5	89.5	 692	OK
 753	   0	99.8	99.8	 675	OK
 754	   0	91.2	91.2	 674	OK
 755	   0	97.0	97.0	 662	OK
 756	   0	89.7	89.7	 706	OK
 757	   0	95.2	95.2	 693	OK
 758	   0	94.2	94.2	 691	OK
 759	   0	97.1	97.1	 666	OK
 760	   0	92.4	92.4	 688	OK
 761	   0	90.2	90.2	 683	OK
 762	   0	89.2	89.2	 684	OK
 763	   0	92.4	92.4	 701	OK
 764	   0	95.7	95.7	 681	OK
 765	   0	96.9	96.9	 688	OK
 766	   0	88.7	88.7	 677	OK
 767	   0	93.6	93.6	 688	OK
 768	   0	92.9	92.9	 649	OK
 769	   0	89.7	89.7	 651	OK
 770	   0	81.2	81.2	 638	OK
 771	   0	84.3	84.3	 643	OK
 772	   0	85.0	85.0	 636	OK
 773	   0	91.9	91.9	 626	OK
 774	   0	92.7	92.7	 621	OK
 775	   0	98.3	98.3	 607	OK
 776	   0	99.3	99.3	 608	OK
 777	   0	91.0	91.0	 612	OK
 778	   0	86.8	86.8	 665	OK
 779	   0	102.4	102.4	 623	OK
 780	   0	101.6	101.6	 637	OK
 781	   0	93.8	93.8	 636	OK
 782	   0	93.0	93.0	 639	OK
 783	   0	91.5	91.5	 639	OK
 784	   0	89.2	89.2	 644	OK
 785	   0	92.1	92.1	 666	OK
 786	   0	91.3	91.3	 631	OK
 787	   0	94.0	94.0	 657	OK
 788	   0	101.3	101.3	 621	OK
 789	   0	89.0	89.0	 649	OK
 790	   0	95.8	95.8	 636	OK
 791	   0	94.1	94.1	 669	OK
 792	   0	99.3	99.3	 654	OK
 793	   0	89.9	89.9	 660	OK
 794	   0	92.7	92.7	 663	OK
 795	   0	95.8	95.8	 671	OK
 796	   0	101.4	101.4	 642	OK
 797	   0	91.2	91.2	 651	OK
 798	   0	92.5	92.5	 620	OK
 799	   0	93.0	93.0	 659	OK
 800	   0	99.9	99.9	 644	OK
 801	   0	91.8	91.8	 661	OK
 802	   0	102.0	102.0	 635	OK
 803	   0	99.8	99.8	 665	OK
 804	   0	89.7	89.7	 653	OK
 805	   0	90.8	90.8	 626	OK
 806	   0	92.4	92.4	 649	OK
 807	   0	89.9	89.9	 658	OK
 808	   0	97.0	97.0	 634	OK
 809	   0	97.3	97.3	 669	OK
 810	   0	88.9	88.9	 676	OK
 811	   0	91.7	91.7	 676	OK
 812	   0	96.7	96.7	 672	OK
 813	   0	90.7	90.7	 670	OK
 814	   0	100.4	100.4	 639	OK
 815	   0	86.9	86.9	 683	OK
 816	   0	93.8	93.8	 634	OK
 817	   0	100.5	100.5	 683	OK
 818	   0	91.0	91.0	 699	OK
 819	   0	100.3	100.3	 636	OK
 820	   0	91.9	91.9	 702	OK
 821	   0	92.2	92.2	 688	OK
 822	   0	97.1	97.1	 648	OK
 823	   0	92.2	92.2	 692	OK
 824	   0	92.6	92.6	 702	OK
 825	   0	89.8	89.8	 695	OK
 826	   0	97.6	97.6	 677	OK
 827	   0	94.3	94.3	 698	OK
 828	   0	91.3	91.3	 685	OK
 829	   0	87.6	87.6	 724	OK
 830	   0	97.4	97.4	 697	OK
 831	   0	100.4	100.4	 682	OK
 832	   0	100.3	100.3	 759	OK
 833	   0	93.7	93.7	 716	OK
 834	   0	91.6	91.6	 732	OK
 835	   0	99.5	99.5	 746	OK
 836	   0	91.4	91.4	 748	OK
 837	   0	85.5	85.5	 725	OK
 838	   0	90.4	90.4	 771	OK
 839	   0	89.7	89.7	 748	OK
 840	   0	91.2	91.2	 747	OK
 841	   0	89.1	89.1	 784	OK
 842	   0	88.0	88.0	 761	OK
 843	   0	100.7	100.7	 786	OK
 844	   0	89.5	89.5	 775	OK
 845	   0	87.9	87.9	 780	OK
 846	   0	90.8	90.8	 737	OK
 847	   0	92.7	92.7	 783	OK
 848	   0	91.7	91.7	 751	OK
 849	   0	97.2	97.2	 782	OK
 850	   0	94.5	94.5	 785	OK
 851	   0	88.0	88.0	 764	OK
 852	4000	94.3	94.3	 818	high noise
 853	   0	92.6	92.6	 761	OK
 854	4000	90.6	90.6	 803	high noise
 855	4000	90.1	90.1	 815	high noise
 856	4000	93.5	93.5	 805	high noise
 857	4000	91.2	91.2	 822	high noise
 858	4000	90.8	90.8	 798	high noise
 859	   0	92.9	92.9	 797	OK
 860	   0	89.8	89.8	 758	OK
 861	   0	97.4	97.4	 776	OK
 862	   0	95.3	95.3	 772	OK
 863	   0	87.0	87.0	 771	OK
 864	   0	89.4	89.4	 783	OK
 865	   0	87.7	87.7	 756	OK
 866	   0	92.3	92.3	 759	OK
 867	   0	89.7	89.7	 741	OK
 868	   0	89.0	89.0	 742	OK
 869	   0	92.6	92.6	 749	OK
 870	   0	92.8	92.8	 756	OK
 871	   0	96.1	96.1	 695	OK
 872	   0	88.6	88.6	 725	OK
 873	   0	90.5	90.5	 680	OK
 874	   0	98.4	98.4	 734	OK
 875	   0	96.2	96.2	 705	OK
 876	   0	91.0	91.0	 706	OK
 877	   0	95.3	95.3	 648	OK
 878	   0	95.5	95.5	 694	OK
 879	   0	97.6	97.6	 677	OK
 880	   0	91.3	91.3	 655	OK
 881	   0	89.9	89.9	 697	OK
 882	   0	95.8	95.8	 664	OK
 883	   0	91.4	91.4	 656	OK
 884	   0	91.5	91.5	 642	OK
 885	   0	94.6	94.6	 676	OK
 886	   0	102.4	102.4	 664	OK
 887	   0	92.6	92.6	 684	OK
 888	   0	92.5	92.5	 666	OK
 889	   0	90.5	90.5	 684	OK
 890	   0	94.9	94.9	 672	OK
 891	   0	82.0	82.0	 675	OK
 892	   0	86.4	86.4	 634	OK
 893	   0	93.2	93.2	 652	OK
 894	   0	96.6	96.6	 653	OK
 895	   0	92.3	92.3	 644	OK
 896	   0	75.8	75.8	 776	OK
 897	1101	0.0	0.0	   0	dead
 898	   0	71.3	71.3	 771	OK
 899	   0	84.0	84.0	 774	OK
 900	   0	81.4	81.4	 772	OK
 901	   0	74.9	74.9	 781	OK
 902	   0	68.5	68.5	 833	OK
 903	   0	79.6	79.6	 736	OK
 904	   0	75.8	75.8	 767	OK
 905	   0	80.2	80.2	 733	OK
 906	   0	77.5	77.5	 752	OK
 907	   0	77.8	77.8	 768	OK
 908	   0	79.6	79.6	 778	OK
 909	   0	75.4	75.4	 767	OK
 910	   0	76.1	76.1	 730	OK
 911	   0	83.6	83.6	 782	OK
 912	   0	75.0	75.0	 764	OK
 913	   0	77.2	77.2	 783	OK
 914	   0	73.8	73.8	 814	OK
 915	   0	75.6	75.6	 797	OK
 916	   0	90.3	90.3	 745	OK
 917	   0	76.2	76.2	 757	OK
 918	   0	75.4	75.4	 810	OK
 919	   0	77.1	77.1	 829	OK
 920	   0	71.6	71.6	 798	OK
 921	   0	75.4	75.4	 796	OK
 922	   0	81.9	81.9	 782	OK
 923	   0	80.9	80.9	 738	OK
 924	   0	78.9	78.9	 758	OK
 925	   0	82.9	82.9	 775	OK
 926	   0	75.5	75.5	 784	OK
 927	   0	81.6	81.6	 762	OK
 928	   0	74.5	74.5	 774	OK
 929	   0	77.4	77.4	 821	OK
 930	   0	76.3	76.3	 782	OK
 931	   0	80.4	80.4	 766	OK
 932	   0	83.7	83.7	 768	OK
 933	   0	77.3	77.3	 788	OK
 934	   0	75.6	75.6	 777	OK
 935	   0	80.3	80.3	 758	OK
 936	   0	82.4	82.4	 771	OK
 937	   0	86.2	86.2	 772	OK
 938	   0	81.5	81.5	 738	OK
 939	   0	83.3	83.3	 789	OK
 940	   0	70.9	70.9	 829	OK
 941	   0	78.8	78.8	 771	OK
 942	   0	80.8	80.8	 807	OK
 943	   0	75.8	75.8	 767	OK
 944	   0	79.6	79.6	 788	OK
 945	   0	72.9	72.9	 782	OK
 946	   0	70.0	70.0	 821	OK
 947	   0	83.7	83.7	 782	OK
 948	   0	75.5	75.5	 787	OK
 949	   0	80.5	80.5	 802	OK
 950	   0	81.1	81.1	 780	OK
 951	   0	81.5	81.5	 794	OK
 952	   0	79.1	79.1	 784	OK
 953	   0	80.5	80.5	 778	OK
 954	   0	72.8	72.8	 769	OK
 955	   0	76.4	76.4	 805	OK
 956	   0	71.3	71.3	 800	OK
 957	   0	79.9	79.9	 762	OK
 958	   0	79.3	79.3	 773	OK
 959	   0	77.5	77.5	 784	OK
 960	   0	73.4	73.4	 791	OK
 961	   0	85.4	85.4	 782	OK
 962	   0	87.1	87.1	 730	OK
 963	   0	76.2	76.2	 764	OK
 964	   0	72.0	72.0	 820	OK
 965	   0	79.8	79.8	 756	OK
 966	   0	76.7	76.7	 775	OK
 967	   0	74.9	74.9	 790	OK
 968	   0	80.4	80.4	 813	OK
 969	   0	80.3	80.3	 738	OK
 970	   0	74.0	74.0	 767	OK
 971	   0	77.8	77.8	 751	OK
 972	   0	79.1	79.1	 793	OK
 973	   0	78.3	78.3	 756	OK
 974	   0	77.8	77.8	 774	OK
 975	   0	74.0	74.0	 747	OK
 976	   0	75.5	75.5	 790	OK
 977	   0	78.0	78.0	 767	OK
 978	   0	73.9	73.9	 792	OK
 979	   0	82.3	82.3	 765	OK
 980	   0	72.5	72.5	 772	OK
 981	   0	71.7	71.7	 800	OK
 982	   0	79.1	79.1	 786	OK
 983	   0	72.0	72.0	 754	OK
 984	   0	78.3	78.3	 794	OK
 985	   0	79.6	79.6	 763	OK
 986	   0	79.5	79.5	 789	OK
 987	   0	78.7	78.7	 772	OK
 988	   0	80.6	80.6	 752	OK
 989	   0	78.4	78.4	 776	OK
 990	   0	78.1	78.1	 781	OK
 991	   0	75.5	75.5	 741	OK
 992	   0	79.6	79.6	 774	OK
 993	   0	73.8	73.8	 730	OK
 994	   0	77.9	77.9	 785	OK
 995	   0	79.8	79.8	 766	OK
 996	   0	75.9	75.9	 794	OK
 997	   0	79.9	79.9	 775	OK
 998	   0	68.4	68.4	 812	OK
 999	   0	73.7	73.7	 791	OK
1000	   0	77.1	77.1	 797	OK
1001	   0	81.4	81.4	 743	OK
1002	   0	78.0	78.0	 778	OK
1003	   0	71.5	71.5	 783	OK
1004	   0	77.6	77.6	 721	OK
1005	   0	79.3	79.3	 732	OK
1006	   0	75.4	75.4	 766	OK
1007	   0	82.2	82.2	 790	OK
1008	   0	72.1	72.1	 768	OK
1009	   0	81.0	81.0	 736	OK
1010	   0	77.1	77.1	 797	OK
1011	   0	77.6	77.6	 733	OK
1012	   0	81.0	81.0	 787	OK
1013	   0	72.9	72.9	 769	OK
1014	   0	76.9	76.9	 802	OK
1015	   0	75.4	75.4	 772	OK
1016	   0	78.8	78.8	 754	OK
1017	   0	72.8	72.8	 809	OK
1018	   0	73.2	73.2	 738	OK
1019	   0	73.9	73.9	 804	OK
1020	   0	73.0	73.0	 759	OK
1021	   0	77.9	77.9	 798	OK
1022	   0	79.3	79.3	 827	OK
1023	   0	72.6	72.6	 761	OK
1024	   0	82.6	82.6	 694	OK
1025	   0	86.8	86.8	 741	OK
1026	   0	90.5	90.5	 735	OK
1027	   0	89.5	89.5	 721	OK
1028	   0	80.7	80.7	 743	OK
1029	   0	79.9	79.9	 775	OK
1030	   0	79.7	79.7	 746	OK
1031	   0	79.0	79.0	 719	OK
1032	   0	84.9	84.9	 746	OK
1033	   0	77.5	77.5	 770	OK
1034	   0	91.5	91.5	 686	OK
1035	   0	78.3	78.3	 721	OK
1036	   0	77.0	77.0	 745	OK
1037	   0	87.4	87.4	 723	OK
1038	   0	76.9	76.9	 751	OK
1039	   0	84.0	84.0	 728	OK
1040	   0	86.6	86.6	 717	OK
1041	   0	88.2	88.2	 678	OK
1042	   0	91.1	91.1	 690	OK
1043	   0	83.3	83.3	 735	OK
1044	   0	83.9	83.9	 738	OK
1045	   0	82.1	82.1	 711	OK
1046	   0	87.4	87.4	 732	OK
1047	   0	88.8	88.8	 740	OK
1048	   0	85.4	85.4	 714	OK
1049	   0	83.5	83.5	 688	OK
1050	   0	79.4	79.4	 753	OK
1051	   0	81.6	81.6	 746	OK
1052	   0	86.8	86.8	 730	OK
1053	   0	85.1	85.1	 719	OK
1054	   0	84.6	84.6	 728	OK
1055	   0	92.7	92.7	 671	OK
1056	   0	82.7	82.7	 707	OK
1057	   0	92.2	92.2	 677	OK
1058	   0	79.5	79.5	 730	OK
1059	   0	79.8	79.8	 742	OK
1060	   0	94.4	94.4	 704	OK
1061	   0	89.0	89.0	 691	OK
1062	   0	86.5	86.5	 718	OK
1063	   0	90.5	90.5	 678	OK
1064	   0	90.7	90.7	 711	OK
1065	   0	87.5	87.5	 762	OK
1066	   0	80.5	80.5	 719	OK
1067	   0	85.6	85.6	 739	OK
1068	   0	82.0	82.0	 733	OK
1069	   0	80.2	80.2	 768	OK
1070	   0	90.1	90.1	 708	OK
1071	   0	83.0	83.0	 730	OK
1072	   0	79.4	79.4	 758	OK
1073	   0	83.1	83.1	 732	OK
1074	   0	85.9	85.9	 743	OK
1075	   0	87.6	87.6	 708	OK
1076	   0	86.9	86.9	 699	OK
1077	   0	80.4	80.4	 761	OK
1078	   0	79.6	79.6	 740	OK
1079	   0	82.5	82.5	 737	OK
1080	   0	91.5	91.5	 702	OK
1081	   0	92.4	92.4	 675	OK
1082	   0	88.6	88.6	 702	OK
1083	   0	85.9	85.9	 725	OK
1084	   0	96.9	96.9	 680	OK
1085	   0	84.5	84.5	 700	OK
1086	   0	88.9	88.9	 749	OK
1087	   0	84.1	84.1	 724	OK
1088	   0	86.5	86.5	 717	OK
1089	   0	87.9	87.9	 721	OK
1090	   0	91.9	91.9	 704	OK
1091	   0	92.4	92.4	 746	OK
1092	   0	87.4	87.4	 688	OK
1093	   0	84.4	84.4	 726	OK
1094	   0	86.7	86.7	 732	OK
1095	   0	91.5	91.5	 705	OK
1096	   0	91.7	91.7	 700	OK
1097	   0	87.5	87.5	 720	OK
1098	   0	88.7	88.7	 744	OK
1099	   0	83.0	83.0	 713	OK
1100	   0	87.9	87.9	 712	OK
1101	   0	83.0	83.0	 778	OK
1102	   0	85.7	85.7	 757	OK
1103	   0	86.4	86.4	 722	OK
1104	   0	93.6	93.6	 722	OK
1105	   0	93.1	93.1	 703	OK
1106	   0	92.7	92.7	 726	OK
1107	   0	82.5	82.5	 749	OK
1108	   0	83.4	83.4	 722	OK
1109	   0	95.5	95.5	 730	OK
1110	   0	81.6	81.6	 739	OK
1111	   0	87.2	87.2	 731	OK
1112	   0	82.1	82.1	 712	OK
1113	   0	83.7	83.7	 708	OK
1114	   0	86.9	86.9	 716	OK
1115	   0	86.7	86.7	 763	OK
1116	   0	81.9	81.9	 730	OK
1117	   0	76.7	76.7	 741	OK
1118	   0	89.0	89.0	 708	OK
1119	   0	85.9	85.9	 717	OK
1120	   0	82.0	82.0	 746	OK
1121	   0	83.2	83.2	 747	OK
1122	   0	92.5	92.5	 702	OK
1123	   0	85.1	85.1	 771	OK
1124	   0	86.2	86.2	 718	OK
1125	   0	85.9	85.9	 712	OK
1126	   0	90.8	90.8	 722	OK
1127	   0	88.9	88.9	 714	OK
1128	   0	92.8	92.8	 723	OK
1129	   0	87.6	87.6	 722	OK
1130	   0	87.5	87.5	 750	OK
1131	   0	87.0	87.0	 707	OK
1132	   0	87.3	87.3	 706	OK
1133	   0	88.0	88.0	 703	OK
1134	   0	84.7	84.7	 749	OK
1135	   0	85.7	85.7	 728	OK
1136	   0	87.6	87.6	 719	OK
1137	   0	88.2	88.2	 749	OK
1138	   0	87.9	87.9	 713	OK
1139	   0	89.4	89.4	 733	OK
1140	   0	86.6	86.6	 777	OK
1141	   0	83.0	83.0	 741	OK
1142	   0	91.1	91.1	 695	OK
1143	   0	91.0	91.0	 702	OK
1144	   0	82.8	82.8	 729	OK
1145	   0	96.0	96.0	 708	OK
1146	   0	83.0	83.0	 732	OK
1147	   0	79.4	79.4	 725	OK
1148	   0	88.3	88.3	 743	OK
1149	   0	88.4	88.4	 690	OK
1150	   0	92.3	92.3	 715	OK
1151	   0	89.5	89.5	 726	OK
1152	   0	76.0	76.0	 726	OK
1153	   0	78.7	78.7	 777	OK
1154	   0	78.5	78.5	 738	OK
1155	   0	79.9	79.9	 759	OK
1156	   0	81.1	81.1	 771	OK
1157	   0	76.9	76.9	 777	OK
1158	   0	83.2	83.2	 728	OK
1159	   0	82.0	82.0	 734	OK
1160	   0	83.4	83.4	 751	OK
1161	   0	74.8	74.8	 725	OK
1162	   0	84.1	84.1	 739	OK
1163	   0	82.3	82.3	 709	OK
1164	   0	74.6	74.6	 779	OK
1165	   0	82.5	82.5	 741	OK
1166	   0	82.2	82.2	 719	OK
1167	   0	81.3	81.3	 734	OK
1168	   0	74.6	74.6	 733	OK
1169	   0	81.6	81.6	 767	OK
1170	   0	84.0	84.0	 736	OK
1171	   0	84.4	84.4	 755	OK
1172	   0	78.8	78.8	 712	OK
1173	   0	76.2	76.2	 728	OK
1174	   0	76.9	76.9	 754	OK
1175	   0	76.1	76.1	 736	OK
1176	   0	77.1	77.1	 752	OK
1177	   0	78.1	78.1	 725	OK
1178	   0	77.0	77.0	 745	OK
1179	   0	79.7	79.7	 750	OK
1180	   0	83.5	83.5	 737	OK
1181	   0	85.8	85.8	 714	OK
1182	   0	83.2	83.2	 774	OK
1183	   0	76.9	76.9	 787	OK
1184	   0	80.9	80.9	 719	OK
1185	   0	78.0	78.0	 767	OK
1186	   0	77.4	77.4	 761	OK
1187	   0	84.2	84.2	 722	OK
1188	   0	83.9	83.9	 757	OK
1189	   0	81.5	81.5	 725	OK
1190	   0	85.4	85.4	 728	OK
1191	   0	79.3	79.3	 718	OK
1192	   0	76.5	76.5	 773	OK
1193	   0	75.0	75.0	 735	OK
1194	   0	80.0	80.0	 777	OK
1195	   0	83.6	83.6	 742	OK
1196	   0	82.2	82.2	 758	OK
1197	   0	82.8	82.8	 735	OK
1198	   0	83.8	83.8	 745	OK
1199	   0	85.4	85.4	 752	OK
1200	   0	81.3	81.3	 742	OK
1201	   0	78.2	78.2	 751	OK
1202	   0	82.3	82.3	 747	OK
1203	   0	85.9	85.9	 732	OK
1204	   0	85.4	85.4	 700	OK
1205	   0	82.9	82.9	 740	OK
1206	   0	83.0	83.0	 731	OK
1207	   0	81.9	81.9	 710	OK
1208	   0	86.3	86.3	 742	OK
1209	   0	83.5	83.5	 756	OK
1210	   0	81.5	81.5	 759	OK
1211	   0	78.4	78.4	 782	OK
1212	   0	90.3	90.3	 735	OK
1213	   0	81.9	81.9	 732	OK
1214	   0	90.5	90.5	 734	OK
1215	   0	78.7	78.7	 738	OK
1216	   0	77.9	77.9	 723	OK
1217	   0	78.5	78.5	 747	OK
1218	   0	80.2	80.2	 784	OK
1219	   0	76.6	76.6	 710	OK
1220	   0	86.0	86.0	 730	OK
1221	   0	75.1	75.1	 755	OK
1222	   0	82.9	82.9	 754	OK
1223	   0	84.5	84.5	 761	OK
1224	   0	82.5	82.5	 783	OK
1225	   0	83.9	83.9	 719	OK
1226	   0	84.9	84.9	 733	OK
1227	   0	78.6	78.6	 740	OK
1228	   0	80.4	80.4	 740	OK
1229	   0	75.6	75.6	 791	OK
1230	   0	77.5	77.5	 758	OK
1231	   0	82.6	82.6	 746	OK
1232	   0	83.7	83.7	 716	OK
1233	   0	79.0	79.0	 742	OK
1234	   0	75.7	75.7	 786	OK
1235	   0	87.7	87.7	 701	OK
1236	   0	75.2	75.2	 765	OK
1237	   0	86.4	86.4	 736	OK
1238	   0	75.7	75.7	 749	OK
1239	   0	73.1	73.1	 720	OK
1240	   0	81.1	81.1	 740	OK
1241	   0	80.3	80.3	 749	OK
1242	   0	79.9	79.9	 704	OK
1243	   0	80.5	80.5	 739	OK
1244	   0	74.6	74.6	 765	OK
1245	   0	88.1	88.1	 740	OK
1246	   0	75.2	75.2	 717	OK
1247	   0	79.6	79.6	 759	OK
1248	   0	81.0	81.0	 760	OK
1249	   0	78.7	78.7	 732	OK
1250	   0	74.7	74.7	 751	OK
1251	   0	74.6	74.6	 717	OK
1252	   0	78.8	78.8	 758	OK
1253	   0	76.5	76.5	 741	OK
1254	   0	79.6	79.6	 733	OK
1255	   0	83.2	83.2	 729	OK
1256	   0	81.8	81.8	 722	OK
1257	   0	84.4	84.4	 732	OK
1258	   0	80.3	80.3	 714	OK
1259	   0	78.0	78.0	 735	OK
1260	   0	73.9	73.9	 758	OK
1261	   0	77.0	77.0	 730	OK
1262	   0	83.0	83.0	 714	OK
1263	   0	75.6	75.6	 703	OK
1264	   0	78.2	78.2	 707	OK
1265	   0	78.6	78.6	 742	OK
1266	   0	76.5	76.5	 662	OK
1267	   0	74.7	74.7	 725	OK
1268	   0	79.6	79.6	 741	OK
1269	   0	78.4	78.4	 694	OK
1270	   0	81.2	81.2	 721	OK
1271	   0	80.2	80.2	 685	OK
1272	   0	83.1	83.1	 739	OK
1273	   0	81.2	81.2	 725	OK
1274	   0	77.4	77.4	 723	OK
1275	   0	80.3	80.3	 731	OK
1276	   0	71.5	71.5	 705	OK
1277	   0	77.6	77.6	 747	OK
1278	   0	82.0	82.0	 719	OK
1279	   0	84.1	84.1	 723	OK
1280	   0	99.0	99.0	 738	OK
1281	   0	109.9	109.9	 687	OK
1282	   0	96.1	96.1	 662	OK
1283	   0	99.4	99.4	 698	OK
1284	   0	91.5	91.5	 655	OK
1285	   0	89.1	89.1	 689	OK
1286	   0	91.3	91.3	 747	OK
1287	   0	96.4	96.4	 690	OK
1288	   0	98.4	98.4	 618	OK
1289	   0	96.1	96.1	 642	OK
1290	   0	98.9	98.9	 633	OK
1291	4000	80.2	80.2	 809	high noise
1292	   0	97.5	97.5	 634	OK
1293	   0	90.5	90.5	 677	OK
1294	   0	96.7	96.7	 641	OK
1295	   0	90.9	90.9	 705	OK
1296	   0	89.2	89.2	 630	OK
1297	   0	86.8	86.8	 637	OK
1298	   0	101.8	101.8	 607	OK
1299	   0	90.1	90.1	 674	OK
1300	   0	100.4	100.4	 614	OK
1301	   0	83.3	83.3	 660	OK
1302	   0	103.9	103.9	 639	OK
1303	   0	93.4	93.4	 678	OK
1304	   0	98.2	98.2	 654	OK
1305	   0	95.0	95.0	 696	OK
1306	   0	94.4	94.4	 631	OK
1307	   0	91.7	91.7	 669	OK
1308	   0	91.5	91.5	 652	OK
1309	   0	95.1	95.1	 659	OK
1310	   0	91.7	91.7	 650	OK
1311	   0	90.5	90.5	 669	OK
1312	   0	101.3	101.3	 626	OK
1313	   0	94.0	94.0	 661	OK
1314	   0	95.8	95.8	 632	OK
1315	   0	93.1	93.1	 643	OK
1316	   0	95.8	95.8	 651	OK
1317	   0	111.3	111.3	 637	OK
1318	   0	100.3	100.3	 625	OK
1319	   0	95.4	95.4	 643	OK
1320	   0	98.1	98.1	 634	OK
1321	   0	94.2	94.2	 657	OK
1322	   0	95.4	95.4	 644	OK
1323	   0	86.0	86.0	 643	OK
1324	   0	97.1	97.1	 613	OK
1325	   0	100.5	100.5	 664	OK
1326	   0	90.0	90.0	 644	OK
1327	   0	90.9	90.9	 647	OK
1328	   0	91.0	91.0	 629	OK
1329	   0	95.8	95.8	 648	OK
1330	   0	91.6	91.6	 624	OK
1331	   0	102.8	102.8	 701	OK
1332	   0	92.6	92.6	 637	OK
1333	   0	98.7	98.7	 661	OK
1334	   0	96.1	96.1	 634	OK
1335	   0	95.1	95.1	 669	OK
1336	   0	93.6	93.6	 644	OK
1337	   0	98.3	98.3	 666	OK
1338	   0	96.4	96.4	 661	OK
1339	   0	100.6	100.6	 647	OK
1340	   0	100.3	100.3	 640	OK
1341	   0	95.7	95.7	 663	OK
1342	   0	105.7	105.7	 619	OK
1343	   0	94.9	94.9	 669	OK
1344	   0	97.7	97.7	 605	OK
1345	   0	99.1	99.1	 657	OK
1346	   0	95.2	95.2	 634	OK
1347	   0	89.0	89.0	 656	OK
1348	   0	94.9	94.9	 607	OK
1349	   0	93.9	93.9	 671	OK
1350	   0	94.3	94.3	 614	OK
1351	   0	86.9	86.9	 688	OK
1352	   0	98.1	98.1	 696	OK
1353	   0	92.3	92.3	 656	OK
1354	   0	103.4	103.4	 610	OK
1355	   0	93.5	93.5	 638	OK
1356	   0	93.6	93.6	 627	OK
1357	   0	105.1	105.1	 674	OK
1358	   0	87.5	87.5	 607	OK
1359	   0	80.5	80.5	 696	OK
1360	   0	88.5	88.5	 635	OK
1361	   0	98.5	98.5	 669	OK
1362	   0	88.6	88.6	 638	OK
1363	   0	97.1	97.1	 683	OK
1364	   0	93.2	93.2	 623	OK
1365	   0	86.7	86.7	 646	OK
1366	   0	93.8	93.8	 631	OK
1367	   0	91.7	91.7	 653	OK
1368	   0	87.3	87.3	 653	OK
1369	   0	97.6	97.6	 647	OK
1370	   0	93.4	93.4	 619	OK
1371	   0	92.8	92.8	 645	OK
1372	   0	86.4	86.4	 633	OK
1373	   0	94.1	94.1	 663	OK
1374	   0	98.4	98.4	 642	OK
1375	   0	85.6	85.6	 672	OK
1376	   0	90.6	90.6	 623	OK
1377	   0	96.7	96.7	 629	OK
1378	   0	91.6	91.6	 651	OK
1379	   0	92.9	92.9	 674	OK
1380	   0	85.1	85.1	 620	OK
1381	   0	102.7	102.7	 636	OK
1382	   0	82.4	82.4	 614	OK
1383	   0	92.7	92.7	 630	OK
1384	   0	83.2	83.2	 697	OK
1385	   0	88.7	88.7	 680	OK
1386	   0	90.8	90.8	 628	OK
1387	   0	97.0	97.0	 658	OK
1388	   0	98.2	98.2	 632	OK
1389	   0	93.4	93.4	 673	OK
1390	   0	87.0	87.0	 654	OK
1391	   0	93.9	93.9	 664	OK
1392	   0	84.6	84.6	 688	OK
1393	   0	90.8	90.8	 646	OK
1394	   0	96.1	96.1	 628	OK
1395	   0	93.3	93.3	 659	OK
1396	   0	90.9	90.9	 617	OK
1397	   0	92.7	92.7	 668	OK
1398	   0	97.6	97.6	 614	OK
1399	   0	90.8	90.8	 654	OK
1400	   0	88.1	88.1	 636	OK
1401	   0	95.9	95.9	 683	OK
1402	   0	90.7	90.7	 655	OK
1403	   0	86.2	86.2	 644	OK
1404	   0	88.5	88.5	 710	OK
1405	   0	90.7	90.7	 657	OK
1406	   0	91.6	91.6	 651	OK
1407	   0	93.7	93.7	 655	OK
1408	   0	89.0	89.0	 747	OK
1409	   0	80.7	80.7	 756	OK
1410	   0	81.9	81.9	 731	OK
1411	   0	85.3	85.3	 785	OK
1412	   0	77.4	77.4	 740	OK
1413	   0	83.8	83.8	 713	OK
1414	   0	81.6	81.6	 706	OK
1415	   0	79.9	79.9	 748	OK
1416	   0	83.0	83.0	 740	OK
1417	   0	83.3	83.3	 756	OK
1418	   0	90.5	90.5	 754	OK
1419	   0	79.0	79.0	 723	OK
1420	   0	85.5	85.5	 747	OK
1421	   0	89.8	89.8	 800	OK
1422	   0	81.1	81.1	 711	OK
1423	   0	84.5	84.5	 764	OK
1424	   0	84.5	84.5	 719	OK
1425	   0	88.7	88.7	 764	OK
1426	   0	89.3	89.3	 697	OK
1427	   0	83.5	83.5	 746	OK
1428	   0	84.8	84.8	 757	OK
1429	   0	84.8	84.8	 751	OK
1430	   0	91.3	91.3	 748	OK
1431	   0	84.5	84.5	 729	OK
1432	   0	83.9	83.9	 737	OK
1433	   0	91.5	91.5	 699	OK
1434	   0	90.7	90.7	 724	OK
1435	   0	82.2	82.2	 743	OK
1436	   0	84.3	84.3	 746	OK
1437	   0	85.8	85.8	 746	OK
1438	   0	87.0	87.0	 721	OK
1439	   0	86.7	86.7	 756	OK
1440	   0	87.7	87.7	 699	OK
1441	   0	83.5	83.5	 763	OK
1442	   0	91.0	91.0	 712	OK
1443	   0	85.7	85.7	 761	OK
1444	   0	84.4	84.4	 713	OK
1445	   0	86.4	86.4	 782	OK
1446	   0	83.6	83.6	 738	OK
1447	   0	87.3	87.3	 733	OK
1448	   0	90.3	90.3	 706	OK
1449	   0	88.6	88.6	 747	OK
1450	   0	80.3	80.3	 777	OK
1451	   0	79.8	79.8	 754	OK
1452	   0	84.8	84.8	 712	OK
1453	   0	82.9	82.9	 746	OK
1454	   0	91.9	91.9	 734	OK
1455	   0	85.6	85.6	 777	OK
1456	   0	90.0	90.0	 705	OK
1457	   0	86.3	86.3	 786	OK
1458	   0	85.8	85.8	 721	OK
1459	   0	86.9	86.9	 768	OK
1460	   0	88.3	88.3	 735	OK
1461	   0	91.0	91.0	 722	OK
1462	   0	89.7	89.7	 723	OK
1463	   0	89.4	89.4	 682	OK
1464	   0	90.5	90.5	 746	OK
1465	   0	79.7	79.7	 790	OK
1466	   0	85.8	85.8	 734	OK
1467	   0	80.2	80.2	 756	OK
1468	   0	84.5	84.5	 743	OK
1469	   0	83.4	83.4	 727	OK
1470	   0	80.8	80.8	 727	OK
1471	   0	79.8	79.8	 757	OK
1472	   0	79.5	79.5	 737	OK
1473	   0	92.8	92.8	 755	OK
1474	   0	84.1	84.1	 747	OK
1475	   0	90.5	90.5	 745	OK
1476	   0	86.5	86.5	 760	OK
1477	   0	82.5	82.5	 756	OK
1478	   0	80.1	80.1	 756	OK
1479	   0	84.3	84.3	 707	OK
1480	   0	80.1	80.1	 759	OK
1481	   0	78.6	78.6	 774	OK
1482	   0	79.0	79.0	 769	OK
1483	   0	83.7	83.7	 760	OK
1484	   0	86.1	86.1	 697	OK
1485	   0	80.5	80.5	 785	OK
1486	   0	82.8	82.8	 754	OK
1487	   0	84.8	84.8	 739	OK
1488	   0	84.5	84.5	 716	OK
1489	   0	81.7	81.7	 756	OK
1490	   0	79.5	79.5	 750	OK
1491	   0	87.9	87.9	 725	OK
1492	   0	82.4	82.4	 748	OK
1493	   0	81.6	81.6	 750	OK
1494	   0	85.4	85.4	 704	OK
1495	   0	83.3	83.3	 773	OK
1496	   0	84.6	84.6	 729	OK
1497	   0	74.4	74.4	 752	OK
1498	   0	80.7	80.7	 721	OK
1499	   0	82.6	82.6	 774	OK
1500	   0	81.8	81.8	 744	OK
1501	   0	72.3	72.3	 759	OK
1502	   0	83.2	83.2	 732	OK
1503	   0	79.1	79.1	 746	OK
1504	   0	87.1	87.1	 718	OK
1505	   0	80.4	80.4	 752	OK
1506	   0	88.0	88.0	 707	OK
1507	   0	85.0	85.0	 744	OK
1508	   0	81.5	81.5	 746	OK
1509	   0	84.0	84.0	 779	OK
1510	   0	86.4	86.4	 708	OK
1511	   0	81.1	81.1	 789	OK
1512	   0	79.2	79.2	 725	OK
1513	   0	83.9	83.9	 745	OK
1514	   0	76.1	76.1	 740	OK
1515	   0	85.2	85.2	 744	OK
1516	   0	77.1	77.1	 735	OK
1517	   0	82.0	82.0	 703	OK
1518	   0	84.5	84.5	 673	OK
1519	   0	83.4	83.4	 740	OK
1520	   0	75.6	75.6	 746	OK
1521	   0	84.2	84.2	 739	OK
1522	   0	78.9	78.9	 714	OK
1523	   0	80.5	80.5	 734	OK
1524	   0	78.7	78.7	 741	OK
1525	   0	79.0	79.0	 717	OK
1526	   0	77.4	77.4	 702	OK
1527	   0	76.1	76.1	 714	OK
1528	   0	76.1	76.1	 699	OK
1529	   0	83.4	83.4	 715	OK
1530	   0	75.9	75.9	 747	OK
1531	   0	76.1	76.1	 750	OK
1532	   0	76.8	76.8	 700	OK
1533	   0	81.7	81.7	 752	OK
1534	   0	71.9	71.9	 762	OK
1535	   0	87.4	87.4	 770	OK
1536	   0	96.0	96.0	 674	OK
1537	   0	92.0	92.0	 730	OK
1538	   0	91.1	91.1	 680	OK
1539	   0	93.0	93.0	 725	OK
1540	   0	97.6	97.6	 711	OK
1541	   0	98.1	98.1	 676	OK
1542	   0	86.8	86.8	 673	OK
1543	   0	89.3	89.3	 704	OK
1544	   0	89.7	89.7	 668	OK
1545	   0	91.2	91.2	 736	OK
1546	   0	87.7	87.7	 671	OK
1547	   0	95.1	95.1	 686	OK
1548	   0	92.4	92.4	 684	OK
1549	   0	97.6	97.6	 669	OK
1550	   0	106.4	106.4	 651	OK
1551	   0	93.0	93.0	 690	OK
1552	   0	92.4	92.4	 698	OK
1553	   0	95.3	95.3	 734	OK
1554	   0	90.1	90.1	 692	OK
1555	   0	94.5	94.5	 694	OK
1556	   0	95.0	95.0	 679	OK
1557	   0	99.0	99.0	 683	OK
1558	   0	95.3	95.3	 684	OK
1559	   0	94.0	94.0	 679	OK
1560	   0	97.5	97.5	 661	OK
1561	   0	88.7	88.7	 711	OK
1562	   0	98.2	98.2	 672	OK
1563	   0	93.1	93.1	 680	OK
1564	   0	86.3	86.3	 712	OK
1565	   0	90.8	90.8	 686	OK
1566	   0	99.9	99.9	 669	OK
1567	   0	90.5	90.5	 723	OK
1568	   0	99.1	99.1	 675	OK
1569	   0	93.2	93.2	 679	OK
1570	   0	91.3	91.3	 667	OK
1571	   0	97.2	97.2	 725	OK
1572	   0	96.0	96.0	 683	OK
1573	   0	97.4	97.4	 687	OK
1574	   0	88.2	88.2	 702	OK
1575	   0	89.8	89.8	 698	OK
1576	   0	99.4	99.4	 747	OK
1577	   0	90.7	90.7	 716	OK
1578	   0	88.2	88.2	 716	OK
1579	   0	89.5	89.5	 722	OK
1580	   0	96.4	96.4	 700	OK
1581	   0	99.5	99.5	 687	OK
1582	   0	96.2	96.2	 696	OK
1583	   0	90.2	90.2	 728	OK
1584	   0	94.5	94.5	 679	OK
1585	   0	86.9	86.9	 741	OK
1586	   0	94.5	94.5	 699	OK
1587	   0	93.6	93.6	 684	OK
1588	   0	86.7	86.7	 702	OK
1589	   0	97.3	97.3	 691	OK
1590	   0	94.4	94.4	 674	OK
1591	   0	97.8	97.8	 717	OK
1592	   0	91.5	91.5	 687	OK
1593	   0	91.0	91.0	 702	OK
1594	   0	91.7	91.7	 686	OK
1595	   0	90.9	90.9	 691	OK
1596	   0	101.1	101.1	 708	OK
1597	   0	97.6	97.6	 701	OK
1598	   0	97.5	97.5	 700	OK
1599	   0	92.2	92.2	 714	OK
1600	   0	98.7	98.7	 679	OK
1601	   0	88.8	88.8	 718	OK
1602	   0	96.5	96.5	 673	OK
1603	   0	95.5	95.5	 683	OK
1604	   0	92.6	92.6	 700	OK
1605	   0	92.7	92.7	 709	OK
1606	   0	92.0	92.0	 690	OK
1607	   0	89.7	89.7	 708	OK
1608	   0	89.5	89.5	 703	OK
1609	   0	94.6	94.6	 695	OK
1610	   0	97.0	97.0	 664	OK
1611	   0	95.4	95.4	 662	OK
1612	   0	101.4	101.4	 669	OK
1613	   0	94.3	94.3	 713	OK
1614	   0	91.8	91.8	 693	OK
1615	   0	92.3	92.3	 735	OK
1616	   0	91.6	91.6	 701	OK
1617	   0	88.6	88.6	 732	OK
1618	   0	94.5	94.5	 724	OK
1619	   0	91.6	91.6	 662	OK
1620	   0	88.1	88.1	 689	OK
1621	   0	91.9	91.9	 706	OK
1622	   0	90.8	90.8	 686	OK
1623	   0	99.8	99.8	 659	OK
1624	   0	91.2	91.2	 685	OK
1625	   0	93.3	93.3	 680	OK
1626	   0	97.0	97.0	 675	OK
1627	   0	81.9	81.9	 741	OK
1628	   0	89.2	89.2	 709	OK
1629	   0	96.1	96.1	 696	OK
1630	   0	87.7	87.7	 736	OK
1631	   0	87.9	87.9	 704	OK
1632	   0	93.8	93.8	 703	OK
1633	   0	91.8	91.8	 708	OK
1634	   0	87.3	87.3	 720	OK
1635	   0	86.0	86.0	 695	OK
1636	   0	87.9	87.9	 706	OK
1637	   0	88.9	88.9	 678	OK
1638	   0	91.9	91.9	 668	OK
1639	   0	94.9	94.9	 701	OK
1640	   0	90.1	90.1	 674	OK
1641	   0	97.7	97.7	 692	OK
1642	   0	95.6	95.6	 672	OK
1643	   0	91.0	91.0	 721	OK
1644	   0	83.2	83.2	 705	OK
1645	   0	81.0	81.0	 741	OK
1646	   0	90.0	90.0	 683	OK
1647	   0	89.9	89.9	 685	OK
1648	   0	87.0	87.0	 663	OK
1649	   0	86.2	86.2	 728	OK
1650	   0	99.2	99.2	 666	OK
1651	   0	78.3	78.3	 743	OK
1652	   0	88.7	88.7	 721	OK
1653	   0	101.1	101.1	 691	OK
1654	   0	85.3	85.3	 698	OK
1655	   0	101.4	101.4	 730	OK
1656	   0	100.9	100.9	 661	OK
1657	   0	89.2	89.2	 712	OK
1658	   0	88.6	88.6	 701	OK
1659	   0	89.8	89.8	 722	OK
1660	   0	85.5	85.5	 688	OK
1661	   0	90.7	90.7	 701	OK
1662	   0	86.9	86.9	 668	OK
1663	   0	86.6	86.6	 753	OK
1664	   0	73.1	73.1	 692	OK
1665	   0	79.7	79.7	 804	OK
1666	   0	74.7	74.7	 717	OK
1667	   0	80.8	80.8	 712	OK
1668	   0	81.6	81.6	 701	OK
1669	   0	78.9	78.9	 752	OK
1670	   0	86.8	86.8	 726	OK
1671	   0	75.7	75.7	 730	OK
1672	   0	79.3	79.3	 667	OK
1673	   0	80.3	80.3	 722	OK
1674	   0	77.4	77.4	 708	OK
1675	   0	78.2	78.2	 732	OK
1676	   0	77.4	77.4	 706	OK
1677	   0	76.9	76.9	 716	OK
1678	   0	76.3	76.3	 688	OK
1679	   0	72.4	72.4	 749	OK
1680	   0	81.4	81.4	 679	OK
1681	   0	80.6	80.6	 760	OK
1682	   0	81.8	81.8	 680	OK
1683	   0	86.9	86.9	 726	OK
1684	   0	83.4	83.4	 705	OK
1685	   0	75.6	75.6	 722	OK
1686	   0	84.2	84.2	 680	OK
1687	   0	84.6	84.6	 732	OK
1688	   0	80.8	80.8	 704	OK
1689	   0	77.4	77.4	 761	OK
1690	   0	79.5	79.5	 710	OK
1691	   0	80.3	80.3	 760	OK
1692	   0	75.1	75.1	 721	OK
1693	   0	77.4	77.4	 703	OK
1694	   0	82.7	82.7	 730	OK
1695	   0	75.4	75.4	 769	OK
1696	   0	79.0	79.0	 687	OK
1697	   0	79.5	79.5	 730	OK
1698	   0	81.4	81.4	 719	OK
1699	   0	89.9	89.9	 709	OK
1700	   0	76.8	76.8	 719	OK
1701	   0	81.7	81.7	 732	OK
1702	   0	77.4	77.4	 719	OK
1703	   0	77.7	77.7	 778	OK
1704	   0	85.7	85.7	 661	OK
1705	   0	81.5	81.5	 751	OK
1706	   0	81.5	81.5	 695	OK
1707	   0	78.0	78.0	 714	OK
1708	   0	81.3	81.3	 723	OK
1709	   0	82.0	82.0	 759	OK
1710	   0	79.5	79.5	 712	OK
1711	   0	80.9	80.9	 746	OK
1712	   0	81.3	81.3	 696	OK
1713	   0	78.4	78.4	 772	OK
1714	   0	81.5	81.5	 750	OK
1715	   0	89.7	89.7	 764	OK
1716	   0	79.7	79.7	 680	OK
1717	   0	81.7	81.7	 688	OK
1718	   0	72.9	72.9	 734	OK
1719	   0	77.9	77.9	 737	OK
1720	   0	84.1	84.1	 687	OK
1721	   0	81.0	81.0	 744	OK
1722	   0	85.8	85.8	 688	OK
1723	   0	84.5	84.5	 801	OK
1724	   0	85.9	85.9	 734	OK
1725	   0	86.2	86.2	 728	OK
1726	   0	79.0	79.0	 757	OK
1727	   0	81.8	81.8	 754	OK
1728	   0	80.4	80.4	 735	OK
1729	   0	83.7	83.7	 761	OK
1730	   0	77.8	77.8	 707	OK
1731	   0	81.3	81.3	 736	OK
1732	   0	84.6	84.6	 695	OK
1733	   0	67.7	67.7	 797	OK
1734	   0	83.4	83.4	 758	OK
1735	   0	79.8	79.8	 757	OK
1736	   0	80.3	80.3	 729	OK
1737	   0	86.5	86.5	 730	OK
1738	   0	82.4	82.4	 704	OK
1739	   0	84.0	84.0	 749	OK
1740	   0	82.3	82.3	 719	OK
1741	   0	78.7	78.7	 757	OK
1742	   0	81.0	81.0	 700	OK
1743	   0	79.4	79.4	 737	OK
1744	   0	76.9	76.9	 730	OK
1745	   0	80.1	80.1	 741	OK
1746	   0	83.2	83.2	 715	OK
1747	   0	84.1	84.1	 727	OK
1748	   0	82.3	82.3	 695	OK
1749	   0	85.4	85.4	 731	OK
1750	   0	84.5	84.5	 719	OK
1751	   0	84.2	84.2	 754	OK
1752	   0	76.7	76.7	 704	OK
1753	   0	82.2	82.2	 775	OK
1754	   0	87.9	87.9	 709	OK
1755	   0	82.1	82.1	 702	OK
1756	   0	74.2	74.2	 731	OK
1757	   0	80.3	80.3	 751	OK
1758	   0	86.1	86.1	 696	OK
1759	   0	82.7	82.7	 749	OK
1760	   0	89.4	89.4	 727	OK
1761	   0	86.9	86.9	 735	OK
1762	   0	82.6	82.6	 689	OK
1763	   0	78.9	78.9	 766	OK
1764	   0	76.6	76.6	 707	OK
1765	   0	86.8	86.8	 730	OK
1766	   0	85.0	85.0	 714	OK
1767	   0	73.2	73.2	 729	OK
1768	   0	83.8	83.8	 724	OK
1769	   0	87.1	87.1	 751	OK
1770	   0	82.5	82.5	 724	OK
1771	   0	78.5	78.5	 736	OK
1772	   0	84.3	84.3	 703	OK
1773	   0	79.0	79.0	 758	OK
1774	   0	84.3	84.3	 699	OK
1775	   0	88.5	88.5	 722	OK
1776	   0	86.1	86.1	 692	OK
1777	   0	80.0	80.0	 750	OK
1778	   0	82.0	82.0	 722	OK
1779	   0	84.0	84.0	 742	OK
1780	   0	86.2	86.2	 721	OK
1781	   0	80.5	80.5	 726	OK
1782	   0	86.1	86.1	 709	OK
1783	   0	78.3	78.3	 732	OK
1784	   0	88.5	88.5	 677	OK
1785	   0	83.0	83.0	 786	OK
1786	   0	82.8	82.8	 718	OK
1787	   0	77.8	77.8	 775	OK
1788	   0	78.0	78.0	 724	OK
1789	   0	81.3	81.3	 742	OK
1790	   0	81.0	81.0	 691	OK
1791	   0	77.3	77.3	 747	OK
1792	   0	82.1	82.1	 734	OK
1793	   0	85.5	85.5	 778	OK
1794	   0	80.0	80.0	 729	OK
1795	   0	80.6	80.6	 759	OK
1796	   0	84.1	84.1	 712	OK
1797	   0	85.3	85.3	 760	OK
1798	   0	89.5	89.5	 725	OK
1799	   0	77.3	77.3	 771	OK
1800	   0	81.4	81.4	 757	OK
1801	   0	78.8	78.8	 764	OK
1802	   0	73.2	73.2	 748	OK
1803	   0	83.6	83.6	 743	OK
1804	   0	85.7	85.7	 743	OK
1805	   0	76.5	76.5	 730	OK
1806	   0	78.4	78.4	 733	OK
1807	   0	79.0	79.0	 777	OK
1808	   0	84.8	84.8	 709	OK
1809	   0	76.9	76.9	 766	OK
1810	   0	80.3	80.3	 726	OK
1811	   0	80.1	80.1	 777	OK
1812	   0	80.6	80.6	 763	OK
1813	   0	86.8	86.8	 750	OK
1814	   0	70.6	70.6	 793	OK
1815	   0	82.4	82.4	 764	OK
1816	   0	76.2	76.2	 749	OK
1817	   0	73.9	73.9	 759	OK
1818	   0	75.9	75.9	 753	OK
1819	   0	82.0	82.0	 727	OK
1820	   0	82.5	82.5	 716	OK
1821	   0	85.4	85.4	 726	OK
1822	   0	75.6	75.6	 731	OK
1823	   0	78.6	78.6	 770	OK
1824	   0	78.7	78.7	 740	OK
1825	   0	78.1	78.1	 750	OK
1826	   0	85.4	85.4	 756	OK
1827	   0	85.5	85.5	 734	OK
1828	   0	90.5	90.5	 695	OK
1829	   0	86.6	86.6	 759	OK
1830	   0	88.5	88.5	 722	OK
1831	   0	87.9	87.9	 756	OK
1832	   0	84.1	84.1	 742	OK
1833	   0	85.0	85.0	 776	OK
1834	   0	83.4	83.4	 759	OK
1835	   0	82.4	82.4	 752	OK
1836	   0	80.0	80.0	 724	OK
1837	   0	80.1	80.1	 773	OK
1838	   0	83.8	83.8	 751	OK
1839	   0	73.9	73.9	 771	OK
1840	   0	78.2	78.2	 748	OK
1841	   0	90.4	90.4	 751	OK
1842	   0	77.0	77.0	 752	OK
1843	   0	81.0	81.0	 795	OK
1844	   0	81.2	81.2	 737	OK
1845	   0	81.5	81.5	 777	OK
1846	   0	81.4	81.4	 725	OK
1847	   0	78.9	78.9	 751	OK
1848	   0	81.8	81.8	 723	OK
1849	   0	82.5	82.5	 754	OK
1850	   0	77.4	77.4	 745	OK
1851	   0	79.0	79.0	 760	OK
1852	   0	87.3	87.3	 758	OK
1853	   0	82.1	82.1	 757	OK
1854	   0	85.0	85.0	 753	OK
1855	   0	87.2	87.2	 736	OK
1856	   0	78.7	78.7	 786	OK
1857	   0	74.1	74.1	 791	OK
1858	   0	80.6	80.6	 764	OK
1859	   0	81.5	81.5	 779	OK
1860	   0	84.4	84.4	 764	OK
1861	   0	77.7	77.7	 764	OK
1862	   0	75.4	75.4	 770	OK
1863	   0	79.5	79.5	 734	OK
1864	   0	79.9	79.9	 710	OK
1865	   0	88.4	88.4	 767	OK
1866	   0	78.0	78.0	 722	OK
1867	   0	81.6	81.6	 762	OK
1868	   0	78.7	78.7	 725	OK
1869	   0	77.8	77.8	 775	OK
1870	   0	82.9	82.9	 736	OK
1871	   0	82.1	82.1	 780	OK
1872	   0	72.8	72.8	 725	OK
1873	   0	80.7	80.7	 720	OK
1874	   0	79.4	79.4	 735	OK
1875	   0	79.9	79.9	 773	OK
1876	   0	77.0	77.0	 704	OK
1877	   0	76.4	76.4	 753	OK
1878	   0	82.5	82.5	 700	OK
1879	   0	83.9	83.9	 748	OK
1880	   0	81.5	81.5	 720	OK
1881	   0	76.6	76.6	 773	OK
1882	   0	75.0	75.0	 733	OK
1883	   0	80.7	80.7	 717	OK
1884	   0	76.0	76.0	 695	OK
1885	   0	84.6	84.6	 765	OK
1886	   0	77.2	77.2	 715	OK
1887	   0	81.2	81.2	 753	OK
1888	   0	76.8	76.8	 747	OK
1889	   0	75.8	75.8	 745	OK
1890	   0	78.7	78.7	 740	OK
1891	   0	79.4	79.4	 742	OK
1892	   0	81.1	81.1	 718	OK
1893	   0	84.5	84.5	 772	OK
1894	   0	75.7	75.7	 731	OK
1895	   0	79.3	79.3	 732	OK
1896	   0	73.9	73.9	 762	OK
1897	   0	75.6	75.6	 767	OK
1898	   0	82.7	82.7	 673	OK
1899	   0	79.1	79.1	 722	OK
1900	   0	77.0	77.0	 751	OK
1901	   0	86.0	86.0	 777	OK
1902	   0	78.4	78.4	 729	OK
1903	   0	78.1	78.1	 779	OK
1904	   0	76.7	76.7	 733	OK
1905	   0	82.3	82.3	 735	OK
1906	   0	80.9	80.9	 742	OK
1907	   0	80.2	80.2	 738	OK
1908	   0	73.2	73.2	 729	OK
1909	   0	80.2	80.2	 786	OK
1910	   0	83.2	83.2	 697	OK
1911	   0	81.0	81.0	 753	OK
1912	   0	78.4	78.4	 705	OK
1913	   0	84.6	84.6	 764	OK
1914	   0	77.7	77.7	 717	OK
1915	   0	73.9	73.9	 807	OK
1916	   0	75.9	75.9	 735	OK
1917	   0	73.3	73.3	 813	OK
1918	   0	84.8	84.8	 756	OK
1919	   0	70.5	70.5	 780	OK
1920	   0	95.5	95.5	 664	OK
1921	   0	97.0	97.0	 706	OK
1922	   0	90.1	90.1	 637	OK
1923	   0	92.3	92.3	 687	OK
1924	   0	93.6	93.6	 669	OK
1925	   0	98.3	98.3	 672	OK
1926	   0	86.6	86.6	 666	OK
1927	   0	94.6	94.6	 658	OK
1928	   0	90.6	90.6	 647	OK
1929	   0	95.3	95.3	 697	OK
1930	   0	96.3	96.3	 654	OK
1931	   0	93.9	93.9	 662	OK
1932	   0	94.4	94.4	 670	OK
1933	   0	85.6	85.6	 709	OK
1934	   0	93.4	93.4	 657	OK
1935	   0	93.9	93.9	 664	OK
1936	   0	89.7	89.7	 664	OK
1937	   0	91.8	91.8	 641	OK
1938	   0	91.3	91.3	 694	OK
1939	   0	92.7	92.7	 680	OK
1940	   0	93.2	93.2	 653	OK
1941	   0	96.4	96.4	 686	OK
1942	   0	95.3	95.3	 675	OK
1943	   0	100.4	100.4	 679	OK
1944	   0	98.6	98.6	 669	OK
1945	   0	90.0	90.0	 718	OK
1946	   0	88.7	88.7	 727	OK
1947	   0	88.7	88.7	 691	OK
1948	   0	96.1	96.1	 640	OK
1949	   0	92.4	92.4	 665	OK
1950	   0	91.1	91.1	 678	OK
1951	   0	98.4	98.4	 693	OK
1952	   0	94.1	94.1	 670	OK
1953	   0	93.7	93.7	 698	OK
1954	   0	95.5	95.5	 633	OK
1955	   0	100.4	100.4	 626	OK
1956	   0	96.6	96.6	 656	OK
1957	   0	91.2	91.2	 692	OK
1958	   0	94.7	94.7	 639	OK
1959	   0	88.9	88.9	 674	OK
1960	   0	93.3	93.3	 645	OK
1961	   0	93.7	93.7	 680	OK
1962	   0	93.3	93.3	 663	OK
1963	   0	91.6	91.6	 678	OK
1964	   0	93.1	93.1	 634	OK
1965	   0	92.1	92.1	 713	OK
1966	   0	96.6	96.6	 669	OK
1967	   0	96.7	96.7	 690	OK
1968	   0	94.7	94.7	 647	OK
1969	   0	99.0	99.0	 675	OK
1970	   0	89.8	89.8	 633	OK
1971	   0	98.6	98.6	 693	OK
1972	   0	96.0	96.0	 681	OK
1973	   0	87.4	87.4	 679	OK
1974	   0	93.9	93.9	 671	OK
1975	   0	98.9	98.9	 664	OK
1976	   0	97.5	97.5	 679	OK
1977	   0	98.8	98.8	 676	OK
1978	   0	100.0	100.0	 675	OK
1979	   0	94.0	94.0	 661	OK
1980	   0	103.6	103.6	 630	OK
1981	   0	98.9	98.9	 675	OK
1982	   0	95.1	95.1	 648	OK
1983	   0	101.8	101.8	 663	OK
1984	   0	91.3	91.3	 696	OK
1985	   0	100.5	100.5	 689	OK
1986	   0	96.4	96.4	 680	OK
1987	   0	102.1	102.1	 643	OK
1988	   0	97.0	97.0	 640	OK
1989	   0	96.7	96.7	 716	OK
1990	   0	91.0	91.0	 653	OK
1991	   0	93.8	93.8	 669	OK
1992	   0	92.7	92.7	 667	OK
1993	   0	90.2	90.2	 701	OK
1994	   0	97.6	97.6	 676	OK
1995	   0	93.0	93.0	 690	OK
1996	   0	100.2	100.2	 667	OK
1997	   0	100.2	100.2	 700	OK
1998	   0	86.8	86.8	 657	OK
1999	   0	88.4	88.4	 684	OK
2000	   0	99.3	99.3	 650	OK
2001	   0	86.6	86.6	 690	OK
2002	   0	94.4	94.4	 669	OK
2003	   0	98.5	98.5	 665	OK
2004	   0	92.9	92.9	 698	OK
2005	   0	100.1	100.1	 685	OK
2006	   0	94.7	94.7	 683	OK
2007	   0	96.8	96.8	 676	OK
2008	   0	94.2	94.2	 642	OK
2009	   0	95.7	95.7	 674	OK
2010	   0	94.6	94.6	 668	OK
2011	   0	97.4	97.4	 696	OK
2012	   0	98.5	98.5	 667	OK
2013	   0	90.1	90.1	 714	OK
2014	   0	97.0	97.0	 641	OK
2015	   0	91.4	91.4	 680	OK
2016	   0	104.0	104.0	 659	OK
2017	   0	93.0	93.0	 691	OK
2018	   0	92.3	92.3	 661	OK
2019	   0	90.6	90.6	 690	OK
2020	   0	88.1	88.1	 701	OK
2021	   0	94.4	94.4	 661	OK
2022	   0	97.3	97.3	 666	OK
2023	   0	95.8	95.8	 684	OK
2024	   0	88.4	88.4	 676	OK
2025	   0	98.2	98.2	 687	OK
2026	   0	93.8	93.8	 674	OK
2027	   0	96.6	96.6	 710	OK
2028	   0	94.6	94.6	 654	OK
2029	   0	92.4	92.4	 682	OK
2030	   0	86.7	86.7	 691	OK
2031	   0	94.1	94.1	 689	OK
2032	   0	90.9	90.9	 675	OK
2033	   0	98.6	98.6	 705	OK
2034	   0	91.4	91.4	 664	OK
2035	   0	95.0	95.0	 699	OK
2036	   0	93.2	93.2	 646	OK
2037	   0	96.1	96.1	 667	OK
2038	   0	91.0	91.0	 696	OK
2039	   0	91.2	91.2	 681	OK
2040	   0	93.5	93.5	 680	OK
2041	   0	91.9	91.9	 658	OK
2042	   0	92.8	92.8	 676	OK
2043	   0	102.9	102.9	 667	OK
2044	   0	99.5	99.5	 665	OK
2045	   0	90.6	90.6	 700	OK
2046	   0	91.3	91.3	 662	OK
2047	   0	92.0	92.0	 728	OK
2048	   0	94.3	94.3	 649	OK
2049	   0	90.8	90.8	 664	OK
2050	   0	100.6	100.6	 618	OK
2051	   0	93.1	93.1	 642	OK
2052	   0	91.2	91.2	 637	OK
2053	   0	90.6	90.6	 638	OK
2054	   0	91.2	91.2	 605	OK
2055	   0	88.5	88.5	 669	OK
2056	   0	84.5	84.5	 644	OK
2057	   0	86.5	86.5	 651	OK
2058	   0	90.0	90.0	 642	OK
2059	   0	92.5	92.5	 623	OK
2060	   0	90.0	90.0	 631	OK
2061	   0	89.9	89.9	 644	OK
2062	   0	93.7	93.7	 612	OK
2063	   0	95.9	95.9	 647	OK
2064	   0	94.8	94.8	 594	OK
2065	   0	99.0	99.0	 640	OK
2066	   0	85.4	85.4	 637	OK
2067	   0	94.9	94.9	 654	OK
2068	   0	89.2	89.2	 640	OK
2069	   0	98.0	98.0	 639	OK
2070	   0	90.7	90.7	 624	OK
2071	   0	87.5	87.5	 653	OK
2072	   0	90.2	90.2	 645	OK
2073	   0	91.0	91.0	 631	OK
2074	   0	91.1	91.1	 616	OK
2075	   0	91.9	91.9	 641	OK
2076	   0	95.0	95.0	 613	OK
2077	   0	89.4	89.4	 646	OK
2078	   0	95.5	95.5	 593	OK
2079	   0	93.1	93.1	 623	OK
2080	   0	101.0	101.0	 630	OK
2081	   0	90.1	90.1	 673	OK
2082	   0	89.4	89.4	 663	OK
2083	   0	93.4	93.4	 644	OK
2084	   0	82.9	82.9	 621	OK
2085	   0	91.4	91.4	 655	OK
2086	   0	91.7	91.7	 627	OK
2087	   0	93.0	93.0	 656	OK
2088	   0	96.6	96.6	 608	OK
2089	   0	89.8	89.8	 649	OK
2090	   0	91.2	91.2	 651	OK
2091	   0	87.5	87.5	 656	OK
2092	   0	98.9	98.9	 599	OK
2093	   0	106.1	106.1	 643	OK
2094	   0	100.0	100.0	 632	OK
2095	   0	91.2	91.2	 649	OK
2096	   0	96.8	96.8	 626	OK
2097	   0	93.3	93.3	 638	OK
2098	   0	98.9	98.9	 631	OK
2099	   0	86.6	86.6	 628	OK
2100	   0	89.0	89.0	 632	OK
2101	   0	95.2	95.2	 647	OK
2102	   0	92.8	92.8	 618	OK
2103	   0	95.4	95.4	 636	OK
2104	   0	88.0	88.0	 634	OK
2105	   0	97.2	97.2	 659	OK
2106	   0	89.0	89.0	 652	OK
2107	   0	94.5	94.5	 620	OK
2108	   0	95.5	95.5	 629	OK
2109	   0	99.8	99.8	 649	OK
2110	   0	98.4	98.4	 655	OK
2111	   0	95.1	95.1	 651	OK
2112	   0	93.8	93.8	 617	OK
2113	   0	96.5	96.5	 665	OK
2114	   0	92.2	92.2	 645	OK
2115	   0	90.8	90.8	 657	OK
2116	   0	91.2	91.2	 656	OK
2117	   0	102.2	102.2	 664	OK
2118	   0	89.1	89.1	 640	OK
2119	   0	90.6	90.6	 679	OK
2120	   0	94.2	94.2	 649	OK
2121	   0	98.5	98.5	 646	OK
2122	   0	93.3	93.3	 625	OK
2123	   0	89.0	89.0	 673	OK
2124	   0	86.7	86.7	 628	OK
2125	   0	94.7	94.7	 630	OK
2126	   0	87.0	87.0	 643	OK
2127	   0	96.0	96.0	 628	OK
2128	   0	89.6	89.6	 617	OK
2129	   0	94.4	94.4	 638	OK
2130	   0	87.6	87.6	 620	OK
2131	   0	95.7	95.7	 631	OK
2132	   0	80.9	80.9	 632	OK
2133	   0	89.5	89.5	 691	OK
2134	   0	92.4	92.4	 619	OK
2135	   0	93.1	93.1	 654	OK
2136	   0	88.6	88.6	 644	OK
2137	   0	90.9	90.9	 637	OK
2138	   0	96.0	96.0	 621	OK
2139	   0	100.4	100.4	 628	OK
2140	   0	96.0	96.0	 624	OK
2141	   0	95.5	95.5	 635	OK
2142	   0	91.1	91.1	 647	OK
2143	   0	92.9	92.9	 639	OK
2144	   0	88.2	88.2	 620	OK
2145	   0	93.4	93.4	 662	OK
2146	   0	96.8	96.8	 635	OK
2147	   0	93.7	93.7	 674	OK
2148	   0	90.5	90.5	 643	OK
2149	   0	83.8	83.8	 674	OK
2150	   0	92.5	92.5	 605	OK
2151	   0	101.1	101.1	 653	OK
2152	   0	98.7	98.7	 607	OK
2153	   0	96.0	96.0	 635	OK
2154	   0	96.3	96.3	 631	OK
2155	   0	95.2	95.2	 618	OK
2156	   0	90.8	90.8	 634	OK
2157	   0	91.7	91.7	 646	OK
2158	   0	87.0	87.0	 622	OK
2159	   0	89.4	89.4	 636	OK
2160	   0	98.0	98.0	 636	OK
2161	   0	87.9	87.9	 662	OK
2162	   0	97.3	97.3	 621	OK
2163	   0	93.4	93.4	 648	OK
2164	   0	98.5	98.5	 634	OK
2165	   0	90.4	90.4	 631	OK
2166	   0	101.7	101.7	 618	OK
2167	   0	90.7	90.7	 675	OK
2168	   0	91.1	91.1	 615	OK
2169	   0	85.1	85.1	 650	OK
2170	   0	88.4	88.4	 669	OK
2171	   0	95.9	95.9	 625	OK
2172	   0	99.7	99.7	 660	OK
2173	   0	96.4	96.4	 640	OK
2174	   0	95.4	95.4	 603	OK
2175	   0	87.2	87.2	 684	OK
2176	   0	74.0	74.0	 807	OK
2177	   0	71.9	71.9	 877	OK
2178	   0	77.1	77.1	 751	OK
2179	   0	74.9	74.9	 785	OK
2180	   0	80.6	80.6	 763	OK
2181	   0	78.8	78.8	 803	OK
2182	   0	85.2	85.2	 755	OK
2183	   0	76.5	76.5	 803	OK
2184	   0	74.3	74.3	 819	OK
2185	   0	73.4	73.4	 818	OK
2186	   0	79.4	79.4	 735	OK
2187	   0	74.2	74.2	 806	OK
2188	   0	81.4	81.4	 723	OK
2189	   0	80.4	80.4	 814	OK
2190	   0	78.9	78.9	 797	OK
2191	   0	75.5	75.5	 798	OK
2192	   0	82.7	82.7	 744	OK
2193	   0	77.8	77.8	 775	OK
2194	   0	80.9	80.9	 762	OK
2195	   0	68.8	68.8	 779	OK
2196	   0	77.1	77.1	 737	OK
2197	   0	73.5	73.5	 813	OK
2198	   0	78.3	78.3	 754	OK
2199	   0	76.8	76.8	 825	OK
2200	   0	82.3	82.3	 726	OK
2201	   0	80.4	80.4	 807	OK
2202	   0	83.6	83.6	 771	OK
2203	   0	75.0	75.0	 774	OK
2204	   0	75.5	75.5	 709	OK
2205	   0	72.5	72.5	 793	OK
2206	   0	83.8	83.8	 760	OK
2207	   0	76.4	76.4	 802	OK
2208	   0	73.6	73.6	 758	OK
2209	   0	77.8	77.8	 788	OK
2210	   0	77.1	77.1	 755	OK
2211	   0	73.4	73.4	 816	OK
2212	   0	77.8	77.8	 787	OK
2213	   0	73.3	73.3	 784	OK
2214	   0	75.5	75.5	 770	OK
2215	   0	75.1	75.1	 819	OK
2216	   0	78.7	78.7	 715	OK
2217	   0	78.4	78.4	 786	OK
2218	   0	79.7	79.7	 778	OK
2219	   0	78.0	78.0	 764	OK
2220	   0	81.4	81.4	 766	OK
2221	   0	79.4	79.4	 790	OK
2222	   0	78.2	78.2	 773	OK
2223	   0	74.4	74.4	 822	OK
2224	   0	74.1	74.1	 815	OK
2225	   0	77.3	77.3	 802	OK
2226	   0	78.1	78.1	 726	OK
2227	   0	78.1	78.1	 772	OK
2228	   0	72.1	72.1	 763	OK
2229	   0	83.2	83.2	 760	OK
2230	   0	78.7	78.7	 762	OK
2231	   0	83.5	83.5	 769	OK
2232	   0	80.8	80.8	 757	OK
2233	   0	79.1	79.1	 794	OK
2234	   0	83.9	83.9	 764	OK
2235	   0	83.2	83.2	 780	OK
2236	   0	83.4	83.4	 710	OK
2237	   0	75.4	75.4	 784	OK
2238	   0	81.8	81.8	 774	OK
2239	   0	78.6	78.6	 760	OK
2240	   0	76.0	76.0	 777	OK
2241	   0	77.0	77.0	 793	OK
2242	   0	78.8	78.8	 783	OK
2243	   0	77.8	77.8	 794	OK
2244	   0	81.5	81.5	 767	OK
2245	   0	77.5	77.5	 832	OK
2246	   0	83.1	83.1	 747	OK
2247	   0	75.9	75.9	 783	OK
2248	   0	76.6	76.6	 762	OK
2249	   0	75.9	75.9	 766	OK
2250	   0	77.3	77.3	 790	OK
2251	   0	73.5	73.5	 817	OK
2252	   0	77.6	77.6	 796	OK
2253	   0	74.1	74.1	 797	OK
2254	   0	77.8	77.8	 745	OK
2255	   0	70.2	70.2	 784	OK
2256	   0	74.9	74.9	 771	OK
2257	   0	77.8	77.8	 787	OK
2258	   0	77.8	77.8	 774	OK
2259	   0	73.6	73.6	 819	OK
2260	   0	81.1	81.1	 784	OK
2261	   0	80.7	80.7	 793	OK
2262	   0	82.7	82.7	 767	OK
2263	   0	77.7	77.7	 785	OK
2264	   0	82.9	82.9	 778	OK
2265	   0	71.7	71.7	 807	OK
2266	   0	76.0	76.0	 761	OK
2267	   0	77.9	77.9	 770	OK
2268	   0	75.8	75.8	 768	OK
2269	   0	66.6	66.6	 810	OK
2270	   0	66.0	66.0	 814	OK
2271	   0	78.7	78.7	 790	OK
2272	   0	78.5	78.5	 750	OK
2273	   0	81.4	81.4	 762	OK
2274	   0	76.7	76.7	 789	OK
2275	   0	69.0	69.0	 773	OK
2276	   0	77.9	77.9	 774	OK
2277	   0	77.3	77.3	 818	OK
2278	   0	73.9	73.9	 760	OK
2279	   0	78.5	78.5	 789	OK
2280	   0	77.2	77.2	 728	OK
2281	   0	80.0	80.0	 789	OK
2282	   0	74.8	74.8	 772	OK
2283	   0	80.9	80.9	 760	OK
2284	   0	75.5	75.5	 778	OK
2285	   0	73.2	73.2	 787	OK
2286	   0	75.5	75.5	 734	OK
2287	   0	80.6	80.6	 824	OK
2288	   0	73.3	73.3	 734	OK
2289	   0	73.5	73.5	 773	OK
2290	   0	79.8	79.8	 756	OK
2291	   0	70.6	70.6	 821	OK
2292	   0	75.3	75.3	 795	OK
2293	   0	79.1	79.1	 767	OK
2294	   0	79.4	79.4	 747	OK
2295	   0	83.1	83.1	 801	OK
2296	   0	75.2	75.2	 752	OK
2297	   0	71.8	71.8	 865	OK
2298	   0	77.6	77.6	 740	OK
2299	   0	69.5	69.5	 861	OK
2300	   0	80.1	80.1	 771	OK
2301	   0	74.9	74.9	 822	OK
2302	   0	75.2	75.2	 802	OK
2303	   0	72.9	72.9	 874	OK
2304	   0	82.0	82.0	 740	OK
2305	   0	79.9	79.9	 728	OK
2306	   0	88.4	88.4	 733	OK
2307	   0	91.7	91.7	 716	OK
2308	   0	85.6	85.6	 690	OK
2309	   0	83.4	83.4	 757	OK
2310	   0	85.6	85.6	 683	OK
2311	   0	85.0	85.0	 728	OK
2312	   0	83.4	83.4	 701	OK
2313	   0	86.9	86.9	 735	OK
2314	   0	82.8	82.8	 696	OK
2315	   0	81.5	81.5	 763	OK
2316	   0	91.2	91.2	 699	OK
2317	   0	82.0	82.0	 720	OK
2318	   0	84.1	84.1	 703	OK
2319	   0	78.1	78.1	 763	OK
2320	   0	83.4	83.4	 694	OK
2321	   0	79.1	79.1	 763	OK
2322	   0	86.1	86.1	 701	OK
2323	   0	79.8	79.8	 739	OK
2324	   0	80.6	80.6	 710	OK
2325	   0	95.0	95.0	 743	OK
2326	   0	91.9	91.9	 688	OK
2327	   0	88.8	88.8	 720	OK
2328	   0	80.7	80.7	 698	OK
2329	   0	91.0	91.0	 761	OK
2330	   0	80.7	80.7	 715	OK
2331	   0	86.1	86.1	 747	OK
2332	   0	87.9	87.9	 710	OK
2333	   0	84.0	84.0	 726	OK
2334	   0	91.7	91.7	 699	OK
2335	   0	83.2	83.2	 752	OK
2336	   0	80.7	80.7	 730	OK
2337	   0	91.7	91.7	 715	OK
2338	   0	85.2	85.2	 732	OK
2339	   0	82.6	82.6	 741	OK
2340	   0	86.7	86.7	 715	OK
2341	   0	82.4	82.4	 715	OK
2342	   0	91.0	91.0	 713	OK
2343	   0	79.9	79.9	 754	OK
2344	   0	86.2	86.2	 747	OK
2345	   0	80.5	80.5	 719	OK
2346	   0	78.7	78.7	 737	OK
2347	   0	88.9	88.9	 770	OK
2348	   0	86.2	86.2	 692	OK
2349	   0	85.1	85.1	 730	OK
2350	   0	84.8	84.8	 746	OK
2351	   0	86.8	86.8	 746	OK
2352	   0	83.9	83.9	 735	OK
2353	   0	81.4	81.4	 740	OK
2354	   0	88.3	88.3	 736	OK
2355	   0	81.2	81.2	 722	OK
2356	   0	86.4	86.4	 750	OK
2357	   0	87.3	87.3	 741	OK
2358	   0	87.5	87.5	 696	OK
2359	   0	92.0	92.0	 713	OK
2360	   0	90.5	90.5	 723	OK
2361	   0	89.3	89.3	 728	OK
2362	   0	85.6	85.6	 717	OK
2363	   0	85.3	85.3	 771	OK
2364	   0	81.7	81.7	 725	OK
2365	   0	89.6	89.6	 741	OK
2366	   0	82.2	82.2	 703	OK
2367	   0	86.4	86.4	 748	OK
2368	   0	88.7	88.7	 693	OK
2369	   0	92.9	92.9	 756	OK
2370	   0	93.7	93.7	 693	OK
2371	   0	82.3	82.3	 760	OK
2372	   0	90.5	90.5	 732	OK
2373	   0	86.7	86.7	 728	OK
2374	   0	97.5	97.5	 700	OK
2375	   0	90.3	90.3	 751	OK
2376	   0	87.0	87.0	 716	OK
2377	   0	85.5	85.5	 756	OK
2378	   0	94.5	94.5	 728	OK
2379	   0	90.7	90.7	 728	OK
2380	   0	87.3	87.3	 746	OK
2381	   0	90.8	90.8	 772	OK
2382	   0	79.1	79.1	 703	OK
2383	   0	80.5	80.5	 759	OK
2384	   0	76.1	76.1	 760	OK
2385	   0	87.1	87.1	 750	OK
2386	   0	88.8	88.8	 743	OK
2387	   0	88.9	88.9	 783	OK
2388	   0	86.8	86.8	 725	OK
2389	   0	81.8	81.8	 765	OK
2390	   0	92.3	92.3	 691	OK
2391	   0	86.8	86.8	 772	OK
2392	   0	87.1	87.1	 700	OK
2393	   0	79.9	79.9	 767	OK
2394	   0	77.7	77.7	 753	OK
2395	   0	81.1	81.1	 758	OK
2396	   0	96.2	96.2	 728	OK
2397	   0	90.6	90.6	 748	OK
2398	   0	92.0	92.0	 703	OK
2399	   0	90.6	90.6	 767	OK
2400	   0	84.6	84.6	 719	OK
2401	   0	88.3	88.3	 723	OK
2402	   0	86.9	86.9	 727	OK
2403	   0	93.9	93.9	 716	OK
2404	   0	89.9	89.9	 708	OK
2405	   0	89.4	89.4	 764	OK
2406	   0	83.0	83.0	 726	OK
2407	   0	86.9	86.9	 724	OK
2408	   0	76.9	76.9	 760	OK
2409	   0	88.8	88.8	 742	OK
2410	   0	87.1	87.1	 725	OK
2411	   0	82.2	82.2	 774	OK
2412	   0	92.0	92.0	 707	OK
2413	   0	85.6	85.6	 755	OK
2414	   0	82.2	82.2	 745	OK
2415	   0	81.9	81.9	 746	OK
2416	   0	89.6	89.6	 726	OK
2417	   0	81.1	81.1	 775	OK
2418	   0	77.0	77.0	 706	OK
2419	   0	88.0	88.0	 733	OK
2420	   0	86.5	86.5	 692	OK
2421	   0	88.6	88.6	 753	OK
2422	   0	87.2	87.2	 750	OK
2423	   0	91.1	91.1	 749	OK
2424	   0	79.1	79.1	 711	OK
2425	   0	89.0	89.0	 764	OK
2426	   0	94.2	94.2	 711	OK
2427	   0	90.8	90.8	 746	OK
2428	   0	91.2	91.2	 698	OK
2429	   0	92.3	92.3	 744	OK
2430	   0	88.0	88.0	 742	OK
2431	   0	89.1	89.1	 775	OK
2432	   0	75.8	75.8	 756	OK
2433	   0	75.1	75.1	 784	OK
2434	   0	78.7	78.7	 747	OK
2435	   0	75.4	75.4	 760	OK
2436	   0	76.5	76.5	 707	OK
2437	   0	76.0	76.0	 769	OK
2438	   0	81.9	81.9	 738	OK
2439	   0	75.3	75.3	 743	OK
2440	   0	81.1	81.1	 730	OK
2441	   0	80.6	80.6	 791	OK
2442	   0	80.9	80.9	 712	OK
2443	   0	86.8	86.8	 748	OK
2444	   0	74.7	74.7	 743	OK
2445	   0	81.6	81.6	 759	OK
2446	   0	81.7	81.7	 705	OK
2447	   0	85.2	85.2	 778	OK
2448	   0	80.2	80.2	 759	OK
2449	   0	87.4	87.4	 743	OK
2450	   0	72.5	72.5	 783	OK
2451	   0	82.3	82.3	 762	OK
2452	   0	79.6	79.6	 763	OK
2453	   0	83.3	83.3	 748	OK
2454	   0	78.9	78.9	 759	OK
2455	   0	83.7	83.7	 734	OK
2456	   0	82.5	82.5	 717	OK
2457	   0	75.4	75.4	 754	OK
2458	   0	82.0	82.0	 729	OK
2459	   0	81.0	81.0	 775	OK
2460	   0	81.2	81.2	 730	OK
2461	   0	79.2	79.2	 755	OK
2462	   0	83.4	83.4	 756	OK
2463	   0	79.8	79.8	 788	OK
2464	   0	86.0	86.0	 731	OK
2465	   0	84.4	84.4	 734	OK
2466	   0	83.8	83.8	 734	OK
2467	   0	79.7	79.7	 761	OK
2468	   0	73.0	73.0	 767	OK
2469	   0	80.2	80.2	 772	OK
2470	   0	82.7	82.7	 768	OK
2471	   0	83.2	83.2	 742	OK
2472	   0	79.6	79.6	 763	OK
2473	   0	82.2	82.2	 750	OK
2474	   0	83.6	83.6	 717	OK
2475	   0	78.1	78.1	 779	OK
2476	   0	84.7	84.7	 763	OK
2477	   0	86.9	86.9	 756	OK
2478	   0	81.1	81.1	 742	OK
2479	   0	78.8	78.8	 782	OK
2480	   0	84.5	84.5	 738	OK
2481	   0	82.9	82.9	 757	OK
2482	   0	80.1	80.1	 755	OK
2483	   0	77.5	77.5	 772	OK
2484	   0	79.5	79.5	 734	OK
2485	   0	85.5	85.5	 767	OK
2486	   0	83.1	83.1	 711	OK
2487	   0	81.3	81.3	 782	OK
2488	   0	89.4	89.4	 709	OK
2489	   0	81.1	81.1	 749	OK
2490	   0	81.4	81.4	 754	OK
2491	   0	83.9	83.9	 791	OK
2492	   0	70.1	70.1	 767	OK
2493	   0	88.4	88.4	 769	OK
2494	   0	84.0	84.0	 702	OK
2495	   0	84.2	84.2	 772	OK
2496	   0	85.9	85.9	 736	OK
2497	   0	85.8	85.8	 737	OK
2498	   0	73.5	73.5	 762	OK
2499	   0	85.8	85.8	 749	OK
2500	   0	85.2	85.2	 723	OK
2501	   0	88.7	88.7	 760	OK
2502	   0	79.2	79.2	 728	OK
2503	   0	78.1	78.1	 797	OK
2504	   0	86.5	86.5	 760	OK
2505	   0	84.1	84.1	 778	OK
2506	   0	81.4	81.4	 742	OK
2507	   0	80.8	80.8	 775	OK
2508	   0	79.9	79.9	 704	OK
2509	   0	76.6	76.6	 783	OK
2510	   0	78.2	78.2	 704	OK
2511	   0	74.8	74.8	 756	OK
2512	   0	73.3	73.3	 739	OK
2513	   0	85.8	85.8	 761	OK
2514	   0	74.8	74.8	 794	OK
2515	   0	85.2	85.2	 738	OK
2516	   0	74.3	74.3	 726	OK
2517	   0	77.0	77.0	 779	OK
2518	   0	80.4	80.4	 723	OK
2519	   0	81.8	81.8	 795	OK
2520	   0	83.8	83.8	 728	OK
2521	   0	80.1	80.1	 752	OK
2522	   0	82.1	82.1	 724	OK
2523	   0	77.9	77.9	 786	OK
2524	   0	87.5	87.5	 733	OK
2525	   0	74.2	74.2	 748	OK
2526	   0	79.8	79.8	 743	OK
2527	   0	73.6	73.6	 755	OK
2528	   0	80.2	80.2	 749	OK
2529	   0	77.8	77.8	 740	OK
2530	   0	77.1	77.1	 743	OK
2531	   0	76.0	76.0	 769	OK
2532	   0	82.5	82.5	 716	OK
2533	   0	80.3	80.3	 738	OK
2534	   0	80.2	80.2	 753	OK
2535	   0	81.9	81.9	 776	OK
2536	   0	78.8	78.8	 754	OK
2537	   0	84.6	84.6	 758	OK
2538	   0	77.6	77.6	 721	OK
2539	   0	79.5	79.5	 759	OK
2540	   0	74.5	74.5	 719	OK
2541	   0	83.1	83.1	 775	OK
2542	   0	80.1	80.1	 758	OK
2543	   0	78.8	78.8	 775	OK
2544	   0	72.7	72.7	 752	OK
2545	   0	75.3	75.3	 799	OK
2546	   0	83.4	83.4	 742	OK
2547	   0	75.0	75.0	 791	OK
2548	   0	86.1	86.1	 706	OK
2549	   0	76.6	76.6	 797	OK
2550	   0	78.0	78.0	 734	OK
2551	   0	84.8	84.8	 812	OK
2552	   0	80.1	80.1	 747	OK
2553	   0	80.1	80.1	 785	OK
2554	   0	78.3	78.3	 742	OK
2555	   0	84.8	84.8	 791	OK
2556	   0	75.6	75.6	 759	OK
2557	   0	73.6	73.6	 798	OK
2558	   0	83.3	83.3	 812	OK
2559	   0	77.4	77.4	 865	OK
