#chan	code	gain	offset	innse	comment
   0	   0	90.6	90.6	 718	OK
   1	   0	93.2	93.2	 681	OK
   2	   0	100.0	100.0	 666	OK
   3	   0	94.6	94.6	 670	OK
   4	   0	99.4	99.4	 662	OK
   5	   0	93.1	93.1	 662	OK
   6	   0	103.8	103.8	 655	OK
   7	   0	93.1	93.1	 639	OK
   8	   0	104.1	104.1	 660	OK
   9	   0	92.8	92.8	 663	OK
  10	   0	95.8	95.8	 684	OK
  11	   0	96.0	96.0	 625	OK
  12	   0	103.7	103.7	 644	OK
  13	   0	94.7	94.7	 682	OK
  14	   0	93.1	93.1	 688	OK
  15	   0	104.5	104.5	 658	OK
  16	   0	91.9	91.9	 651	OK
  17	   0	96.0	96.0	 679	OK
  18	   0	89.7	89.7	 682	OK
  19	   0	103.0	103.0	 698	OK
  20	   0	100.2	100.2	 698	OK
  21	   0	88.3	88.3	 711	OK
  22	   0	97.0	97.0	 716	OK
  23	   0	93.5	93.5	 686	OK
  24	   0	91.0	91.0	 675	OK
  25	   0	89.3	89.3	 720	OK
  26	   0	93.5	93.5	 670	OK
  27	   0	98.3	98.3	 701	OK
  28	   0	95.6	95.6	 681	OK
  29	   0	99.0	99.0	 708	OK
  30	   0	92.0	92.0	 706	OK
  31	   0	97.6	97.6	 709	OK
  32	   0	100.8	100.8	 696	OK
  33	   0	95.0	95.0	 694	OK
  34	   0	87.4	87.4	 694	OK
  35	   0	89.2	89.2	 700	OK
  36	   0	99.9	99.9	 685	OK
  37	   0	102.4	102.4	 718	OK
  38	   0	91.9	91.9	 696	OK
  39	   0	96.0	96.0	 696	OK
  40	   0	103.0	103.0	 687	OK
  41	   0	97.6	97.6	 673	OK
  42	   0	101.8	101.8	 717	OK
  43	   0	101.8	101.8	 688	OK
  44	   0	96.4	96.4	 724	OK
  45	   0	94.5	94.5	 697	OK
  46	   0	97.7	97.7	 680	OK
  47	   0	102.8	102.8	 689	OK
  48	   0	102.8	102.8	 692	OK
  49	   0	88.8	88.8	 706	OK
  50	   0	100.5	100.5	 694	OK
  51	   0	92.6	92.6	 695	OK
  52	   0	94.9	94.9	 703	OK
  53	   0	101.4	101.4	 692	OK
  54	   0	98.6	98.6	 693	OK
  55	   0	99.7	99.7	 716	OK
  56	   0	100.0	100.0	 734	OK
  57	   0	99.7	99.7	 691	OK
  58	   0	98.6	98.6	 748	OK
  59	   0	99.3	99.3	 716	OK
  60	   0	100.7	100.7	 701	OK
  61	   0	97.0	97.0	 673	OK
  62	   0	94.4	94.4	 698	OK
  63	   0	88.2	88.2	 723	OK
  64	   0	96.6	96.6	 694	OK
  65	   0	107.8	107.8	 715	OK
  66	   0	95.8	95.8	 730	OK
  67	   0	103.6	103.6	 710	OK
  68	   0	104.5	104.5	 713	OK
  69	   0	103.8	103.8	 721	OK
  70	   0	102.2	102.2	 672	OK
  71	   0	104.6	104.6	 721	OK
  72	   0	104.3	104.3	 700	OK
  73	   0	104.2	104.2	 713	OK
  74	   0	103.6	103.6	 686	OK
  75	   0	92.1	92.1	 719	OK
  76	   0	95.0	95.0	 751	OK
  77	   0	92.3	92.3	 721	OK
  78	   0	103.8	103.8	 699	OK
  79	   0	105.6	105.6	 677	OK
  80	1501	0.0	0.0	   0	dead
  81	1501	0.0	0.0	   0	dead
  82	   0	98.5	98.5	 679	OK
  83	   0	106.3	106.3	 725	OK
  84	   0	98.7	98.7	 694	OK
  85	   0	97.6	97.6	 700	OK
  86	   0	95.5	95.5	 739	OK
  87	   0	96.9	96.9	 700	OK
  88	   0	95.1	95.1	 672	OK
  89	   0	100.8	100.8	 689	OK
  90	   0	93.6	93.6	 678	OK
  91	   0	94.2	94.2	 725	OK
  92	   0	95.2	95.2	 700	OK
  93	   0	108.3	108.3	 687	OK
  94	   0	97.0	97.0	 704	OK
  95	   0	94.9	94.9	 707	OK
  96	   0	100.1	100.1	 671	OK
  97	   0	102.1	102.1	 654	OK
  98	   0	90.8	90.8	 721	OK
  99	   0	100.4	100.4	 675	OK
 100	   0	101.5	101.5	 685	OK
 101	   0	106.9	106.9	 680	OK
 102	   0	100.8	100.8	 689	OK
 103	   0	102.8	102.8	 705	OK
 104	   0	99.1	99.1	 686	OK
 105	   0	94.6	94.6	 720	OK
 106	   0	101.0	101.0	 710	OK
 107	   0	101.0	101.0	 697	OK
 108	   0	95.6	95.6	 722	OK
 109	   0	105.8	105.8	 656	OK
 110	   0	101.6	101.6	 675	OK
 111	   0	98.6	98.6	 689	OK
 112	   0	97.3	97.3	 680	OK
 113	   0	95.8	95.8	 702	OK
 114	   0	94.0	94.0	 700	OK
 115	   0	97.7	97.7	 699	OK
 116	   0	101.8	101.8	 687	OK
 117	   0	102.2	102.2	 694	OK
 118	   0	101.5	101.5	 654	OK
 119	   0	101.0	101.0	 687	OK
 120	   0	101.0	101.0	 712	OK
 121	   0	102.7	102.7	 676	OK
 122	   0	102.3	102.3	 658	OK
 123	   0	93.0	93.0	 712	OK
 124	   0	95.4	95.4	 679	OK
 125	1501	0.0	0.0	   0	dead
 126	   0	90.5	90.5	 652	OK
 127	   0	95.8	95.8	 703	OK
 128	   0	81.5	81.5	 791	OK
 129	   0	80.1	80.1	 761	OK
 130	   0	73.4	73.4	 783	OK
 131	   0	80.0	80.0	 831	OK
 132	   0	73.3	73.3	 799	OK
 133	   0	80.1	80.1	 782	OK
 134	   0	81.4	81.4	 783	OK
 135	   0	77.5	77.5	 757	OK
 136	   0	81.9	81.9	 759	OK
 137	   0	79.8	79.8	 781	OK
 138	   0	81.6	81.6	 764	OK
 139	   0	82.3	82.3	 763	OK
 140	   0	74.2	74.2	 758	OK
 141	   0	84.4	84.4	 740	OK
 142	   0	84.9	84.9	 707	OK
 143	   0	83.6	83.6	 770	OK
 144	   0	86.4	86.4	 732	OK
 145	   0	81.5	81.5	 778	OK
 146	   0	74.3	74.3	 805	OK
 147	   0	80.1	80.1	 722	OK
 148	   0	82.2	82.2	 730	OK
 149	   0	81.5	81.5	 740	OK
 150	   0	82.1	82.1	 807	OK
 151	   0	77.1	77.1	 777	OK
 152	   0	77.7	77.7	 748	OK
 153	   0	77.7	77.7	 734	OK
 154	   0	80.7	80.7	 770	OK
 155	   0	79.1	79.1	 767	OK
 156	   0	78.2	78.2	 718	OK
 157	   0	81.8	81.8	 768	OK
 158	   0	70.2	70.2	 790	OK
 159	   0	79.0	79.0	 728	OK
 160	   0	83.6	83.6	 736	OK
 161	   0	75.1	75.1	 750	OK
 162	   0	79.3	79.3	 724	OK
 163	   0	92.7	92.7	 761	OK
 164	   0	85.6	85.6	 737	OK
 165	   0	77.8	77.8	 764	OK
 166	   0	76.8	76.8	 725	OK
 167	   0	80.7	80.7	 755	OK
 168	   0	81.5	81.5	 755	OK
 169	   0	78.7	78.7	 765	OK
 170	   0	71.6	71.6	 763	OK
 171	   0	86.3	86.3	 764	OK
 172	   0	81.0	81.0	 771	OK
 173	   0	85.9	85.9	 793	OK
 174	   0	82.8	82.8	 757	OK
 175	   0	82.5	82.5	 748	OK
 176	   0	81.6	81.6	 756	OK
 177	   0	85.8	85.8	 722	OK
 178	   0	79.9	79.9	 749	OK
 179	   0	81.0	81.0	 799	OK
 180	   0	84.2	84.2	 774	OK
 181	   0	81.8	81.8	 778	OK
 182	   0	81.4	81.4	 756	OK
 183	   0	84.1	84.1	 762	OK
 184	   0	81.2	81.2	 724	OK
 185	   0	81.7	81.7	 738	OK
 186	   0	76.9	76.9	 759	OK
 187	   0	79.8	79.8	 761	OK
 188	   0	82.5	82.5	 774	OK
 189	   0	86.9	86.9	 774	OK
 190	   0	83.3	83.3	 737	OK
 191	   0	84.6	84.6	 767	OK
 192	   0	81.8	81.8	 781	OK
 193	   0	91.8	91.8	 706	OK
 194	   0	81.6	81.6	 719	OK
 195	   0	82.4	82.4	 729	OK
 196	   0	78.0	78.0	 768	OK
 197	   0	82.1	82.1	 761	OK
 198	   0	74.1	74.1	 768	OK
 199	   0	82.7	82.7	 725	OK
 200	   0	78.2	78.2	 744	OK
 201	   0	85.0	85.0	 738	OK
 202	   0	78.4	78.4	 739	OK
 203	   0	81.9	81.9	 734	OK
 204	   0	86.1	86.1	 758	OK
 205	   0	80.2	80.2	 723	OK
 206	   0	83.3	83.3	 743	OK
 207	   0	79.5	79.5	 741	OK
 208	   0	85.2	85.2	 776	OK
 209	   0	83.4	83.4	 747	OK
 210	   0	87.8	87.8	 719	OK
 211	   0	90.0	90.0	 716	OK
 212	   0	79.5	79.5	 733	OK
 213	   0	81.3	81.3	 732	OK
 214	   0	86.6	86.6	 755	OK
 215	   0	85.3	85.3	 740	OK
 216	   0	84.3	84.3	 746	OK
 217	   0	77.7	77.7	 777	OK
 218	   0	77.3	77.3	 793	OK
 219	   0	74.5	74.5	 733	OK
 220	   0	83.6	83.6	 741	OK
 221	   0	81.7	81.7	 739	OK
 222	   0	82.5	82.5	 749	OK
 223	   0	77.8	77.8	 789	OK
 224	   0	81.3	81.3	 756	OK
 225	   0	77.4	77.4	 782	OK
 226	   0	84.6	84.6	 713	OK
 227	   0	81.5	81.5	 744	OK
 228	   0	80.5	80.5	 735	OK
 229	   0	80.9	80.9	 772	OK
 230	   0	80.1	80.1	 731	OK
 231	   0	81.6	81.6	 719	OK
 232	   0	75.3	75.3	 775	OK
 233	   0	76.8	76.8	 751	OK
 234	   0	80.4	80.4	 764	OK
 235	   0	78.1	78.1	 769	OK
 236	   0	81.2	81.2	 756	OK
 237	   0	79.8	79.8	 728	OK
 238	   0	88.1	88.1	 732	OK
 239	   0	82.2	82.2	 746	OK
 240	   0	77.5	77.5	 758	OK
 241	   0	84.2	84.2	 735	OK
 242	   0	85.5	85.5	 776	OK
 243	   0	82.9	82.9	 750	OK
 244	   0	79.7	79.7	 747	OK
 245	   0	77.8	77.8	 744	OK
 246	   0	81.5	81.5	 786	OK
 247	   0	83.7	83.7	 764	OK
 248	   0	78.2	78.2	 775	OK
 249	   0	84.4	84.4	 768	OK
 250	   0	83.9	83.9	 738	OK
 251	   0	83.0	83.0	 772	OK
 252	   0	82.3	82.3	 749	OK
 253	   0	83.3	83.3	 741	OK
 254	   0	79.8	79.8	 723	OK
 255	   0	85.8	85.8	 702	OK
 256	   0	78.9	78.9	 797	OK
 257	   0	80.3	80.3	 748	OK
 258	   0	82.8	82.8	 733	OK
 259	   0	78.7	78.7	 766	OK
 260	   0	86.6	86.6	 759	OK
 261	   0	80.3	80.3	 745	OK
 262	   0	80.8	80.8	 769	OK
 263	   0	82.5	82.5	 778	OK
 264	   0	84.2	84.2	 734	OK
 265	   0	78.2	78.2	 765	OK
 266	   0	84.6	84.6	 781	OK
 267	   0	81.2	81.2	 764	OK
 268	   0	79.0	79.0	 769	OK
 269	   0	84.4	84.4	 718	OK
 270	   0	84.6	84.6	 721	OK
 271	   0	75.9	75.9	 761	OK
 272	   0	77.6	77.6	 768	OK
 273	   0	81.0	81.0	 745	OK
 274	   0	83.0	83.0	 759	OK
 275	   0	81.7	81.7	 730	OK
 276	   0	87.2	87.2	 739	OK
 277	   0	76.1	76.1	 766	OK
 278	   0	85.6	85.6	 792	OK
 279	   0	84.8	84.8	 744	OK
 280	   0	77.3	77.3	 814	OK
 281	   0	80.0	80.0	 786	OK
 282	   0	86.6	86.6	 749	OK
 283	   0	79.7	79.7	 747	OK
 284	   0	73.0	73.0	 775	OK
 285	   0	74.6	74.6	 795	OK
 286	   0	84.1	84.1	 738	OK
 287	   0	80.8	80.8	 793	OK
 288	   0	86.6	86.6	 751	OK
 289	   0	84.6	84.6	 773	OK
 290	   0	84.4	84.4	 768	OK
 291	   0	80.5	80.5	 783	OK
 292	   0	87.3	87.3	 728	OK
 293	   0	83.9	83.9	 736	OK
 294	   0	85.2	85.2	 744	OK
 295	   0	83.2	83.2	 764	OK
 296	   0	80.7	80.7	 785	OK
 297	   0	79.5	79.5	 763	OK
 298	   0	78.8	78.8	 740	OK
 299	   0	84.9	84.9	 738	OK
 300	   0	83.3	83.3	 778	OK
 301	   0	75.9	75.9	 756	OK
 302	   0	78.3	78.3	 781	OK
 303	   0	77.2	77.2	 760	OK
 304	   0	81.5	81.5	 777	OK
 305	   0	86.0	86.0	 760	OK
 306	   0	83.7	83.7	 748	OK
 307	   0	77.0	77.0	 785	OK
 308	   0	84.1	84.1	 749	OK
 309	   0	85.0	85.0	 751	OK
 310	   0	78.7	78.7	 758	OK
 311	   0	79.6	79.6	 762	OK
 312	   0	79.4	79.4	 737	OK
 313	   0	85.4	85.4	 764	OK
 314	   0	83.6	83.6	 730	OK
 315	   0	80.8	80.8	 777	OK
 316	   0	85.6	85.6	 717	OK
 317	   0	82.4	82.4	 757	OK
 318	   0	81.5	81.5	 749	OK
 319	   0	81.3	81.3	 810	OK
 320	   0	82.3	82.3	 779	OK
 321	   0	79.0	79.0	 764	OK
 322	   0	85.6	85.6	 744	OK
 323	   0	85.3	85.3	 795	OK
 324	   0	78.0	78.0	 768	OK
 325	   0	85.5	85.5	 756	OK
 326	   0	83.2	83.2	 736	OK
 327	   0	77.0	77.0	 791	OK
 328	   0	84.8	84.8	 740	OK
 329	   0	77.2	77.2	 792	OK
 330	   0	81.4	81.4	 792	OK
 331	   0	78.1	78.1	 795	OK
 332	   0	75.8	75.8	 777	OK
 333	   0	83.1	83.1	 783	OK
 334	   0	75.8	75.8	 773	OK
 335	   0	79.4	79.4	 801	OK
 336	   0	82.5	82.5	 807	OK
 337	   0	78.4	78.4	 754	OK
 338	   0	80.2	80.2	 770	OK
 339	   0	77.1	77.1	 769	OK
 340	   0	84.6	84.6	 776	OK
 341	   0	83.8	83.8	 759	OK
 342	   0	84.0	84.0	 782	OK
 343	   0	85.8	85.8	 736	OK
 344	   0	82.7	82.7	 734	OK
 345	   0	79.0	79.0	 724	OK
 346	   0	76.9	76.9	 738	OK
 347	   0	79.1	79.1	 755	OK
 348	   0	80.7	80.7	 733	OK
 349	   0	83.6	83.6	 763	OK
 350	   0	80.5	80.5	 768	OK
 351	   0	85.2	85.2	 769	OK
 352	   0	78.5	78.5	 758	OK
 353	   0	87.7	87.7	 794	OK
 354	   0	80.2	80.2	 766	OK
 355	   0	79.8	79.8	 780	OK
 356	   0	82.8	82.8	 749	OK
 357	   0	79.9	79.9	 771	OK
 358	   0	82.2	82.2	 788	OK
 359	   0	80.1	80.1	 780	OK
 360	   0	78.8	78.8	 781	OK
 361	   0	82.6	82.6	 739	OK
 362	   0	83.7	83.7	 749	OK
 363	   0	86.1	86.1	 738	OK
 364	   0	80.7	80.7	 809	OK
 365	   0	80.5	80.5	 766	OK
 366	   0	80.3	80.3	 762	OK
 367	   0	85.7	85.7	 771	OK
 368	   0	83.6	83.6	 792	OK
 369	   0	81.9	81.9	 776	OK
 370	   0	85.6	85.6	 749	OK
 371	   0	85.5	85.5	 752	OK
 372	   0	81.3	81.3	 757	OK
 373	   0	80.3	80.3	 784	OK
 374	   0	82.5	82.5	 747	OK
 375	   0	82.4	82.4	 752	OK
 376	   0	78.3	78.3	 759	OK
 377	   0	81.1	81.1	 736	OK
 378	   0	79.9	79.9	 776	OK
 379	   0	82.7	82.7	 778	OK
 380	   0	86.3	86.3	 739	OK
 381	   0	77.6	77.6	 776	OK
 382	   0	77.6	77.6	 784	OK
 383	   0	87.0	87.0	 772	OK
 384	   0	81.7	81.7	 710	OK
 385	   0	89.9	89.9	 742	OK
 386	   0	89.5	89.5	 715	OK
 387	   0	90.2	90.2	 673	OK
 388	   0	83.1	83.1	 716	OK
 389	   0	82.9	82.9	 738	OK
 390	   0	91.0	91.0	 719	OK
 391	   0	97.4	97.4	 690	OK
 392	   0	88.7	88.7	 667	OK
 393	   0	85.5	85.5	 698	OK
 394	   0	86.8	86.8	 707	OK
 395	   0	92.7	92.7	 713	OK
 396	   0	88.9	88.9	 745	OK
 397	   0	84.6	84.6	 704	OK
 398	   0	90.9	90.9	 704	OK
 399	   0	90.4	90.4	 694	OK
 400	   0	89.0	89.0	 716	OK
 401	   0	86.3	86.3	 760	OK
 402	   0	91.1	91.1	 747	OK
 403	   0	86.7	86.7	 680	OK
 404	   0	95.0	95.0	 683	OK
 405	   0	78.8	78.8	 720	OK
 406	   0	89.3	89.3	 716	OK
 407	   0	84.8	84.8	 708	OK
 408	   0	95.7	95.7	 683	OK
 409	   0	87.1	87.1	 717	OK
 410	   0	90.2	90.2	 702	OK
 411	   0	85.9	85.9	 698	OK
 412	   0	83.0	83.0	 729	OK
 413	   0	84.8	84.8	 703	OK
 414	   0	87.5	87.5	 715	OK
 415	   0	92.2	92.2	 748	OK
 416	   0	79.8	79.8	 715	OK
 417	   0	86.7	86.7	 734	OK
 418	   0	95.2	95.2	 700	OK
 419	   0	86.9	86.9	 715	OK
 420	   0	83.2	83.2	 724	OK
 421	   0	88.9	88.9	 705	OK
 422	   0	87.7	87.7	 648	OK
 423	   0	83.7	83.7	 729	OK
 424	   0	89.2	89.2	 722	OK
 425	   0	83.9	83.9	 691	OK
 426	   0	86.4	86.4	 723	OK
 427	   0	87.0	87.0	 707	OK
 428	   0	84.9	84.9	 731	OK
 429	   0	85.9	85.9	 719	OK
 430	   0	86.2	86.2	 705	OK
 431	   0	81.6	81.6	 712	OK
 432	   0	84.0	84.0	 721	OK
 433	   0	88.6	88.6	 690	OK
 434	   0	93.4	93.4	 678	OK
 435	   0	84.5	84.5	 741	OK
 436	   0	92.1	92.1	 737	OK
 437	   0	86.7	86.7	 717	OK
 438	   0	92.7	92.7	 707	OK
 439	   0	95.8	95.8	 725	OK
 440	   0	95.3	95.3	 715	OK
 441	   0	87.3	87.3	 735	OK
 442	   0	87.8	87.8	 704	OK
 443	   0	85.5	85.5	 708	OK
 444	   0	89.3	89.3	 752	OK
 445	   0	88.9	88.9	 706	OK
 446	   0	87.2	87.2	 699	OK
 447	   0	91.2	91.2	 715	OK
 448	   0	86.1	86.1	 678	OK
 449	   0	86.2	86.2	 686	OK
 450	   0	88.0	88.0	 689	OK
 451	   0	88.3	88.3	 683	OK
 452	   0	85.7	85.7	 712	OK
 453	   0	89.4	89.4	 741	OK
 454	   0	92.7	92.7	 718	OK
 455	   0	91.3	91.3	 662	OK
 456	   0	84.6	84.6	 688	OK
 457	   0	87.0	87.0	 724	OK
 458	   0	93.4	93.4	 714	OK
 459	   0	86.4	86.4	 701	OK
 460	   0	87.2	87.2	 679	OK
 461	   0	90.7	90.7	 700	OK
 462	   0	89.1	89.1	 699	OK
 463	   0	82.9	82.9	 709	OK
 464	   0	87.8	87.8	 715	OK
 465	   0	79.8	79.8	 725	OK
 466	   0	88.3	88.3	 727	OK
 467	   0	86.4	86.4	 726	OK
 468	   0	91.0	91.0	 743	OK
 469	   0	85.4	85.4	 681	OK
 470	   0	86.4	86.4	 725	OK
 471	   0	91.9	91.9	 677	OK
 472	   0	88.6	88.6	 702	OK
 473	   0	86.2	86.2	 692	OK
 474	   0	84.3	84.3	 702	OK
 475	   0	93.7	93.7	 723	OK
 476	   0	93.2	93.2	 687	OK
 477	   0	88.8	88.8	 718	OK
 478	   0	91.6	91.6	 703	OK
 479	   0	87.2	87.2	 747	OK
 480	   0	86.0	86.0	 701	OK
 481	   0	95.0	95.0	 695	OK
 482	   0	97.7	97.7	 692	OK
 483	   0	84.5	84.5	 743	OK
 484	   0	86.8	86.8	 690	OK
 485	   0	90.9	90.9	 692	OK
 486	   0	87.6	87.6	 702	OK
 487	   0	87.3	87.3	 729	OK
 488	   0	86.5	86.5	 704	OK
 489	   0	88.8	88.8	 686	OK
 490	   0	80.5	80.5	 734	OK
 491	   0	94.4	94.4	 714	OK
 492	   0	88.8	88.8	 713	OK
 493	   0	94.8	94.8	 700	OK
 494	   0	84.4	84.4	 716	OK
 495	   0	89.3	89.3	 707	OK
 496	   0	87.8	87.8	 695	OK
 497	   0	90.3	90.3	 695	OK
 498	   0	82.8	82.8	 682	OK
 499	   0	85.8	85.8	 721	OK
 500	   0	92.2	92.2	 677	OK
 501	   0	85.3	85.3	 721	OK
 502	   0	86.7	86.7	 730	OK
 503	   0	91.0	91.0	 694	OK
 504	   0	88.3	88.3	 738	OK
 505	   0	89.0	89.0	 732	OK
 506	   0	87.4	87.4	 691	OK
 507	   0	94.6	94.6	 709	OK
 508	   0	88.6	88.6	 734	OK
 509	   0	94.8	94.8	 709	OK
 510	   0	90.0	90.0	 722	OK
 511	   0	92.8	92.8	 693	OK
 512	   0	71.1	71.1	 850	OK
 513	   0	71.3	71.3	 810	OK
 514	   0	68.7	68.7	 817	OK
 515	   0	74.2	74.2	 818	OK
 516	   0	75.9	75.9	 811	OK
 517	   0	77.9	77.9	 824	OK
 518	   0	77.2	77.2	 835	OK
 519	   0	76.0	76.0	 813	OK
 520	   0	75.3	75.3	 842	OK
 521	   0	73.6	73.6	 792	OK
 522	   0	75.2	75.2	 805	OK
 523	   0	81.6	81.6	 785	OK
 524	   0	76.4	76.4	 803	OK
 525	   0	75.9	75.9	 856	OK
 526	   0	72.3	72.3	 821	OK
 527	   0	75.3	75.3	 819	OK
 528	   0	72.9	72.9	 824	OK
 529	   0	83.2	83.2	 781	OK
 530	   0	87.4	87.4	 832	OK
 531	   0	76.6	76.6	 836	OK
 532	   0	83.6	83.6	 837	OK
 533	   0	83.1	83.1	 828	OK
 534	   0	71.6	71.6	 795	OK
 535	   0	74.5	74.5	 797	OK
 536	   0	78.7	78.7	 817	OK
 537	   0	77.0	77.0	 808	OK
 538	   0	73.6	73.6	 797	OK
 539	   0	72.9	72.9	 824	OK
 540	   0	69.8	69.8	 831	OK
 541	   0	73.9	73.9	 802	OK
 542	   0	76.8	76.8	 843	OK
 543	   0	75.0	75.0	 774	OK
 544	   0	80.1	80.1	 824	OK
 545	   0	78.5	78.5	 831	OK
 546	   0	66.7	66.7	 802	OK
 547	   0	73.6	73.6	 817	OK
 548	   0	69.8	69.8	 872	OK
 549	   0	77.1	77.1	 826	OK
 550	   0	74.5	74.5	 815	OK
 551	   0	75.6	75.6	 801	OK
 552	   0	79.5	79.5	 791	OK
 553	   0	77.8	77.8	 800	OK
 554	   0	77.1	77.1	 789	OK
 555	   0	72.9	72.9	 830	OK
 556	   0	74.4	74.4	 808	OK
 557	   0	74.4	74.4	 828	OK
 558	   0	84.8	84.8	 817	OK
 559	   0	72.1	72.1	 784	OK
 560	   0	77.6	77.6	 819	OK
 561	   0	77.1	77.1	 823	OK
 562	   0	70.4	70.4	 837	OK
 563	   0	73.1	73.1	 789	OK
 564	   0	82.0	82.0	 807	OK
 565	   0	76.9	76.9	 809	OK
 566	   0	79.0	79.0	 826	OK
 567	   0	75.7	75.7	 820	OK
 568	   0	71.6	71.6	 880	OK
 569	   0	79.9	79.9	 793	OK
 570	   0	74.0	74.0	 791	OK
 571	   0	75.5	75.5	 849	OK
 572	   0	77.4	77.4	 814	OK
 573	   0	78.6	78.6	 817	OK
 574	   0	79.2	79.2	 826	OK
 575	   0	79.4	79.4	 830	OK
 576	   0	72.0	72.0	 858	OK
 577	   0	76.9	76.9	 839	OK
 578	   0	69.9	69.9	 817	OK
 579	   0	71.8	71.8	 817	OK
 580	   0	66.9	66.9	 791	OK
 581	   0	71.4	71.4	 854	OK
 582	   0	76.9	76.9	 820	OK
 583	   0	74.2	74.2	 809	OK
 584	   0	73.8	73.8	 814	OK
 585	   0	68.8	68.8	 815	OK
 586	   0	75.6	75.6	 847	OK
 587	   0	72.9	72.9	 826	OK
 588	   0	68.9	68.9	 817	OK
 589	   0	72.6	72.6	 804	OK
 590	   0	72.9	72.9	 815	OK
 591	   0	70.9	70.9	 824	OK
 592	   0	75.0	75.0	 825	OK
 593	   0	69.5	69.5	 844	OK
 594	   0	76.8	76.8	 814	OK
 595	   0	72.0	72.0	 853	OK
 596	   0	74.7	74.7	 791	OK
 597	   0	74.1	74.1	 811	OK
 598	   0	76.1	76.1	 823	OK
 599	   0	75.8	75.8	 791	OK
 600	   0	72.2	72.2	 829	OK
 601	   0	78.5	78.5	 767	OK
 602	   0	74.0	74.0	 780	OK
 603	   0	68.4	68.4	 779	OK
 604	   0	70.9	70.9	 832	OK
 605	   0	71.3	71.3	 831	OK
 606	   0	72.8	72.8	 819	OK
 607	   0	70.8	70.8	 831	OK
 608	   0	74.0	74.0	 810	OK
 609	   0	77.8	77.8	 790	OK
 610	   0	81.7	81.7	 824	OK
 611	   0	72.9	72.9	 818	OK
 612	   0	80.9	80.9	 823	OK
 613	   0	78.7	78.7	 804	OK
 614	   0	73.2	73.2	 827	OK
 615	   0	76.2	76.2	 808	OK
 616	   0	70.5	70.5	 796	OK
 617	   0	73.0	73.0	 780	OK
 618	   0	76.3	76.3	 815	OK
 619	   0	73.6	73.6	 813	OK
 620	   0	75.1	75.1	 803	OK
 621	   0	77.1	77.1	 774	OK
 622	   0	80.1	80.1	 822	OK
 623	   0	75.2	75.2	 797	OK
 624	   0	71.6	71.6	 790	OK
 625	   0	70.4	70.4	 868	OK
 626	   0	70.6	70.6	 799	OK
 627	   0	70.4	70.4	 790	OK
 628	   0	73.7	73.7	 813	OK
 629	   0	80.0	80.0	 830	OK
 630	   0	72.5	72.5	 809	OK
 631	   0	82.9	82.9	 794	OK
 632	   0	73.3	73.3	 829	OK
 633	   0	73.9	73.9	 814	OK
 634	   0	77.3	77.3	 786	OK
 635	   0	78.4	78.4	 831	OK
 636	   0	78.9	78.9	 798	OK
 637	   0	76.0	76.0	 832	OK
 638	   0	75.6	75.6	 826	OK
 639	   0	75.6	75.6	 808	OK
 640	   0	89.9	89.9	 772	OK
 641	   0	87.8	87.8	 757	OK
 642	   0	85.8	85.8	 743	OK
 643	   0	86.7	86.7	 738	OK
 644	   0	88.5	88.5	 751	OK
 645	   0	85.2	85.2	 757	OK
 646	   0	88.0	88.0	 716	OK
 647	   0	91.5	91.5	 734	OK
 648	   0	80.1	80.1	 720	OK
 649	   0	82.8	82.8	 723	OK
 650	   0	86.5	86.5	 750	OK
 651	   0	90.4	90.4	 714	OK
 652	   0	84.2	84.2	 734	OK
 653	   0	88.3	88.3	 744	OK
 654	   0	86.4	86.4	 717	OK
 655	   0	91.9	91.9	 720	OK
 656	   0	85.3	85.3	 717	OK
 657	   0	91.4	91.4	 773	OK
 658	   0	86.5	86.5	 755	OK
 659	   0	84.6	84.6	 704	OK
 660	   0	88.7	88.7	 746	OK
 661	   0	81.6	81.6	 734	OK
 662	   0	81.5	81.5	 749	OK
 663	   0	84.1	84.1	 735	OK
 664	   0	79.2	79.2	 724	OK
 665	   0	80.2	80.2	 740	OK
 666	   0	93.2	93.2	 743	OK
 667	   0	81.7	81.7	 760	OK
 668	   0	84.8	84.8	 731	OK
 669	   0	88.5	88.5	 735	OK
 670	   0	86.5	86.5	 747	OK
 671	   0	85.4	85.4	 728	OK
 672	   0	86.3	86.3	 723	OK
 673	   0	88.6	88.6	 711	OK
 674	   0	87.3	87.3	 727	OK
 675	   0	84.3	84.3	 728	OK
 676	   0	77.8	77.8	 759	OK
 677	   0	79.5	79.5	 742	OK
 678	   0	81.4	81.4	 706	OK
 679	   0	90.0	90.0	 736	OK
 680	   0	83.3	83.3	 734	OK
 681	   0	83.3	83.3	 731	OK
 682	   0	82.3	82.3	 738	OK
 683	   0	81.6	81.6	 763	OK
 684	   0	80.2	80.2	 745	OK
 685	   0	83.3	83.3	 726	OK
 686	   0	87.4	87.4	 725	OK
 687	   0	86.4	86.4	 756	OK
 688	   0	78.3	78.3	 754	OK
 689	   0	80.9	80.9	 732	OK
 690	   0	90.3	90.3	 693	OK
 691	   0	86.9	86.9	 722	OK
 692	   0	89.3	89.3	 767	OK
 693	   0	84.5	84.5	 739	OK
 694	   0	85.9	85.9	 769	OK
 695	   0	89.9	89.9	 726	OK
 696	   0	82.1	82.1	 775	OK
 697	   0	93.1	93.1	 728	OK
 698	   0	84.4	84.4	 753	OK
 699	   0	87.5	87.5	 764	OK
 700	   0	82.7	82.7	 772	OK
 701	   0	89.4	89.4	 751	OK
 702	   0	84.2	84.2	 778	OK
 703	   0	80.7	80.7	 720	OK
 704	   0	88.8	88.8	 754	OK
 705	   0	92.0	92.0	 718	OK
 706	   0	86.0	86.0	 736	OK
 707	   0	90.7	90.7	 760	OK
 708	   0	81.2	81.2	 757	OK
 709	   0	86.4	86.4	 713	OK
 710	   0	83.0	83.0	 716	OK
 711	   0	89.0	89.0	 763	OK
 712	   0	83.3	83.3	 759	OK
 713	   0	89.4	89.4	 770	OK
 714	   0	90.6	90.6	 770	OK
 715	   0	84.1	84.1	 772	OK
 716	   0	90.2	90.2	 757	OK
 717	   0	86.9	86.9	 715	OK
 718	   0	88.6	88.6	 707	OK
 719	   0	82.6	82.6	 753	OK
 720	   0	92.0	92.0	 753	OK
 721	   0	77.9	77.9	 744	OK
 722	   0	84.5	84.5	 730	OK
 723	   0	88.2	88.2	 746	OK
 724	   0	82.2	82.2	 743	OK
 725	   0	81.3	81.3	 753	OK
 726	   0	86.5	86.5	 702	OK
 727	   0	85.1	85.1	 713	OK
 728	   0	89.8	89.8	 718	OK
 729	   0	87.0	87.0	 747	OK
 730	   0	77.6	77.6	 701	OK
 731	   0	78.4	78.4	 747	OK
 732	   0	87.6	87.6	 698	OK
 733	   0	83.2	83.2	 697	OK
 734	   0	75.2	75.2	 756	OK
 735	   0	87.5	87.5	 712	OK
 736	   0	84.1	84.1	 733	OK
 737	   0	87.3	87.3	 690	OK
 738	   0	86.4	86.4	 763	OK
 739	   0	79.1	79.1	 741	OK
 740	   0	88.6	88.6	 742	OK
 741	   0	82.6	82.6	 697	OK
 742	   0	93.6	93.6	 733	OK
 743	   0	83.4	83.4	 717	OK
 744	   0	81.2	81.2	 699	OK
 745	   0	80.7	80.7	 711	OK
 746	   0	75.8	75.8	 742	OK
 747	   0	80.4	80.4	 730	OK
 748	   0	79.0	79.0	 719	OK
 749	   0	81.2	81.2	 746	OK
 750	   0	85.1	85.1	 721	OK
 751	   0	86.0	86.0	 707	OK
 752	   0	84.7	84.7	 709	OK
 753	   0	87.6	87.6	 739	OK
 754	   0	81.2	81.2	 723	OK
 755	   0	81.9	81.9	 739	OK
 756	   0	89.2	89.2	 726	OK
 757	   0	82.9	82.9	 745	OK
 758	   0	88.3	88.3	 735	OK
 759	   0	96.1	96.1	 687	OK
 760	   0	87.0	87.0	 685	OK
 761	   0	74.2	74.2	 734	OK
 762	   0	78.6	78.6	 709	OK
 763	   0	85.2	85.2	 721	OK
 764	   0	88.4	88.4	 698	OK
 765	   0	95.8	95.8	 743	OK
 766	   0	79.8	79.8	 682	OK
 767	   0	84.6	84.6	 728	OK
 768	   0	75.1	75.1	 785	OK
 769	   0	75.2	75.2	 789	OK
 770	   0	78.5	78.5	 793	OK
 771	   0	78.8	78.8	 783	OK
 772	   0	76.3	76.3	 757	OK
 773	   0	78.7	78.7	 769	OK
 774	   0	73.5	73.5	 790	OK
 775	   0	75.1	75.1	 762	OK
 776	   0	74.3	74.3	 765	OK
 777	   0	76.2	76.2	 798	OK
 778	   0	81.1	81.1	 756	OK
 779	   0	80.1	80.1	 783	OK
 780	   0	76.5	76.5	 821	OK
 781	   0	79.4	79.4	 749	OK
 782	   0	79.9	79.9	 729	OK
 783	   0	73.9	73.9	 764	OK
 784	   0	72.9	72.9	 792	OK
 785	   0	78.6	78.6	 792	OK
 786	   0	76.8	76.8	 768	OK
 787	   0	76.8	76.8	 761	OK
 788	   0	81.6	81.6	 788	OK
 789	   0	82.1	82.1	 744	OK
 790	   0	81.9	81.9	 782	OK
 791	   0	78.2	78.2	 817	OK
 792	   0	77.2	77.2	 764	OK
 793	   0	80.7	80.7	 771	OK
 794	   0	79.6	79.6	 793	OK
 795	   0	85.4	85.4	 830	OK
 796	   0	78.2	78.2	 784	OK
 797	   0	84.1	84.1	 754	OK
 798	   0	74.6	74.6	 804	OK
 799	   0	72.0	72.0	 843	OK
 800	   0	78.4	78.4	 785	OK
 801	   0	87.3	87.3	 768	OK
 802	   0	77.7	77.7	 751	OK
 803	   0	82.6	82.6	 799	OK
 804	   0	82.3	82.3	 791	OK
 805	   0	75.3	75.3	 799	OK
 806	   0	76.9	76.9	 773	OK
 807	   0	74.5	74.5	 773	OK
 808	   0	76.1	76.1	 779	OK
 809	   0	79.3	79.3	 803	OK
 810	   0	73.8	73.8	 786	OK
 811	   0	85.5	85.5	 777	OK
 812	   0	73.9	73.9	 802	OK
 813	   0	83.2	83.2	 758	OK
 814	   0	79.9	79.9	 751	OK
 815	   0	80.8	80.8	 856	OK
 816	   0	82.0	82.0	 814	OK
 817	   0	78.4	78.4	 777	OK
 818	   0	83.6	83.6	 818	OK
 819	   0	73.4	73.4	 828	OK
 820	   0	80.3	80.3	 799	OK
 821	   0	81.7	81.7	 800	OK
 822	   0	72.3	72.3	 846	OK
 823	   0	82.1	82.1	 777	OK
 824	   0	73.8	73.8	 799	OK
 825	   0	85.4	85.4	 823	OK
 826	   0	82.5	82.5	 831	OK
 827	   0	75.1	75.1	 871	OK
 828	   0	84.3	84.3	 811	OK
 829	   0	83.6	83.6	 809	OK
 830	   0	81.5	81.5	 828	OK
 831	   0	88.3	88.3	 818	OK
 832	   0	80.1	80.1	 856	OK
 833	   0	82.6	82.6	 819	OK
 834	   0	87.8	87.8	 863	OK
 835	   0	85.9	85.9	 901	OK
 836	   0	75.7	75.7	 847	OK
 837	   0	83.6	83.6	 829	OK
 838	   0	77.6	77.6	 883	OK
 839	   0	83.7	83.7	 809	OK
 840	   0	83.9	83.9	 859	OK
 841	   0	76.9	76.9	 859	OK
 842	   0	77.8	77.8	 856	OK
 843	   0	75.4	75.4	 845	OK
 844	   0	78.1	78.1	 859	OK
 845	   0	72.5	72.5	 893	OK
 846	   0	83.8	83.8	 864	OK
 847	   0	75.6	75.6	 876	OK
 848	   0	83.1	83.1	 843	OK
 849	   0	78.8	78.8	 902	OK
 850	   0	79.3	79.3	 902	OK
 851	   0	79.0	79.0	 894	OK
 852	   0	80.0	80.0	 898	OK
 853	   0	77.8	77.8	 861	OK
 854	   0	78.6	78.6	 883	OK
 855	   0	76.7	76.7	 892	OK
 856	4000	78.3	78.3	 941	high noise
 857	   0	78.7	78.7	 812	OK
 858	   0	76.3	76.3	 883	OK
 859	   0	76.3	76.3	 917	OK
 860	   0	74.0	74.0	 831	OK
 861	   0	80.4	80.4	 917	OK
 862	   0	83.9	83.9	 912	OK
 863	   0	81.5	81.5	 847	OK
 864	   0	74.1	74.1	 877	OK
 865	   0	75.4	75.4	 852	OK
 866	   0	79.9	79.9	 850	OK
 867	   0	85.0	85.0	 840	OK
 868	   0	78.2	78.2	 845	OK
 869	   0	82.4	82.4	 839	OK
 870	   0	84.0	84.0	 890	OK
 871	   0	75.5	75.5	 832	OK
 872	   0	71.2	71.2	 838	OK
 873	   0	82.8	82.8	 841	OK
 874	   0	76.1	76.1	 846	OK
 875	   0	77.3	77.3	 794	OK
 876	   0	81.3	81.3	 825	OK
 877	   0	75.7	75.7	 826	OK
 878	   0	85.6	85.6	 824	OK
 879	   0	80.1	80.1	 797	OK
 880	   0	81.6	81.6	 812	OK
 881	   0	78.2	78.2	 805	OK
 882	   0	83.1	83.1	 815	OK
 883	   0	74.7	74.7	 786	OK
 884	   0	73.0	73.0	 854	OK
 885	   0	76.3	76.3	 786	OK
 886	   0	76.6	76.6	 816	OK
 887	   0	78.5	78.5	 788	OK
 888	   0	73.6	73.6	 780	OK
 889	   0	87.1	87.1	 803	OK
 890	   0	78.8	78.8	 818	OK
 891	   0	78.8	78.8	 753	OK
 892	   0	80.4	80.4	 808	OK
 893	   0	77.7	77.7	 803	OK
 894	   0	81.9	81.9	 785	OK
 895	   0	72.6	72.6	 816	OK
 896	   0	87.6	87.6	 753	OK
 897	   0	84.0	84.0	 785	OK
 898	   0	89.3	89.3	 737	OK
 899	   0	86.1	86.1	 761	OK
 900	   0	79.9	79.9	 769	OK
 901	   0	83.0	83.0	 733	OK
 902	   0	97.2	97.2	 756	OK
 903	   0	82.1	82.1	 746	OK
 904	   0	82.4	82.4	 774	OK
 905	   0	85.1	85.1	 762	OK
 906	   0	81.8	81.8	 735	OK
 907	   0	78.1	78.1	 799	OK
 908	   0	83.4	83.4	 716	OK
 909	   0	81.5	81.5	 780	OK
 910	   0	93.7	93.7	 722	OK
 911	   0	84.6	84.6	 765	OK
 912	   0	82.4	82.4	 771	OK
 913	   0	86.5	86.5	 758	OK
 914	   0	84.5	84.5	 717	OK
 915	   0	75.7	75.7	 787	OK
 916	   0	81.0	81.0	 760	OK
 917	   0	80.3	80.3	 747	OK
 918	   0	76.5	76.5	 744	OK
 919	   0	85.7	85.7	 744	OK
 920	   0	78.9	78.9	 746	OK
 921	   0	85.3	85.3	 714	OK
 922	   0	70.8	70.8	 770	OK
 923	   0	83.6	83.6	 795	OK
 924	   0	78.4	78.4	 772	OK
 925	   0	77.2	77.2	 762	OK
 926	   0	80.5	80.5	 745	OK
 927	   0	82.4	82.4	 789	OK
 928	   0	82.2	82.2	 719	OK
 929	   0	78.2	78.2	 767	OK
 930	   0	82.9	82.9	 760	OK
 931	   0	80.1	80.1	 784	OK
 932	   0	75.7	75.7	 775	OK
 933	   0	72.4	72.4	 790	OK
 934	   0	84.5	84.5	 807	OK
 935	   0	84.9	84.9	 781	OK
 936	   0	78.3	78.3	 783	OK
 937	   0	82.3	82.3	 767	OK
 938	   0	80.3	80.3	 780	OK
 939	   0	79.9	79.9	 763	OK
 940	   0	88.6	88.6	 728	OK
 941	   0	74.6	74.6	 790	OK
 942	   0	78.8	78.8	 770	OK
 943	   0	84.6	84.6	 752	OK
 944	   0	87.7	87.7	 758	OK
 945	   0	79.3	79.3	 762	OK
 946	   0	86.0	86.0	 719	OK
 947	   0	86.1	86.1	 761	OK
 948	   0	81.1	81.1	 767	OK
 949	   0	79.1	79.1	 734	OK
 950	   0	85.1	85.1	 758	OK
 951	   0	90.1	90.1	 756	OK
 952	   0	84.0	84.0	 736	OK
 953	   0	76.9	76.9	 763	OK
 954	   0	74.9	74.9	 807	OK
 955	   0	81.1	81.1	 740	OK
 956	   0	87.9	87.9	 723	OK
 957	   0	91.5	91.5	 751	OK
 958	   0	81.1	81.1	 748	OK
 959	   0	92.2	92.2	 685	OK
 960	   0	80.7	80.7	 744	OK
 961	   0	78.7	78.7	 757	OK
 962	   0	77.6	77.6	 768	OK
 963	   0	75.3	75.3	 742	OK
 964	   0	82.8	82.8	 755	OK
 965	   0	76.0	76.0	 717	OK
 966	   0	78.7	78.7	 742	OK
 967	   0	77.8	77.8	 763	OK
 968	   0	73.3	73.3	 757	OK
 969	   0	84.6	84.6	 716	OK
 970	   0	81.8	81.8	 725	OK
 971	   0	81.7	81.7	 732	OK
 972	   0	80.9	80.9	 706	OK
 973	   0	80.2	80.2	 709	OK
 974	   0	84.4	84.4	 712	OK
 975	   0	86.0	86.0	 729	OK
 976	   0	78.8	78.8	 738	OK
 977	   0	72.8	72.8	 726	OK
 978	   0	85.9	85.9	 739	OK
 979	   0	74.8	74.8	 757	OK
 980	   0	75.1	75.1	 707	OK
 981	   0	77.4	77.4	 774	OK
 982	   0	79.7	79.7	 732	OK
 983	   0	80.1	80.1	 711	OK
 984	   0	80.2	80.2	 716	OK
 985	   0	82.7	82.7	 715	OK
 986	   0	82.9	82.9	 687	OK
 987	   0	75.2	75.2	 773	OK
 988	   0	72.5	72.5	 753	OK
 989	   0	79.0	79.0	 715	OK
 990	   0	79.7	79.7	 744	OK
 991	   0	85.7	85.7	 715	OK
 992	   0	74.0	74.0	 760	OK
 993	   0	75.5	75.5	 749	OK
 994	   0	71.1	71.1	 769	OK
 995	   0	75.2	75.2	 763	OK
 996	   0	77.5	77.5	 713	OK
 997	   0	84.2	84.2	 699	OK
 998	   0	76.4	76.4	 736	OK
 999	   0	87.4	87.4	 710	OK
1000	   0	85.5	85.5	 725	OK
1001	   0	79.3	79.3	 712	OK
1002	   0	78.7	78.7	 715	OK
1003	   0	75.2	75.2	 717	OK
1004	   0	75.6	75.6	 721	OK
1005	   0	77.3	77.3	 724	OK
1006	   0	75.0	75.0	 719	OK
1007	   0	79.9	79.9	 733	OK
1008	   0	76.1	76.1	 752	OK
1009	   0	72.2	72.2	 759	OK
1010	   0	79.8	79.8	 726	OK
1011	   0	73.7	73.7	 737	OK
1012	   0	77.7	77.7	 723	OK
1013	   0	80.0	80.0	 708	OK
1014	   0	75.5	75.5	 748	OK
1015	   0	77.2	77.2	 730	OK
1016	   0	84.6	84.6	 712	OK
1017	   0	80.6	80.6	 711	OK
1018	   0	78.0	78.0	 760	OK
1019	   0	75.6	75.6	 694	OK
1020	   0	82.4	82.4	 763	OK
1021	   0	74.6	74.6	 743	OK
1022	   0	75.1	75.1	 748	OK
1023	   0	78.0	78.0	 745	OK
1024	   0	89.2	89.2	 682	OK
1025	   0	85.0	85.0	 666	OK
1026	   0	87.3	87.3	 666	OK
1027	   0	87.6	87.6	 663	OK
1028	   0	82.9	82.9	 669	OK
1029	   0	85.0	85.0	 723	OK
1030	   0	85.6	85.6	 667	OK
1031	   0	86.3	86.3	 675	OK
1032	   0	91.1	91.1	 666	OK
1033	   0	83.8	83.8	 711	OK
1034	   0	85.8	85.8	 708	OK
1035	   0	76.8	76.8	 707	OK
1036	   0	86.6	86.6	 666	OK
1037	   0	80.2	80.2	 742	OK
1038	   0	92.8	92.8	 664	OK
1039	   0	90.7	90.7	 637	OK
1040	   0	90.3	90.3	 658	OK
1041	   0	89.0	89.0	 680	OK
1042	   0	86.6	86.6	 672	OK
1043	   0	79.3	79.3	 708	OK
1044	   0	83.0	83.0	 693	OK
1045	   0	84.7	84.7	 653	OK
1046	   0	87.2	87.2	 700	OK
1047	   0	82.0	82.0	 723	OK
1048	   0	80.5	80.5	 696	OK
1049	   0	88.7	88.7	 663	OK
1050	   0	96.0	96.0	 674	OK
1051	   0	87.5	87.5	 680	OK
1052	   0	91.9	91.9	 673	OK
1053	   0	77.4	77.4	 720	OK
1054	   0	83.2	83.2	 671	OK
1055	   0	84.5	84.5	 691	OK
1056	   0	92.1	92.1	 667	OK
1057	   0	83.3	83.3	 743	OK
1058	   0	79.0	79.0	 704	OK
1059	   0	82.6	82.6	 704	OK
1060	   0	78.7	78.7	 693	OK
1061	   0	87.0	87.0	 700	OK
1062	   0	87.9	87.9	 637	OK
1063	   0	83.1	83.1	 678	OK
1064	   0	88.1	88.1	 671	OK
1065	   0	85.2	85.2	 696	OK
1066	   0	80.7	80.7	 705	OK
1067	   0	84.3	84.3	 690	OK
1068	   0	93.8	93.8	 648	OK
1069	   0	84.0	84.0	 673	OK
1070	   0	87.2	87.2	 656	OK
1071	   0	81.9	81.9	 681	OK
1072	   0	90.4	90.4	 679	OK
1073	   0	79.1	79.1	 648	OK
1074	   0	85.8	85.8	 698	OK
1075	   0	89.8	89.8	 671	OK
1076	   0	86.2	86.2	 687	OK
1077	   0	81.9	81.9	 658	OK
1078	   0	86.0	86.0	 691	OK
1079	   0	82.5	82.5	 654	OK
1080	   0	87.6	87.6	 678	OK
1081	   0	83.4	83.4	 697	OK
1082	   0	89.2	89.2	 660	OK
1083	   0	84.0	84.0	 679	OK
1084	   0	97.5	97.5	 641	OK
1085	   0	92.8	92.8	 668	OK
1086	   0	79.6	79.6	 712	OK
1087	   0	86.7	86.7	 677	OK
1088	   0	77.9	77.9	 719	OK
1089	   0	92.4	92.4	 682	OK
1090	   0	90.4	90.4	 670	OK
1091	   0	92.0	92.0	 684	OK
1092	   0	86.1	86.1	 673	OK
1093	   0	77.6	77.6	 708	OK
1094	   0	83.9	83.9	 655	OK
1095	   0	89.9	89.9	 679	OK
1096	   0	93.5	93.5	 667	OK
1097	   0	84.4	84.4	 650	OK
1098	   0	84.7	84.7	 664	OK
1099	   0	84.3	84.3	 708	OK
1100	   0	79.1	79.1	 729	OK
1101	   0	87.0	87.0	 702	OK
1102	   0	86.8	86.8	 672	OK
1103	   0	85.3	85.3	 678	OK
1104	   0	80.9	80.9	 697	OK
1105	   0	88.6	88.6	 670	OK
1106	   0	82.9	82.9	 671	OK
1107	   0	89.7	89.7	 669	OK
1108	   0	86.0	86.0	 684	OK
1109	   0	80.9	80.9	 695	OK
1110	   0	88.6	88.6	 712	OK
1111	   0	81.8	81.8	 733	OK
1112	   0	91.1	91.1	 690	OK
1113	   0	87.7	87.7	 685	OK
1114	   0	87.0	87.0	 697	OK
1115	   0	85.5	85.5	 655	OK
1116	   0	90.1	90.1	 639	OK
1117	   0	83.6	83.6	 676	OK
1118	   0	87.0	87.0	 677	OK
1119	   0	85.5	85.5	 679	OK
1120	   0	81.9	81.9	 675	OK
1121	   0	84.8	84.8	 674	OK
1122	   0	91.1	91.1	 662	OK
1123	   0	84.0	84.0	 684	OK
1124	   0	81.3	81.3	 701	OK
1125	   0	86.3	86.3	 677	OK
1126	   0	86.0	86.0	 673	OK
1127	   0	85.5	85.5	 671	OK
1128	   0	84.0	84.0	 670	OK
1129	   0	90.0	90.0	 662	OK
1130	   0	86.4	86.4	 667	OK
1131	   0	73.4	73.4	 716	OK
1132	   0	88.1	88.1	 688	OK
1133	   0	84.3	84.3	 631	OK
1134	   0	85.1	85.1	 683	OK
1135	   0	87.0	87.0	 635	OK
1136	   0	83.3	83.3	 720	OK
1137	   0	78.8	78.8	 671	OK
1138	   0	89.2	89.2	 677	OK
1139	   0	86.8	86.8	 674	OK
1140	   0	82.2	82.2	 717	OK
1141	   0	81.7	81.7	 689	OK
1142	   0	82.4	82.4	 683	OK
1143	   0	84.8	84.8	 713	OK
1144	   0	82.5	82.5	 660	OK
1145	   0	82.0	82.0	 670	OK
1146	   0	89.7	89.7	 713	OK
1147	   0	84.1	84.1	 648	OK
1148	   0	80.7	80.7	 730	OK
1149	   0	78.6	78.6	 677	OK
1150	   0	87.8	87.8	 714	OK
1151	   0	86.1	86.1	 672	OK
1152	   0	75.9	75.9	 720	OK
1153	   0	93.6	93.6	 681	OK
1154	   0	82.6	82.6	 734	OK
1155	   0	88.7	88.7	 700	OK
1156	   0	90.5	90.5	 693	OK
1157	   0	81.6	81.6	 710	OK
1158	   0	87.6	87.6	 717	OK
1159	   0	90.3	90.3	 678	OK
1160	   0	90.7	90.7	 664	OK
1161	   0	86.7	86.7	 708	OK
1162	   0	89.4	89.4	 689	OK
1163	   0	87.8	87.8	 658	OK
1164	   0	94.4	94.4	 665	OK
1165	   0	85.0	85.0	 695	OK
1166	   0	84.3	84.3	 663	OK
1167	   0	83.0	83.0	 711	OK
1168	   0	85.1	85.1	 727	OK
1169	   0	87.6	87.6	 698	OK
1170	   0	89.2	89.2	 680	OK
1171	   0	89.2	89.2	 700	OK
1172	   0	87.6	87.6	 679	OK
1173	   0	82.8	82.8	 691	OK
1174	   0	89.2	89.2	 713	OK
1175	   0	88.9	88.9	 653	OK
1176	   0	90.8	90.8	 723	OK
1177	   0	79.2	79.2	 701	OK
1178	   0	84.8	84.8	 682	OK
1179	   0	87.1	87.1	 707	OK
1180	   0	90.0	90.0	 677	OK
1181	   0	85.4	85.4	 698	OK
1182	   0	82.8	82.8	 692	OK
1183	   0	87.6	87.6	 705	OK
1184	   0	86.9	86.9	 726	OK
1185	   0	88.3	88.3	 707	OK
1186	   0	87.0	87.0	 701	OK
1187	   0	86.6	86.6	 677	OK
1188	   0	86.4	86.4	 724	OK
1189	   0	86.8	86.8	 684	OK
1190	   0	87.8	87.8	 682	OK
1191	   0	80.6	80.6	 723	OK
1192	   0	83.9	83.9	 739	OK
1193	   0	87.2	87.2	 679	OK
1194	   0	85.4	85.4	 721	OK
1195	   0	80.9	80.9	 716	OK
1196	   0	88.9	88.9	 687	OK
1197	   0	86.7	86.7	 677	OK
1198	   0	91.7	91.7	 696	OK
1199	   0	95.1	95.1	 693	OK
1200	   0	86.4	86.4	 683	OK
1201	   0	83.1	83.1	 720	OK
1202	   0	89.1	89.1	 711	OK
1203	   0	90.8	90.8	 688	OK
1204	   0	88.4	88.4	 690	OK
1205	   0	89.1	89.1	 687	OK
1206	   0	85.6	85.6	 706	OK
1207	   0	87.9	87.9	 697	OK
1208	   0	96.7	96.7	 693	OK
1209	   0	89.8	89.8	 718	OK
1210	   0	84.8	84.8	 703	OK
1211	   0	93.8	93.8	 693	OK
1212	   0	90.6	90.6	 707	OK
1213	   0	81.9	81.9	 713	OK
1214	   0	88.0	88.0	 701	OK
1215	   0	88.0	88.0	 650	OK
1216	   0	87.6	87.6	 727	OK
1217	   0	92.6	92.6	 682	OK
1218	   0	84.3	84.3	 686	OK
1219	   0	82.9	82.9	 707	OK
1220	   0	87.1	87.1	 698	OK
1221	   0	92.0	92.0	 667	OK
1222	   0	92.4	92.4	 713	OK
1223	   0	97.8	97.8	 705	OK
1224	   0	89.2	89.2	 700	OK
1225	   0	90.9	90.9	 668	OK
1226	   0	91.7	91.7	 680	OK
1227	   0	92.1	92.1	 668	OK
1228	   0	89.5	89.5	 699	OK
1229	   0	91.7	91.7	 704	OK
1230	   0	81.7	81.7	 711	OK
1231	   0	90.7	90.7	 727	OK
1232	   0	84.1	84.1	 693	OK
1233	   0	87.2	87.2	 705	OK
1234	   0	85.4	85.4	 701	OK
1235	   0	94.4	94.4	 699	OK
1236	   0	98.4	98.4	 674	OK
1237	   0	87.9	87.9	 722	OK
1238	   0	80.3	80.3	 739	OK
1239	   0	88.0	88.0	 728	OK
1240	   0	86.0	86.0	 719	OK
1241	   0	93.3	93.3	 705	OK
1242	   0	91.9	91.9	 713	OK
1243	   0	83.7	83.7	 675	OK
1244	   0	89.5	89.5	 705	OK
1245	   0	88.9	88.9	 726	OK
1246	   0	84.7	84.7	 685	OK
1247	   0	92.0	92.0	 706	OK
1248	   0	85.3	85.3	 677	OK
1249	   0	89.9	89.9	 685	OK
1250	   0	87.4	87.4	 708	OK
1251	   0	92.1	92.1	 694	OK
1252	   0	91.3	91.3	 657	OK
1253	   0	86.7	86.7	 709	OK
1254	   0	84.2	84.2	 678	OK
1255	   0	79.8	79.8	 707	OK
1256	   0	81.0	81.0	 701	OK
1257	   0	86.4	86.4	 676	OK
1258	   0	85.4	85.4	 710	OK
1259	   0	80.0	80.0	 692	OK
1260	   0	84.9	84.9	 641	OK
1261	   0	89.1	89.1	 659	OK
1262	   0	85.5	85.5	 670	OK
1263	   0	85.4	85.4	 661	OK
1264	   0	86.4	86.4	 694	OK
1265	   0	84.0	84.0	 717	OK
1266	   0	88.9	88.9	 653	OK
1267	   0	84.3	84.3	 658	OK
1268	   0	86.4	86.4	 697	OK
1269	   0	85.4	85.4	 634	OK
1270	   0	78.2	78.2	 696	OK
1271	   0	86.8	86.8	 657	OK
1272	   0	86.6	86.6	 685	OK
1273	   0	89.0	89.0	 659	OK
1274	   0	85.5	85.5	 693	OK
1275	   0	84.5	84.5	 669	OK
1276	   0	82.7	82.7	 697	OK
1277	   0	88.8	88.8	 687	OK
1278	   0	84.3	84.3	 716	OK
1279	   0	95.5	95.5	 704	OK
1280	   0	97.0	97.0	 726	OK
1281	   0	90.7	90.7	 773	OK
1282	   0	97.0	97.0	 721	OK
1283	   0	94.8	94.8	 709	OK
1284	   0	94.9	94.9	 621	OK
1285	   0	87.7	87.7	 686	OK
1286	   0	94.8	94.8	 700	OK
1287	   0	91.1	91.1	 691	OK
1288	   0	100.5	100.5	 645	OK
1289	   0	102.1	102.1	 706	OK
1290	   0	95.0	95.0	 707	OK
1291	   0	97.7	97.7	 655	OK
1292	   0	100.3	100.3	 666	OK
1293	   0	93.8	93.8	 682	OK
1294	   0	92.9	92.9	 658	OK
1295	   0	94.2	94.2	 676	OK
1296	   0	103.3	103.3	 667	OK
1297	   0	93.3	93.3	 671	OK
1298	   0	89.4	89.4	 676	OK
1299	   0	101.9	101.9	 682	OK
1300	   0	97.3	97.3	 657	OK
1301	   0	97.8	97.8	 664	OK
1302	   0	96.3	96.3	 691	OK
1303	   0	95.2	95.2	 686	OK
1304	   0	98.9	98.9	 640	OK
1305	   0	92.9	92.9	 679	OK
1306	   0	97.7	97.7	 663	OK
1307	   0	94.4	94.4	 683	OK
1308	   0	91.8	91.8	 673	OK
1309	   0	100.8	100.8	 642	OK
1310	   0	103.9	103.9	 635	OK
1311	   0	95.3	95.3	 690	OK
1312	   0	102.2	102.2	 659	OK
1313	   0	100.9	100.9	 682	OK
1314	   0	97.7	97.7	 661	OK
1315	   0	100.2	100.2	 674	OK
1316	   0	91.6	91.6	 706	OK
1317	   0	96.3	96.3	 677	OK
1318	   0	96.9	96.9	 638	OK
1319	   0	100.2	100.2	 650	OK
1320	   0	95.7	95.7	 639	OK
1321	   0	94.4	94.4	 677	OK
1322	   0	100.5	100.5	 639	OK
1323	   0	98.6	98.6	 672	OK
1324	   0	98.0	98.0	 654	OK
1325	   0	94.9	94.9	 690	OK
1326	   0	99.8	99.8	 640	OK
1327	   0	97.9	97.9	 678	OK
1328	   0	92.9	92.9	 671	OK
1329	   0	110.0	110.0	 693	OK
1330	   0	86.6	86.6	 696	OK
1331	   0	100.7	100.7	 694	OK
1332	   0	99.1	99.1	 662	OK
1333	   0	90.5	90.5	 683	OK
1334	   0	96.7	96.7	 666	OK
1335	   0	96.0	96.0	 671	OK
1336	   0	94.9	94.9	 688	OK
1337	   0	98.4	98.4	 645	OK
1338	   0	98.9	98.9	 676	OK
1339	4000	90.3	90.3	 820	high noise
1340	   0	105.2	105.2	 670	OK
1341	   0	103.1	103.1	 676	OK
1342	   0	100.3	100.3	 675	OK
1343	   0	95.6	95.6	 658	OK
1344	   0	94.6	94.6	 688	OK
1345	   0	95.8	95.8	 674	OK
1346	   0	97.4	97.4	 659	OK
1347	   0	97.6	97.6	 675	OK
1348	   0	97.6	97.6	 674	OK
1349	   0	94.9	94.9	 666	OK
1350	   0	103.4	103.4	 664	OK
1351	   0	101.3	101.3	 658	OK
1352	   0	99.0	99.0	 666	OK
1353	   0	92.8	92.8	 678	OK
1354	   0	97.1	97.1	 643	OK
1355	   0	101.5	101.5	 681	OK
1356	   0	98.7	98.7	 642	OK
1357	   0	97.1	97.1	 686	OK
1358	   0	94.4	94.4	 691	OK
1359	   0	103.2	103.2	 665	OK
1360	   0	104.6	104.6	 674	OK
1361	   0	99.4	99.4	 681	OK
1362	   0	101.7	101.7	 642	OK
1363	   0	97.2	97.2	 676	OK
1364	   0	97.9	97.9	 654	OK
1365	   0	101.4	101.4	 650	OK
1366	   0	92.2	92.2	 684	OK
1367	   0	96.6	96.6	 658	OK
1368	   0	99.7	99.7	 671	OK
1369	   0	95.7	95.7	 703	OK
1370	   0	96.8	96.8	 637	OK
1371	   0	105.2	105.2	 735	OK
1372	   0	102.9	102.9	 642	OK
1373	   0	103.7	103.7	 658	OK
1374	   0	103.6	103.6	 637	OK
1375	   0	100.4	100.4	 666	OK
1376	   0	97.9	97.9	 686	OK
1377	   0	103.9	103.9	 658	OK
1378	   0	101.3	101.3	 650	OK
1379	   0	100.1	100.1	 682	OK
1380	   0	97.2	97.2	 699	OK
1381	   0	90.6	90.6	 706	OK
1382	   0	104.9	104.9	 697	OK
1383	   0	92.3	92.3	 701	OK
1384	   0	97.3	97.3	 643	OK
1385	   0	101.8	101.8	 692	OK
1386	   0	96.3	96.3	 662	OK
1387	   0	96.2	96.2	 664	OK
1388	   0	98.8	98.8	 655	OK
1389	   0	105.3	105.3	 651	OK
1390	   0	94.7	94.7	 657	OK
1391	   0	96.4	96.4	 711	OK
1392	   0	103.6	103.6	 652	OK
1393	   0	96.7	96.7	 661	OK
1394	   0	100.4	100.4	 698	OK
1395	   0	101.4	101.4	 672	OK
1396	   0	93.6	93.6	 674	OK
1397	   0	99.2	99.2	 703	OK
1398	   0	107.3	107.3	 668	OK
1399	   0	99.3	99.3	 676	OK
1400	   0	98.0	98.0	 657	OK
1401	   0	92.8	92.8	 692	OK
1402	   0	95.5	95.5	 643	OK
1403	   0	104.3	104.3	 680	OK
1404	   0	108.2	108.2	 701	OK
1405	   0	92.4	92.4	 696	OK
1406	   0	100.0	100.0	 680	OK
1407	   0	97.2	97.2	 726	OK
1408	   0	85.0	85.0	 723	OK
1409	   0	81.9	81.9	 761	OK
1410	   0	81.0	81.0	 763	OK
1411	   0	79.4	79.4	 734	OK
1412	   0	84.9	84.9	 772	OK
1413	   0	77.8	77.8	 792	OK
1414	   0	77.4	77.4	 747	OK
1415	   0	84.5	84.5	 752	OK
1416	   0	79.1	79.1	 718	OK
1417	   0	86.2	86.2	 766	OK
1418	   0	78.7	78.7	 734	OK
1419	   0	82.5	82.5	 770	OK
1420	   0	83.4	83.4	 724	OK
1421	   0	79.8	79.8	 804	OK
1422	   0	77.5	77.5	 760	OK
1423	   0	79.3	79.3	 779	OK
1424	   0	77.3	77.3	 754	OK
1425	   0	83.4	83.4	 747	OK
1426	   0	77.5	77.5	 748	OK
1427	   0	84.2	84.2	 724	OK
1428	   0	83.1	83.1	 755	OK
1429	   0	82.1	82.1	 752	OK
1430	   0	80.0	80.0	 744	OK
1431	   0	80.5	80.5	 755	OK
1432	   0	82.9	82.9	 767	OK
1433	   0	72.1	72.1	 728	OK
1434	   0	74.1	74.1	 778	OK
1435	   0	80.0	80.0	 760	OK
1436	   0	85.6	85.6	 737	OK
1437	   0	84.1	84.1	 758	OK
1438	   0	74.1	74.1	 753	OK
1439	   0	89.0	89.0	 758	OK
1440	   0	78.2	78.2	 761	OK
1441	   0	79.9	79.9	 740	OK
1442	   0	86.3	86.3	 718	OK
1443	   0	83.9	83.9	 742	OK
1444	   0	79.0	79.0	 747	OK
1445	   0	79.5	79.5	 767	OK
1446	   0	80.1	80.1	 753	OK
1447	   0	80.6	80.6	 764	OK
1448	   0	81.0	81.0	 731	OK
1449	   0	74.9	74.9	 755	OK
1450	4000	82.0	82.0	 938	high noise
1451	   0	84.3	84.3	 740	OK
1452	   0	88.6	88.6	 732	OK
1453	   0	83.1	83.1	 741	OK
1454	   0	80.3	80.3	 731	OK
1455	   0	85.9	85.9	 720	OK
1456	   0	76.7	76.7	 700	OK
1457	   0	84.8	84.8	 756	OK
1458	   0	77.0	77.0	 767	OK
1459	   0	80.4	80.4	 728	OK
1460	   0	88.1	88.1	 729	OK
1461	   0	80.7	80.7	 717	OK
1462	   0	85.4	85.4	 707	OK
1463	   0	79.7	79.7	 754	OK
1464	   0	80.0	80.0	 772	OK
1465	   0	82.6	82.6	 730	OK
1466	   0	81.7	81.7	 751	OK
1467	   0	79.0	79.0	 789	OK
1468	   0	76.0	76.0	 748	OK
1469	   0	92.9	92.9	 733	OK
1470	   0	82.5	82.5	 749	OK
1471	   0	82.5	82.5	 773	OK
1472	   0	79.6	79.6	 725	OK
1473	   0	79.4	79.4	 768	OK
1474	   0	81.7	81.7	 744	OK
1475	   0	86.6	86.6	 727	OK
1476	   0	82.1	82.1	 752	OK
1477	   0	77.9	77.9	 791	OK
1478	   0	85.3	85.3	 732	OK
1479	   0	81.2	81.2	 743	OK
1480	   0	81.8	81.8	 744	OK
1481	   0	86.3	86.3	 731	OK
1482	   0	78.8	78.8	 726	OK
1483	   0	77.5	77.5	 753	OK
1484	   0	80.6	80.6	 741	OK
1485	   0	83.3	83.3	 754	OK
1486	   0	80.9	80.9	 762	OK
1487	   0	82.4	82.4	 751	OK
1488	   0	86.4	86.4	 736	OK
1489	   0	81.9	81.9	 756	OK
1490	   0	81.9	81.9	 715	OK
1491	   0	82.6	82.6	 747	OK
1492	   0	82.5	82.5	 748	OK
1493	   0	80.7	80.7	 756	OK
1494	   0	74.8	74.8	 744	OK
1495	   0	83.7	83.7	 738	OK
1496	   0	83.0	83.0	 724	OK
1497	   0	79.6	79.6	 744	OK
1498	   0	81.9	81.9	 708	OK
1499	   0	80.7	80.7	 780	OK
1500	   0	83.3	83.3	 777	OK
1501	   0	87.9	87.9	 750	OK
1502	   0	84.4	84.4	 721	OK
1503	   0	73.7	73.7	 723	OK
1504	   0	84.5	84.5	 757	OK
1505	   0	82.4	82.4	 736	OK
1506	   0	86.8	86.8	 727	OK
1507	   0	82.5	82.5	 749	OK
1508	   0	78.9	78.9	 735	OK
1509	   0	84.6	84.6	 772	OK
1510	   0	87.3	87.3	 751	OK
1511	   0	83.8	83.8	 730	OK
1512	   0	81.8	81.8	 743	OK
1513	   0	80.4	80.4	 744	OK
1514	   0	78.9	78.9	 758	OK
1515	   0	85.7	85.7	 753	OK
1516	   0	83.1	83.1	 745	OK
1517	   0	76.5	76.5	 734	OK
1518	   0	81.2	81.2	 720	OK
1519	   0	88.5	88.5	 745	OK
1520	   0	83.6	83.6	 745	OK
1521	   0	82.0	82.0	 764	OK
1522	   0	78.6	78.6	 752	OK
1523	   0	79.0	79.0	 718	OK
1524	   0	82.2	82.2	 753	OK
1525	   0	84.8	84.8	 727	OK
1526	   0	80.0	80.0	 746	OK
1527	   0	79.9	79.9	 760	OK
1528	   0	81.5	81.5	 711	OK
1529	   0	81.0	81.0	 732	OK
1530	   0	79.4	79.4	 792	OK
1531	   0	86.4	86.4	 756	OK
1532	   0	84.6	84.6	 706	OK
1533	   0	79.9	79.9	 794	OK
1534	   0	82.8	82.8	 744	OK
1535	   0	81.3	81.3	 742	OK
1536	   0	81.2	81.2	 736	OK
1537	   0	78.3	78.3	 747	OK
1538	   0	79.1	79.1	 752	OK
1539	   0	81.8	81.8	 723	OK
1540	   0	81.2	81.2	 735	OK
1541	   0	81.4	81.4	 724	OK
1542	   0	83.6	83.6	 725	OK
1543	   0	75.6	75.6	 740	OK
1544	   0	80.9	80.9	 683	OK
1545	   0	86.8	86.8	 719	OK
1546	   0	78.5	78.5	 710	OK
1547	   0	76.0	76.0	 735	OK
1548	   0	74.3	74.3	 758	OK
1549	   0	81.6	81.6	 734	OK
1550	   0	79.1	79.1	 748	OK
1551	   0	74.2	74.2	 744	OK
1552	   0	77.9	77.9	 734	OK
1553	   0	81.0	81.0	 738	OK
1554	   0	79.2	79.2	 721	OK
1555	   0	79.8	79.8	 720	OK
1556	   0	84.8	84.8	 703	OK
1557	   0	79.5	79.5	 764	OK
1558	   0	79.9	79.9	 679	OK
1559	   0	79.8	79.8	 722	OK
1560	   0	79.0	79.0	 737	OK
1561	   0	77.7	77.7	 779	OK
1562	   0	81.1	81.1	 722	OK
1563	   0	74.4	74.4	 735	OK
1564	   0	80.4	80.4	 721	OK
1565	   0	76.5	76.5	 742	OK
1566	   0	80.9	80.9	 691	OK
1567	   0	80.4	80.4	 731	OK
1568	   0	84.7	84.7	 701	OK
1569	   0	88.4	88.4	 698	OK
1570	   0	81.2	81.2	 682	OK
1571	   0	78.5	78.5	 725	OK
1572	   0	78.9	78.9	 721	OK
1573	   0	80.1	80.1	 703	OK
1574	   0	78.9	78.9	 742	OK
1575	   0	81.8	81.8	 759	OK
1576	   0	78.7	78.7	 705	OK
1577	   0	81.2	81.2	 725	OK
1578	   0	81.8	81.8	 690	OK
1579	   0	78.8	78.8	 696	OK
1580	   0	84.8	84.8	 730	OK
1581	   0	79.4	79.4	 751	OK
1582	   0	82.4	82.4	 701	OK
1583	   0	79.0	79.0	 739	OK
1584	   0	83.5	83.5	 705	OK
1585	   0	79.6	79.6	 733	OK
1586	   0	83.5	83.5	 710	OK
1587	   0	73.7	73.7	 721	OK
1588	   0	84.8	84.8	 685	OK
1589	   0	83.8	83.8	 688	OK
1590	   0	81.3	81.3	 700	OK
1591	   0	80.5	80.5	 720	OK
1592	   0	79.9	79.9	 712	OK
1593	   0	83.6	83.6	 682	OK
1594	   0	75.3	75.3	 707	OK
1595	   0	83.2	83.2	 711	OK
1596	   0	83.4	83.4	 720	OK
1597	   0	78.5	78.5	 749	OK
1598	   0	86.1	86.1	 721	OK
1599	   0	81.5	81.5	 690	OK
1600	   0	82.4	82.4	 718	OK
1601	   0	85.0	85.0	 731	OK
1602	   0	84.6	84.6	 744	OK
1603	   0	80.5	80.5	 733	OK
1604	   0	85.0	85.0	 728	OK
1605	   0	89.8	89.8	 738	OK
1606	   0	84.0	84.0	 685	OK
1607	   0	79.2	79.2	 736	OK
1608	4000	79.3	79.3	 867	high noise
1609	   0	82.6	82.6	 720	OK
1610	   0	83.9	83.9	 689	OK
1611	   0	74.8	74.8	 731	OK
1612	   0	82.7	82.7	 709	OK
1613	   0	81.8	81.8	 725	OK
1614	   0	83.5	83.5	 703	OK
1615	   0	84.1	84.1	 722	OK
1616	   0	85.7	85.7	 731	OK
1617	   0	84.7	84.7	 689	OK
1618	   0	86.6	86.6	 728	OK
1619	   0	80.7	80.7	 753	OK
1620	   0	75.0	75.0	 720	OK
1621	   0	79.3	79.3	 708	OK
1622	   0	74.9	74.9	 723	OK
1623	   0	81.4	81.4	 685	OK
1624	   0	89.1	89.1	 749	OK
1625	   0	77.5	77.5	 727	OK
1626	   0	75.1	75.1	 724	OK
1627	   0	74.0	74.0	 731	OK
1628	   0	82.9	82.9	 685	OK
1629	   0	82.1	82.1	 729	OK
1630	   0	82.1	82.1	 707	OK
1631	   0	86.1	86.1	 689	OK
1632	   0	85.9	85.9	 718	OK
1633	   0	83.7	83.7	 699	OK
1634	   0	79.9	79.9	 702	OK
1635	   0	77.6	77.6	 728	OK
1636	   0	79.2	79.2	 697	OK
1637	   0	78.4	78.4	 707	OK
1638	   0	82.5	82.5	 691	OK
1639	   0	77.6	77.6	 723	OK
1640	   0	78.7	78.7	 760	OK
1641	   0	77.0	77.0	 709	OK
1642	   0	84.8	84.8	 706	OK
1643	   0	76.8	76.8	 726	OK
1644	   0	82.2	82.2	 699	OK
1645	   0	80.3	80.3	 704	OK
1646	   0	83.4	83.4	 722	OK
1647	   0	82.3	82.3	 685	OK
1648	   0	75.0	75.0	 676	OK
1649	   0	81.5	81.5	 695	OK
1650	   0	83.0	83.0	 710	OK
1651	   0	80.9	80.9	 706	OK
1652	   0	83.5	83.5	 719	OK
1653	   0	78.5	78.5	 693	OK
1654	   0	81.2	81.2	 718	OK
1655	   0	81.0	81.0	 720	OK
1656	   0	91.5	91.5	 681	OK
1657	   0	73.8	73.8	 730	OK
1658	   0	79.7	79.7	 778	OK
1659	   0	80.5	80.5	 710	OK
1660	   0	84.2	84.2	 724	OK
1661	   0	84.9	84.9	 682	OK
1662	   0	83.1	83.1	 733	OK
1663	   0	82.3	82.3	 757	OK
1664	   0	80.0	80.0	 683	OK
1665	   0	87.4	87.4	 703	OK
1666	   0	84.7	84.7	 674	OK
1667	   0	90.4	90.4	 749	OK
1668	   0	83.4	83.4	 651	OK
1669	   0	88.8	88.8	 680	OK
1670	   0	86.7	86.7	 683	OK
1671	   0	83.6	83.6	 679	OK
1672	   0	82.2	82.2	 650	OK
1673	   0	91.6	91.6	 676	OK
1674	   0	93.4	93.4	 719	OK
1675	   0	85.5	85.5	 676	OK
1676	   0	82.8	82.8	 657	OK
1677	   0	88.6	88.6	 698	OK
1678	   0	86.7	86.7	 684	OK
1679	   0	90.7	90.7	 676	OK
1680	   0	84.0	84.0	 700	OK
1681	   0	88.1	88.1	 665	OK
1682	   0	82.5	82.5	 673	OK
1683	   0	83.2	83.2	 710	OK
1684	   0	89.8	89.8	 658	OK
1685	   0	84.1	84.1	 687	OK
1686	   0	91.9	91.9	 675	OK
1687	   0	84.8	84.8	 668	OK
1688	   0	84.8	84.8	 661	OK
1689	   0	86.5	86.5	 653	OK
1690	   0	89.7	89.7	 682	OK
1691	   0	80.9	80.9	 676	OK
1692	   0	87.7	87.7	 686	OK
1693	   0	84.0	84.0	 703	OK
1694	   0	84.7	84.7	 699	OK
1695	   0	81.9	81.9	 703	OK
1696	   0	89.0	89.0	 652	OK
1697	   0	87.9	87.9	 714	OK
1698	   0	90.6	90.6	 674	OK
1699	   0	89.6	89.6	 681	OK
1700	   0	89.6	89.6	 685	OK
1701	   0	83.2	83.2	 671	OK
1702	   0	88.1	88.1	 656	OK
1703	   0	82.3	82.3	 703	OK
1704	   0	87.8	87.8	 675	OK
1705	   0	86.8	86.8	 688	OK
1706	   0	85.8	85.8	 667	OK
1707	   0	89.3	89.3	 714	OK
1708	   0	86.1	86.1	 656	OK
1709	   0	83.0	83.0	 666	OK
1710	   0	86.6	86.6	 665	OK
1711	   0	86.5	86.5	 699	OK
1712	   0	85.1	85.1	 709	OK
1713	   0	87.3	87.3	 705	OK
1714	   0	86.4	86.4	 656	OK
1715	   0	89.2	89.2	 662	OK
1716	   0	84.4	84.4	 697	OK
1717	   0	85.5	85.5	 673	OK
1718	   0	92.8	92.8	 649	OK
1719	   0	90.8	90.8	 698	OK
1720	   0	88.6	88.6	 662	OK
1721	   0	87.7	87.7	 703	OK
1722	   0	85.0	85.0	 651	OK
1723	   0	84.6	84.6	 697	OK
1724	   0	90.1	90.1	 697	OK
1725	   0	93.8	93.8	 653	OK
1726	   0	94.1	94.1	 681	OK
1727	   0	92.0	92.0	 662	OK
1728	   0	87.2	87.2	 691	OK
1729	   0	92.7	92.7	 701	OK
1730	   0	90.9	90.9	 717	OK
1731	   0	88.2	88.2	 682	OK
1732	   0	87.0	87.0	 687	OK
1733	   0	91.5	91.5	 659	OK
1734	   0	83.7	83.7	 671	OK
1735	   0	95.7	95.7	 709	OK
1736	   0	83.6	83.6	 676	OK
1737	   0	88.5	88.5	 639	OK
1738	   0	91.6	91.6	 663	OK
1739	   0	83.7	83.7	 735	OK
1740	   0	84.1	84.1	 665	OK
1741	   0	83.7	83.7	 683	OK
1742	   0	95.7	95.7	 637	OK
1743	   0	89.2	89.2	 674	OK
1744	   0	87.5	87.5	 658	OK
1745	   0	91.8	91.8	 694	OK
1746	   0	92.1	92.1	 667	OK
1747	   0	91.5	91.5	 669	OK
1748	   0	92.4	92.4	 698	OK
1749	   0	86.1	86.1	 665	OK
1750	   0	83.4	83.4	 693	OK
1751	   0	83.2	83.2	 707	OK
1752	   0	94.6	94.6	 671	OK
1753	   0	88.7	88.7	 673	OK
1754	   0	88.7	88.7	 695	OK
1755	   0	88.9	88.9	 672	OK
1756	   0	86.6	86.6	 661	OK
1757	   0	91.4	91.4	 656	OK
1758	   0	89.7	89.7	 697	OK
1759	   0	92.8	92.8	 661	OK
1760	   0	90.9	90.9	 654	OK
1761	   0	88.6	88.6	 685	OK
1762	   0	89.9	89.9	 647	OK
1763	   0	93.4	93.4	 717	OK
1764	   0	90.7	90.7	 645	OK
1765	   0	87.1	87.1	 700	OK
1766	   0	80.4	80.4	 701	OK
1767	   0	90.5	90.5	 680	OK
1768	   0	88.3	88.3	 681	OK
1769	   0	86.0	86.0	 699	OK
1770	   0	86.7	86.7	 652	OK
1771	   0	86.9	86.9	 677	OK
1772	   0	84.4	84.4	 673	OK
1773	   0	90.2	90.2	 670	OK
1774	   0	90.4	90.4	 657	OK
1775	   0	83.9	83.9	 694	OK
1776	   0	90.9	90.9	 696	OK
1777	   0	83.5	83.5	 699	OK
1778	   0	90.2	90.2	 685	OK
1779	   0	84.1	84.1	 702	OK
1780	   0	79.8	79.8	 643	OK
1781	   0	86.3	86.3	 686	OK
1782	   0	91.6	91.6	 667	OK
1783	   0	80.5	80.5	 669	OK
1784	   0	91.5	91.5	 679	OK
1785	   0	86.9	86.9	 673	OK
1786	   0	87.2	87.2	 653	OK
1787	   0	89.3	89.3	 723	OK
1788	   0	88.7	88.7	 663	OK
1789	   0	88.0	88.0	 624	OK
1790	   0	86.5	86.5	 714	OK
1791	   0	84.0	84.0	 689	OK
1792	   0	74.1	74.1	 767	OK
1793	   0	68.5	68.5	 813	OK
1794	   0	80.5	80.5	 733	OK
1795	   0	78.5	78.5	 752	OK
1796	   0	75.1	75.1	 737	OK
1797	   0	78.2	78.2	 764	OK
1798	   0	83.4	83.4	 773	OK
1799	   0	75.5	75.5	 778	OK
1800	   0	64.9	64.9	 804	OK
1801	   0	87.7	87.7	 773	OK
1802	   0	72.7	72.7	 778	OK
1803	   0	79.2	79.2	 760	OK
1804	   0	74.5	74.5	 817	OK
1805	   0	77.7	77.7	 797	OK
1806	   0	72.0	72.0	 757	OK
1807	   0	75.6	75.6	 765	OK
1808	   0	77.6	77.6	 782	OK
1809	   0	73.6	73.6	 766	OK
1810	   0	79.7	79.7	 745	OK
1811	   0	74.6	74.6	 765	OK
1812	   0	74.0	74.0	 769	OK
1813	   0	81.2	81.2	 777	OK
1814	   0	74.9	74.9	 795	OK
1815	   0	79.0	79.0	 776	OK
1816	   0	80.4	80.4	 775	OK
1817	   0	71.3	71.3	 760	OK
1818	   0	74.3	74.3	 777	OK
1819	   0	71.9	71.9	 791	OK
1820	   0	76.4	76.4	 780	OK
1821	   0	76.3	76.3	 754	OK
1822	   0	75.3	75.3	 773	OK
1823	   0	71.1	71.1	 755	OK
1824	   0	76.1	76.1	 769	OK
1825	   0	70.2	70.2	 815	OK
1826	   0	74.3	74.3	 747	OK
1827	   0	73.8	73.8	 797	OK
1828	   0	76.0	76.0	 750	OK
1829	   0	78.1	78.1	 763	OK
1830	   0	80.8	80.8	 730	OK
1831	   0	75.2	75.2	 772	OK
1832	   0	71.9	71.9	 863	OK
1833	   0	82.6	82.6	 744	OK
1834	   0	78.4	78.4	 748	OK
1835	   0	70.2	70.2	 809	OK
1836	   0	79.2	79.2	 746	OK
1837	   0	79.8	79.8	 771	OK
1838	   0	77.9	77.9	 772	OK
1839	   0	78.8	78.8	 762	OK
1840	   0	78.9	78.9	 753	OK
1841	   0	72.7	72.7	 779	OK
1842	   0	79.5	79.5	 763	OK
1843	   0	71.3	71.3	 750	OK
1844	   0	74.4	74.4	 772	OK
1845	   0	74.3	74.3	 763	OK
1846	   0	70.8	70.8	 748	OK
1847	   0	78.6	78.6	 787	OK
1848	   0	76.4	76.4	 803	OK
1849	   0	74.0	74.0	 791	OK
1850	   0	77.6	77.6	 779	OK
1851	   0	86.8	86.8	 738	OK
1852	   0	77.9	77.9	 739	OK
1853	   0	80.9	80.9	 783	OK
1854	   0	84.1	84.1	 763	OK
1855	   0	78.9	78.9	 748	OK
1856	   0	75.6	75.6	 756	OK
1857	   0	72.4	72.4	 784	OK
1858	   0	77.9	77.9	 749	OK
1859	   0	74.4	74.4	 785	OK
1860	   0	73.9	73.9	 801	OK
1861	   0	71.5	71.5	 776	OK
1862	   0	76.0	76.0	 767	OK
1863	   0	70.8	70.8	 782	OK
1864	   0	71.3	71.3	 791	OK
1865	   0	77.2	77.2	 785	OK
1866	   0	71.8	71.8	 753	OK
1867	   0	74.3	74.3	 782	OK
1868	   0	76.2	76.2	 774	OK
1869	   0	78.3	78.3	 790	OK
1870	   0	79.7	79.7	 718	OK
1871	   0	74.1	74.1	 760	OK
1872	   0	73.5	73.5	 783	OK
1873	   0	67.9	67.9	 785	OK
1874	   0	71.4	71.4	 770	OK
1875	   0	69.8	69.8	 801	OK
1876	   0	72.5	72.5	 754	OK
1877	   0	77.8	77.8	 760	OK
1878	   0	65.8	65.8	 795	OK
1879	   0	79.9	79.9	 751	OK
1880	   0	71.2	71.2	 766	OK
1881	   0	77.4	77.4	 767	OK
1882	   0	77.8	77.8	 731	OK
1883	   0	73.8	73.8	 774	OK
1884	   0	69.5	69.5	 764	OK
1885	   0	71.1	71.1	 772	OK
1886	   0	76.8	76.8	 810	OK
1887	   0	72.2	72.2	 753	OK
1888	   0	72.1	72.1	 749	OK
1889	   0	76.7	76.7	 771	OK
1890	   0	69.4	69.4	 794	OK
1891	   0	73.7	73.7	 808	OK
1892	   0	74.7	74.7	 780	OK
1893	   0	77.8	77.8	 768	OK
1894	   0	70.0	70.0	 766	OK
1895	   0	73.8	73.8	 755	OK
1896	   0	79.2	79.2	 749	OK
1897	   0	77.7	77.7	 766	OK
1898	   0	73.7	73.7	 783	OK
1899	   0	75.5	75.5	 764	OK
1900	   0	71.7	71.7	 797	OK
1901	   0	78.5	78.5	 748	OK
1902	   0	77.6	77.6	 768	OK
1903	   0	72.9	72.9	 737	OK
1904	   0	70.5	70.5	 764	OK
1905	   0	68.2	68.2	 796	OK
1906	   0	70.8	70.8	 764	OK
1907	   0	69.7	69.7	 797	OK
1908	   0	75.6	75.6	 750	OK
1909	   0	73.9	73.9	 752	OK
1910	   0	74.8	74.8	 766	OK
1911	   0	68.0	68.0	 812	OK
1912	   0	70.9	70.9	 776	OK
1913	   0	77.6	77.6	 747	OK
1914	   0	75.6	75.6	 766	OK
1915	   0	72.8	72.8	 790	OK
1916	   0	75.1	75.1	 769	OK
1917	   0	77.5	77.5	 771	OK
1918	   0	71.9	71.9	 799	OK
1919	   0	70.3	70.3	 778	OK
1920	   0	86.4	86.4	 723	OK
1921	   0	85.7	85.7	 753	OK
1922	   0	88.2	88.2	 711	OK
1923	   0	86.3	86.3	 659	OK
1924	   0	91.3	91.3	 693	OK
1925	   0	94.0	94.0	 735	OK
1926	   0	80.3	80.3	 676	OK
1927	   0	86.8	86.8	 726	OK
1928	   0	80.9	80.9	 667	OK
1929	   0	83.6	83.6	 665	OK
1930	   0	92.9	92.9	 683	OK
1931	   0	84.5	84.5	 726	OK
1932	   0	86.1	86.1	 703	OK
1933	   0	79.5	79.5	 705	OK
1934	   0	88.9	88.9	 668	OK
1935	   0	91.2	91.2	 713	OK
1936	   0	88.5	88.5	 661	OK
1937	   0	83.3	83.3	 713	OK
1938	   0	89.4	89.4	 658	OK
1939	   0	85.5	85.5	 694	OK
1940	   0	84.9	84.9	 711	OK
1941	   0	83.9	83.9	 696	OK
1942	   0	86.2	86.2	 688	OK
1943	   0	83.5	83.5	 706	OK
1944	   0	84.3	84.3	 715	OK
1945	   0	75.0	75.0	 677	OK
1946	   0	96.3	96.3	 691	OK
1947	   0	89.3	89.3	 707	OK
1948	   0	81.8	81.8	 711	OK
1949	   0	87.9	87.9	 700	OK
1950	   0	77.5	77.5	 740	OK
1951	   0	83.5	83.5	 738	OK
1952	   0	82.6	82.6	 675	OK
1953	   0	85.9	85.9	 668	OK
1954	   0	93.0	93.0	 676	OK
1955	   0	82.3	82.3	 718	OK
1956	   0	77.6	77.6	 659	OK
1957	   0	88.1	88.1	 675	OK
1958	   0	83.3	83.3	 699	OK
1959	   0	85.3	85.3	 685	OK
1960	   0	87.8	87.8	 658	OK
1961	   0	83.1	83.1	 711	OK
1962	   0	81.2	81.2	 693	OK
1963	   0	83.0	83.0	 710	OK
1964	   0	84.0	84.0	 692	OK
1965	   0	85.9	85.9	 690	OK
1966	   0	80.8	80.8	 690	OK
1967	   0	85.5	85.5	 724	OK
1968	   0	85.8	85.8	 692	OK
1969	   0	86.1	86.1	 703	OK
1970	   0	88.7	88.7	 697	OK
1971	   0	83.5	83.5	 695	OK
1972	   0	82.5	82.5	 693	OK
1973	   0	85.2	85.2	 687	OK
1974	   0	90.5	90.5	 681	OK
1975	   0	89.2	89.2	 707	OK
1976	   0	87.0	87.0	 729	OK
1977	   0	82.9	82.9	 723	OK
1978	   0	88.8	88.8	 710	OK
1979	   0	83.0	83.0	 703	OK
1980	   0	89.3	89.3	 738	OK
1981	   0	82.8	82.8	 695	OK
1982	   0	89.3	89.3	 695	OK
1983	   0	89.8	89.8	 660	OK
1984	   0	87.0	87.0	 699	OK
1985	   0	79.6	79.6	 771	OK
1986	   0	85.0	85.0	 723	OK
1987	   0	80.5	80.5	 732	OK
1988	   0	87.8	87.8	 697	OK
1989	   0	88.2	88.2	 678	OK
1990	   0	77.6	77.6	 730	OK
1991	   0	86.1	86.1	 738	OK
1992	   0	82.7	82.7	 692	OK
1993	   0	89.5	89.5	 705	OK
1994	   0	88.8	88.8	 676	OK
1995	   0	82.7	82.7	 715	OK
1996	   0	78.7	78.7	 716	OK
1997	   0	86.9	86.9	 702	OK
1998	   0	84.6	84.6	 696	OK
1999	   0	88.4	88.4	 665	OK
2000	   0	91.4	91.4	 665	OK
2001	   0	87.8	87.8	 688	OK
2002	   0	74.8	74.8	 718	OK
2003	   0	85.4	85.4	 758	OK
2004	   0	82.0	82.0	 694	OK
2005	   0	86.2	86.2	 698	OK
2006	   0	86.8	86.8	 696	OK
2007	   0	82.5	82.5	 695	OK
2008	   0	87.9	87.9	 716	OK
2009	   0	87.1	87.1	 711	OK
2010	   0	80.4	80.4	 710	OK
2011	   0	82.0	82.0	 686	OK
2012	   0	81.8	81.8	 682	OK
2013	   0	84.2	84.2	 697	OK
2014	   0	87.1	87.1	 697	OK
2015	   0	85.8	85.8	 709	OK
2016	   0	89.6	89.6	 663	OK
2017	   0	87.3	87.3	 721	OK
2018	   0	80.1	80.1	 731	OK
2019	   0	81.2	81.2	 771	OK
2020	   0	81.0	81.0	 709	OK
2021	   0	82.5	82.5	 636	OK
2022	   0	79.3	79.3	 708	OK
2023	   0	87.6	87.6	 680	OK
2024	   0	85.1	85.1	 710	OK
2025	   0	80.5	80.5	 672	OK
2026	   0	83.8	83.8	 680	OK
2027	   0	84.0	84.0	 707	OK
2028	   0	86.3	86.3	 696	OK
2029	   0	87.1	87.1	 726	OK
2030	   0	88.7	88.7	 661	OK
2031	   0	79.1	79.1	 686	OK
2032	   0	93.1	93.1	 667	OK
2033	   0	84.6	84.6	 714	OK
2034	   0	86.3	86.3	 680	OK
2035	   0	83.2	83.2	 696	OK
2036	   0	84.6	84.6	 695	OK
2037	   0	88.0	88.0	 656	OK
2038	   0	88.3	88.3	 721	OK
2039	   0	81.3	81.3	 700	OK
2040	   0	89.6	89.6	 696	OK
2041	   0	82.0	82.0	 686	OK
2042	   0	84.7	84.7	 695	OK
2043	   0	87.3	87.3	 701	OK
2044	   0	89.9	89.9	 699	OK
2045	   0	86.2	86.2	 686	OK
2046	   0	86.0	86.0	 727	OK
2047	   0	77.8	77.8	 683	OK
2048	   0	77.5	77.5	 756	OK
2049	   0	71.9	71.9	 785	OK
2050	   0	77.5	77.5	 749	OK
2051	   0	76.9	76.9	 791	OK
2052	   0	81.8	81.8	 786	OK
2053	   0	77.9	77.9	 769	OK
2054	   0	79.8	79.8	 750	OK
2055	   0	82.4	82.4	 753	OK
2056	   0	78.5	78.5	 729	OK
2057	   0	79.3	79.3	 724	OK
2058	   0	84.1	84.1	 708	OK
2059	   0	81.0	81.0	 736	OK
2060	   0	76.8	76.8	 763	OK
2061	   0	87.2	87.2	 753	OK
2062	   0	76.4	76.4	 763	OK
2063	   0	71.9	71.9	 738	OK
2064	   0	79.0	79.0	 721	OK
2065	   0	78.8	78.8	 777	OK
2066	   0	79.8	79.8	 734	OK
2067	   0	79.7	79.7	 810	OK
2068	   0	81.2	81.2	 702	OK
2069	   0	76.9	76.9	 742	OK
2070	   0	78.7	78.7	 748	OK
2071	   0	79.4	79.4	 754	OK
2072	   0	82.5	82.5	 745	OK
2073	   0	75.7	75.7	 739	OK
2074	   0	74.7	74.7	 786	OK
2075	   0	82.3	82.3	 730	OK
2076	   0	74.6	74.6	 732	OK
2077	   0	76.6	76.6	 750	OK
2078	   0	83.7	83.7	 749	OK
2079	   0	75.5	75.5	 735	OK
2080	   0	69.8	69.8	 745	OK
2081	   0	77.0	77.0	 747	OK
2082	   0	80.1	80.1	 757	OK
2083	   0	76.4	76.4	 810	OK
2084	   0	78.9	78.9	 733	OK
2085	   0	78.1	78.1	 723	OK
2086	   0	76.2	76.2	 740	OK
2087	   0	84.6	84.6	 761	OK
2088	   0	77.7	77.7	 747	OK
2089	   0	78.6	78.6	 764	OK
2090	   0	78.4	78.4	 741	OK
2091	   0	82.3	82.3	 780	OK
2092	   0	77.7	77.7	 735	OK
2093	   0	79.4	79.4	 758	OK
2094	   0	79.2	79.2	 745	OK
2095	   0	82.2	82.2	 729	OK
2096	   0	74.6	74.6	 722	OK
2097	   0	77.3	77.3	 754	OK
2098	   0	79.1	79.1	 756	OK
2099	   0	79.6	79.6	 734	OK
2100	   0	81.9	81.9	 737	OK
2101	   0	78.2	78.2	 783	OK
2102	   0	81.2	81.2	 747	OK
2103	   0	79.3	79.3	 750	OK
2104	   0	82.1	82.1	 731	OK
2105	   0	83.0	83.0	 737	OK
2106	   0	86.3	86.3	 752	OK
2107	   0	80.3	80.3	 773	OK
2108	   0	85.5	85.5	 735	OK
2109	   0	76.4	76.4	 774	OK
2110	   0	78.6	78.6	 752	OK
2111	   0	87.8	87.8	 736	OK
2112	   0	74.2	74.2	 756	OK
2113	   0	77.1	77.1	 747	OK
2114	   0	72.0	72.0	 746	OK
2115	   0	80.1	80.1	 741	OK
2116	   0	77.2	77.2	 767	OK
2117	   0	78.6	78.6	 730	OK
2118	   0	79.3	79.3	 756	OK
2119	   0	78.7	78.7	 730	OK
2120	   0	81.6	81.6	 721	OK
2121	   0	76.9	76.9	 703	OK
2122	   0	76.7	76.7	 731	OK
2123	   0	71.3	71.3	 803	OK
2124	   0	76.3	76.3	 726	OK
2125	   0	87.3	87.3	 720	OK
2126	   0	79.0	79.0	 732	OK
2127	   0	81.1	81.1	 745	OK
2128	   0	83.3	83.3	 751	OK
2129	   0	68.7	68.7	 742	OK
2130	   0	78.1	78.1	 703	OK
2131	   0	79.2	79.2	 741	OK
2132	   0	76.3	76.3	 735	OK
2133	   0	81.4	81.4	 738	OK
2134	   0	77.6	77.6	 713	OK
2135	   0	74.7	74.7	 774	OK
2136	   0	73.5	73.5	 749	OK
2137	   0	72.9	72.9	 756	OK
2138	   0	79.2	79.2	 764	OK
2139	   0	76.2	76.2	 754	OK
2140	   0	86.4	86.4	 747	OK
2141	   0	83.3	83.3	 734	OK
2142	   0	83.7	83.7	 690	OK
2143	   0	82.4	82.4	 752	OK
2144	   0	76.1	76.1	 757	OK
2145	   0	78.5	78.5	 751	OK
2146	   0	78.8	78.8	 751	OK
2147	   0	76.1	76.1	 740	OK
2148	   0	75.6	75.6	 719	OK
2149	   0	73.0	73.0	 791	OK
2150	   0	71.2	71.2	 739	OK
2151	   0	75.2	75.2	 751	OK
2152	   0	74.8	74.8	 731	OK
2153	   0	72.5	72.5	 763	OK
2154	   0	80.0	80.0	 775	OK
2155	   0	83.1	83.1	 762	OK
2156	   0	72.1	72.1	 766	OK
2157	   0	70.3	70.3	 811	OK
2158	   0	72.8	72.8	 715	OK
2159	   0	75.9	75.9	 745	OK
2160	   0	77.1	77.1	 749	OK
2161	   0	72.3	72.3	 780	OK
2162	   0	75.7	75.7	 710	OK
2163	   0	78.2	78.2	 727	OK
2164	   0	79.3	79.3	 748	OK
2165	   0	77.0	77.0	 711	OK
2166	   0	74.0	74.0	 777	OK
2167	   0	82.1	82.1	 766	OK
2168	   0	71.6	71.6	 765	OK
2169	   0	77.9	77.9	 728	OK
2170	4000	71.1	71.1	 904	high noise
2171	   0	85.7	85.7	 765	OK
2172	   0	74.4	74.4	 709	OK
2173	   0	76.5	76.5	 770	OK
2174	   0	78.4	78.4	 756	OK
2175	   0	81.1	81.1	 760	OK
2176	   0	78.3	78.3	 744	OK
2177	   0	75.7	75.7	 765	OK
2178	   0	82.4	82.4	 709	OK
2179	   0	78.6	78.6	 736	OK
2180	   0	78.4	78.4	 734	OK
2181	   0	79.2	79.2	 697	OK
2182	   0	81.2	81.2	 733	OK
2183	   0	87.1	87.1	 715	OK
2184	   0	78.6	78.6	 713	OK
2185	   0	81.7	81.7	 746	OK
2186	   0	85.5	85.5	 648	OK
2187	   0	84.0	84.0	 750	OK
2188	   0	77.6	77.6	 767	OK
2189	   0	82.8	82.8	 721	OK
2190	   0	77.2	77.2	 737	OK
2191	   0	87.0	87.0	 723	OK
2192	   0	85.2	85.2	 704	OK
2193	   0	82.0	82.0	 731	OK
2194	   0	80.5	80.5	 740	OK
2195	   0	83.1	83.1	 716	OK
2196	   0	72.3	72.3	 739	OK
2197	   0	85.5	85.5	 734	OK
2198	   0	80.2	80.2	 691	OK
2199	   0	75.2	75.2	 734	OK
2200	   0	78.6	78.6	 661	OK
2201	   0	84.6	84.6	 753	OK
2202	   0	82.4	82.4	 740	OK
2203	   0	84.6	84.6	 709	OK
2204	   0	80.6	80.6	 707	OK
2205	   0	81.8	81.8	 702	OK
2206	   0	81.2	81.2	 730	OK
2207	   0	79.2	79.2	 714	OK
2208	   0	80.4	80.4	 688	OK
2209	   0	89.8	89.8	 704	OK
2210	   0	82.3	82.3	 725	OK
2211	   0	78.1	78.1	 737	OK
2212	   0	77.6	77.6	 820	OK
2213	   0	85.6	85.6	 752	OK
2214	   0	83.0	83.0	 698	OK
2215	   0	79.4	79.4	 747	OK
2216	   0	76.6	76.6	 723	OK
2217	   0	85.8	85.8	 709	OK
2218	   0	84.3	84.3	 729	OK
2219	   0	84.3	84.3	 741	OK
2220	   0	76.5	76.5	 723	OK
2221	   0	77.3	77.3	 738	OK
2222	   0	88.3	88.3	 671	OK
2223	   0	84.6	84.6	 715	OK
2224	   0	81.3	81.3	 707	OK
2225	   0	81.5	81.5	 720	OK
2226	   0	77.9	77.9	 732	OK
2227	   0	83.0	83.0	 708	OK
2228	   0	83.8	83.8	 750	OK
2229	   0	76.5	76.5	 741	OK
2230	   0	89.5	89.5	 686	OK
2231	   0	79.9	79.9	 746	OK
2232	   0	82.1	82.1	 754	OK
2233	   0	81.7	81.7	 729	OK
2234	   0	84.9	84.9	 728	OK
2235	   0	90.5	90.5	 726	OK
2236	   0	82.3	82.3	 738	OK
2237	   0	83.3	83.3	 751	OK
2238	   0	82.4	82.4	 732	OK
2239	   0	81.8	81.8	 722	OK
2240	   0	84.9	84.9	 718	OK
2241	   0	78.7	78.7	 714	OK
2242	   0	79.1	79.1	 751	OK
2243	   0	78.4	78.4	 735	OK
2244	   0	83.6	83.6	 691	OK
2245	   0	77.5	77.5	 759	OK
2246	   0	81.3	81.3	 700	OK
2247	   0	84.2	84.2	 702	OK
2248	   0	77.2	77.2	 752	OK
2249	   0	78.8	78.8	 726	OK
2250	   0	77.7	77.7	 731	OK
2251	   0	72.2	72.2	 759	OK
2252	   0	84.2	84.2	 666	OK
2253	   0	74.7	74.7	 737	OK
2254	   0	79.9	79.9	 716	OK
2255	   0	74.4	74.4	 715	OK
2256	   0	84.0	84.0	 695	OK
2257	   0	77.6	77.6	 742	OK
2258	   0	78.5	78.5	 671	OK
2259	   0	76.8	76.8	 716	OK
2260	   0	84.0	84.0	 712	OK
2261	   0	78.3	78.3	 724	OK
2262	   0	81.0	81.0	 688	OK
2263	   0	77.1	77.1	 708	OK
2264	   0	68.9	68.9	 711	OK
2265	   0	76.6	76.6	 729	OK
2266	   0	79.5	79.5	 718	OK
2267	   0	77.1	77.1	 745	OK
2268	   0	81.5	81.5	 713	OK
2269	   0	83.9	83.9	 710	OK
2270	   0	76.1	76.1	 694	OK
2271	   0	79.7	79.7	 732	OK
2272	   0	73.9	73.9	 732	OK
2273	   0	78.1	78.1	 758	OK
2274	   0	81.6	81.6	 721	OK
2275	   0	76.6	76.6	 694	OK
2276	   0	78.3	78.3	 732	OK
2277	   0	75.3	75.3	 688	OK
2278	   0	82.4	82.4	 715	OK
2279	   0	76.5	76.5	 713	OK
2280	   0	75.0	75.0	 728	OK
2281	   0	84.5	84.5	 696	OK
2282	   0	80.7	80.7	 821	OK
2283	   0	82.5	82.5	 732	OK
2284	   0	79.9	79.9	 725	OK
2285	   0	76.6	76.6	 710	OK
2286	   0	81.4	81.4	 657	OK
2287	   0	81.4	81.4	 710	OK
2288	   0	80.0	80.0	 707	OK
2289	   0	78.8	78.8	 713	OK
2290	   0	83.6	83.6	 743	OK
2291	   0	84.1	84.1	 724	OK
2292	   0	84.6	84.6	 671	OK
2293	   0	79.0	79.0	 686	OK
2294	   0	77.3	77.3	 684	OK
2295	   0	67.2	67.2	 720	OK
2296	   0	80.4	80.4	 718	OK
2297	4000	77.9	77.9	 860	high noise
2298	4000	73.0	73.0	 921	high noise
2299	   0	78.3	78.3	 772	OK
2300	   0	78.3	78.3	 687	OK
2301	   0	78.5	78.5	 714	OK
2302	   0	83.0	83.0	 715	OK
2303	   0	79.8	79.8	 766	OK
2304	   0	87.2	87.2	 690	OK
2305	   0	86.3	86.3	 697	OK
2306	   0	78.4	78.4	 661	OK
2307	   0	92.0	92.0	 677	OK
2308	   0	86.1	86.1	 659	OK
2309	   0	83.6	83.6	 670	OK
2310	   0	85.8	85.8	 630	OK
2311	   0	86.0	86.0	 711	OK
2312	   0	81.4	81.4	 671	OK
2313	   0	84.9	84.9	 725	OK
2314	   0	89.7	89.7	 650	OK
2315	   0	81.7	81.7	 684	OK
2316	   0	82.8	82.8	 676	OK
2317	   0	88.6	88.6	 710	OK
2318	   0	85.9	85.9	 673	OK
2319	   0	81.5	81.5	 658	OK
2320	   0	90.4	90.4	 639	OK
2321	   0	92.3	92.3	 689	OK
2322	   0	88.6	88.6	 667	OK
2323	   0	90.5	90.5	 679	OK
2324	   0	89.1	89.1	 668	OK
2325	   0	80.1	80.1	 698	OK
2326	   0	88.1	88.1	 657	OK
2327	   0	81.0	81.0	 672	OK
2328	   0	91.3	91.3	 693	OK
2329	   0	90.5	90.5	 679	OK
2330	   0	80.6	80.6	 693	OK
2331	   0	87.6	87.6	 679	OK
2332	   0	82.7	82.7	 684	OK
2333	   0	82.9	82.9	 680	OK
2334	   0	82.8	82.8	 661	OK
2335	   0	84.5	84.5	 663	OK
2336	   0	86.3	86.3	 649	OK
2337	   0	88.5	88.5	 713	OK
2338	   0	79.3	79.3	 659	OK
2339	   0	90.3	90.3	 687	OK
2340	   0	89.4	89.4	 657	OK
2341	   0	79.5	79.5	 711	OK
2342	   0	84.9	84.9	 691	OK
2343	   0	88.1	88.1	 664	OK
2344	   0	91.5	91.5	 659	OK
2345	   0	79.4	79.4	 720	OK
2346	   0	89.5	89.5	 667	OK
2347	   0	85.5	85.5	 693	OK
2348	   0	77.2	77.2	 659	OK
2349	   0	83.5	83.5	 698	OK
2350	   0	85.8	85.8	 699	OK
2351	   0	82.7	82.7	 677	OK
2352	   0	89.4	89.4	 687	OK
2353	   0	83.7	83.7	 697	OK
2354	   0	85.1	85.1	 682	OK
2355	   0	82.9	82.9	 679	OK
2356	   0	83.2	83.2	 654	OK
2357	   0	81.8	81.8	 667	OK
2358	   0	83.2	83.2	 714	OK
2359	   0	86.1	86.1	 672	OK
2360	   0	90.2	90.2	 675	OK
2361	   0	87.9	87.9	 679	OK
2362	   0	88.6	88.6	 695	OK
2363	   0	85.1	85.1	 690	OK
2364	   0	86.0	86.0	 664	OK
2365	   0	81.9	81.9	 676	OK
2366	   0	93.4	93.4	 673	OK
2367	   0	89.9	89.9	 684	OK
2368	   0	85.4	85.4	 667	OK
2369	   0	83.9	83.9	 709	OK
2370	   0	84.4	84.4	 689	OK
2371	   0	83.2	83.2	 667	OK
2372	   0	89.6	89.6	 653	OK
2373	   0	84.6	84.6	 652	OK
2374	   0	90.3	90.3	 680	OK
2375	   0	85.8	85.8	 695	OK
2376	   0	94.4	94.4	 669	OK
2377	   0	82.9	82.9	 696	OK
2378	   0	89.8	89.8	 667	OK
2379	   0	79.1	79.1	 678	OK
2380	   0	84.3	84.3	 665	OK
2381	   0	85.3	85.3	 703	OK
2382	   0	89.3	89.3	 718	OK
2383	   0	83.3	83.3	 661	OK
2384	   0	86.0	86.0	 656	OK
2385	   0	82.6	82.6	 686	OK
2386	   0	84.7	84.7	 637	OK
2387	   0	82.0	82.0	 703	OK
2388	   0	79.9	79.9	 692	OK
2389	   0	78.2	78.2	 700	OK
2390	   0	82.9	82.9	 652	OK
2391	   0	85.5	85.5	 686	OK
2392	   0	80.5	80.5	 669	OK
2393	   0	83.4	83.4	 687	OK
2394	   0	87.8	87.8	 663	OK
2395	   0	80.0	80.0	 697	OK
2396	   0	80.4	80.4	 680	OK
2397	   0	88.7	88.7	 719	OK
2398	   0	81.6	81.6	 636	OK
2399	   0	84.0	84.0	 673	OK
2400	   0	76.2	76.2	 700	OK
2401	   0	81.0	81.0	 630	OK
2402	   0	83.5	83.5	 688	OK
2403	   0	91.2	91.2	 650	OK
2404	   0	92.3	92.3	 679	OK
2405	   0	82.4	82.4	 713	OK
2406	   0	82.2	82.2	 681	OK
2407	   0	88.6	88.6	 695	OK
2408	   0	81.4	81.4	 692	OK
2409	   0	77.9	77.9	 686	OK
2410	   0	81.6	81.6	 657	OK
2411	   0	76.7	76.7	 707	OK
2412	   0	82.5	82.5	 683	OK
2413	   0	84.2	84.2	 727	OK
2414	   0	88.8	88.8	 674	OK
2415	   0	76.5	76.5	 703	OK
2416	   0	88.0	88.0	 641	OK
2417	   0	76.7	76.7	 650	OK
2418	   0	80.8	80.8	 706	OK
2419	   0	82.1	82.1	 671	OK
2420	   0	84.6	84.6	 660	OK
2421	   0	86.2	86.2	 703	OK
2422	   0	84.5	84.5	 649	OK
2423	   0	76.9	76.9	 707	OK
2424	   0	85.8	85.8	 659	OK
2425	   0	81.9	81.9	 683	OK
2426	   0	85.1	85.1	 650	OK
2427	   0	86.6	86.6	 689	OK
2428	   0	82.5	82.5	 667	OK
2429	   0	87.8	87.8	 699	OK
2430	   0	78.5	78.5	 712	OK
2431	   0	87.0	87.0	 764	OK
2432	   0	90.8	90.8	 695	OK
2433	   0	84.1	84.1	 715	OK
2434	   0	82.2	82.2	 708	OK
2435	   0	85.6	85.6	 732	OK
2436	   0	78.1	78.1	 689	OK
2437	   0	83.1	83.1	 699	OK
2438	   0	88.3	88.3	 674	OK
2439	   0	87.6	87.6	 730	OK
2440	   0	89.8	89.8	 704	OK
2441	   0	85.1	85.1	 679	OK
2442	   0	93.0	93.0	 676	OK
2443	   0	86.6	86.6	 682	OK
2444	   0	81.7	81.7	 696	OK
2445	   0	88.2	88.2	 678	OK
2446	   0	89.5	89.5	 662	OK
2447	   0	83.3	83.3	 738	OK
2448	   0	90.9	90.9	 673	OK
2449	   0	84.8	84.8	 717	OK
2450	   0	85.5	85.5	 664	OK
2451	   0	90.8	90.8	 705	OK
2452	   0	82.3	82.3	 683	OK
2453	   0	85.1	85.1	 678	OK
2454	   0	90.5	90.5	 682	OK
2455	   0	82.1	82.1	 704	OK
2456	   0	90.5	90.5	 677	OK
2457	   0	82.9	82.9	 670	OK
2458	   0	82.3	82.3	 700	OK
2459	   0	79.0	79.0	 699	OK
2460	   0	83.4	83.4	 700	OK
2461	   0	90.7	90.7	 710	OK
2462	   0	85.2	85.2	 664	OK
2463	   0	90.0	90.0	 694	OK
2464	   0	77.5	77.5	 699	OK
2465	   0	91.2	91.2	 711	OK
2466	   0	84.9	84.9	 679	OK
2467	   0	93.8	93.8	 701	OK
2468	4000	87.1	87.1	 868	high noise
2469	4000	83.0	83.0	 861	high noise
2470	   0	88.3	88.3	 692	OK
2471	   0	85.1	85.1	 669	OK
2472	   0	83.9	83.9	 705	OK
2473	   0	92.4	92.4	 663	OK
2474	   0	87.2	87.2	 695	OK
2475	   0	88.9	88.9	 665	OK
2476	   0	84.0	84.0	 691	OK
2477	   0	92.2	92.2	 683	OK
2478	   0	89.0	89.0	 671	OK
2479	   0	88.8	88.8	 728	OK
2480	   0	83.7	83.7	 695	OK
2481	   0	88.2	88.2	 659	OK
2482	   0	85.9	85.9	 699	OK
2483	   0	88.0	88.0	 708	OK
2484	   0	89.8	89.8	 670	OK
2485	   0	80.3	80.3	 689	OK
2486	   0	88.4	88.4	 669	OK
2487	   0	88.5	88.5	 683	OK
2488	   0	81.5	81.5	 697	OK
2489	   0	85.6	85.6	 712	OK
2490	   0	86.3	86.3	 683	OK
2491	   0	86.8	86.8	 716	OK
2492	   0	96.1	96.1	 671	OK
2493	   0	90.3	90.3	 677	OK
2494	   0	94.3	94.3	 672	OK
2495	   0	89.5	89.5	 662	OK
2496	   0	92.2	92.2	 686	OK
2497	   0	90.2	90.2	 668	OK
2498	   0	89.7	89.7	 691	OK
2499	   0	90.9	90.9	 695	OK
2500	   0	91.1	91.1	 694	OK
2501	   0	90.3	90.3	 685	OK
2502	   0	87.0	87.0	 673	OK
2503	   0	84.9	84.9	 693	OK
2504	   0	83.8	83.8	 723	OK
2505	   0	93.7	93.7	 712	OK
2506	   0	87.7	87.7	 669	OK
2507	   0	86.7	86.7	 711	OK
2508	   0	88.5	88.5	 667	OK
2509	   0	87.5	87.5	 723	OK
2510	   0	80.9	80.9	 668	OK
2511	   0	84.3	84.3	 685	OK
2512	   0	85.5	85.5	 682	OK
2513	   0	88.7	88.7	 710	OK
2514	   0	90.0	90.0	 657	OK
2515	   0	94.5	94.5	 694	OK
2516	   0	90.6	90.6	 660	OK
2517	   0	84.2	84.2	 695	OK
2518	   0	85.0	85.0	 689	OK
2519	   0	88.8	88.8	 665	OK
2520	   0	85.2	85.2	 715	OK
2521	   0	89.8	89.8	 672	OK
2522	   0	89.9	89.9	 677	OK
2523	   0	84.3	84.3	 679	OK
2524	   0	81.5	81.5	 697	OK
2525	   0	82.2	82.2	 683	OK
2526	   0	89.9	89.9	 673	OK
2527	   0	91.0	91.0	 698	OK
2528	   0	88.9	88.9	 709	OK
2529	   0	87.9	87.9	 700	OK
2530	   0	81.5	81.5	 673	OK
2531	   0	81.6	81.6	 710	OK
2532	   0	91.2	91.2	 671	OK
2533	   0	86.1	86.1	 733	OK
2534	   0	85.0	85.0	 659	OK
2535	   0	87.6	87.6	 725	OK
2536	   0	89.6	89.6	 698	OK
2537	   0	87.1	87.1	 683	OK
2538	   0	93.6	93.6	 678	OK
2539	   0	91.7	91.7	 692	OK
2540	   0	90.3	90.3	 686	OK
2541	   0	82.0	82.0	 690	OK
2542	   0	84.0	84.0	 669	OK
2543	   0	93.3	93.3	 738	OK
2544	   0	88.7	88.7	 668	OK
2545	   0	85.5	85.5	 746	OK
2546	   0	92.4	92.4	 679	OK
2547	   0	93.4	93.4	 731	OK
2548	   0	94.2	94.2	 680	OK
2549	   0	91.9	91.9	 698	OK
2550	   0	86.1	86.1	 648	OK
2551	   0	86.6	86.6	 736	OK
2552	   0	85.0	85.0	 721	OK
2553	   0	87.6	87.6	 714	OK
2554	   0	79.3	79.3	 709	OK
2555	   0	89.1	89.1	 727	OK
2556	   0	83.5	83.5	 693	OK
2557	   0	83.8	83.8	 750	OK
2558	   0	86.7	86.7	 760	OK
2559	4000	79.4	79.4	 829	high noise
