#chan	code	gain	offset	innse	comment
   0	4000	79.4	79.4	 968	high noise
   1	   0	78.8	78.8	 835	OK
   2	   0	72.3	72.3	 779	OK
   3	   0	82.0	82.0	 859	OK
   4	   0	83.7	83.7	 820	OK
   5	   0	74.1	74.1	 806	OK
   6	   0	76.9	76.9	 779	OK
   7	   0	78.0	78.0	 803	OK
   8	   0	77.0	77.0	 794	OK
   9	   0	73.2	73.2	 800	OK
  10	   0	76.7	76.7	 804	OK
  11	   0	74.2	74.2	 817	OK
  12	   0	79.4	79.4	 812	OK
  13	   0	78.1	78.1	 797	OK
  14	   0	81.7	81.7	 781	OK
  15	   0	76.3	76.3	 806	OK
  16	   0	83.4	83.4	 782	OK
  17	   0	85.3	85.3	 789	OK
  18	   0	80.2	80.2	 800	OK
  19	   0	78.3	78.3	 802	OK
  20	   0	74.5	74.5	 772	OK
  21	   0	74.9	74.9	 801	OK
  22	   0	77.5	77.5	 786	OK
  23	   0	75.9	75.9	 825	OK
  24	   0	75.6	75.6	 775	OK
  25	   0	75.3	75.3	 777	OK
  26	   0	75.1	75.1	 813	OK
  27	   0	72.7	72.7	 777	OK
  28	   0	77.1	77.1	 816	OK
  29	   0	73.6	73.6	 830	OK
  30	   0	79.8	79.8	 789	OK
  31	   0	82.7	82.7	 809	OK
  32	   0	77.6	77.6	 757	OK
  33	   0	81.9	81.9	 772	OK
  34	   0	74.8	74.8	 837	OK
  35	   0	77.3	77.3	 814	OK
  36	   0	81.2	81.2	 835	OK
  37	   0	83.5	83.5	 782	OK
  38	   0	79.9	79.9	 825	OK
  39	   0	78.9	78.9	 818	OK
  40	   0	82.4	82.4	 773	OK
  41	   0	81.3	81.3	 791	OK
  42	   0	83.0	83.0	 841	OK
  43	   0	77.9	77.9	 858	OK
  44	   0	72.2	72.2	 838	OK
  45	   0	79.1	79.1	 824	OK
  46	   0	84.2	84.2	 793	OK
  47	   0	83.6	83.6	 798	OK
  48	   0	79.2	79.2	 792	OK
  49	   0	81.7	81.7	 813	OK
  50	   0	78.6	78.6	 797	OK
  51	   0	79.5	79.5	 758	OK
  52	   0	80.0	80.0	 789	OK
  53	   0	80.5	80.5	 801	OK
  54	   0	86.3	86.3	 814	OK
  55	   0	78.7	78.7	 823	OK
  56	   0	77.2	77.2	 812	OK
  57	   0	78.5	78.5	 827	OK
  58	   0	79.9	79.9	 792	OK
  59	   0	81.0	81.0	 782	OK
  60	   0	82.5	82.5	 794	OK
  61	   0	81.3	81.3	 819	OK
  62	   0	76.8	76.8	 824	OK
  63	   0	84.0	84.0	 870	OK
  64	   0	79.6	79.6	 815	OK
  65	   0	81.8	81.8	 811	OK
  66	   0	90.0	90.0	 827	OK
  67	   0	77.8	77.8	 813	OK
  68	   0	88.9	88.9	 801	OK
  69	   0	83.5	83.5	 801	OK
  70	   0	83.0	83.0	 812	OK
  71	   0	81.1	81.1	 822	OK
  72	   0	80.8	80.8	 812	OK
  73	   0	80.1	80.1	 807	OK
  74	   0	83.0	83.0	 797	OK
  75	   0	85.1	85.1	 797	OK
  76	   0	84.6	84.6	 785	OK
  77	   0	80.9	80.9	 819	OK
  78	   0	83.0	83.0	 828	OK
  79	   0	89.7	89.7	 826	OK
  80	   0	80.8	80.8	 785	OK
  81	   0	80.3	80.3	 855	OK
  82	   0	85.1	85.1	 799	OK
  83	   0	85.8	85.8	 859	OK
  84	   0	82.1	82.1	 811	OK
  85	   0	79.2	79.2	 774	OK
  86	   0	81.2	81.2	 812	OK
  87	   0	78.0	78.0	 851	OK
  88	   0	85.4	85.4	 817	OK
  89	   0	81.1	81.1	 795	OK
  90	   0	79.5	79.5	 807	OK
  91	   0	83.7	83.7	 792	OK
  92	   0	78.4	78.4	 774	OK
  93	   0	77.9	77.9	 810	OK
  94	   0	83.9	83.9	 805	OK
  95	   0	81.6	81.6	 798	OK
  96	   0	79.9	79.9	 801	OK
  97	   0	81.9	81.9	 836	OK
  98	   0	76.2	76.2	 833	OK
  99	   0	78.6	78.6	 809	OK
 100	   0	79.9	79.9	 843	OK
 101	   0	81.3	81.3	 794	OK
 102	   0	79.5	79.5	 813	OK
 103	   0	79.8	79.8	 819	OK
 104	   0	82.1	82.1	 780	OK
 105	   0	79.8	79.8	 811	OK
 106	   0	77.9	77.9	 794	OK
 107	   0	77.6	77.6	 799	OK
 108	   0	82.3	82.3	 831	OK
 109	   0	74.9	74.9	 817	OK
 110	   0	81.2	81.2	 814	OK
 111	   0	82.5	82.5	 773	OK
 112	   0	86.1	86.1	 814	OK
 113	   0	82.3	82.3	 802	OK
 114	   0	78.1	78.1	 780	OK
 115	   0	83.5	83.5	 825	OK
 116	   0	78.2	78.2	 748	OK
 117	   0	76.3	76.3	 794	OK
 118	   0	78.7	78.7	 773	OK
 119	   0	77.7	77.7	 794	OK
 120	   0	76.5	76.5	 828	OK
 121	   0	82.8	82.8	 834	OK
 122	   0	81.3	81.3	 781	OK
 123	   0	81.5	81.5	 840	OK
 124	   0	78.6	78.6	 788	OK
 125	   0	74.8	74.8	 744	OK
 126	   0	81.2	81.2	 814	OK
 127	   0	75.0	75.0	 781	OK
 128	   0	73.3	73.3	 814	OK
 129	   0	71.2	71.2	 778	OK
 130	   0	72.1	72.1	 806	OK
 131	   0	78.1	78.1	 836	OK
 132	   0	76.2	76.2	 838	OK
 133	   0	80.7	80.7	 853	OK
 134	   0	77.2	77.2	 801	OK
 135	   0	78.8	78.8	 794	OK
 136	   0	77.7	77.7	 824	OK
 137	   0	71.5	71.5	 801	OK
 138	   0	73.8	73.8	 772	OK
 139	   0	74.6	74.6	 836	OK
 140	   0	74.4	74.4	 840	OK
 141	   0	78.0	78.0	 781	OK
 142	   0	69.6	69.6	 798	OK
 143	   0	69.4	69.4	 812	OK
 144	   0	75.5	75.5	 805	OK
 145	   0	76.3	76.3	 803	OK
 146	   0	74.1	74.1	 811	OK
 147	   0	72.8	72.8	 805	OK
 148	   0	75.6	75.6	 823	OK
 149	   0	77.7	77.7	 780	OK
 150	   0	74.7	74.7	 845	OK
 151	   0	73.7	73.7	 804	OK
 152	   0	74.9	74.9	 785	OK
 153	   0	74.7	74.7	 854	OK
 154	   0	76.7	76.7	 794	OK
 155	   0	78.1	78.1	 805	OK
 156	   0	73.1	73.1	 821	OK
 157	   0	80.8	80.8	 797	OK
 158	   0	77.0	77.0	 779	OK
 159	   0	78.2	78.2	 800	OK
 160	   0	71.8	71.8	 820	OK
 161	   0	73.8	73.8	 802	OK
 162	   0	77.2	77.2	 801	OK
 163	   0	78.3	78.3	 801	OK
 164	   0	74.9	74.9	 819	OK
 165	   0	76.9	76.9	 807	OK
 166	   0	77.6	77.6	 791	OK
 167	   0	71.3	71.3	 820	OK
 168	   0	77.1	77.1	 812	OK
 169	   0	77.4	77.4	 823	OK
 170	   0	74.3	74.3	 822	OK
 171	   0	80.9	80.9	 789	OK
 172	   0	74.7	74.7	 792	OK
 173	   0	77.9	77.9	 726	OK
 174	   0	73.9	73.9	 784	OK
 175	   0	77.8	77.8	 826	OK
 176	   0	72.1	72.1	 791	OK
 177	   0	78.6	78.6	 774	OK
 178	   0	74.1	74.1	 813	OK
 179	   0	76.5	76.5	 816	OK
 180	   0	72.5	72.5	 773	OK
 181	   0	71.6	71.6	 816	OK
 182	   0	77.1	77.1	 811	OK
 183	   0	79.1	79.1	 799	OK
 184	   0	79.7	79.7	 798	OK
 185	   0	78.2	78.2	 813	OK
 186	   0	77.4	77.4	 786	OK
 187	   0	84.2	84.2	 803	OK
 188	   0	80.5	80.5	 809	OK
 189	   0	78.3	78.3	 844	OK
 190	   0	79.9	79.9	 806	OK
 191	   0	80.0	80.0	 809	OK
 192	   0	78.4	78.4	 810	OK
 193	   0	75.1	75.1	 808	OK
 194	   0	73.5	73.5	 773	OK
 195	   0	74.7	74.7	 821	OK
 196	   0	75.6	75.6	 777	OK
 197	   0	70.9	70.9	 823	OK
 198	   0	73.1	73.1	 823	OK
 199	   0	77.4	77.4	 765	OK
 200	   0	78.7	78.7	 819	OK
 201	   0	75.8	75.8	 829	OK
 202	   0	80.0	80.0	 790	OK
 203	   0	79.2	79.2	 794	OK
 204	   0	76.6	76.6	 797	OK
 205	   0	68.8	68.8	 823	OK
 206	   0	81.1	81.1	 809	OK
 207	   0	79.1	79.1	 819	OK
 208	   0	71.1	71.1	 837	OK
 209	   0	79.9	79.9	 799	OK
 210	   0	77.8	77.8	 755	OK
 211	   0	73.1	73.1	 780	OK
 212	   0	74.8	74.8	 833	OK
 213	   0	72.3	72.3	 787	OK
 214	   0	77.6	77.6	 782	OK
 215	   0	77.0	77.0	 794	OK
 216	   0	75.8	75.8	 817	OK
 217	   0	75.7	75.7	 841	OK
 218	   0	75.6	75.6	 826	OK
 219	   0	77.5	77.5	 794	OK
 220	   0	77.4	77.4	 779	OK
 221	   0	76.6	76.6	 799	OK
 222	   0	71.6	71.6	 824	OK
 223	   0	70.2	70.2	 816	OK
 224	   0	77.8	77.8	 827	OK
 225	   0	79.2	79.2	 772	OK
 226	   0	79.5	79.5	 789	OK
 227	   0	74.2	74.2	 799	OK
 228	   0	78.3	78.3	 805	OK
 229	   0	78.7	78.7	 781	OK
 230	   0	76.2	76.2	 764	OK
 231	   0	73.6	73.6	 781	OK
 232	   0	81.4	81.4	 776	OK
 233	   0	77.8	77.8	 781	OK
 234	   0	70.1	70.1	 779	OK
 235	   0	73.9	73.9	 794	OK
 236	   0	76.7	76.7	 820	OK
 237	   0	71.7	71.7	 734	OK
 238	   0	74.4	74.4	 786	OK
 239	   0	77.5	77.5	 767	OK
 240	   0	74.7	74.7	 800	OK
 241	   0	74.9	74.9	 757	OK
 242	   0	77.8	77.8	 787	OK
 243	   0	70.6	70.6	 820	OK
 244	   0	74.6	74.6	 758	OK
 245	   0	76.2	76.2	 800	OK
 246	   0	72.7	72.7	 806	OK
 247	   0	78.7	78.7	 794	OK
 248	   0	71.6	71.6	 834	OK
 249	   0	76.4	76.4	 824	OK
 250	   0	72.4	72.4	 782	OK
 251	   0	76.0	76.0	 799	OK
 252	   0	77.5	77.5	 797	OK
 253	   0	72.6	72.6	 833	OK
 254	   0	73.5	73.5	 803	OK
 255	   0	73.9	73.9	 780	OK
 256	   0	92.9	92.9	 724	OK
 257	   0	91.1	91.1	 732	OK
 258	   0	88.1	88.1	 750	OK
 259	   0	92.9	92.9	 751	OK
 260	   0	85.8	85.8	 741	OK
 261	   0	85.4	85.4	 731	OK
 262	   0	83.3	83.3	 717	OK
 263	   0	96.5	96.5	 708	OK
 264	   0	89.3	89.3	 746	OK
 265	   0	94.8	94.8	 735	OK
 266	   0	95.6	95.6	 732	OK
 267	   0	89.6	89.6	 748	OK
 268	   0	84.8	84.8	 740	OK
 269	   0	95.1	95.1	 731	OK
 270	   0	85.7	85.7	 724	OK
 271	   0	92.9	92.9	 779	OK
 272	   0	91.2	91.2	 737	OK
 273	   0	91.5	91.5	 741	OK
 274	   0	87.5	87.5	 745	OK
 275	   0	93.1	93.1	 709	OK
 276	   0	87.3	87.3	 734	OK
 277	   0	77.4	77.4	 737	OK
 278	   0	88.6	88.6	 759	OK
 279	   0	96.2	96.2	 727	OK
 280	   0	87.2	87.2	 734	OK
 281	   0	95.1	95.1	 781	OK
 282	   0	87.3	87.3	 733	OK
 283	   0	90.1	90.1	 723	OK
 284	   0	94.2	94.2	 744	OK
 285	   0	88.6	88.6	 760	OK
 286	   0	87.6	87.6	 731	OK
 287	   0	90.6	90.6	 720	OK
 288	   0	85.0	85.0	 724	OK
 289	   0	83.8	83.8	 742	OK
 290	   0	88.0	88.0	 690	OK
 291	   0	95.2	95.2	 725	OK
 292	   0	95.5	95.5	 729	OK
 293	   0	91.0	91.0	 734	OK
 294	   0	78.0	78.0	 772	OK
 295	   0	87.0	87.0	 684	OK
 296	   0	87.3	87.3	 753	OK
 297	   0	92.1	92.1	 748	OK
 298	   0	85.6	85.6	 756	OK
 299	   0	91.6	91.6	 711	OK
 300	   0	95.0	95.0	 742	OK
 301	   0	89.8	89.8	 727	OK
 302	   0	87.9	87.9	 735	OK
 303	   0	89.3	89.3	 738	OK
 304	   0	86.2	86.2	 742	OK
 305	   0	93.1	93.1	 736	OK
 306	   0	90.2	90.2	 764	OK
 307	   0	92.6	92.6	 709	OK
 308	   0	92.7	92.7	 749	OK
 309	   0	94.9	94.9	 740	OK
 310	   0	89.5	89.5	 732	OK
 311	   0	90.3	90.3	 706	OK
 312	   0	86.6	86.6	 768	OK
 313	   0	85.4	85.4	 757	OK
 314	   0	88.1	88.1	 736	OK
 315	   0	88.1	88.1	 745	OK
 316	   0	98.3	98.3	 755	OK
 317	   0	92.7	92.7	 711	OK
 318	   0	90.3	90.3	 729	OK
 319	   0	93.0	93.0	 737	OK
 320	   0	93.7	93.7	 745	OK
 321	   0	96.7	96.7	 730	OK
 322	   0	90.6	90.6	 719	OK
 323	   0	95.0	95.0	 727	OK
 324	   0	91.5	91.5	 759	OK
 325	   0	91.7	91.7	 724	OK
 326	   0	87.5	87.5	 748	OK
 327	   0	88.7	88.7	 746	OK
 328	   0	88.4	88.4	 753	OK
 329	   0	90.5	90.5	 729	OK
 330	   0	89.9	89.9	 720	OK
 331	   0	91.1	91.1	 733	OK
 332	   0	97.0	97.0	 744	OK
 333	   0	87.0	87.0	 715	OK
 334	   0	94.2	94.2	 719	OK
 335	   0	89.0	89.0	 734	OK
 336	   0	80.9	80.9	 782	OK
 337	   0	88.8	88.8	 746	OK
 338	   0	92.1	92.1	 748	OK
 339	   0	89.9	89.9	 706	OK
 340	   0	83.3	83.3	 759	OK
 341	   0	88.4	88.4	 766	OK
 342	   0	85.7	85.7	 740	OK
 343	   0	84.6	84.6	 697	OK
 344	   0	87.3	87.3	 739	OK
 345	   0	89.9	89.9	 762	OK
 346	   0	96.8	96.8	 770	OK
 347	   0	85.7	85.7	 726	OK
 348	   0	89.2	89.2	 721	OK
 349	   0	86.1	86.1	 745	OK
 350	   0	90.0	90.0	 737	OK
 351	   0	92.5	92.5	 667	OK
 352	   0	85.4	85.4	 762	OK
 353	   0	81.6	81.6	 762	OK
 354	   0	86.1	86.1	 719	OK
 355	   0	95.1	95.1	 742	OK
 356	   0	88.8	88.8	 730	OK
 357	   0	87.7	87.7	 710	OK
 358	   0	90.2	90.2	 725	OK
 359	   0	90.2	90.2	 724	OK
 360	   0	88.0	88.0	 774	OK
 361	   0	91.0	91.0	 719	OK
 362	   0	90.4	90.4	 725	OK
 363	   0	90.3	90.3	 738	OK
 364	   0	83.5	83.5	 753	OK
 365	   0	89.8	89.8	 763	OK
 366	   0	87.1	87.1	 771	OK
 367	   0	89.2	89.2	 749	OK
 368	   0	90.0	90.0	 735	OK
 369	   0	89.3	89.3	 754	OK
 370	   0	90.6	90.6	 743	OK
 371	   0	92.3	92.3	 754	OK
 372	   0	83.8	83.8	 720	OK
 373	   0	91.9	91.9	 752	OK
 374	   0	94.1	94.1	 735	OK
 375	   0	83.4	83.4	 732	OK
 376	   0	89.4	89.4	 752	OK
 377	   0	88.0	88.0	 750	OK
 378	   0	91.9	91.9	 728	OK
 379	   0	90.4	90.4	 746	OK
 380	   0	84.7	84.7	 745	OK
 381	   0	90.6	90.6	 727	OK
 382	   0	90.6	90.6	 736	OK
 383	   0	89.3	89.3	 737	OK
 384	   0	76.5	76.5	 708	OK
 385	   0	82.2	82.2	 735	OK
 386	   0	80.7	80.7	 720	OK
 387	   0	80.9	80.9	 727	OK
 388	   0	83.4	83.4	 702	OK
 389	   0	85.9	85.9	 737	OK
 390	   0	87.7	87.7	 709	OK
 391	   0	82.9	82.9	 716	OK
 392	   0	77.4	77.4	 727	OK
 393	   0	77.8	77.8	 722	OK
 394	   0	81.4	81.4	 751	OK
 395	   0	81.9	81.9	 694	OK
 396	   0	80.5	80.5	 733	OK
 397	   0	84.5	84.5	 718	OK
 398	   0	87.6	87.6	 701	OK
 399	   0	84.0	84.0	 756	OK
 400	   0	86.8	86.8	 728	OK
 401	   0	82.9	82.9	 739	OK
 402	   0	82.9	82.9	 754	OK
 403	   0	75.1	75.1	 725	OK
 404	   0	83.8	83.8	 728	OK
 405	   0	79.5	79.5	 741	OK
 406	   0	80.3	80.3	 708	OK
 407	   0	85.0	85.0	 667	OK
 408	   0	81.7	81.7	 698	OK
 409	   0	79.9	79.9	 737	OK
 410	   0	79.4	79.4	 748	OK
 411	   0	80.8	80.8	 734	OK
 412	   0	86.1	86.1	 697	OK
 413	   0	84.1	84.1	 730	OK
 414	   0	88.6	88.6	 706	OK
 415	   0	86.5	86.5	 743	OK
 416	   0	79.0	79.0	 719	OK
 417	   0	89.1	89.1	 686	OK
 418	   0	86.0	86.0	 722	OK
 419	   0	80.6	80.6	 700	OK
 420	   0	88.0	88.0	 736	OK
 421	   0	86.1	86.1	 719	OK
 422	   0	83.6	83.6	 725	OK
 423	   0	90.2	90.2	 696	OK
 424	   0	85.7	85.7	 717	OK
 425	   0	82.4	82.4	 706	OK
 426	   0	86.3	86.3	 738	OK
 427	   0	84.5	84.5	 770	OK
 428	   0	90.8	90.8	 718	OK
 429	   0	85.9	85.9	 703	OK
 430	   0	84.7	84.7	 708	OK
 431	   0	84.1	84.1	 716	OK
 432	   0	80.4	80.4	 756	OK
 433	   0	85.1	85.1	 696	OK
 434	   0	83.4	83.4	 704	OK
 435	   0	81.1	81.1	 720	OK
 436	   0	80.0	80.0	 703	OK
 437	   0	87.7	87.7	 708	OK
 438	   0	82.5	82.5	 712	OK
 439	   0	82.7	82.7	 750	OK
 440	   0	88.0	88.0	 727	OK
 441	   0	84.4	84.4	 726	OK
 442	   0	84.0	84.0	 715	OK
 443	   0	83.0	83.0	 745	OK
 444	   0	85.0	85.0	 697	OK
 445	   0	87.9	87.9	 737	OK
 446	   0	86.6	86.6	 737	OK
 447	   0	82.7	82.7	 729	OK
 448	   0	86.5	86.5	 746	OK
 449	   0	94.8	94.8	 729	OK
 450	   0	87.2	87.2	 704	OK
 451	   0	87.9	87.9	 731	OK
 452	   0	83.6	83.6	 723	OK
 453	   0	81.4	81.4	 749	OK
 454	   0	87.2	87.2	 700	OK
 455	   0	86.3	86.3	 710	OK
 456	   0	84.3	84.3	 732	OK
 457	   0	87.1	87.1	 703	OK
 458	   0	80.8	80.8	 711	OK
 459	   0	83.5	83.5	 724	OK
 460	   0	81.9	81.9	 737	OK
 461	   0	81.9	81.9	 724	OK
 462	   0	88.0	88.0	 699	OK
 463	   0	90.2	90.2	 720	OK
 464	   0	91.9	91.9	 724	OK
 465	   0	79.3	79.3	 743	OK
 466	   0	84.2	84.2	 711	OK
 467	   0	79.0	79.0	 736	OK
 468	   0	80.7	80.7	 748	OK
 469	   0	91.7	91.7	 723	OK
 470	   0	84.5	84.5	 720	OK
 471	   0	85.0	85.0	 741	OK
 472	   0	83.7	83.7	 747	OK
 473	   0	77.6	77.6	 747	OK
 474	   0	85.9	85.9	 738	OK
 475	   0	84.2	84.2	 728	OK
 476	   0	83.7	83.7	 709	OK
 477	   0	80.9	80.9	 740	OK
 478	   0	81.7	81.7	 729	OK
 479	   0	78.9	78.9	 729	OK
 480	   0	82.5	82.5	 759	OK
 481	   0	84.6	84.6	 713	OK
 482	4000	80.2	80.2	 889	high noise
 483	   0	80.5	80.5	 729	OK
 484	   0	82.2	82.2	 704	OK
 485	   0	82.6	82.6	 733	OK
 486	   0	81.7	81.7	 716	OK
 487	   0	76.9	76.9	 717	OK
 488	   0	82.9	82.9	 744	OK
 489	   0	82.8	82.8	 716	OK
 490	   0	79.4	79.4	 720	OK
 491	   0	78.7	78.7	 725	OK
 492	   0	83.6	83.6	 729	OK
 493	   0	80.2	80.2	 729	OK
 494	   0	84.4	84.4	 736	OK
 495	   0	84.4	84.4	 694	OK
 496	   0	83.3	83.3	 739	OK
 497	   0	82.4	82.4	 727	OK
 498	   0	80.5	80.5	 710	OK
 499	   0	80.5	80.5	 726	OK
 500	   0	78.2	78.2	 698	OK
 501	   0	88.3	88.3	 691	OK
 502	   0	88.7	88.7	 723	OK
 503	   0	85.0	85.0	 748	OK
 504	   0	85.3	85.3	 740	OK
 505	   0	84.4	84.4	 730	OK
 506	   0	88.4	88.4	 778	OK
 507	   0	83.0	83.0	 723	OK
 508	   0	79.5	79.5	 761	OK
 509	   0	80.8	80.8	 722	OK
 510	   0	83.4	83.4	 718	OK
 511	   0	81.8	81.8	 705	OK
 512	   0	86.7	86.7	 673	OK
 513	   0	88.0	88.0	 661	OK
 514	   0	89.2	89.2	 691	OK
 515	   0	87.5	87.5	 669	OK
 516	   0	83.3	83.3	 685	OK
 517	   0	90.9	90.9	 669	OK
 518	   0	89.2	89.2	 675	OK
 519	   0	88.8	88.8	 685	OK
 520	   0	86.5	86.5	 691	OK
 521	   0	90.7	90.7	 701	OK
 522	   0	85.5	85.5	 724	OK
 523	   0	93.4	93.4	 674	OK
 524	   0	90.7	90.7	 662	OK
 525	   0	85.1	85.1	 734	OK
 526	   0	85.5	85.5	 662	OK
 527	   0	86.4	86.4	 695	OK
 528	   0	83.3	83.3	 683	OK
 529	   0	90.3	90.3	 675	OK
 530	   0	93.6	93.6	 680	OK
 531	   0	87.3	87.3	 712	OK
 532	   0	89.6	89.6	 680	OK
 533	   0	87.5	87.5	 710	OK
 534	   0	87.6	87.6	 680	OK
 535	   0	86.9	86.9	 691	OK
 536	   0	88.2	88.2	 714	OK
 537	   0	84.8	84.8	 706	OK
 538	   0	87.7	87.7	 646	OK
 539	   0	90.6	90.6	 719	OK
 540	   0	91.2	91.2	 666	OK
 541	   0	87.9	87.9	 707	OK
 542	   0	92.0	92.0	 655	OK
 543	   0	95.2	95.2	 680	OK
 544	   0	89.3	89.3	 702	OK
 545	   0	90.2	90.2	 675	OK
 546	   0	86.5	86.5	 703	OK
 547	   0	86.9	86.9	 680	OK
 548	   0	80.4	80.4	 654	OK
 549	   0	90.6	90.6	 693	OK
 550	   0	87.9	87.9	 686	OK
 551	   0	89.2	89.2	 694	OK
 552	   0	92.2	92.2	 637	OK
 553	   0	86.8	86.8	 694	OK
 554	   0	92.8	92.8	 663	OK
 555	   0	82.0	82.0	 690	OK
 556	   0	84.1	84.1	 676	OK
 557	   0	89.7	89.7	 687	OK
 558	   0	91.1	91.1	 686	OK
 559	   0	92.7	92.7	 663	OK
 560	   0	94.0	94.0	 681	OK
 561	   0	91.0	91.0	 705	OK
 562	   0	85.4	85.4	 646	OK
 563	   0	87.6	87.6	 648	OK
 564	   0	91.1	91.1	 711	OK
 565	   0	90.8	90.8	 686	OK
 566	   0	90.0	90.0	 707	OK
 567	   0	90.0	90.0	 702	OK
 568	   0	81.9	81.9	 718	OK
 569	   0	95.0	95.0	 674	OK
 570	   0	88.4	88.4	 704	OK
 571	   0	93.1	93.1	 688	OK
 572	   0	99.3	99.3	 705	OK
 573	   0	88.9	88.9	 673	OK
 574	   0	88.6	88.6	 691	OK
 575	   0	91.9	91.9	 665	OK
 576	   0	94.9	94.9	 686	OK
 577	   0	87.6	87.6	 729	OK
 578	   0	91.9	91.9	 690	OK
 579	   0	89.3	89.3	 706	OK
 580	   0	96.9	96.9	 699	OK
 581	   0	90.5	90.5	 690	OK
 582	   0	91.2	91.2	 659	OK
 583	   0	86.2	86.2	 707	OK
 584	   0	89.3	89.3	 678	OK
 585	   0	89.1	89.1	 689	OK
 586	   0	88.1	88.1	 713	OK
 587	   0	90.6	90.6	 656	OK
 588	   0	92.0	92.0	 695	OK
 589	   0	88.0	88.0	 706	OK
 590	   0	92.1	92.1	 674	OK
 591	   0	95.1	95.1	 708	OK
 592	   0	88.3	88.3	 656	OK
 593	   0	88.1	88.1	 682	OK
 594	   0	86.8	86.8	 654	OK
 595	   0	87.2	87.2	 689	OK
 596	   0	86.3	86.3	 736	OK
 597	   0	87.5	87.5	 697	OK
 598	   0	89.9	89.9	 675	OK
 599	   0	87.5	87.5	 695	OK
 600	   0	83.6	83.6	 651	OK
 601	   0	92.5	92.5	 644	OK
 602	   0	86.2	86.2	 671	OK
 603	   0	83.4	83.4	 658	OK
 604	   0	90.2	90.2	 695	OK
 605	   0	93.9	93.9	 678	OK
 606	   0	87.5	87.5	 668	OK
 607	   0	79.3	79.3	 714	OK
 608	   0	78.9	78.9	 676	OK
 609	   0	85.1	85.1	 698	OK
 610	   0	88.0	88.0	 683	OK
 611	   0	84.5	84.5	 673	OK
 612	   0	88.3	88.3	 724	OK
 613	   0	88.4	88.4	 683	OK
 614	   0	98.5	98.5	 693	OK
 615	   0	87.7	87.7	 664	OK
 616	   0	90.6	90.6	 676	OK
 617	   0	89.9	89.9	 682	OK
 618	   0	91.2	91.2	 701	OK
 619	   0	89.3	89.3	 697	OK
 620	   0	93.1	93.1	 695	OK
 621	   0	88.5	88.5	 672	OK
 622	   0	82.0	82.0	 673	OK
 623	   0	91.8	91.8	 701	OK
 624	   0	85.1	85.1	 659	OK
 625	   0	88.6	88.6	 665	OK
 626	   0	87.5	87.5	 668	OK
 627	   0	88.0	88.0	 694	OK
 628	   0	86.4	86.4	 693	OK
 629	   0	86.8	86.8	 687	OK
 630	   0	88.0	88.0	 669	OK
 631	   0	93.5	93.5	 686	OK
 632	   0	86.9	86.9	 697	OK
 633	   0	93.0	93.0	 671	OK
 634	   0	88.5	88.5	 697	OK
 635	   0	87.5	87.5	 665	OK
 636	   0	94.0	94.0	 684	OK
 637	   0	82.1	82.1	 690	OK
 638	   0	89.2	89.2	 681	OK
 639	   0	90.9	90.9	 701	OK
 640	   0	87.5	87.5	 767	OK
 641	   0	85.6	85.6	 750	OK
 642	   0	89.7	89.7	 761	OK
 643	   0	87.7	87.7	 790	OK
 644	   0	87.0	87.0	 747	OK
 645	   0	87.8	87.8	 756	OK
 646	   0	83.0	83.0	 747	OK
 647	   0	88.6	88.6	 775	OK
 648	   0	92.4	92.4	 761	OK
 649	   0	90.0	90.0	 772	OK
 650	   0	85.4	85.4	 732	OK
 651	   0	88.4	88.4	 779	OK
 652	   0	84.6	84.6	 742	OK
 653	   0	86.7	86.7	 799	OK
 654	   0	85.8	85.8	 708	OK
 655	   0	87.0	87.0	 732	OK
 656	   0	85.0	85.0	 772	OK
 657	   0	89.1	89.1	 780	OK
 658	   0	82.4	82.4	 727	OK
 659	   0	85.8	85.8	 735	OK
 660	   0	90.7	90.7	 778	OK
 661	   0	84.4	84.4	 762	OK
 662	   0	85.7	85.7	 737	OK
 663	   0	84.5	84.5	 751	OK
 664	   0	90.3	90.3	 761	OK
 665	   0	88.0	88.0	 768	OK
 666	   0	97.0	97.0	 772	OK
 667	   0	88.2	88.2	 759	OK
 668	   0	79.2	79.2	 797	OK
 669	   0	87.7	87.7	 767	OK
 670	   0	94.3	94.3	 741	OK
 671	   0	90.8	90.8	 769	OK
 672	   0	85.6	85.6	 759	OK
 673	   0	86.1	86.1	 761	OK
 674	   0	85.5	85.5	 756	OK
 675	   0	97.9	97.9	 774	OK
 676	   0	86.1	86.1	 724	OK
 677	   0	81.0	81.0	 776	OK
 678	   0	84.2	84.2	 812	OK
 679	   0	88.9	88.9	 757	OK
 680	   0	86.3	86.3	 743	OK
 681	   0	83.8	83.8	 768	OK
 682	   0	84.5	84.5	 757	OK
 683	   0	81.0	81.0	 767	OK
 684	   0	83.1	83.1	 780	OK
 685	   0	93.3	93.3	 777	OK
 686	   0	82.8	82.8	 767	OK
 687	   0	92.7	92.7	 752	OK
 688	   0	90.1	90.1	 777	OK
 689	   0	93.0	93.0	 789	OK
 690	   0	89.1	89.1	 769	OK
 691	   0	89.1	89.1	 781	OK
 692	   0	86.2	86.2	 778	OK
 693	   0	89.3	89.3	 775	OK
 694	   0	88.0	88.0	 792	OK
 695	   0	79.9	79.9	 803	OK
 696	   0	95.0	95.0	 782	OK
 697	   0	88.4	88.4	 762	OK
 698	   0	91.7	91.7	 789	OK
 699	   0	96.6	96.6	 862	OK
 700	   0	95.0	95.0	 784	OK
 701	   0	85.9	85.9	 782	OK
 702	   0	86.4	86.4	 769	OK
 703	   0	85.7	85.7	 783	OK
 704	   0	85.7	85.7	 759	OK
 705	   0	87.2	87.2	 772	OK
 706	   0	88.2	88.2	 750	OK
 707	   0	84.5	84.5	 770	OK
 708	   0	89.1	89.1	 757	OK
 709	   0	90.2	90.2	 755	OK
 710	   0	95.6	95.6	 752	OK
 711	   0	92.4	92.4	 739	OK
 712	   0	91.0	91.0	 754	OK
 713	   0	90.3	90.3	 718	OK
 714	   0	88.8	88.8	 714	OK
 715	   0	84.4	84.4	 707	OK
 716	   0	90.8	90.8	 699	OK
 717	   0	87.1	87.1	 737	OK
 718	   0	89.7	89.7	 747	OK
 719	   0	89.5	89.5	 745	OK
 720	   0	95.6	95.6	 710	OK
 721	   0	84.2	84.2	 707	OK
 722	   0	93.0	93.0	 713	OK
 723	   0	87.0	87.0	 779	OK
 724	   0	93.1	93.1	 734	OK
 725	   0	87.3	87.3	 734	OK
 726	   0	87.3	87.3	 706	OK
 727	   0	85.4	85.4	 734	OK
 728	   0	83.4	83.4	 758	OK
 729	   0	88.7	88.7	 736	OK
 730	   0	90.8	90.8	 745	OK
 731	   0	77.0	77.0	 754	OK
 732	   0	85.0	85.0	 756	OK
 733	   0	83.9	83.9	 773	OK
 734	   0	83.7	83.7	 726	OK
 735	   0	89.3	89.3	 732	OK
 736	   0	89.3	89.3	 764	OK
 737	   0	89.0	89.0	 690	OK
 738	   0	80.9	80.9	 753	OK
 739	   0	86.1	86.1	 749	OK
 740	   0	88.0	88.0	 740	OK
 741	   0	86.2	86.2	 744	OK
 742	   0	84.5	84.5	 725	OK
 743	   0	88.2	88.2	 730	OK
 744	   0	84.1	84.1	 738	OK
 745	   0	91.7	91.7	 736	OK
 746	   0	90.1	90.1	 707	OK
 747	   0	85.2	85.2	 725	OK
 748	   0	84.4	84.4	 725	OK
 749	   0	86.8	86.8	 724	OK
 750	   0	92.6	92.6	 696	OK
 751	   0	90.7	90.7	 701	OK
 752	   0	82.4	82.4	 752	OK
 753	   0	90.0	90.0	 723	OK
 754	   0	90.7	90.7	 729	OK
 755	   0	90.6	90.6	 706	OK
 756	   0	84.1	84.1	 688	OK
 757	   0	91.1	91.1	 710	OK
 758	   0	92.2	92.2	 721	OK
 759	   0	84.1	84.1	 763	OK
 760	   0	85.4	85.4	 742	OK
 761	   0	83.7	83.7	 738	OK
 762	   0	93.6	93.6	 717	OK
 763	   0	85.9	85.9	 747	OK
 764	   0	82.9	82.9	 725	OK
 765	   0	80.7	80.7	 731	OK
 766	   0	89.5	89.5	 706	OK
 767	   0	89.7	89.7	 714	OK
 768	   0	84.9	84.9	 761	OK
 769	   0	89.4	89.4	 746	OK
 770	   0	81.2	81.2	 770	OK
 771	   0	85.6	85.6	 775	OK
 772	   0	83.2	83.2	 736	OK
 773	   0	85.9	85.9	 752	OK
 774	   0	85.9	85.9	 811	OK
 775	   0	85.9	85.9	 754	OK
 776	   0	83.5	83.5	 738	OK
 777	   0	87.6	87.6	 718	OK
 778	   0	85.0	85.0	 780	OK
 779	   0	81.7	81.7	 772	OK
 780	   0	89.0	89.0	 751	OK
 781	   0	85.0	85.0	 764	OK
 782	   0	85.4	85.4	 759	OK
 783	   0	89.8	89.8	 784	OK
 784	   0	92.0	92.0	 732	OK
 785	   0	84.0	84.0	 739	OK
 786	   0	93.2	93.2	 740	OK
 787	   0	87.6	87.6	 788	OK
 788	   0	80.0	80.0	 769	OK
 789	   0	86.6	86.6	 786	OK
 790	   0	89.4	89.4	 775	OK
 791	   0	91.3	91.3	 799	OK
 792	   0	86.3	86.3	 759	OK
 793	   0	86.4	86.4	 746	OK
 794	   0	88.6	88.6	 789	OK
 795	   0	91.0	91.0	 811	OK
 796	   0	84.3	84.3	 757	OK
 797	   0	88.8	88.8	 828	OK
 798	   0	82.8	82.8	 800	OK
 799	   0	85.8	85.8	 816	OK
 800	   0	83.9	83.9	 822	OK
 801	   0	82.0	82.0	 816	OK
 802	   0	85.0	85.0	 810	OK
 803	   0	92.5	92.5	 821	OK
 804	   0	87.0	87.0	 814	OK
 805	   0	94.1	94.1	 879	OK
 806	   0	86.3	86.3	 832	OK
 807	   0	86.3	86.3	 843	OK
 808	   0	88.0	88.0	 814	OK
 809	   0	80.3	80.3	 868	OK
 810	   0	86.3	86.3	 823	OK
 811	   0	95.1	95.1	 898	OK
 812	   0	84.5	84.5	 852	OK
 813	   0	86.0	86.0	 853	OK
 814	   0	86.5	86.5	 861	OK
 815	   0	94.2	94.2	 942	OK
 816	   0	85.3	85.3	 869	OK
 817	   0	87.1	87.1	 934	OK
 818	   0	83.3	83.3	 857	OK
 819	   0	92.8	92.8	 941	OK
 820	   0	82.4	82.4	 913	OK
 821	   0	84.9	84.9	 921	OK
 822	   0	86.0	86.0	 925	OK
 823	   0	93.5	93.5	 939	OK
 824	   0	88.9	88.9	 943	OK
 825	   0	86.1	86.1	 964	OK
 826	   0	89.2	89.2	 951	OK
 827	   0	80.6	80.6	 898	OK
 828	4000	87.7	87.7	 990	high noise
 829	4000	89.3	89.3	 994	high noise
 830	4000	91.8	91.8	 975	high noise
 831	4000	87.0	87.0	 974	high noise
 832	4000	90.5	90.5	 988	high noise
 833	   0	90.5	90.5	 944	OK
 834	   0	86.7	86.7	 960	OK
 835	   0	84.3	84.3	 954	OK
 836	4000	91.8	91.8	 981	high noise
 837	4000	88.3	88.3	 984	high noise
 838	4000	86.9	86.9	1006	high noise
 839	4000	87.3	87.3	1003	high noise
 840	   0	80.9	80.9	 934	OK
 841	4000	91.6	91.6	1012	high noise
 842	4000	86.0	86.0	1000	high noise
 843	   0	86.1	86.1	 958	OK
 844	4000	93.2	93.2	 988	high noise
 845	4000	88.2	88.2	1011	high noise
 846	4000	90.2	90.2	 997	high noise
 847	   0	85.6	85.6	 950	OK
 848	   0	84.3	84.3	 938	OK
 849	   0	81.4	81.4	 966	OK
 850	   0	83.9	83.9	 950	OK
 851	   0	80.6	80.6	 929	OK
 852	4000	87.4	87.4	 971	high noise
 853	   0	87.4	87.4	 939	OK
 854	   0	88.4	88.4	 928	OK
 855	   0	89.0	89.0	 928	OK
 856	   0	87.4	87.4	 918	OK
 857	   0	94.6	94.6	 921	OK
 858	   0	90.5	90.5	 877	OK
 859	   0	84.2	84.2	 892	OK
 860	   0	84.3	84.3	 904	OK
 861	   0	84.1	84.1	 884	OK
 862	   0	87.1	87.1	 858	OK
 863	   0	88.5	88.5	 823	OK
 864	   0	89.5	89.5	 827	OK
 865	   0	90.1	90.1	 843	OK
 866	   0	91.6	91.6	 832	OK
 867	   0	87.9	87.9	 775	OK
 868	   0	82.5	82.5	 842	OK
 869	   0	86.9	86.9	 806	OK
 870	   0	88.7	88.7	 803	OK
 871	   0	91.0	91.0	 779	OK
 872	   0	87.8	87.8	 768	OK
 873	   0	91.5	91.5	 750	OK
 874	   0	88.1	88.1	 792	OK
 875	   0	88.2	88.2	 817	OK
 876	   0	85.5	85.5	 800	OK
 877	   0	84.4	84.4	 746	OK
 878	   0	89.8	89.8	 791	OK
 879	   0	85.9	85.9	 744	OK
 880	   0	82.1	82.1	 766	OK
 881	   0	86.2	86.2	 745	OK
 882	   0	84.9	84.9	 762	OK
 883	   0	90.6	90.6	 752	OK
 884	   0	80.1	80.1	 702	OK
 885	   0	83.2	83.2	 732	OK
 886	   0	88.0	88.0	 745	OK
 887	   0	83.7	83.7	 724	OK
 888	   0	83.4	83.4	 716	OK
 889	   0	84.7	84.7	 713	OK
 890	   0	86.0	86.0	 740	OK
 891	   0	83.7	83.7	 754	OK
 892	   0	83.8	83.8	 727	OK
 893	   0	81.3	81.3	 740	OK
 894	   0	78.8	78.8	 770	OK
 895	   0	81.5	81.5	 758	OK
 896	   0	83.1	83.1	 680	OK
 897	   0	89.8	89.8	 709	OK
 898	   0	87.7	87.7	 681	OK
 899	   0	87.7	87.7	 654	OK
 900	   0	88.2	88.2	 676	OK
 901	   0	85.0	85.0	 703	OK
 902	   0	85.8	85.8	 719	OK
 903	   0	88.8	88.8	 654	OK
 904	   0	84.3	84.3	 705	OK
 905	   0	90.3	90.3	 695	OK
 906	   0	88.8	88.8	 703	OK
 907	   0	86.9	86.9	 696	OK
 908	   0	84.9	84.9	 687	OK
 909	   0	85.3	85.3	 715	OK
 910	   0	88.9	88.9	 664	OK
 911	   0	90.9	90.9	 679	OK
 912	   0	87.5	87.5	 700	OK
 913	   0	89.3	89.3	 673	OK
 914	   0	88.4	88.4	 653	OK
 915	   0	87.3	87.3	 693	OK
 916	   0	92.5	92.5	 729	OK
 917	   0	95.3	95.3	 681	OK
 918	   0	90.4	90.4	 671	OK
 919	   0	91.7	91.7	 652	OK
 920	   0	95.4	95.4	 687	OK
 921	   0	82.8	82.8	 704	OK
 922	   0	85.7	85.7	 688	OK
 923	   0	84.2	84.2	 658	OK
 924	   0	91.5	91.5	 682	OK
 925	   0	90.8	90.8	 665	OK
 926	   0	94.1	94.1	 684	OK
 927	   0	86.4	86.4	 678	OK
 928	   0	87.6	87.6	 657	OK
 929	   0	86.5	86.5	 676	OK
 930	   0	87.2	87.2	 669	OK
 931	   0	98.9	98.9	 642	OK
 932	   0	92.7	92.7	 688	OK
 933	   0	83.7	83.7	 686	OK
 934	   0	85.8	85.8	 679	OK
 935	   0	95.5	95.5	 652	OK
 936	   0	87.0	87.0	 690	OK
 937	   0	90.8	90.8	 686	OK
 938	   0	92.3	92.3	 671	OK
 939	   0	84.8	84.8	 703	OK
 940	   0	89.7	89.7	 637	OK
 941	   0	83.0	83.0	 674	OK
 942	   0	87.4	87.4	 715	OK
 943	   0	92.1	92.1	 652	OK
 944	   0	88.1	88.1	 667	OK
 945	   0	83.4	83.4	 675	OK
 946	   0	87.3	87.3	 683	OK
 947	   0	86.2	86.2	 688	OK
 948	   0	94.5	94.5	 677	OK
 949	   0	86.4	86.4	 663	OK
 950	   0	88.6	88.6	 676	OK
 951	   0	85.1	85.1	 687	OK
 952	   0	85.2	85.2	 712	OK
 953	   0	90.7	90.7	 688	OK
 954	   0	92.1	92.1	 684	OK
 955	   0	89.5	89.5	 679	OK
 956	   0	91.7	91.7	 687	OK
 957	   0	93.7	93.7	 649	OK
 958	   0	93.4	93.4	 692	OK
 959	   0	88.5	88.5	 682	OK
 960	   0	87.3	87.3	 664	OK
 961	   0	89.7	89.7	 706	OK
 962	   0	91.1	91.1	 682	OK
 963	   0	82.8	82.8	 685	OK
 964	   0	88.7	88.7	 704	OK
 965	   0	89.5	89.5	 701	OK
 966	   0	89.6	89.6	 681	OK
 967	   0	88.6	88.6	 671	OK
 968	   0	90.3	90.3	 714	OK
 969	   0	87.0	87.0	 682	OK
 970	   0	88.0	88.0	 681	OK
 971	   0	86.2	86.2	 722	OK
 972	   0	87.5	87.5	 693	OK
 973	   0	85.3	85.3	 675	OK
 974	   0	88.3	88.3	 698	OK
 975	   0	89.9	89.9	 678	OK
 976	   0	90.2	90.2	 678	OK
 977	   0	93.8	93.8	 687	OK
 978	   0	89.6	89.6	 686	OK
 979	   0	83.8	83.8	 701	OK
 980	   0	80.4	80.4	 745	OK
 981	   0	84.9	84.9	 701	OK
 982	   0	91.2	91.2	 645	OK
 983	   0	81.1	81.1	 721	OK
 984	   0	89.7	89.7	 695	OK
 985	   0	83.4	83.4	 674	OK
 986	   0	91.8	91.8	 661	OK
 987	   0	84.8	84.8	 710	OK
 988	   0	85.3	85.3	 670	OK
 989	   0	89.9	89.9	 691	OK
 990	   0	87.1	87.1	 674	OK
 991	   0	88.7	88.7	 677	OK
 992	   0	95.0	95.0	 666	OK
 993	   0	78.7	78.7	 675	OK
 994	   0	86.5	86.5	 696	OK
 995	   0	85.4	85.4	 679	OK
 996	   0	85.7	85.7	 695	OK
 997	   0	90.0	90.0	 700	OK
 998	   0	86.6	86.6	 666	OK
 999	   0	84.1	84.1	 684	OK
1000	   0	88.6	88.6	 688	OK
1001	   0	89.6	89.6	 667	OK
1002	   0	86.7	86.7	 652	OK
1003	   0	96.8	96.8	 673	OK
1004	   0	93.4	93.4	 710	OK
1005	   0	85.7	85.7	 670	OK
1006	   0	88.3	88.3	 707	OK
1007	   0	85.4	85.4	 669	OK
1008	   0	92.3	92.3	 679	OK
1009	   0	90.2	90.2	 670	OK
1010	   0	92.3	92.3	 664	OK
1011	   0	94.3	94.3	 694	OK
1012	   0	91.3	91.3	 696	OK
1013	   0	90.7	90.7	 682	OK
1014	   0	86.6	86.6	 683	OK
1015	   0	82.8	82.8	 708	OK
1016	   0	88.8	88.8	 696	OK
1017	   0	86.9	86.9	 684	OK
1018	   0	83.4	83.4	 672	OK
1019	   0	91.4	91.4	 683	OK
1020	   0	87.3	87.3	 652	OK
1021	   0	90.0	90.0	 648	OK
1022	   0	85.0	85.0	 691	OK
1023	   0	89.6	89.6	 699	OK
1024	   0	77.8	77.8	 694	OK
1025	   0	79.1	79.1	 712	OK
1026	   0	90.8	90.8	 641	OK
1027	   0	90.3	90.3	 671	OK
1028	   0	86.3	86.3	 726	OK
1029	   0	84.2	84.2	 704	OK
1030	   0	87.3	87.3	 704	OK
1031	   0	82.1	82.1	 665	OK
1032	   0	87.1	87.1	 681	OK
1033	   0	88.3	88.3	 674	OK
1034	   0	86.9	86.9	 698	OK
1035	   0	88.7	88.7	 719	OK
1036	   0	84.6	84.6	 695	OK
1037	   0	84.0	84.0	 719	OK
1038	   0	92.1	92.1	 710	OK
1039	   0	89.8	89.8	 671	OK
1040	   0	87.0	87.0	 670	OK
1041	   0	88.1	88.1	 669	OK
1042	   0	78.2	78.2	 675	OK
1043	   0	90.7	90.7	 699	OK
1044	   0	82.8	82.8	 666	OK
1045	   0	83.6	83.6	 674	OK
1046	   0	80.4	80.4	 736	OK
1047	   0	87.0	87.0	 663	OK
1048	   0	84.6	84.6	 686	OK
1049	   0	83.1	83.1	 718	OK
1050	   0	83.6	83.6	 703	OK
1051	   0	87.6	87.6	 752	OK
1052	   0	88.0	88.0	 708	OK
1053	   0	80.8	80.8	 666	OK
1054	   0	88.0	88.0	 684	OK
1055	   0	89.3	89.3	 686	OK
1056	   0	85.0	85.0	 673	OK
1057	   0	81.7	81.7	 709	OK
1058	   0	87.1	87.1	 669	OK
1059	   0	84.9	84.9	 682	OK
1060	   0	83.4	83.4	 657	OK
1061	   0	83.8	83.8	 687	OK
1062	   0	87.9	87.9	 692	OK
1063	   0	85.3	85.3	 665	OK
1064	   0	89.4	89.4	 687	OK
1065	   0	85.7	85.7	 705	OK
1066	   0	83.6	83.6	 678	OK
1067	   0	87.1	87.1	 697	OK
1068	   0	88.9	88.9	 699	OK
1069	   0	94.7	94.7	 657	OK
1070	   0	90.5	90.5	 676	OK
1071	   0	93.6	93.6	 660	OK
1072	   0	84.1	84.1	 696	OK
1073	   0	87.3	87.3	 671	OK
1074	   0	81.3	81.3	 721	OK
1075	   0	84.9	84.9	 745	OK
1076	   0	85.1	85.1	 673	OK
1077	   0	87.5	87.5	 692	OK
1078	   0	93.8	93.8	 707	OK
1079	   0	82.6	82.6	 679	OK
1080	   0	86.4	86.4	 689	OK
1081	   0	88.9	88.9	 687	OK
1082	   0	86.4	86.4	 690	OK
1083	   0	88.3	88.3	 692	OK
1084	   0	79.9	79.9	 711	OK
1085	   0	84.9	84.9	 663	OK
1086	   0	84.7	84.7	 735	OK
1087	   0	81.8	81.8	 659	OK
1088	   0	94.6	94.6	 698	OK
1089	   0	86.6	86.6	 726	OK
1090	   0	80.4	80.4	 690	OK
1091	   0	82.2	82.2	 685	OK
1092	   0	93.7	93.7	 712	OK
1093	   0	88.5	88.5	 663	OK
1094	   0	82.6	82.6	 684	OK
1095	   0	88.4	88.4	 667	OK
1096	   0	83.3	83.3	 667	OK
1097	   0	86.9	86.9	 683	OK
1098	   0	86.5	86.5	 710	OK
1099	   0	84.4	84.4	 697	OK
1100	   0	87.8	87.8	 681	OK
1101	   0	86.1	86.1	 647	OK
1102	   0	86.3	86.3	 660	OK
1103	   0	89.3	89.3	 699	OK
1104	   0	85.0	85.0	 683	OK
1105	   0	86.2	86.2	 669	OK
1106	   0	88.3	88.3	 710	OK
1107	   0	88.4	88.4	 670	OK
1108	   0	80.1	80.1	 706	OK
1109	   0	82.3	82.3	 694	OK
1110	   0	87.8	87.8	 672	OK
1111	   0	83.0	83.0	 669	OK
1112	   0	92.8	92.8	 688	OK
1113	   0	89.2	89.2	 689	OK
1114	   0	82.5	82.5	 679	OK
1115	   0	87.1	87.1	 677	OK
1116	   0	87.0	87.0	 693	OK
1117	   0	89.7	89.7	 687	OK
1118	   0	85.3	85.3	 702	OK
1119	   0	89.3	89.3	 715	OK
1120	   0	91.5	91.5	 664	OK
1121	   0	81.9	81.9	 638	OK
1122	   0	88.6	88.6	 669	OK
1123	   0	85.3	85.3	 695	OK
1124	   0	84.7	84.7	 696	OK
1125	   0	86.9	86.9	 689	OK
1126	   0	85.7	85.7	 697	OK
1127	   0	87.8	87.8	 723	OK
1128	   0	81.0	81.0	 734	OK
1129	   0	78.8	78.8	 701	OK
1130	   0	82.4	82.4	 697	OK
1131	   0	81.3	81.3	 692	OK
1132	   0	81.4	81.4	 664	OK
1133	   0	88.7	88.7	 671	OK
1134	   0	83.5	83.5	 699	OK
1135	   0	92.0	92.0	 691	OK
1136	   0	83.4	83.4	 674	OK
1137	   0	83.4	83.4	 700	OK
1138	   0	84.8	84.8	 666	OK
1139	   0	86.6	86.6	 691	OK
1140	   0	86.0	86.0	 666	OK
1141	   0	80.6	80.6	 680	OK
1142	   0	90.0	90.0	 697	OK
1143	   0	92.4	92.4	 703	OK
1144	   0	88.9	88.9	 676	OK
1145	   0	80.8	80.8	 699	OK
1146	   0	82.3	82.3	 670	OK
1147	   0	82.1	82.1	 656	OK
1148	   0	85.7	85.7	 673	OK
1149	   0	86.4	86.4	 673	OK
1150	   0	81.5	81.5	 676	OK
1151	   0	80.9	80.9	 696	OK
1152	   0	81.8	81.8	 761	OK
1153	   0	81.2	81.2	 720	OK
1154	   0	84.8	84.8	 727	OK
1155	   0	87.5	87.5	 700	OK
1156	   0	85.4	85.4	 715	OK
1157	   0	83.2	83.2	 709	OK
1158	   0	86.5	86.5	 735	OK
1159	   0	83.5	83.5	 716	OK
1160	   0	84.2	84.2	 698	OK
1161	   0	81.9	81.9	 692	OK
1162	   0	85.8	85.8	 695	OK
1163	   0	88.5	88.5	 695	OK
1164	   0	79.8	79.8	 710	OK
1165	   0	89.7	89.7	 723	OK
1166	   0	73.2	73.2	 763	OK
1167	   0	84.4	84.4	 749	OK
1168	   0	83.8	83.8	 681	OK
1169	   0	89.7	89.7	 683	OK
1170	   0	81.3	81.3	 701	OK
1171	   0	88.7	88.7	 714	OK
1172	   0	80.3	80.3	 704	OK
1173	   0	85.3	85.3	 652	OK
1174	   0	81.9	81.9	 722	OK
1175	   0	85.4	85.4	 678	OK
1176	   0	86.4	86.4	 695	OK
1177	   0	81.8	81.8	 717	OK
1178	   0	86.4	86.4	 724	OK
1179	   0	83.5	83.5	 683	OK
1180	   0	88.6	88.6	 680	OK
1181	   0	87.6	87.6	 691	OK
1182	   0	89.9	89.9	 720	OK
1183	   0	81.0	81.0	 696	OK
1184	   0	85.7	85.7	 691	OK
1185	   0	85.2	85.2	 680	OK
1186	   0	85.3	85.3	 706	OK
1187	   0	78.2	78.2	 730	OK
1188	   0	83.9	83.9	 695	OK
1189	   0	83.7	83.7	 706	OK
1190	   0	89.3	89.3	 683	OK
1191	   0	83.9	83.9	 720	OK
1192	   0	85.6	85.6	 725	OK
1193	   0	81.4	81.4	 715	OK
1194	   0	85.2	85.2	 711	OK
1195	   0	78.7	78.7	 701	OK
1196	   0	91.6	91.6	 717	OK
1197	   0	85.6	85.6	 705	OK
1198	   0	91.0	91.0	 695	OK
1199	   0	89.7	89.7	 706	OK
1200	   0	85.4	85.4	 699	OK
1201	   0	91.9	91.9	 717	OK
1202	   0	82.2	82.2	 685	OK
1203	   0	85.6	85.6	 752	OK
1204	   0	89.1	89.1	 703	OK
1205	   0	90.1	90.1	 683	OK
1206	   0	76.3	76.3	 733	OK
1207	   0	90.6	90.6	 704	OK
1208	   0	91.1	91.1	 699	OK
1209	   0	91.2	91.2	 703	OK
1210	   0	94.9	94.9	 699	OK
1211	   0	81.2	81.2	 725	OK
1212	   0	86.8	86.8	 700	OK
1213	   0	88.9	88.9	 681	OK
1214	   0	87.0	87.0	 668	OK
1215	   0	80.6	80.6	 716	OK
1216	   0	90.0	90.0	 694	OK
1217	   0	85.1	85.1	 681	OK
1218	   0	81.8	81.8	 732	OK
1219	   0	91.7	91.7	 683	OK
1220	   0	79.3	79.3	 740	OK
1221	   0	88.7	88.7	 656	OK
1222	   0	92.3	92.3	 693	OK
1223	   0	95.6	95.6	 679	OK
1224	   0	88.7	88.7	 686	OK
1225	   0	89.1	89.1	 713	OK
1226	   0	80.4	80.4	 672	OK
1227	   0	89.0	89.0	 685	OK
1228	   0	81.6	81.6	 698	OK
1229	   0	90.4	90.4	 689	OK
1230	   0	89.3	89.3	 666	OK
1231	   0	86.0	86.0	 647	OK
1232	   0	85.7	85.7	 712	OK
1233	   0	92.2	92.2	 646	OK
1234	   0	78.8	78.8	 725	OK
1235	   0	84.0	84.0	 682	OK
1236	   0	83.4	83.4	 658	OK
1237	   0	86.4	86.4	 695	OK
1238	   0	85.9	85.9	 678	OK
1239	   0	92.1	92.1	 640	OK
1240	   0	83.1	83.1	 669	OK
1241	   0	85.3	85.3	 676	OK
1242	   0	81.7	81.7	 698	OK
1243	   0	80.7	80.7	 738	OK
1244	   0	85.2	85.2	 662	OK
1245	   0	87.9	87.9	 704	OK
1246	   0	80.8	80.8	 649	OK
1247	   0	84.7	84.7	 699	OK
1248	   0	83.7	83.7	 676	OK
1249	   0	85.0	85.0	 665	OK
1250	   0	86.0	86.0	 697	OK
1251	   0	85.3	85.3	 696	OK
1252	   0	80.9	80.9	 698	OK
1253	   0	93.1	93.1	 670	OK
1254	   0	86.0	86.0	 672	OK
1255	   0	89.1	89.1	 700	OK
1256	   0	91.5	91.5	 679	OK
1257	   0	83.4	83.4	 685	OK
1258	   0	92.7	92.7	 690	OK
1259	   0	86.3	86.3	 682	OK
1260	   0	79.1	79.1	 705	OK
1261	   0	84.8	84.8	 652	OK
1262	   0	83.5	83.5	 670	OK
1263	   0	84.3	84.3	 690	OK
1264	   0	81.5	81.5	 712	OK
1265	   0	89.1	89.1	 672	OK
1266	   0	81.8	81.8	 699	OK
1267	   0	83.4	83.4	 679	OK
1268	   0	86.3	86.3	 687	OK
1269	   0	84.9	84.9	 698	OK
1270	   0	85.2	85.2	 695	OK
1271	   0	88.6	88.6	 690	OK
1272	   0	85.9	85.9	 676	OK
1273	   0	84.9	84.9	 675	OK
1274	   0	84.2	84.2	 691	OK
1275	   0	87.5	87.5	 687	OK
1276	   0	88.8	88.8	 693	OK
1277	   0	82.7	82.7	 729	OK
1278	   0	85.0	85.0	 698	OK
1279	   0	92.0	92.0	 792	OK
1280	4000	80.1	80.1	 941	high noise
1281	   0	76.4	76.4	 897	OK
1282	   0	73.1	73.1	 783	OK
1283	   0	80.8	80.8	 835	OK
1284	   0	78.0	78.0	 792	OK
1285	   0	78.3	78.3	 815	OK
1286	   0	79.1	79.1	 819	OK
1287	   0	78.4	78.4	 826	OK
1288	   0	73.3	73.3	 818	OK
1289	   0	76.9	76.9	 821	OK
1290	   0	71.6	71.6	 812	OK
1291	   0	78.6	78.6	 830	OK
1292	   0	79.6	79.6	 793	OK
1293	   0	73.6	73.6	 810	OK
1294	   0	73.5	73.5	 762	OK
1295	   0	75.5	75.5	 845	OK
1296	   0	79.5	79.5	 766	OK
1297	   0	74.5	74.5	 827	OK
1298	   0	80.5	80.5	 793	OK
1299	   0	72.5	72.5	 824	OK
1300	   0	75.4	75.4	 775	OK
1301	   0	76.4	76.4	 787	OK
1302	   0	79.7	79.7	 800	OK
1303	   0	80.8	80.8	 778	OK
1304	   0	77.9	77.9	 762	OK
1305	   0	78.0	78.0	 825	OK
1306	   0	76.7	76.7	 791	OK
1307	   0	78.1	78.1	 808	OK
1308	   0	80.7	80.7	 786	OK
1309	   0	77.7	77.7	 821	OK
1310	   0	76.6	76.6	 813	OK
1311	   0	80.3	80.3	 836	OK
1312	   0	75.9	75.9	 774	OK
1313	   0	78.7	78.7	 772	OK
1314	   0	72.0	72.0	 829	OK
1315	   0	85.9	85.9	 813	OK
1316	   0	86.0	86.0	 784	OK
1317	   0	77.8	77.8	 828	OK
1318	   0	76.9	76.9	 774	OK
1319	   0	80.9	80.9	 838	OK
1320	   0	76.5	76.5	 757	OK
1321	   0	86.1	86.1	 820	OK
1322	   0	74.5	74.5	 786	OK
1323	   0	81.5	81.5	 803	OK
1324	   0	77.6	77.6	 785	OK
1325	   0	75.2	75.2	 785	OK
1326	   0	80.4	80.4	 770	OK
1327	   0	79.8	79.8	 812	OK
1328	   0	73.0	73.0	 759	OK
1329	   0	78.0	78.0	 787	OK
1330	   0	76.4	76.4	 791	OK
1331	   0	75.4	75.4	 804	OK
1332	   0	80.3	80.3	 779	OK
1333	   0	76.0	76.0	 778	OK
1334	   0	78.9	78.9	 814	OK
1335	   0	77.2	77.2	 804	OK
1336	   0	80.8	80.8	 763	OK
1337	   0	75.9	75.9	 795	OK
1338	   0	80.5	80.5	 800	OK
1339	   0	78.3	78.3	 799	OK
1340	   0	74.7	74.7	 821	OK
1341	   0	81.6	81.6	 771	OK
1342	   0	87.0	87.0	 764	OK
1343	   0	86.2	86.2	 779	OK
1344	   0	86.2	86.2	 782	OK
1345	   0	79.1	79.1	 793	OK
1346	   0	82.5	82.5	 771	OK
1347	   0	84.8	84.8	 800	OK
1348	   0	86.0	86.0	 770	OK
1349	   0	78.3	78.3	 784	OK
1350	   0	84.0	84.0	 783	OK
1351	   0	75.2	75.2	 815	OK
1352	   0	79.3	79.3	 813	OK
1353	   0	77.8	77.8	 793	OK
1354	   0	78.9	78.9	 795	OK
1355	   0	78.4	78.4	 808	OK
1356	   0	77.7	77.7	 769	OK
1357	   0	80.4	80.4	 793	OK
1358	   0	87.6	87.6	 795	OK
1359	   0	76.5	76.5	 791	OK
1360	   0	80.4	80.4	 743	OK
1361	   0	77.8	77.8	 826	OK
1362	   0	81.7	81.7	 801	OK
1363	   0	80.5	80.5	 789	OK
1364	   0	76.0	76.0	 760	OK
1365	   0	79.9	79.9	 798	OK
1366	   0	79.4	79.4	 786	OK
1367	   0	82.2	82.2	 801	OK
1368	   0	82.8	82.8	 773	OK
1369	   0	84.5	84.5	 791	OK
1370	   0	86.0	86.0	 768	OK
1371	   0	81.9	81.9	 775	OK
1372	   0	78.4	78.4	 787	OK
1373	   0	75.9	75.9	 825	OK
1374	   0	78.5	78.5	 775	OK
1375	   0	74.7	74.7	 813	OK
1376	   0	78.6	78.6	 763	OK
1377	   0	83.3	83.3	 811	OK
1378	   0	82.6	82.6	 793	OK
1379	   0	80.6	80.6	 795	OK
1380	   0	88.7	88.7	 809	OK
1381	   0	79.1	79.1	 760	OK
1382	   0	79.7	79.7	 798	OK
1383	   0	76.8	76.8	 778	OK
1384	   0	80.4	80.4	 830	OK
1385	   0	75.4	75.4	 784	OK
1386	   0	79.7	79.7	 795	OK
1387	   0	81.1	81.1	 831	OK
1388	   0	80.4	80.4	 791	OK
1389	   0	73.9	73.9	 810	OK
1390	   0	75.8	75.8	 815	OK
1391	   0	75.4	75.4	 777	OK
1392	   0	77.5	77.5	 768	OK
1393	   0	81.6	81.6	 836	OK
1394	   0	79.5	79.5	 765	OK
1395	   0	78.3	78.3	 799	OK
1396	   0	79.4	79.4	 779	OK
1397	   0	79.4	79.4	 788	OK
1398	   0	79.2	79.2	 781	OK
1399	   0	85.5	85.5	 785	OK
1400	   0	77.4	77.4	 789	OK
1401	   0	75.7	75.7	 818	OK
1402	   0	75.5	75.5	 766	OK
1403	   0	81.5	81.5	 817	OK
1404	   0	85.8	85.8	 813	OK
1405	   0	73.9	73.9	 796	OK
1406	   0	76.9	76.9	 751	OK
1407	   0	83.3	83.3	 844	OK
1408	   0	73.8	73.8	 807	OK
1409	   0	74.3	74.3	 806	OK
1410	   0	70.9	70.9	 763	OK
1411	   0	75.6	75.6	 785	OK
1412	   0	73.5	73.5	 810	OK
1413	   0	74.6	74.6	 803	OK
1414	   0	72.8	72.8	 813	OK
1415	   0	69.8	69.8	 813	OK
1416	   0	79.5	79.5	 813	OK
1417	   0	76.2	76.2	 847	OK
1418	   0	78.3	78.3	 783	OK
1419	   0	78.5	78.5	 840	OK
1420	   0	75.8	75.8	 749	OK
1421	   0	73.8	73.8	 853	OK
1422	   0	74.5	74.5	 819	OK
1423	   0	79.5	79.5	 816	OK
1424	   0	76.0	76.0	 788	OK
1425	   0	71.2	71.2	 766	OK
1426	   0	75.8	75.8	 783	OK
1427	   0	80.1	80.1	 786	OK
1428	   0	79.3	79.3	 831	OK
1429	   0	74.7	74.7	 774	OK
1430	   0	71.0	71.0	 814	OK
1431	   0	73.9	73.9	 823	OK
1432	   0	77.4	77.4	 800	OK
1433	   0	76.3	76.3	 831	OK
1434	   0	74.1	74.1	 821	OK
1435	   0	77.4	77.4	 795	OK
1436	   0	72.8	72.8	 838	OK
1437	   0	73.1	73.1	 814	OK
1438	   0	74.3	74.3	 785	OK
1439	   0	82.0	82.0	 803	OK
1440	   0	78.1	78.1	 776	OK
1441	   0	80.1	80.1	 808	OK
1442	   0	74.4	74.4	 799	OK
1443	   0	77.0	77.0	 797	OK
1444	   0	75.8	75.8	 773	OK
1445	   0	74.5	74.5	 764	OK
1446	   0	74.2	74.2	 781	OK
1447	   0	72.7	72.7	 774	OK
1448	   0	74.8	74.8	 789	OK
1449	   0	76.4	76.4	 770	OK
1450	   0	77.6	77.6	 809	OK
1451	   0	78.4	78.4	 829	OK
1452	   0	74.6	74.6	 809	OK
1453	   0	82.3	82.3	 812	OK
1454	   0	73.3	73.3	 794	OK
1455	   0	80.6	80.6	 805	OK
1456	   0	73.8	73.8	 804	OK
1457	   0	71.2	71.2	 841	OK
1458	   0	76.4	76.4	 804	OK
1459	   0	83.0	83.0	 803	OK
1460	   0	70.3	70.3	 793	OK
1461	   0	74.7	74.7	 780	OK
1462	   0	76.5	76.5	 829	OK
1463	   0	71.8	71.8	 817	OK
1464	   0	73.7	73.7	 773	OK
1465	   0	77.4	77.4	 795	OK
1466	   0	76.0	76.0	 786	OK
1467	   0	76.5	76.5	 784	OK
1468	   0	79.0	79.0	 806	OK
1469	   0	78.0	78.0	 791	OK
1470	   0	80.6	80.6	 788	OK
1471	   0	79.3	79.3	 811	OK
1472	   0	77.0	77.0	 788	OK
1473	   0	80.2	80.2	 807	OK
1474	   0	71.8	71.8	 794	OK
1475	   0	69.1	69.1	 846	OK
1476	   0	76.1	76.1	 771	OK
1477	   0	75.6	75.6	 807	OK
1478	   0	76.3	76.3	 808	OK
1479	   0	71.1	71.1	 822	OK
1480	   0	74.4	74.4	 798	OK
1481	   0	74.0	74.0	 809	OK
1482	   0	77.1	77.1	 797	OK
1483	   0	75.4	75.4	 824	OK
1484	   0	76.3	76.3	 800	OK
1485	   0	78.6	78.6	 784	OK
1486	   0	79.0	79.0	 824	OK
1487	   0	77.5	77.5	 776	OK
1488	   0	75.7	75.7	 820	OK
1489	   0	69.5	69.5	 797	OK
1490	   0	75.6	75.6	 803	OK
1491	   0	74.2	74.2	 783	OK
1492	   0	73.5	73.5	 797	OK
1493	   0	74.4	74.4	 821	OK
1494	   0	74.1	74.1	 796	OK
1495	   0	75.9	75.9	 832	OK
1496	   0	73.2	73.2	 750	OK
1497	   0	71.7	71.7	 825	OK
1498	   0	82.2	82.2	 788	OK
1499	   0	77.0	77.0	 767	OK
1500	   0	70.9	70.9	 805	OK
1501	   0	74.6	74.6	 795	OK
1502	   0	81.7	81.7	 778	OK
1503	   0	81.1	81.1	 797	OK
1504	   0	70.6	70.6	 788	OK
1505	   0	74.6	74.6	 819	OK
1506	   0	71.5	71.5	 844	OK
1507	   0	79.1	79.1	 776	OK
1508	   0	78.2	78.2	 849	OK
1509	   0	69.1	69.1	 830	OK
1510	   0	73.5	73.5	 786	OK
1511	   0	73.0	73.0	 790	OK
1512	   0	74.4	74.4	 822	OK
1513	   0	77.6	77.6	 819	OK
1514	   0	72.9	72.9	 814	OK
1515	   0	69.1	69.1	 838	OK
1516	   0	76.4	76.4	 800	OK
1517	   0	75.1	75.1	 793	OK
1518	   0	76.9	76.9	 807	OK
1519	   0	71.3	71.3	 803	OK
1520	   0	75.5	75.5	 758	OK
1521	   0	74.5	74.5	 833	OK
1522	   0	78.5	78.5	 816	OK
1523	   0	67.9	67.9	 803	OK
1524	   0	72.2	72.2	 837	OK
1525	   0	74.2	74.2	 774	OK
1526	   0	75.9	75.9	 782	OK
1527	   0	71.3	71.3	 789	OK
1528	   0	74.9	74.9	 818	OK
1529	   0	73.1	73.1	 786	OK
1530	   0	80.1	80.1	 790	OK
1531	   0	77.4	77.4	 772	OK
1532	   0	74.6	74.6	 823	OK
1533	   0	75.2	75.2	 798	OK
1534	   0	74.1	74.1	 785	OK
1535	   0	78.9	78.9	 804	OK
1536	   0	91.1	91.1	 767	OK
1537	   0	90.2	90.2	 718	OK
1538	   0	79.1	79.1	 744	OK
1539	   0	84.0	84.0	 729	OK
1540	   0	83.5	83.5	 687	OK
1541	   0	90.7	90.7	 742	OK
1542	   0	94.9	94.9	 743	OK
1543	   0	81.9	81.9	 729	OK
1544	   0	90.3	90.3	 689	OK
1545	   0	92.1	92.1	 700	OK
1546	   0	90.4	90.4	 710	OK
1547	   0	86.7	86.7	 730	OK
1548	   0	87.8	87.8	 719	OK
1549	   0	88.5	88.5	 695	OK
1550	   0	93.6	93.6	 718	OK
1551	   0	90.3	90.3	 734	OK
1552	   0	87.1	87.1	 758	OK
1553	   0	86.3	86.3	 710	OK
1554	   0	89.0	89.0	 728	OK
1555	   0	92.7	92.7	 717	OK
1556	   0	90.3	90.3	 738	OK
1557	   0	87.6	87.6	 750	OK
1558	   0	81.2	81.2	 734	OK
1559	   0	83.8	83.8	 726	OK
1560	   0	101.7	101.7	 701	OK
1561	   0	93.1	93.1	 743	OK
1562	   0	91.3	91.3	 737	OK
1563	   0	92.4	92.4	 712	OK
1564	   0	86.6	86.6	 697	OK
1565	   0	84.2	84.2	 744	OK
1566	   0	81.1	81.1	 755	OK
1567	   0	89.7	89.7	 738	OK
1568	   0	103.1	103.1	 790	OK
1569	   0	90.8	90.8	 697	OK
1570	   0	88.2	88.2	 718	OK
1571	   0	91.6	91.6	 714	OK
1572	   0	93.3	93.3	 741	OK
1573	   0	89.1	89.1	 714	OK
1574	   0	87.2	87.2	 728	OK
1575	   0	96.1	96.1	 737	OK
1576	   0	87.5	87.5	 749	OK
1577	   0	84.3	84.3	 781	OK
1578	   0	87.3	87.3	 748	OK
1579	   0	87.8	87.8	 747	OK
1580	   0	89.7	89.7	 725	OK
1581	   0	91.9	91.9	 762	OK
1582	   0	89.6	89.6	 717	OK
1583	   0	93.2	93.2	 747	OK
1584	   0	92.9	92.9	 704	OK
1585	   0	96.9	96.9	 735	OK
1586	   0	95.4	95.4	 745	OK
1587	   0	88.4	88.4	 735	OK
1588	   0	92.5	92.5	 701	OK
1589	   0	89.9	89.9	 703	OK
1590	   0	91.8	91.8	 760	OK
1591	   0	87.3	87.3	 697	OK
1592	   0	93.5	93.5	 709	OK
1593	   0	91.4	91.4	 717	OK
1594	   0	93.3	93.3	 738	OK
1595	   0	91.9	91.9	 723	OK
1596	   0	82.9	82.9	 744	OK
1597	   0	89.3	89.3	 719	OK
1598	   0	89.1	89.1	 727	OK
1599	   0	91.1	91.1	 739	OK
1600	   0	88.9	88.9	 751	OK
1601	   0	86.3	86.3	 758	OK
1602	   0	91.6	91.6	 736	OK
1603	   0	95.7	95.7	 730	OK
1604	   0	89.6	89.6	 707	OK
1605	   0	89.8	89.8	 686	OK
1606	   0	94.2	94.2	 732	OK
1607	   0	90.3	90.3	 715	OK
1608	   0	88.0	88.0	 697	OK
1609	   0	91.5	91.5	 714	OK
1610	   0	90.7	90.7	 742	OK
1611	   0	89.3	89.3	 745	OK
1612	   0	86.1	86.1	 708	OK
1613	   0	88.8	88.8	 726	OK
1614	   0	88.1	88.1	 737	OK
1615	   0	88.6	88.6	 708	OK
1616	   0	94.0	94.0	 702	OK
1617	   0	87.5	87.5	 718	OK
1618	   0	91.8	91.8	 706	OK
1619	   0	88.7	88.7	 731	OK
1620	   0	86.0	86.0	 704	OK
1621	   0	89.8	89.8	 730	OK
1622	   0	85.3	85.3	 683	OK
1623	   0	88.6	88.6	 744	OK
1624	   0	92.3	92.3	 722	OK
1625	   0	91.5	91.5	 706	OK
1626	   0	92.5	92.5	 717	OK
1627	   0	90.1	90.1	 747	OK
1628	   0	89.8	89.8	 696	OK
1629	   0	87.8	87.8	 713	OK
1630	   0	83.4	83.4	 726	OK
1631	   0	89.6	89.6	 711	OK
1632	   0	95.5	95.5	 734	OK
1633	   0	85.9	85.9	 723	OK
1634	   0	87.9	87.9	 696	OK
1635	   0	87.6	87.6	 706	OK
1636	   0	81.2	81.2	 731	OK
1637	   0	83.7	83.7	 690	OK
1638	   0	88.7	88.7	 729	OK
1639	   0	81.5	81.5	 721	OK
1640	   0	88.9	88.9	 725	OK
1641	   0	86.3	86.3	 727	OK
1642	   0	92.9	92.9	 724	OK
1643	   0	85.8	85.8	 675	OK
1644	   0	86.7	86.7	 728	OK
1645	   0	88.6	88.6	 722	OK
1646	   0	85.4	85.4	 730	OK
1647	   0	88.0	88.0	 690	OK
1648	   0	83.9	83.9	 702	OK
1649	   0	90.4	90.4	 708	OK
1650	   0	87.1	87.1	 740	OK
1651	   0	82.5	82.5	 724	OK
1652	   0	87.4	87.4	 677	OK
1653	   0	91.0	91.0	 741	OK
1654	   0	93.7	93.7	 725	OK
1655	   0	83.7	83.7	 716	OK
1656	   0	90.9	90.9	 720	OK
1657	   0	82.4	82.4	 681	OK
1658	   0	90.2	90.2	 724	OK
1659	   0	92.9	92.9	 740	OK
1660	   0	82.8	82.8	 721	OK
1661	   0	88.2	88.2	 724	OK
1662	   0	90.1	90.1	 685	OK
1663	   0	83.6	83.6	 728	OK
1664	   0	78.4	78.4	 703	OK
1665	   0	79.2	79.2	 750	OK
1666	   0	84.5	84.5	 713	OK
1667	   0	81.2	81.2	 722	OK
1668	   0	82.2	82.2	 686	OK
1669	   0	83.9	83.9	 750	OK
1670	   0	83.5	83.5	 718	OK
1671	   0	81.0	81.0	 718	OK
1672	   0	80.5	80.5	 721	OK
1673	   0	83.2	83.2	 713	OK
1674	   0	77.6	77.6	 719	OK
1675	   0	76.6	76.6	 712	OK
1676	   0	75.3	75.3	 747	OK
1677	   0	80.5	80.5	 711	OK
1678	   0	86.5	86.5	 698	OK
1679	   0	82.3	82.3	 736	OK
1680	   0	82.9	82.9	 681	OK
1681	   0	76.7	76.7	 699	OK
1682	   0	87.5	87.5	 720	OK
1683	   0	76.4	76.4	 747	OK
1684	   0	84.3	84.3	 686	OK
1685	   0	87.5	87.5	 718	OK
1686	   0	85.3	85.3	 719	OK
1687	   0	84.6	84.6	 703	OK
1688	   0	86.3	86.3	 737	OK
1689	   0	85.3	85.3	 703	OK
1690	   0	80.2	80.2	 708	OK
1691	   0	76.3	76.3	 711	OK
1692	   0	87.5	87.5	 704	OK
1693	   0	85.8	85.8	 695	OK
1694	   0	81.6	81.6	 685	OK
1695	   0	83.3	83.3	 709	OK
1696	   0	79.1	79.1	 698	OK
1697	   0	80.2	80.2	 721	OK
1698	   0	78.9	78.9	 715	OK
1699	   0	84.3	84.3	 694	OK
1700	   0	82.0	82.0	 718	OK
1701	   0	83.0	83.0	 702	OK
1702	   0	80.4	80.4	 710	OK
1703	   0	89.5	89.5	 694	OK
1704	   0	85.2	85.2	 708	OK
1705	   0	82.0	82.0	 732	OK
1706	   0	81.1	81.1	 707	OK
1707	   0	78.0	78.0	 699	OK
1708	   0	85.5	85.5	 702	OK
1709	   0	86.6	86.6	 738	OK
1710	   0	83.9	83.9	 723	OK
1711	   0	84.2	84.2	 745	OK
1712	   0	85.5	85.5	 692	OK
1713	   0	78.0	78.0	 732	OK
1714	   0	82.3	82.3	 699	OK
1715	   0	78.2	78.2	 696	OK
1716	   0	83.8	83.8	 702	OK
1717	   0	84.7	84.7	 699	OK
1718	   0	82.3	82.3	 728	OK
1719	   0	86.3	86.3	 702	OK
1720	   0	84.5	84.5	 751	OK
1721	   0	81.0	81.0	 715	OK
1722	   0	85.6	85.6	 737	OK
1723	   0	85.3	85.3	 719	OK
1724	   0	87.0	87.0	 692	OK
1725	   0	89.4	89.4	 733	OK
1726	   0	82.0	82.0	 697	OK
1727	   0	88.0	88.0	 723	OK
1728	   0	91.7	91.7	 690	OK
1729	   0	86.6	86.6	 689	OK
1730	   0	87.2	87.2	 736	OK
1731	   0	79.6	79.6	 725	OK
1732	   0	89.7	89.7	 725	OK
1733	   0	86.5	86.5	 716	OK
1734	   0	80.5	80.5	 710	OK
1735	   0	81.3	81.3	 724	OK
1736	   0	76.5	76.5	 717	OK
1737	   0	84.3	84.3	 698	OK
1738	   0	82.4	82.4	 721	OK
1739	   0	93.4	93.4	 690	OK
1740	   0	85.3	85.3	 687	OK
1741	   0	81.3	81.3	 736	OK
1742	   0	83.2	83.2	 708	OK
1743	   0	85.2	85.2	 720	OK
1744	   0	81.8	81.8	 727	OK
1745	   0	85.4	85.4	 704	OK
1746	   0	85.0	85.0	 721	OK
1747	   0	81.7	81.7	 716	OK
1748	   0	91.2	91.2	 702	OK
1749	   0	81.7	81.7	 690	OK
1750	   0	92.7	92.7	 703	OK
1751	   0	80.4	80.4	 706	OK
1752	   0	81.4	81.4	 731	OK
1753	   0	82.8	82.8	 705	OK
1754	   0	90.9	90.9	 721	OK
1755	   0	86.4	86.4	 767	OK
1756	   0	79.5	79.5	 685	OK
1757	   0	85.1	85.1	 720	OK
1758	   0	81.0	81.0	 715	OK
1759	   0	78.7	78.7	 724	OK
1760	   0	81.5	81.5	 716	OK
1761	   0	80.9	80.9	 714	OK
1762	   0	77.6	77.6	 712	OK
1763	   0	83.4	83.4	 699	OK
1764	   0	81.7	81.7	 721	OK
1765	   0	76.2	76.2	 750	OK
1766	   0	86.1	86.1	 730	OK
1767	   0	76.0	76.0	 709	OK
1768	   0	79.5	79.5	 751	OK
1769	   0	83.7	83.7	 714	OK
1770	   0	88.2	88.2	 705	OK
1771	   0	82.5	82.5	 726	OK
1772	   0	79.1	79.1	 688	OK
1773	   0	86.2	86.2	 724	OK
1774	   0	88.2	88.2	 730	OK
1775	   0	78.0	78.0	 750	OK
1776	   0	78.5	78.5	 713	OK
1777	   0	86.1	86.1	 724	OK
1778	   0	84.2	84.2	 708	OK
1779	   0	95.7	95.7	 711	OK
1780	   0	86.8	86.8	 731	OK
1781	   0	81.4	81.4	 719	OK
1782	   0	83.5	83.5	 708	OK
1783	   0	86.9	86.9	 760	OK
1784	   0	83.6	83.6	 685	OK
1785	   0	76.1	76.1	 708	OK
1786	   0	80.7	80.7	 678	OK
1787	   0	78.1	78.1	 748	OK
1788	   0	81.1	81.1	 714	OK
1789	   0	75.9	75.9	 754	OK
1790	   0	79.9	79.9	 704	OK
1791	   0	82.9	82.9	 725	OK
1792	   0	87.6	87.6	 671	OK
1793	   0	85.8	85.8	 678	OK
1794	   0	83.0	83.0	 699	OK
1795	   0	91.3	91.3	 653	OK
1796	   0	95.9	95.9	 649	OK
1797	   0	86.7	86.7	 636	OK
1798	   0	81.3	81.3	 650	OK
1799	   0	84.8	84.8	 694	OK
1800	   0	87.3	87.3	 661	OK
1801	   0	83.5	83.5	 667	OK
1802	   0	86.4	86.4	 652	OK
1803	   0	82.3	82.3	 681	OK
1804	   0	85.5	85.5	 656	OK
1805	   0	91.2	91.2	 641	OK
1806	   0	78.7	78.7	 693	OK
1807	   0	89.9	89.9	 653	OK
1808	   0	82.3	82.3	 674	OK
1809	   0	90.7	90.7	 667	OK
1810	   0	89.9	89.9	 678	OK
1811	   0	93.3	93.3	 660	OK
1812	   0	90.9	90.9	 670	OK
1813	   0	85.6	85.6	 660	OK
1814	   0	85.0	85.0	 659	OK
1815	   0	84.9	84.9	 658	OK
1816	   0	86.9	86.9	 674	OK
1817	   0	88.1	88.1	 661	OK
1818	   0	90.4	90.4	 677	OK
1819	   0	88.7	88.7	 669	OK
1820	   0	86.0	86.0	 665	OK
1821	   0	88.7	88.7	 695	OK
1822	   0	87.5	87.5	 657	OK
1823	   0	89.8	89.8	 636	OK
1824	   0	86.9	86.9	 656	OK
1825	   0	82.5	82.5	 637	OK
1826	   0	83.8	83.8	 648	OK
1827	   0	85.2	85.2	 667	OK
1828	   0	84.5	84.5	 657	OK
1829	   0	86.0	86.0	 686	OK
1830	   0	81.6	81.6	 683	OK
1831	   0	84.8	84.8	 613	OK
1832	   0	91.5	91.5	 639	OK
1833	   0	82.4	82.4	 677	OK
1834	   0	88.2	88.2	 666	OK
1835	   0	87.9	87.9	 653	OK
1836	   0	82.0	82.0	 670	OK
1837	   0	85.8	85.8	 663	OK
1838	   0	88.7	88.7	 681	OK
1839	   0	88.2	88.2	 624	OK
1840	   0	93.0	93.0	 659	OK
1841	   0	85.9	85.9	 656	OK
1842	   0	90.4	90.4	 698	OK
1843	   0	89.9	89.9	 665	OK
1844	   0	83.7	83.7	 630	OK
1845	   0	90.0	90.0	 656	OK
1846	   0	84.6	84.6	 699	OK
1847	   0	95.6	95.6	 619	OK
1848	   0	91.8	91.8	 656	OK
1849	   0	89.0	89.0	 660	OK
1850	   0	88.0	88.0	 672	OK
1851	   0	86.9	86.9	 678	OK
1852	   0	89.1	89.1	 627	OK
1853	   0	98.9	98.9	 682	OK
1854	   0	88.3	88.3	 636	OK
1855	   0	93.1	93.1	 663	OK
1856	   0	93.8	93.8	 677	OK
1857	   0	88.5	88.5	 687	OK
1858	   0	90.5	90.5	 640	OK
1859	   0	85.8	85.8	 642	OK
1860	   0	86.1	86.1	 632	OK
1861	   0	90.9	90.9	 667	OK
1862	   0	92.7	92.7	 671	OK
1863	   0	92.8	92.8	 642	OK
1864	   0	91.4	91.4	 680	OK
1865	   0	86.2	86.2	 629	OK
1866	   0	94.7	94.7	 647	OK
1867	   0	78.1	78.1	 689	OK
1868	   0	87.7	87.7	 620	OK
1869	   0	81.2	81.2	 616	OK
1870	   0	96.2	96.2	 667	OK
1871	   0	83.1	83.1	 640	OK
1872	   0	84.8	84.8	 687	OK
1873	   0	88.9	88.9	 694	OK
1874	   0	86.8	86.8	 659	OK
1875	   0	90.2	90.2	 648	OK
1876	   0	90.5	90.5	 649	OK
1877	   0	93.3	93.3	 673	OK
1878	   0	91.5	91.5	 637	OK
1879	   0	86.2	86.2	 674	OK
1880	   0	86.2	86.2	 636	OK
1881	   0	85.7	85.7	 673	OK
1882	   0	93.3	93.3	 654	OK
1883	   0	85.2	85.2	 641	OK
1884	   0	86.3	86.3	 666	OK
1885	   0	91.1	91.1	 659	OK
1886	   0	82.9	82.9	 676	OK
1887	   0	88.4	88.4	 672	OK
1888	   0	91.5	91.5	 649	OK
1889	   0	92.6	92.6	 643	OK
1890	   0	89.0	89.0	 652	OK
1891	   0	87.0	87.0	 683	OK
1892	   0	93.2	93.2	 660	OK
1893	   0	93.7	93.7	 649	OK
1894	   0	89.6	89.6	 621	OK
1895	   0	84.2	84.2	 647	OK
1896	   0	83.7	83.7	 656	OK
1897	   0	92.1	92.1	 717	OK
1898	   0	90.1	90.1	 672	OK
1899	   0	82.9	82.9	 696	OK
1900	   0	87.4	87.4	 625	OK
1901	   0	91.4	91.4	 637	OK
1902	   0	87.6	87.6	 673	OK
1903	   0	86.4	86.4	 661	OK
1904	   0	85.6	85.6	 635	OK
1905	   0	90.9	90.9	 684	OK
1906	   0	86.0	86.0	 642	OK
1907	   0	82.2	82.2	 637	OK
1908	   0	87.2	87.2	 646	OK
1909	   0	83.9	83.9	 651	OK
1910	   0	90.8	90.8	 648	OK
1911	   0	86.7	86.7	 663	OK
1912	   0	89.1	89.1	 642	OK
1913	   0	94.8	94.8	 656	OK
1914	   0	96.7	96.7	 675	OK
1915	   0	88.0	88.0	 639	OK
1916	   0	83.8	83.8	 680	OK
1917	   0	84.5	84.5	 634	OK
1918	   0	81.7	81.7	 663	OK
1919	   0	91.2	91.2	 664	OK
1920	   0	83.5	83.5	 743	OK
1921	   0	75.4	75.4	 746	OK
1922	   0	90.3	90.3	 775	OK
1923	   0	84.0	84.0	 741	OK
1924	   0	86.5	86.5	 727	OK
1925	   0	85.0	85.0	 745	OK
1926	   0	84.0	84.0	 725	OK
1927	   0	87.7	87.7	 746	OK
1928	   0	81.4	81.4	 729	OK
1929	   0	91.1	91.1	 729	OK
1930	   0	82.3	82.3	 730	OK
1931	   0	89.0	89.0	 692	OK
1932	   0	82.6	82.6	 731	OK
1933	   0	87.9	87.9	 711	OK
1934	   0	83.3	83.3	 730	OK
1935	   0	85.3	85.3	 762	OK
1936	   0	87.6	87.6	 699	OK
1937	   0	93.4	93.4	 748	OK
1938	   0	93.4	93.4	 751	OK
1939	   0	82.4	82.4	 727	OK
1940	   0	83.6	83.6	 708	OK
1941	   0	90.7	90.7	 713	OK
1942	   0	85.4	85.4	 693	OK
1943	   0	91.8	91.8	 752	OK
1944	   0	85.1	85.1	 717	OK
1945	   0	89.0	89.0	 742	OK
1946	   0	87.4	87.4	 729	OK
1947	   0	86.6	86.6	 689	OK
1948	   0	89.4	89.4	 722	OK
1949	   0	83.6	83.6	 747	OK
1950	   0	84.9	84.9	 752	OK
1951	   0	84.3	84.3	 741	OK
1952	   0	84.5	84.5	 738	OK
1953	   0	83.3	83.3	 732	OK
1954	   0	82.5	82.5	 705	OK
1955	   0	91.9	91.9	 728	OK
1956	   0	85.5	85.5	 691	OK
1957	   0	90.3	90.3	 737	OK
1958	   0	84.2	84.2	 740	OK
1959	   0	86.7	86.7	 752	OK
1960	   0	87.0	87.0	 756	OK
1961	   0	83.4	83.4	 764	OK
1962	   0	91.0	91.0	 742	OK
1963	   0	86.6	86.6	 692	OK
1964	   0	92.4	92.4	 725	OK
1965	   0	85.7	85.7	 731	OK
1966	   0	88.6	88.6	 731	OK
1967	   0	87.1	87.1	 738	OK
1968	   0	88.8	88.8	 763	OK
1969	   0	92.3	92.3	 723	OK
1970	   0	88.0	88.0	 730	OK
1971	   0	88.0	88.0	 690	OK
1972	   0	91.6	91.6	 737	OK
1973	   0	82.9	82.9	 717	OK
1974	   0	83.0	83.0	 721	OK
1975	   0	91.1	91.1	 713	OK
1976	   0	91.7	91.7	 754	OK
1977	   0	82.6	82.6	 724	OK
1978	   0	93.5	93.5	 718	OK
1979	   0	85.8	85.8	 717	OK
1980	   0	93.1	93.1	 745	OK
1981	   0	85.0	85.0	 738	OK
1982	   0	91.5	91.5	 715	OK
1983	   0	90.4	90.4	 733	OK
1984	   0	96.1	96.1	 740	OK
1985	   0	84.4	84.4	 762	OK
1986	   0	90.4	90.4	 723	OK
1987	   0	87.8	87.8	 706	OK
1988	   0	87.0	87.0	 745	OK
1989	   0	91.3	91.3	 683	OK
1990	   0	93.0	93.0	 746	OK
1991	   0	89.2	89.2	 739	OK
1992	   0	85.7	85.7	 774	OK
1993	   0	92.3	92.3	 702	OK
1994	   0	88.7	88.7	 714	OK
1995	   0	93.1	93.1	 710	OK
1996	   0	85.5	85.5	 687	OK
1997	   0	90.0	90.0	 714	OK
1998	   0	88.4	88.4	 729	OK
1999	   0	85.5	85.5	 718	OK
2000	   0	91.0	91.0	 755	OK
2001	   0	90.6	90.6	 675	OK
2002	   0	85.2	85.2	 713	OK
2003	   0	85.5	85.5	 746	OK
2004	   0	93.8	93.8	 756	OK
2005	   0	88.6	88.6	 756	OK
2006	   0	88.5	88.5	 731	OK
2007	   0	88.1	88.1	 715	OK
2008	   0	92.7	92.7	 747	OK
2009	   0	85.2	85.2	 759	OK
2010	   0	83.4	83.4	 743	OK
2011	   0	88.1	88.1	 745	OK
2012	   0	90.4	90.4	 708	OK
2013	   0	89.5	89.5	 720	OK
2014	   0	88.9	88.9	 761	OK
2015	   0	83.4	83.4	 702	OK
2016	   0	87.3	87.3	 711	OK
2017	   0	85.2	85.2	 691	OK
2018	   0	92.4	92.4	 706	OK
2019	   0	88.2	88.2	 720	OK
2020	   0	85.0	85.0	 719	OK
2021	   0	84.4	84.4	 747	OK
2022	   0	83.9	83.9	 745	OK
2023	   0	81.5	81.5	 717	OK
2024	   0	84.3	84.3	 735	OK
2025	   0	83.7	83.7	 750	OK
2026	   0	84.9	84.9	 693	OK
2027	   0	83.7	83.7	 711	OK
2028	   0	84.2	84.2	 713	OK
2029	   0	87.7	87.7	 746	OK
2030	   0	88.4	88.4	 736	OK
2031	   0	84.2	84.2	 735	OK
2032	   0	84.4	84.4	 723	OK
2033	   0	81.3	81.3	 705	OK
2034	   0	86.0	86.0	 741	OK
2035	   0	90.9	90.9	 717	OK
2036	   0	86.2	86.2	 711	OK
2037	   0	85.5	85.5	 711	OK
2038	   0	80.5	80.5	 697	OK
2039	   0	86.0	86.0	 725	OK
2040	   0	83.6	83.6	 721	OK
2041	   0	90.0	90.0	 722	OK
2042	   0	87.2	87.2	 687	OK
2043	   0	90.7	90.7	 727	OK
2044	   0	88.4	88.4	 726	OK
2045	   0	87.5	87.5	 730	OK
2046	   0	80.6	80.6	 729	OK
2047	   0	85.6	85.6	 721	OK
2048	   0	88.2	88.2	 736	OK
2049	   0	83.5	83.5	 754	OK
2050	   0	80.0	80.0	 735	OK
2051	   0	87.3	87.3	 760	OK
2052	   0	87.7	87.7	 732	OK
2053	   0	92.1	92.1	 777	OK
2054	   0	88.1	88.1	 729	OK
2055	   0	91.3	91.3	 762	OK
2056	   0	88.5	88.5	 770	OK
2057	   0	77.3	77.3	 744	OK
2058	   0	86.0	86.0	 758	OK
2059	   0	81.0	81.0	 772	OK
2060	   0	90.5	90.5	 736	OK
2061	   0	84.6	84.6	 769	OK
2062	   0	81.6	81.6	 720	OK
2063	   0	83.6	83.6	 740	OK
2064	   0	84.6	84.6	 757	OK
2065	   0	86.8	86.8	 727	OK
2066	   0	92.3	92.3	 766	OK
2067	   0	86.1	86.1	 715	OK
2068	   0	85.6	85.6	 699	OK
2069	   0	85.6	85.6	 752	OK
2070	   0	90.5	90.5	 750	OK
2071	   0	78.4	78.4	 737	OK
2072	   0	86.0	86.0	 774	OK
2073	   0	86.0	86.0	 736	OK
2074	   0	92.7	92.7	 744	OK
2075	   0	87.3	87.3	 751	OK
2076	   0	84.4	84.4	 770	OK
2077	   0	82.4	82.4	 749	OK
2078	   0	85.4	85.4	 746	OK
2079	   0	85.1	85.1	 725	OK
2080	   0	80.9	80.9	 739	OK
2081	   0	85.8	85.8	 750	OK
2082	   0	85.5	85.5	 752	OK
2083	   0	85.4	85.4	 716	OK
2084	   0	85.2	85.2	 780	OK
2085	   0	85.6	85.6	 738	OK
2086	   0	85.3	85.3	 757	OK
2087	   0	82.8	82.8	 737	OK
2088	   0	86.3	86.3	 749	OK
2089	   0	86.4	86.4	 765	OK
2090	   0	87.0	87.0	 689	OK
2091	   0	91.9	91.9	 736	OK
2092	   0	81.7	81.7	 755	OK
2093	   0	91.3	91.3	 763	OK
2094	   0	85.8	85.8	 737	OK
2095	   0	99.6	99.6	 768	OK
2096	   0	84.1	84.1	 749	OK
2097	   0	90.8	90.8	 736	OK
2098	   0	92.0	92.0	 730	OK
2099	   0	82.3	82.3	 782	OK
2100	   0	89.0	89.0	 725	OK
2101	   0	86.8	86.8	 762	OK
2102	   0	88.0	88.0	 763	OK
2103	   0	88.4	88.4	 718	OK
2104	   0	84.0	84.0	 759	OK
2105	   0	84.0	84.0	 731	OK
2106	   0	85.0	85.0	 746	OK
2107	   0	86.2	86.2	 745	OK
2108	   0	92.3	92.3	 733	OK
2109	   0	88.2	88.2	 739	OK
2110	   0	88.2	88.2	 698	OK
2111	   0	88.6	88.6	 749	OK
2112	   0	84.2	84.2	 767	OK
2113	   0	85.9	85.9	 775	OK
2114	   0	95.4	95.4	 753	OK
2115	   0	95.4	95.4	 723	OK
2116	   0	85.7	85.7	 727	OK
2117	   0	90.2	90.2	 720	OK
2118	   0	93.2	93.2	 763	OK
2119	   0	88.8	88.8	 736	OK
2120	   0	85.2	85.2	 744	OK
2121	   0	86.2	86.2	 733	OK
2122	   0	82.0	82.0	 771	OK
2123	   0	89.6	89.6	 753	OK
2124	   0	82.8	82.8	 767	OK
2125	   0	87.7	87.7	 738	OK
2126	   0	86.8	86.8	 763	OK
2127	   0	86.5	86.5	 747	OK
2128	   0	85.2	85.2	 741	OK
2129	   0	80.4	80.4	 732	OK
2130	   0	84.7	84.7	 731	OK
2131	   0	75.2	75.2	 754	OK
2132	   0	84.3	84.3	 716	OK
2133	   0	87.2	87.2	 755	OK
2134	   0	83.8	83.8	 724	OK
2135	   0	84.3	84.3	 748	OK
2136	   0	87.1	87.1	 766	OK
2137	   0	91.2	91.2	 760	OK
2138	   0	92.2	92.2	 734	OK
2139	   0	88.0	88.0	 751	OK
2140	   0	91.8	91.8	 724	OK
2141	   0	90.0	90.0	 743	OK
2142	   0	94.8	94.8	 700	OK
2143	   0	90.1	90.1	 717	OK
2144	   0	88.7	88.7	 739	OK
2145	   0	91.1	91.1	 709	OK
2146	   0	83.2	83.2	 752	OK
2147	   0	88.6	88.6	 752	OK
2148	   0	86.5	86.5	 703	OK
2149	   0	84.5	84.5	 731	OK
2150	   0	92.8	92.8	 754	OK
2151	   0	88.0	88.0	 718	OK
2152	   0	84.8	84.8	 737	OK
2153	   0	89.4	89.4	 701	OK
2154	   0	86.4	86.4	 732	OK
2155	   0	94.3	94.3	 724	OK
2156	   0	89.8	89.8	 713	OK
2157	   0	87.8	87.8	 709	OK
2158	   0	86.9	86.9	 740	OK
2159	   0	84.9	84.9	 726	OK
2160	   0	78.6	78.6	 725	OK
2161	   0	83.8	83.8	 707	OK
2162	   0	89.8	89.8	 714	OK
2163	   0	91.4	91.4	 709	OK
2164	   0	91.8	91.8	 700	OK
2165	   0	91.4	91.4	 735	OK
2166	   0	88.0	88.0	 715	OK
2167	   0	89.3	89.3	 776	OK
2168	   0	85.4	85.4	 722	OK
2169	   0	88.3	88.3	 709	OK
2170	   0	86.5	86.5	 761	OK
2171	   0	87.1	87.1	 738	OK
2172	   0	87.7	87.7	 717	OK
2173	   0	82.1	82.1	 731	OK
2174	   0	87.3	87.3	 716	OK
2175	   0	84.4	84.4	 728	OK
2176	   0	86.6	86.6	 670	OK
2177	   0	84.8	84.8	 695	OK
2178	   0	83.7	83.7	 694	OK
2179	   0	90.2	90.2	 698	OK
2180	   0	81.8	81.8	 674	OK
2181	   0	89.0	89.0	 685	OK
2182	   0	81.6	81.6	 673	OK
2183	   0	94.1	94.1	 672	OK
2184	   0	91.2	91.2	 651	OK
2185	   0	86.6	86.6	 695	OK
2186	   0	100.2	100.2	 673	OK
2187	   0	91.1	91.1	 687	OK
2188	   0	96.6	96.6	 685	OK
2189	   0	98.0	98.0	 728	OK
2190	   0	91.2	91.2	 692	OK
2191	   0	88.2	88.2	 672	OK
2192	   0	89.7	89.7	 684	OK
2193	   0	81.3	81.3	 685	OK
2194	   0	83.7	83.7	 690	OK
2195	   0	89.4	89.4	 676	OK
2196	   0	90.8	90.8	 634	OK
2197	   0	84.3	84.3	 663	OK
2198	   0	87.9	87.9	 686	OK
2199	   0	91.7	91.7	 663	OK
2200	   0	85.0	85.0	 698	OK
2201	   0	82.4	82.4	 690	OK
2202	   0	88.0	88.0	 664	OK
2203	   0	92.6	92.6	 672	OK
2204	   0	83.8	83.8	 684	OK
2205	   0	88.7	88.7	 688	OK
2206	   0	90.9	90.9	 688	OK
2207	   0	90.4	90.4	 673	OK
2208	   0	89.9	89.9	 676	OK
2209	   0	91.7	91.7	 666	OK
2210	   0	84.8	84.8	 677	OK
2211	   0	84.2	84.2	 656	OK
2212	   0	83.8	83.8	 690	OK
2213	   0	86.0	86.0	 658	OK
2214	   0	85.3	85.3	 652	OK
2215	   0	84.1	84.1	 695	OK
2216	   0	90.6	90.6	 706	OK
2217	   0	84.3	84.3	 731	OK
2218	   0	93.9	93.9	 689	OK
2219	   0	84.9	84.9	 669	OK
2220	   0	84.4	84.4	 669	OK
2221	   0	87.6	87.6	 716	OK
2222	   0	85.7	85.7	 662	OK
2223	   0	85.9	85.9	 692	OK
2224	   0	93.3	93.3	 689	OK
2225	   0	85.0	85.0	 678	OK
2226	   0	87.9	87.9	 669	OK
2227	   0	83.9	83.9	 701	OK
2228	   0	96.1	96.1	 702	OK
2229	   0	88.2	88.2	 698	OK
2230	   0	93.8	93.8	 704	OK
2231	   0	93.3	93.3	 658	OK
2232	   0	88.1	88.1	 679	OK
2233	   0	98.9	98.9	 675	OK
2234	   0	92.0	92.0	 680	OK
2235	   0	91.2	91.2	 689	OK
2236	   0	98.1	98.1	 686	OK
2237	   0	90.0	90.0	 691	OK
2238	   0	92.2	92.2	 675	OK
2239	   0	98.7	98.7	 674	OK
2240	   0	87.1	87.1	 712	OK
2241	   0	86.3	86.3	 682	OK
2242	   0	97.5	97.5	 720	OK
2243	   0	84.3	84.3	 683	OK
2244	   0	87.5	87.5	 699	OK
2245	   0	86.9	86.9	 680	OK
2246	   0	87.8	87.8	 688	OK
2247	   0	86.9	86.9	 711	OK
2248	   0	94.0	94.0	 693	OK
2249	   0	90.7	90.7	 662	OK
2250	   0	97.6	97.6	 694	OK
2251	   0	87.4	87.4	 677	OK
2252	   0	84.6	84.6	 675	OK
2253	   0	89.1	89.1	 760	OK
2254	   0	85.6	85.6	 686	OK
2255	   0	84.4	84.4	 700	OK
2256	   0	81.5	81.5	 683	OK
2257	   0	90.2	90.2	 694	OK
2258	   0	87.9	87.9	 709	OK
2259	   0	82.7	82.7	 699	OK
2260	   0	96.8	96.8	 674	OK
2261	   0	84.8	84.8	 678	OK
2262	   0	92.2	92.2	 670	OK
2263	   0	91.6	91.6	 677	OK
2264	   0	79.6	79.6	 688	OK
2265	   0	90.3	90.3	 658	OK
2266	   0	85.4	85.4	 701	OK
2267	   0	86.3	86.3	 682	OK
2268	   0	86.4	86.4	 675	OK
2269	   0	89.1	89.1	 705	OK
2270	   0	88.2	88.2	 661	OK
2271	   0	93.6	93.6	 655	OK
2272	   0	89.5	89.5	 678	OK
2273	   0	90.9	90.9	 647	OK
2274	   0	79.7	79.7	 750	OK
2275	   0	95.3	95.3	 697	OK
2276	   0	90.7	90.7	 676	OK
2277	   0	89.0	89.0	 668	OK
2278	   0	92.3	92.3	 722	OK
2279	   0	89.4	89.4	 692	OK
2280	   0	86.4	86.4	 658	OK
2281	   0	86.8	86.8	 675	OK
2282	   0	88.7	88.7	 703	OK
2283	   0	87.7	87.7	 701	OK
2284	   0	89.7	89.7	 675	OK
2285	   0	90.4	90.4	 702	OK
2286	   0	89.8	89.8	 687	OK
2287	   0	98.1	98.1	 720	OK
2288	   0	85.8	85.8	 688	OK
2289	   0	91.2	91.2	 671	OK
2290	   0	87.1	87.1	 675	OK
2291	   0	80.9	80.9	 726	OK
2292	   0	80.2	80.2	 683	OK
2293	   0	89.8	89.8	 682	OK
2294	   0	84.8	84.8	 702	OK
2295	   0	89.4	89.4	 698	OK
2296	   0	86.1	86.1	 697	OK
2297	   0	93.9	93.9	 669	OK
2298	   0	92.4	92.4	 668	OK
2299	   0	90.6	90.6	 701	OK
2300	   0	90.6	90.6	 681	OK
2301	   0	96.9	96.9	 701	OK
2302	   0	85.9	85.9	 687	OK
2303	   0	82.2	82.2	 702	OK
2304	   0	86.1	86.1	 704	OK
2305	   0	84.0	84.0	 714	OK
2306	   0	88.8	88.8	 672	OK
2307	   0	84.6	84.6	 752	OK
2308	   0	87.8	87.8	 713	OK
2309	   0	81.6	81.6	 697	OK
2310	   0	86.8	86.8	 700	OK
2311	   0	85.3	85.3	 679	OK
2312	   0	86.0	86.0	 717	OK
2313	   0	83.6	83.6	 697	OK
2314	   0	86.7	86.7	 673	OK
2315	   0	83.1	83.1	 715	OK
2316	   0	77.8	77.8	 700	OK
2317	   0	87.0	87.0	 711	OK
2318	   0	80.9	80.9	 724	OK
2319	   0	80.6	80.6	 733	OK
2320	   0	85.9	85.9	 688	OK
2321	   0	88.0	88.0	 721	OK
2322	   0	83.8	83.8	 699	OK
2323	   0	87.6	87.6	 675	OK
2324	   0	80.8	80.8	 694	OK
2325	   0	88.9	88.9	 694	OK
2326	   0	86.1	86.1	 702	OK
2327	   0	86.6	86.6	 727	OK
2328	   0	85.6	85.6	 704	OK
2329	   0	83.0	83.0	 718	OK
2330	   0	87.2	87.2	 705	OK
2331	   0	79.9	79.9	 696	OK
2332	   0	87.3	87.3	 695	OK
2333	   0	84.6	84.6	 688	OK
2334	   0	90.5	90.5	 706	OK
2335	   0	90.2	90.2	 722	OK
2336	   0	94.3	94.3	 668	OK
2337	   0	87.0	87.0	 721	OK
2338	   0	94.7	94.7	 735	OK
2339	   0	85.1	85.1	 680	OK
2340	   0	87.2	87.2	 691	OK
2341	   0	85.6	85.6	 694	OK
2342	   0	90.8	90.8	 694	OK
2343	   0	83.0	83.0	 674	OK
2344	   0	86.2	86.2	 689	OK
2345	   0	88.8	88.8	 699	OK
2346	   0	92.4	92.4	 683	OK
2347	   0	87.8	87.8	 704	OK
2348	   0	86.4	86.4	 711	OK
2349	   0	80.7	80.7	 723	OK
2350	   0	92.6	92.6	 689	OK
2351	   0	90.3	90.3	 672	OK
2352	   0	84.4	84.4	 704	OK
2353	   0	82.1	82.1	 738	OK
2354	   0	86.0	86.0	 690	OK
2355	   0	90.1	90.1	 699	OK
2356	   0	89.2	89.2	 676	OK
2357	   0	86.4	86.4	 690	OK
2358	   0	85.5	85.5	 722	OK
2359	   0	87.4	87.4	 692	OK
2360	   0	88.3	88.3	 696	OK
2361	   0	92.1	92.1	 687	OK
2362	   0	89.3	89.3	 714	OK
2363	   0	96.0	96.0	 682	OK
2364	   0	88.9	88.9	 683	OK
2365	   0	82.9	82.9	 715	OK
2366	   0	85.9	85.9	 688	OK
2367	   0	88.8	88.8	 681	OK
2368	   0	88.2	88.2	 692	OK
2369	   0	90.9	90.9	 726	OK
2370	   0	90.9	90.9	 690	OK
2371	   0	93.9	93.9	 685	OK
2372	   0	84.8	84.8	 664	OK
2373	   0	89.8	89.8	 695	OK
2374	   0	87.9	87.9	 721	OK
2375	   0	95.7	95.7	 743	OK
2376	   0	85.7	85.7	 662	OK
2377	   0	88.7	88.7	 714	OK
2378	   0	86.1	86.1	 725	OK
2379	   0	82.8	82.8	 711	OK
2380	   0	82.6	82.6	 690	OK
2381	   0	77.3	77.3	 750	OK
2382	   0	83.1	83.1	 720	OK
2383	   0	91.7	91.7	 695	OK
2384	   0	81.3	81.3	 720	OK
2385	   0	86.6	86.6	 675	OK
2386	   0	84.5	84.5	 713	OK
2387	   0	85.9	85.9	 684	OK
2388	   0	85.2	85.2	 675	OK
2389	   0	86.5	86.5	 717	OK
2390	   0	82.9	82.9	 685	OK
2391	   0	87.6	87.6	 700	OK
2392	   0	87.6	87.6	 718	OK
2393	   0	84.0	84.0	 676	OK
2394	   0	88.1	88.1	 710	OK
2395	   0	86.2	86.2	 706	OK
2396	   0	90.9	90.9	 679	OK
2397	   0	84.9	84.9	 719	OK
2398	   0	80.5	80.5	 714	OK
2399	   0	88.8	88.8	 705	OK
2400	   0	81.9	81.9	 717	OK
2401	   0	88.0	88.0	 715	OK
2402	   0	85.3	85.3	 722	OK
2403	   0	82.7	82.7	 692	OK
2404	   0	83.4	83.4	 730	OK
2405	   0	82.0	82.0	 712	OK
2406	   0	79.3	79.3	 704	OK
2407	   0	86.0	86.0	 679	OK
2408	   0	84.0	84.0	 719	OK
2409	   0	83.2	83.2	 707	OK
2410	   0	90.7	90.7	 714	OK
2411	   0	82.8	82.8	 699	OK
2412	   0	83.2	83.2	 672	OK
2413	   0	84.0	84.0	 736	OK
2414	   0	86.4	86.4	 690	OK
2415	   0	90.0	90.0	 674	OK
2416	   0	88.8	88.8	 710	OK
2417	   0	84.2	84.2	 752	OK
2418	   0	86.7	86.7	 698	OK
2419	   0	95.2	95.2	 732	OK
2420	   0	85.0	85.0	 672	OK
2421	   0	89.4	89.4	 736	OK
2422	   0	86.7	86.7	 666	OK
2423	   0	76.4	76.4	 709	OK
2424	   0	80.5	80.5	 737	OK
2425	   0	86.2	86.2	 746	OK
2426	   0	81.3	81.3	 672	OK
2427	   0	86.4	86.4	 711	OK
2428	   0	83.8	83.8	 665	OK
2429	   0	79.1	79.1	 709	OK
2430	   0	86.4	86.4	 677	OK
2431	   0	84.5	84.5	 693	OK
2432	   0	80.8	80.8	 727	OK
2433	   0	78.4	78.4	 749	OK
2434	   0	85.7	85.7	 716	OK
2435	   0	89.2	89.2	 731	OK
2436	   0	81.4	81.4	 715	OK
2437	   0	80.1	80.1	 762	OK
2438	   0	81.4	81.4	 718	OK
2439	   0	80.5	80.5	 730	OK
2440	   0	86.2	86.2	 682	OK
2441	   0	82.9	82.9	 730	OK
2442	   0	77.7	77.7	 746	OK
2443	   0	88.9	88.9	 726	OK
2444	   0	85.3	85.3	 692	OK
2445	   0	85.7	85.7	 724	OK
2446	   0	84.3	84.3	 683	OK
2447	   0	83.7	83.7	 718	OK
2448	   0	86.8	86.8	 728	OK
2449	   0	83.7	83.7	 768	OK
2450	   0	88.6	88.6	 675	OK
2451	   0	86.6	86.6	 703	OK
2452	   0	88.4	88.4	 710	OK
2453	   0	85.2	85.2	 765	OK
2454	   0	83.5	83.5	 701	OK
2455	   0	81.6	81.6	 749	OK
2456	   0	86.4	86.4	 698	OK
2457	   0	85.8	85.8	 733	OK
2458	   0	88.7	88.7	 732	OK
2459	   0	88.0	88.0	 699	OK
2460	   0	89.4	89.4	 689	OK
2461	   0	85.9	85.9	 713	OK
2462	   0	84.5	84.5	 732	OK
2463	   0	92.8	92.8	 740	OK
2464	   0	82.0	82.0	 714	OK
2465	   0	89.5	89.5	 760	OK
2466	   0	87.6	87.6	 721	OK
2467	   0	84.2	84.2	 744	OK
2468	   0	86.9	86.9	 706	OK
2469	   0	84.6	84.6	 697	OK
2470	   0	88.6	88.6	 708	OK
2471	   0	80.8	80.8	 744	OK
2472	   0	82.4	82.4	 708	OK
2473	   0	79.6	79.6	 750	OK
2474	   0	87.3	87.3	 708	OK
2475	   0	90.9	90.9	 730	OK
2476	   0	86.3	86.3	 730	OK
2477	   0	84.5	84.5	 708	OK
2478	   0	88.6	88.6	 709	OK
2479	   0	87.8	87.8	 716	OK
2480	   0	83.1	83.1	 685	OK
2481	   0	83.3	83.3	 725	OK
2482	   0	93.2	93.2	 710	OK
2483	   0	80.9	80.9	 737	OK
2484	   0	88.5	88.5	 689	OK
2485	   0	94.0	94.0	 733	OK
2486	   0	85.2	85.2	 691	OK
2487	   0	84.9	84.9	 712	OK
2488	   0	86.1	86.1	 701	OK
2489	   0	89.2	89.2	 739	OK
2490	   0	90.1	90.1	 730	OK
2491	   0	90.1	90.1	 732	OK
2492	   0	88.8	88.8	 729	OK
2493	   0	88.7	88.7	 716	OK
2494	   0	82.8	82.8	 721	OK
2495	   0	86.5	86.5	 737	OK
2496	   0	92.1	92.1	 730	OK
2497	   0	88.6	88.6	 731	OK
2498	   0	88.9	88.9	 715	OK
2499	   0	85.4	85.4	 714	OK
2500	   0	86.6	86.6	 720	OK
2501	   0	84.1	84.1	 756	OK
2502	   0	85.5	85.5	 700	OK
2503	   0	81.0	81.0	 726	OK
2504	   0	90.6	90.6	 701	OK
2505	   0	91.8	91.8	 705	OK
2506	   0	89.1	89.1	 686	OK
2507	   0	78.4	78.4	 720	OK
2508	   0	80.7	80.7	 718	OK
2509	   0	81.2	81.2	 711	OK
2510	   0	82.5	82.5	 691	OK
2511	   0	82.3	82.3	 753	OK
2512	   0	78.3	78.3	 713	OK
2513	   0	83.8	83.8	 726	OK
2514	   0	86.2	86.2	 736	OK
2515	   0	85.0	85.0	 717	OK
2516	   0	92.8	92.8	 726	OK
2517	   0	80.7	80.7	 723	OK
2518	   0	86.5	86.5	 682	OK
2519	   0	83.9	83.9	 719	OK
2520	   0	87.8	87.8	 720	OK
2521	   0	88.6	88.6	 692	OK
2522	   0	90.5	90.5	 735	OK
2523	   0	81.8	81.8	 733	OK
2524	   0	86.9	86.9	 686	OK
2525	   0	84.0	84.0	 757	OK
2526	   0	83.8	83.8	 684	OK
2527	   0	83.0	83.0	 710	OK
2528	   0	88.1	88.1	 712	OK
2529	   0	80.3	80.3	 749	OK
2530	   0	82.3	82.3	 684	OK
2531	   0	85.4	85.4	 746	OK
2532	   0	91.2	91.2	 690	OK
2533	   0	85.1	85.1	 700	OK
2534	   0	88.9	88.9	 711	OK
2535	   0	86.7	86.7	 766	OK
2536	   0	87.0	87.0	 721	OK
2537	   0	81.1	81.1	 737	OK
2538	   0	80.7	80.7	 722	OK
2539	   0	85.6	85.6	 725	OK
2540	   0	84.2	84.2	 699	OK
2541	   0	89.1	89.1	 728	OK
2542	   0	90.6	90.6	 717	OK
2543	   0	93.1	93.1	 731	OK
2544	   0	86.1	86.1	 715	OK
2545	   0	90.3	90.3	 776	OK
2546	   0	82.3	82.3	 718	OK
2547	   0	85.7	85.7	 740	OK
2548	   0	80.4	80.4	 733	OK
2549	   0	91.5	91.5	 762	OK
2550	   0	83.2	83.2	 696	OK
2551	   0	84.0	84.0	 733	OK
2552	   0	88.5	88.5	 698	OK
2553	   0	82.6	82.6	 727	OK
2554	   0	84.6	84.6	 721	OK
2555	   0	78.2	78.2	 768	OK
2556	   0	85.2	85.2	 731	OK
2557	   0	85.2	85.2	 783	OK
2558	   0	80.4	80.4	 763	OK
2559	4000	85.4	85.4	 873	high noise
