#chan	code	gain	offset	innse	comment
   0	4000	43.7	43.7	8167	high noise
   1	4000	44.3	44.3	7869	high noise
   2	4000	50.1	50.1	6623	high noise
   3	4000	51.4	51.4	6974	high noise
   4	4000	48.3	48.3	7261	high noise
   5	4000	50.6	50.6	7492	high noise
   6	4000	50.8	50.8	6795	high noise
   7	4000	57.0	57.0	6018	high noise
   8	4000	48.2	48.2	7732	high noise
   9	4000	50.3	50.3	6271	high noise
  10	4000	48.5	48.5	7219	high noise
  11	4000	47.6	47.6	7247	high noise
  12	4000	48.8	48.8	7141	high noise
  13	4000	49.5	49.5	6822	high noise
  14	4000	51.5	51.5	7159	high noise
  15	4000	52.5	52.5	6575	high noise
  16	4000	53.1	53.1	5923	high noise
  17	4000	49.8	49.8	6468	high noise
  18	4000	49.0	49.0	7355	high noise
  19	4000	51.0	51.0	6090	high noise
  20	4000	48.0	48.0	8231	high noise
  21	4000	50.3	50.3	6396	high noise
  22	4000	47.5	47.5	6322	high noise
  23	4000	44.9	44.9	6765	high noise
  24	4000	49.1	49.1	6386	high noise
  25	4000	49.6	49.6	7004	high noise
  26	4000	51.0	51.0	7174	high noise
  27	4000	47.8	47.8	7029	high noise
  28	4000	46.6	46.6	7852	high noise
  29	4000	48.2	48.2	7156	high noise
  30	4000	46.5	46.5	7301	high noise
  31	4000	54.3	54.3	5739	high noise
  32	4000	46.1	46.1	7390	high noise
  33	4000	55.5	55.5	5963	high noise
  34	4000	51.2	51.2	7339	high noise
  35	4000	47.7	47.7	6519	high noise
  36	4000	51.8	51.8	5953	high noise
  37	4000	46.9	46.9	7135	high noise
  38	4000	50.7	50.7	6074	high noise
  39	4000	45.7	45.7	7455	high noise
  40	4000	53.9	53.9	6144	high noise
  41	4000	47.0	47.0	6676	high noise
  42	4000	51.2	51.2	6879	high noise
  43	4000	52.4	52.4	6490	high noise
  44	4000	55.4	55.4	5774	high noise
  45	4000	50.3	50.3	6241	high noise
  46	4000	47.4	47.4	6892	high noise
  47	4000	46.6	46.6	8193	high noise
  48	4000	56.1	56.1	5629	high noise
  49	4000	49.4	49.4	6911	high noise
  50	4000	51.2	51.2	6565	high noise
  51	4000	52.5	52.5	6179	high noise
  52	4000	46.1	46.1	7075	high noise
  53	4000	50.4	50.4	6435	high noise
  54	4000	50.5	50.5	6480	high noise
  55	4000	46.9	46.9	7112	high noise
  56	4000	50.6	50.6	6491	high noise
  57	4000	47.3	47.3	6726	high noise
  58	4000	50.6	50.6	6720	high noise
  59	4000	51.0	51.0	6367	high noise
  60	4000	42.8	42.8	8279	high noise
  61	4000	48.5	48.5	7086	high noise
  62	4000	51.1	51.1	6809	high noise
  63	4000	52.3	52.3	6597	high noise
  64	4000	53.1	53.1	6460	high noise
  65	4000	50.2	50.2	6497	high noise
  66	4000	50.7	50.7	6481	high noise
  67	4000	50.2	50.2	6006	high noise
  68	4000	52.7	52.7	6288	high noise
  69	4000	49.4	49.4	6832	high noise
  70	4000	46.8	46.8	7352	high noise
  71	4000	50.8	50.8	7604	high noise
  72	4000	49.2	49.2	6023	high noise
  73	4000	49.6	49.6	6309	high noise
  74	4000	48.7	48.7	6830	high noise
  75	4000	51.8	51.8	6360	high noise
  76	4000	50.4	50.4	6655	high noise
  77	4000	49.0	49.0	7407	high noise
  78	4000	50.1	50.1	6237	high noise
  79	4000	48.5	48.5	7432	high noise
  80	4000	46.0	46.0	7743	high noise
  81	4000	57.2	57.2	5951	high noise
  82	4000	47.0	47.0	8036	high noise
  83	4000	50.1	50.1	6573	high noise
  84	4000	49.2	49.2	6892	high noise
  85	4000	50.3	50.3	6639	high noise
  86	4000	53.7	53.7	6771	high noise
  87	4000	45.6	45.6	6971	high noise
  88	4000	45.4	45.4	7090	high noise
  89	4000	46.5	46.5	7040	high noise
  90	4000	41.8	41.8	8284	high noise
  91	4000	50.4	50.4	6723	high noise
  92	4000	49.7	49.7	6275	high noise
  93	4000	45.2	45.2	7327	high noise
  94	4000	48.4	48.4	6625	high noise
  95	4000	48.0	48.0	6554	high noise
  96	4000	43.6	43.6	7629	high noise
  97	4000	45.0	45.0	7207	high noise
  98	4000	43.6	43.6	7246	high noise
  99	4000	46.4	46.4	7359	high noise
 100	4000	44.0	44.0	7263	high noise
 101	4000	50.3	50.3	6332	high noise
 102	4000	51.5	51.5	7073	high noise
 103	4000	48.1	48.1	7048	high noise
 104	4000	45.8	45.8	7075	high noise
 105	4000	47.4	47.4	6683	high noise
 106	4000	51.8	51.8	6401	high noise
 107	4000	45.5	45.5	7228	high noise
 108	4000	47.6	47.6	6789	high noise
 109	4000	46.1	46.1	7044	high noise
 110	4000	47.3	47.3	6800	high noise
 111	4000	47.7	47.7	7084	high noise
 112	4000	49.4	49.4	6415	high noise
 113	4000	44.5	44.5	7565	high noise
 114	4000	49.5	49.5	6235	high noise
 115	4000	43.9	43.9	7275	high noise
 116	4000	44.5	44.5	7325	high noise
 117	4000	45.6	45.6	7140	high noise
 118	4000	47.8	47.8	6751	high noise
 119	4000	49.6	49.6	6540	high noise
 120	4000	43.9	43.9	7645	high noise
 121	4000	46.7	46.7	7012	high noise
 122	4000	51.2	51.2	6054	high noise
 123	4000	43.6	43.6	7351	high noise
 124	4000	42.4	42.4	7613	high noise
 125	4000	51.3	51.3	6055	high noise
 126	4000	50.5	50.5	5759	high noise
 127	4000	50.3	50.3	6213	high noise
 128	4000	37.1	37.1	10008	high noise
 129	4000	41.0	41.0	8555	high noise
 130	4000	35.4	35.4	9386	high noise
 131	4000	42.3	42.3	7781	high noise
 132	4000	37.4	37.4	9073	high noise
 133	4000	43.6	43.6	7380	high noise
 134	4000	36.8	36.8	9927	high noise
 135	4000	42.0	42.0	8036	high noise
 136	4000	42.5	42.5	7543	high noise
 137	4000	43.1	43.1	7510	high noise
 138	4000	46.6	46.6	7326	high noise
 139	4000	34.1	34.1	10313	high noise
 140	4000	43.6	43.6	7669	high noise
 141	4000	43.8	43.8	7650	high noise
 142	4000	47.1	47.1	7526	high noise
 143	4000	39.4	39.4	7970	high noise
 144	4000	41.8	41.8	7354	high noise
 145	4000	43.4	43.4	7244	high noise
 146	4000	43.1	43.1	7244	high noise
 147	4000	45.9	45.9	6912	high noise
 148	4000	38.1	38.1	8532	high noise
 149	4000	35.9	35.9	8337	high noise
 150	4000	39.1	39.1	8520	high noise
 151	4000	41.2	41.2	8055	high noise
 152	4000	40.3	40.3	8749	high noise
 153	4000	39.6	39.6	9737	high noise
 154	4000	49.1	49.1	6196	high noise
 155	4000	39.8	39.8	9224	high noise
 156	4000	46.7	46.7	6800	high noise
 157	4000	40.5	40.5	8286	high noise
 158	4000	40.6	40.6	8042	high noise
 159	4000	40.1	40.1	7661	high noise
 160	4000	43.1	43.1	8245	high noise
 161	4000	36.6	36.6	8998	high noise
 162	4000	42.0	42.0	7642	high noise
 163	4000	38.4	38.4	8115	high noise
 164	4000	41.1	41.1	8009	high noise
 165	4000	43.7	43.7	6815	high noise
 166	4000	37.2	37.2	8823	high noise
 167	4000	42.0	42.0	7814	high noise
 168	4000	43.7	43.7	7740	high noise
 169	4000	36.7	36.7	8837	high noise
 170	4000	39.8	39.8	8930	high noise
 171	4000	40.1	40.1	9603	high noise
 172	4000	39.3	39.3	8199	high noise
 173	4000	41.9	41.9	7864	high noise
 174	4000	41.7	41.7	7831	high noise
 175	4000	41.9	41.9	7968	high noise
 176	4000	37.6	37.6	8909	high noise
 177	4000	42.9	42.9	7929	high noise
 178	4000	40.0	40.0	7707	high noise
 179	4000	43.8	43.8	6754	high noise
 180	4000	37.6	37.6	9465	high noise
 181	4000	43.5	43.5	7429	high noise
 182	4000	43.6	43.6	7636	high noise
 183	4000	37.8	37.8	9557	high noise
 184	4000	43.7	43.7	7332	high noise
 185	4000	38.6	38.6	9107	high noise
 186	4000	49.9	49.9	6442	high noise
 187	4000	40.7	40.7	8450	high noise
 188	4000	40.7	40.7	7807	high noise
 189	4000	35.1	35.1	9744	high noise
 190	4000	42.6	42.6	8307	high noise
 191	4000	42.9	42.9	7720	high noise
 192	4000	41.9	41.9	7990	high noise
 193	4000	40.0	40.0	9031	high noise
 194	4000	42.1	42.1	7697	high noise
 195	4000	40.7	40.7	7882	high noise
 196	4000	45.3	45.3	7002	high noise
 197	4000	39.5	39.5	9033	high noise
 198	4000	40.2	40.2	8651	high noise
 199	4000	41.4	41.4	7796	high noise
 200	4000	44.1	44.1	7173	high noise
 201	4000	34.7	34.7	10131	high noise
 202	4000	46.0	46.0	6628	high noise
 203	4000	38.7	38.7	8881	high noise
 204	4000	38.0	38.0	8631	high noise
 205	4000	34.1	34.1	9721	high noise
 206	4000	42.4	42.4	7312	high noise
 207	4000	41.9	41.9	7660	high noise
 208	4000	38.3	38.3	8380	high noise
 209	4000	40.7	40.7	7788	high noise
 210	4000	41.4	41.4	8310	high noise
 211	4000	39.0	39.0	8206	high noise
 212	4000	37.8	37.8	8930	high noise
 213	4000	38.2	38.2	9354	high noise
 214	4000	39.6	39.6	8406	high noise
 215	4000	41.0	41.0	8067	high noise
 216	4000	40.1	40.1	7919	high noise
 217	4000	38.4	38.4	8972	high noise
 218	4000	41.1	41.1	7803	high noise
 219	4000	39.9	39.9	8469	high noise
 220	4000	40.1	40.1	7891	high noise
 221	4000	41.0	41.0	7928	high noise
 222	4000	43.4	43.4	8401	high noise
 223	4000	40.5	40.5	7972	high noise
 224	4000	42.1	42.1	7221	high noise
 225	4000	43.9	43.9	7238	high noise
 226	4000	40.4	40.4	8791	high noise
 227	4000	37.5	37.5	8370	high noise
 228	4000	44.1	44.1	7436	high noise
 229	4000	38.4	38.4	8314	high noise
 230	4000	41.0	41.0	7631	high noise
 231	4000	37.2	37.2	9061	high noise
 232	4000	37.8	37.8	8251	high noise
 233	4000	44.6	44.6	7601	high noise
 234	4000	37.4	37.4	8917	high noise
 235	4000	38.3	38.3	8022	high noise
 236	4000	41.8	41.8	7914	high noise
 237	4000	36.1	36.1	8809	high noise
 238	4000	42.2	42.2	7565	high noise
 239	4000	39.2	39.2	7731	high noise
 240	4000	40.9	40.9	7764	high noise
 241	4000	39.0	39.0	7440	high noise
 242	4000	35.4	35.4	9618	high noise
 243	4000	40.9	40.9	7745	high noise
 244	4000	41.6	41.6	7145	high noise
 245	4000	36.4	36.4	9513	high noise
 246	4000	38.2	38.2	8192	high noise
 247	4000	38.7	38.7	8169	high noise
 248	4000	34.7	34.7	9511	high noise
 249	4000	33.3	33.3	10596	high noise
 250	4000	38.3	38.3	7642	high noise
 251	4000	36.9	36.9	9109	high noise
 252	4000	38.0	38.0	9095	high noise
 253	4000	39.5	39.5	8162	high noise
 254	4000	37.7	37.7	8354	high noise
 255	4000	40.2	40.2	8453	high noise
 256	4000	48.0	48.0	7694	high noise
 257	4000	52.3	52.3	6315	high noise
 258	4000	51.3	51.3	7117	high noise
 259	4000	50.1	50.1	7189	high noise
 260	4000	53.3	53.3	7122	high noise
 261	4000	49.8	49.8	7381	high noise
 262	4000	57.1	57.1	6477	high noise
 263	4000	51.5	51.5	6597	high noise
 264	4000	48.5	48.5	6945	high noise
 265	4000	47.4	47.4	7756	high noise
 266	4000	49.5	49.5	7418	high noise
 267	4000	50.9	50.9	7310	high noise
 268	4000	51.3	51.3	6456	high noise
 269	4000	41.7	41.7	8605	high noise
 270	4000	52.0	52.0	6297	high noise
 271	4000	49.3	49.3	7540	high noise
 272	4000	55.4	55.4	6401	high noise
 273	4000	49.4	49.4	6708	high noise
 274	4000	50.8	50.8	7015	high noise
 275	4000	43.8	43.8	7842	high noise
 276	4000	47.2	47.2	7305	high noise
 277	4000	48.1	48.1	7402	high noise
 278	4000	48.0	48.0	7753	high noise
 279	4000	54.4	54.4	6130	high noise
 280	4000	50.9	50.9	7021	high noise
 281	4000	48.4	48.4	6979	high noise
 282	4000	46.1	46.1	7203	high noise
 283	4000	47.1	47.1	7225	high noise
 284	4000	50.6	50.6	7018	high noise
 285	4000	48.9	48.9	7267	high noise
 286	4000	51.2	51.2	6574	high noise
 287	4000	45.4	45.4	7075	high noise
 288	4000	51.4	51.4	6965	high noise
 289	4000	48.5	48.5	7412	high noise
 290	4000	52.4	52.4	7075	high noise
 291	4000	50.6	50.6	6944	high noise
 292	4000	50.1	50.1	7403	high noise
 293	4000	50.6	50.6	6981	high noise
 294	4000	43.6	43.6	8160	high noise
 295	4000	48.9	48.9	7246	high noise
 296	4000	46.9	46.9	7110	high noise
 297	4000	47.5	47.5	7601	high noise
 298	4000	47.6	47.6	6923	high noise
 299	4000	47.2	47.2	7178	high noise
 300	4000	50.0	50.0	7050	high noise
 301	4000	46.1	46.1	6625	high noise
 302	4000	52.3	52.3	6044	high noise
 303	4000	48.9	48.9	6992	high noise
 304	4000	48.8	48.8	7335	high noise
 305	4000	48.1	48.1	7057	high noise
 306	4000	45.9	45.9	8090	high noise
 307	4000	49.1	49.1	7652	high noise
 308	4000	45.6	45.6	7643	high noise
 309	4000	48.5	48.5	7320	high noise
 310	4000	48.7	48.7	6887	high noise
 311	4000	49.1	49.1	7109	high noise
 312	4000	46.5	46.5	7315	high noise
 313	4000	49.5	49.5	6430	high noise
 314	4000	47.9	47.9	6707	high noise
 315	4000	47.9	47.9	6930	high noise
 316	4000	46.7	46.7	7768	high noise
 317	4000	45.0	45.0	8957	high noise
 318	4000	54.2	54.2	5980	high noise
 319	4000	50.2	50.2	7538	high noise
 320	4000	45.5	45.5	7331	high noise
 321	4000	48.7	48.7	7369	high noise
 322	4000	49.4	49.4	7378	high noise
 323	4000	52.0	52.0	6693	high noise
 324	4000	52.4	52.4	7048	high noise
 325	4000	49.0	49.0	7160	high noise
 326	4000	47.9	47.9	7855	high noise
 327	4000	45.5	45.5	7230	high noise
 328	4000	45.4	45.4	8291	high noise
 329	4000	51.0	51.0	7323	high noise
 330	4000	47.8	47.8	7591	high noise
 331	4000	53.2	53.2	6473	high noise
 332	4000	48.7	48.7	7163	high noise
 333	4000	47.6	47.6	7337	high noise
 334	4000	41.7	41.7	8243	high noise
 335	4000	48.2	48.2	7646	high noise
 336	4000	45.1	45.1	7425	high noise
 337	4000	45.2	45.2	7450	high noise
 338	4000	51.1	51.1	6606	high noise
 339	4000	46.9	46.9	7186	high noise
 340	4000	43.7	43.7	7826	high noise
 341	4000	45.4	45.4	7221	high noise
 342	4000	48.9	48.9	7249	high noise
 343	4000	46.6	46.6	7158	high noise
 344	4000	46.5	46.5	7960	high noise
 345	4000	48.9	48.9	6616	high noise
 346	4000	45.8	45.8	8059	high noise
 347	1101	0.0	0.0	   0	dead
 348	4000	49.0	49.0	6974	high noise
 349	4000	47.3	47.3	7006	high noise
 350	4000	43.1	43.1	8302	high noise
 351	4000	42.9	42.9	7161	high noise
 352	4000	46.3	46.3	7236	high noise
 353	4000	40.4	40.4	8240	high noise
 354	4000	46.3	46.3	7674	high noise
 355	4000	44.0	44.0	7640	high noise
 356	4000	50.6	50.6	6805	high noise
 357	4000	49.0	49.0	7416	high noise
 358	1101	0.0	0.0	   0	dead
 359	4000	44.3	44.3	8385	high noise
 360	4000	44.6	44.6	8111	high noise
 361	4000	48.8	48.8	7178	high noise
 362	4000	41.6	41.6	8505	high noise
 363	4000	47.9	47.9	6585	high noise
 364	4000	47.0	47.0	7437	high noise
 365	4000	45.7	45.7	7340	high noise
 366	4000	48.5	48.5	7842	high noise
 367	4000	40.3	40.3	8660	high noise
 368	4000	48.4	48.4	6913	high noise
 369	4000	45.0	45.0	7566	high noise
 370	4000	48.2	48.2	7394	high noise
 371	4000	41.5	41.5	8595	high noise
 372	4000	43.3	43.3	7296	high noise
 373	4000	45.2	45.2	7479	high noise
 374	4000	46.9	46.9	8156	high noise
 375	4000	44.3	44.3	7460	high noise
 376	4000	42.9	42.9	7806	high noise
 377	4000	42.8	42.8	7802	high noise
 378	4000	49.6	49.6	7440	high noise
 379	4000	47.2	47.2	7532	high noise
 380	4000	49.8	49.8	6726	high noise
 381	4000	43.7	43.7	8016	high noise
 382	4000	48.8	48.8	7143	high noise
 383	4000	48.0	48.0	7364	high noise
 384	4000	46.2	46.2	6741	high noise
 385	4000	46.5	46.5	6670	high noise
 386	4000	43.7	43.7	7961	high noise
 387	4000	41.8	41.8	7658	high noise
 388	4000	47.0	47.0	6767	high noise
 389	4000	38.9	38.9	9133	high noise
 390	4000	43.5	43.5	7470	high noise
 391	4000	43.5	43.5	7544	high noise
 392	4000	43.5	43.5	7222	high noise
 393	4000	38.6	38.6	8348	high noise
 394	4000	43.7	43.7	7213	high noise
 395	4000	44.0	44.0	6823	high noise
 396	4000	40.0	40.0	7982	high noise
 397	4000	40.2	40.2	8216	high noise
 398	4000	42.4	42.4	7426	high noise
 399	4000	43.8	43.8	6695	high noise
 400	4000	39.4	39.4	7583	high noise
 401	4000	40.2	40.2	7620	high noise
 402	4000	42.9	42.9	7112	high noise
 403	4000	43.9	43.9	7491	high noise
 404	4000	43.2	43.2	8185	high noise
 405	4000	43.0	43.0	7446	high noise
 406	4000	42.6	42.6	7384	high noise
 407	4000	41.4	41.4	8340	high noise
 408	4000	43.5	43.5	6842	high noise
 409	4000	43.4	43.4	7613	high noise
 410	4000	38.3	38.3	7746	high noise
 411	4000	43.9	43.9	7138	high noise
 412	4000	41.1	41.1	7985	high noise
 413	4000	41.0	41.0	7435	high noise
 414	4000	40.1	40.1	8846	high noise
 415	4000	42.2	42.2	7570	high noise
 416	4000	38.6	38.6	7598	high noise
 417	4000	39.4	39.4	8809	high noise
 418	4000	46.7	46.7	6736	high noise
 419	4000	48.4	48.4	6973	high noise
 420	4000	38.6	38.6	8418	high noise
 421	4000	41.1	41.1	7618	high noise
 422	4000	44.9	44.9	7271	high noise
 423	4000	39.6	39.6	8360	high noise
 424	4000	43.0	43.0	7398	high noise
 425	4000	40.8	40.8	7999	high noise
 426	4000	45.4	45.4	6755	high noise
 427	4000	40.8	40.8	8293	high noise
 428	4000	43.4	43.4	7741	high noise
 429	4000	38.5	38.5	8168	high noise
 430	4000	47.4	47.4	6525	high noise
 431	4000	41.2	41.2	8217	high noise
 432	4000	42.7	42.7	7385	high noise
 433	4000	41.5	41.5	8073	high noise
 434	4000	46.9	46.9	6727	high noise
 435	4000	45.4	45.4	7830	high noise
 436	4000	44.0	44.0	7079	high noise
 437	4000	43.8	43.8	7980	high noise
 438	4000	47.9	47.9	6879	high noise
 439	4000	41.2	41.2	7983	high noise
 440	4000	43.9	43.9	7106	high noise
 441	4000	43.4	43.4	7749	high noise
 442	4000	40.7	40.7	7586	high noise
 443	4000	41.7	41.7	7873	high noise
 444	4000	42.8	42.8	7821	high noise
 445	4000	46.3	46.3	6868	high noise
 446	4000	42.4	42.4	7231	high noise
 447	4000	44.0	44.0	7603	high noise
 448	4000	40.5	40.5	7636	high noise
 449	4000	42.7	42.7	7726	high noise
 450	4000	44.0	44.0	7005	high noise
 451	4000	42.6	42.6	7525	high noise
 452	4000	41.3	41.3	7707	high noise
 453	4000	42.1	42.1	7648	high noise
 454	4000	40.0	40.0	7799	high noise
 455	4000	39.5	39.5	8066	high noise
 456	4000	46.3	46.3	6994	high noise
 457	4000	40.5	40.5	8670	high noise
 458	4000	42.0	42.0	7776	high noise
 459	4000	43.1	43.1	7664	high noise
 460	4000	39.4	39.4	8351	high noise
 461	4000	41.8	41.8	7367	high noise
 462	4000	38.6	38.6	8511	high noise
 463	4000	43.0	43.0	7495	high noise
 464	4000	45.6	45.6	7128	high noise
 465	4000	37.9	37.9	7842	high noise
 466	4000	39.1	39.1	9110	high noise
 467	4000	43.1	43.1	7641	high noise
 468	4000	40.9	40.9	8000	high noise
 469	4000	41.8	41.8	7420	high noise
 470	4000	37.5	37.5	8736	high noise
 471	4000	43.5	43.5	7976	high noise
 472	4000	42.8	42.8	7516	high noise
 473	4000	39.1	39.1	7851	high noise
 474	4000	42.3	42.3	7602	high noise
 475	4000	36.7	36.7	8920	high noise
 476	4000	43.9	43.9	7534	high noise
 477	4000	40.0	40.0	8832	high noise
 478	4000	42.9	42.9	7849	high noise
 479	4000	41.7	41.7	8195	high noise
 480	4000	40.3	40.3	8511	high noise
 481	4000	43.0	43.0	7638	high noise
 482	4000	43.1	43.1	7897	high noise
 483	4000	40.3	40.3	8507	high noise
 484	4000	42.7	42.7	8062	high noise
 485	4000	36.0	36.0	8577	high noise
 486	4000	43.0	43.0	8149	high noise
 487	4000	39.7	39.7	8102	high noise
 488	4000	44.1	44.1	7229	high noise
 489	4000	38.5	38.5	9088	high noise
 490	4000	38.2	38.2	9166	high noise
 491	4000	36.2	36.2	9628	high noise
 492	4000	42.9	42.9	7795	high noise
 493	4000	42.2	42.2	8257	high noise
 494	4000	32.5	32.5	10517	high noise
 495	4000	40.0	40.0	8688	high noise
 496	4000	45.9	45.9	7003	high noise
 497	4000	43.5	43.5	7962	high noise
 498	4000	36.4	36.4	9371	high noise
 499	4000	40.9	40.9	7966	high noise
 500	4000	42.4	42.4	7972	high noise
 501	4000	35.7	35.7	9328	high noise
 502	4000	37.4	37.4	9135	high noise
 503	4000	42.1	42.1	7707	high noise
 504	4000	40.8	40.8	8343	high noise
 505	4000	41.5	41.5	7911	high noise
 506	4000	40.1	40.1	8152	high noise
 507	4000	38.7	38.7	8909	high noise
 508	4000	38.5	38.5	8699	high noise
 509	4000	41.0	41.0	8221	high noise
 510	4000	43.3	43.3	7455	high noise
 511	4000	39.1	39.1	8621	high noise
 512	4000	43.7	43.7	7649	high noise
 513	4000	42.8	42.8	8603	high noise
 514	4000	41.0	41.0	8418	high noise
 515	4000	40.2	40.2	8268	high noise
 516	4000	42.3	42.3	7910	high noise
 517	4000	39.0	39.0	9021	high noise
 518	4000	40.2	40.2	8808	high noise
 519	4000	40.7	40.7	9007	high noise
 520	4000	39.9	39.9	8828	high noise
 521	4000	34.1	34.1	10576	high noise
 522	4000	39.2	39.2	9037	high noise
 523	4000	33.8	33.8	11286	high noise
 524	4000	39.4	39.4	9194	high noise
 525	4000	38.6	38.6	8939	high noise
 526	4000	41.0	41.0	8775	high noise
 527	4000	43.1	43.1	8505	high noise
 528	4000	42.6	42.6	7660	high noise
 529	4000	41.0	41.0	9450	high noise
 530	4000	37.3	37.3	8922	high noise
 531	4000	45.2	45.2	7710	high noise
 532	4000	43.7	43.7	8413	high noise
 533	4000	35.6	35.6	9818	high noise
 534	4000	36.1	36.1	9226	high noise
 535	4000	39.9	39.9	8863	high noise
 536	4000	42.6	42.6	8678	high noise
 537	4000	42.9	42.9	8007	high noise
 538	4000	41.9	41.9	8687	high noise
 539	4000	44.0	44.0	8779	high noise
 540	4000	41.1	41.1	9430	high noise
 541	4000	40.6	40.6	8954	high noise
 542	4000	37.4	37.4	10395	high noise
 543	4000	39.5	39.5	8556	high noise
 544	4000	36.1	36.1	9347	high noise
 545	4000	37.6	37.6	9677	high noise
 546	4000	39.6	39.6	8802	high noise
 547	4000	38.8	38.8	9459	high noise
 548	4000	42.2	42.2	8723	high noise
 549	4000	35.4	35.4	10139	high noise
 550	4000	41.6	41.6	8515	high noise
 551	4000	35.6	35.6	10335	high noise
 552	4000	37.8	37.8	9240	high noise
 553	4000	38.9	38.9	8851	high noise
 554	4000	31.6	31.6	11007	high noise
 555	4000	35.0	35.0	10985	high noise
 556	4000	42.8	42.8	9456	high noise
 557	4000	39.5	39.5	9346	high noise
 558	4000	39.9	39.9	8952	high noise
 559	4000	38.4	38.4	8837	high noise
 560	4000	40.1	40.1	9575	high noise
 561	4000	40.1	40.1	9351	high noise
 562	4000	42.0	42.0	8715	high noise
 563	4000	39.4	39.4	8622	high noise
 564	4000	37.2	37.2	9909	high noise
 565	4000	38.5	38.5	9861	high noise
 566	4000	32.9	32.9	10590	high noise
 567	4000	37.5	37.5	9792	high noise
 568	4000	39.0	39.0	9609	high noise
 569	4000	38.6	38.6	9053	high noise
 570	4000	39.3	39.3	9190	high noise
 571	4000	40.8	40.8	9288	high noise
 572	4000	38.3	38.3	9783	high noise
 573	4000	36.6	36.6	10284	high noise
 574	4000	40.2	40.2	9151	high noise
 575	4000	41.3	41.3	9199	high noise
 576	4000	39.8	39.8	9185	high noise
 577	4000	38.4	38.4	9434	high noise
 578	4000	35.9	35.9	9756	high noise
 579	4000	39.7	39.7	9426	high noise
 580	4000	40.0	40.0	9429	high noise
 581	4000	43.5	43.5	9162	high noise
 582	4000	41.5	41.5	8499	high noise
 583	4000	40.0	40.0	9471	high noise
 584	4000	32.0	32.0	13388	high noise
 585	4000	34.9	34.9	10470	high noise
 586	4000	41.0	41.0	8424	high noise
 587	4000	33.7	33.7	10489	high noise
 588	4000	36.9	36.9	10888	high noise
 589	4000	35.1	35.1	10693	high noise
 590	4000	38.8	38.8	9340	high noise
 591	4000	36.8	36.8	9853	high noise
 592	4000	37.8	37.8	9215	high noise
 593	4000	37.8	37.8	10149	high noise
 594	4000	39.4	39.4	9132	high noise
 595	4000	38.1	38.1	9900	high noise
 596	4000	38.5	38.5	9572	high noise
 597	4000	36.3	36.3	10094	high noise
 598	4000	36.1	36.1	9670	high noise
 599	4000	39.7	39.7	9627	high noise
 600	4000	36.6	36.6	10755	high noise
 601	4000	39.3	39.3	9776	high noise
 602	4000	44.2	44.2	8266	high noise
 603	4000	37.6	37.6	9075	high noise
 604	4000	33.8	33.8	11077	high noise
 605	4000	38.0	38.0	9876	high noise
 606	4000	38.1	38.1	8917	high noise
 607	4000	36.9	36.9	9017	high noise
 608	4000	33.0	33.0	11578	high noise
 609	4000	39.3	39.3	9945	high noise
 610	4000	39.7	39.7	9110	high noise
 611	4000	38.3	38.3	9515	high noise
 612	4000	37.5	37.5	9411	high noise
 613	4000	39.1	39.1	8719	high noise
 614	4000	37.5	37.5	9790	high noise
 615	4000	37.5	37.5	8993	high noise
 616	4000	37.4	37.4	9107	high noise
 617	4000	31.5	31.5	11759	high noise
 618	4000	37.4	37.4	9900	high noise
 619	4000	36.4	36.4	10026	high noise
 620	4000	38.0	38.0	9659	high noise
 621	4000	37.8	37.8	9041	high noise
 622	4000	35.9	35.9	10058	high noise
 623	4000	33.7	33.7	10650	high noise
 624	4000	36.1	36.1	10863	high noise
 625	4000	34.8	34.8	10739	high noise
 626	4000	36.5	36.5	10024	high noise
 627	4000	38.5	38.5	8883	high noise
 628	4000	34.8	34.8	10195	high noise
 629	4000	39.6	39.6	9076	high noise
 630	4000	32.7	32.7	10820	high noise
 631	4000	33.4	33.4	10333	high noise
 632	4000	34.3	34.3	10202	high noise
 633	4000	38.2	38.2	9890	high noise
 634	4000	37.1	37.1	9453	high noise
 635	4000	38.0	38.0	9186	high noise
 636	4000	36.0	36.0	10724	high noise
 637	4000	34.2	34.2	10063	high noise
 638	4000	40.6	40.6	8579	high noise
 639	4000	42.9	42.9	8570	high noise
 640	4000	36.8	36.8	10639	high noise
 641	4000	45.2	45.2	7775	high noise
 642	4000	44.2	44.2	9172	high noise
 643	4000	42.6	42.6	8630	high noise
 644	4000	43.4	43.4	8430	high noise
 645	4000	43.0	43.0	8450	high noise
 646	4000	38.8	38.8	9194	high noise
 647	4000	45.9	45.9	8113	high noise
 648	4000	41.0	41.0	9922	high noise
 649	4000	43.8	43.8	8625	high noise
 650	4000	45.9	45.9	8691	high noise
 651	4000	45.0	45.0	8878	high noise
 652	4000	45.5	45.5	8127	high noise
 653	4000	41.2	41.2	8502	high noise
 654	4000	41.9	41.9	9292	high noise
 655	4000	46.6	46.6	8066	high noise
 656	4000	41.9	41.9	9670	high noise
 657	4000	45.4	45.4	8246	high noise
 658	4000	45.5	45.5	8001	high noise
 659	4000	40.2	40.2	9123	high noise
 660	4000	45.0	45.0	8106	high noise
 661	4000	47.2	47.2	7995	high noise
 662	4000	43.0	43.0	8978	high noise
 663	4000	47.3	47.3	7692	high noise
 664	4000	47.4	47.4	7353	high noise
 665	4000	44.9	44.9	8030	high noise
 666	4000	44.8	44.8	8069	high noise
 667	4000	40.2	40.2	8885	high noise
 668	4000	43.8	43.8	7871	high noise
 669	4000	36.5	36.5	10654	high noise
 670	4000	45.2	45.2	8137	high noise
 671	4000	43.9	43.9	8833	high noise
 672	4000	45.4	45.4	8471	high noise
 673	4000	45.4	45.4	8443	high noise
 674	4000	40.0	40.0	9534	high noise
 675	4000	44.6	44.6	8314	high noise
 676	4000	41.1	41.1	8284	high noise
 677	4000	39.8	39.8	9752	high noise
 678	4000	43.2	43.2	8716	high noise
 679	4000	44.1	44.1	8154	high noise
 680	4000	45.0	45.0	8258	high noise
 681	4000	40.9	40.9	8681	high noise
 682	4000	38.0	38.0	9785	high noise
 683	4000	41.3	41.3	7884	high noise
 684	4000	39.9	39.9	9540	high noise
 685	4000	39.9	39.9	9313	high noise
 686	4000	40.6	40.6	9004	high noise
 687	4000	36.5	36.5	10194	high noise
 688	4000	43.0	43.0	7916	high noise
 689	4000	42.9	42.9	7538	high noise
 690	4000	42.5	42.5	8771	high noise
 691	4000	39.3	39.3	9065	high noise
 692	4000	42.6	42.6	8958	high noise
 693	4000	41.5	41.5	8532	high noise
 694	4000	38.8	38.8	8667	high noise
 695	4000	42.0	42.0	8619	high noise
 696	4000	41.6	41.6	8631	high noise
 697	4000	47.8	47.8	7759	high noise
 698	4000	47.3	47.3	7392	high noise
 699	4000	44.0	44.0	8711	high noise
 700	4000	41.7	41.7	9421	high noise
 701	4000	43.8	43.8	8624	high noise
 702	4000	49.9	49.9	7484	high noise
 703	4000	45.2	45.2	7848	high noise
 704	4000	46.8	46.8	8545	high noise
 705	4000	45.2	45.2	8339	high noise
 706	4000	36.9	36.9	10030	high noise
 707	4000	42.3	42.3	8639	high noise
 708	4000	39.7	39.7	9921	high noise
 709	4000	46.2	46.2	7510	high noise
 710	4000	37.5	37.5	10226	high noise
 711	4000	48.3	48.3	7876	high noise
 712	4000	41.6	41.6	9545	high noise
 713	4000	42.3	42.3	8181	high noise
 714	4000	43.4	43.4	8935	high noise
 715	4000	35.9	35.9	10357	high noise
 716	4000	45.4	45.4	7784	high noise
 717	4000	40.0	40.0	9314	high noise
 718	4000	42.1	42.1	8549	high noise
 719	4000	42.8	42.8	8879	high noise
 720	4000	38.5	38.5	9708	high noise
 721	4000	39.1	39.1	9364	high noise
 722	4000	36.5	36.5	10087	high noise
 723	4000	37.9	37.9	10027	high noise
 724	4000	41.3	41.3	9416	high noise
 725	4000	44.8	44.8	7776	high noise
 726	4000	40.9	40.9	8962	high noise
 727	4000	43.3	43.3	8090	high noise
 728	4000	44.9	44.9	8289	high noise
 729	4000	41.7	41.7	8452	high noise
 730	4000	45.2	45.2	7909	high noise
 731	4000	37.0	37.0	10100	high noise
 732	4000	41.3	41.3	9202	high noise
 733	4000	47.9	47.9	8220	high noise
 734	4000	43.0	43.0	9038	high noise
 735	4000	46.1	46.1	7741	high noise
 736	4000	43.3	43.3	8676	high noise
 737	4000	41.9	41.9	9185	high noise
 738	4000	38.0	38.0	9663	high noise
 739	4000	45.0	45.0	8145	high noise
 740	4000	36.7	36.7	9728	high noise
 741	4000	40.6	40.6	9257	high noise
 742	4000	43.9	43.9	8894	high noise
 743	4000	47.4	47.4	7872	high noise
 744	4000	42.2	42.2	9373	high noise
 745	4000	43.7	43.7	8976	high noise
 746	4000	47.3	47.3	8347	high noise
 747	4000	37.2	37.2	9827	high noise
 748	4000	38.7	38.7	9620	high noise
 749	4000	43.7	43.7	8517	high noise
 750	4000	38.6	38.6	10303	high noise
 751	4000	45.9	45.9	8615	high noise
 752	4000	43.9	43.9	7785	high noise
 753	4000	45.4	45.4	9311	high noise
 754	4000	46.9	46.9	7562	high noise
 755	4000	40.0	40.0	9790	high noise
 756	4000	41.1	41.1	8344	high noise
 757	4000	46.3	46.3	8102	high noise
 758	4000	43.0	43.0	8680	high noise
 759	4000	43.3	43.3	8395	high noise
 760	4000	46.2	46.2	8173	high noise
 761	4000	45.8	45.8	8004	high noise
 762	4000	39.1	39.1	9186	high noise
 763	4000	38.6	38.6	9290	high noise
 764	4000	45.1	45.1	9140	high noise
 765	4000	42.8	42.8	9104	high noise
 766	4000	37.1	37.1	9606	high noise
 767	4000	39.2	39.2	9100	high noise
 768	4000	41.8	41.8	8661	high noise
 769	4100	40.2	40.2	8439	low gain
 770	4000	41.6	41.6	7570	high noise
 771	4000	46.2	46.2	7490	high noise
 772	4000	46.4	46.4	7459	high noise
 773	4000	43.4	43.4	8140	high noise
 774	4000	48.3	48.3	8006	high noise
 775	4000	48.4	48.4	8009	high noise
 776	4000	50.9	50.9	7544	high noise
 777	4000	41.0	41.0	8157	high noise
 778	4000	43.1	43.1	8248	high noise
 779	4000	55.4	55.4	6735	high noise
 780	4000	53.0	53.0	7200	high noise
 781	4000	46.0	46.0	7791	high noise
 782	4000	41.0	41.0	9340	high noise
 783	4000	49.5	49.5	7171	high noise
 784	4000	49.0	49.0	6892	high noise
 785	4000	46.3	46.3	7900	high noise
 786	4000	43.5	43.5	8359	high noise
 787	4000	46.8	46.8	8259	high noise
 788	4000	48.9	48.9	7643	high noise
 789	4000	43.8	43.8	8005	high noise
 790	4000	47.8	47.8	7981	high noise
 791	4000	51.1	51.1	7471	high noise
 792	4000	52.0	52.0	7875	high noise
 793	4000	48.8	48.8	7302	high noise
 794	4000	46.5	46.5	8028	high noise
 795	4000	54.9	54.9	7223	high noise
 796	4000	56.9	56.9	7159	high noise
 797	4000	48.7	48.7	7974	high noise
 798	4000	47.4	47.4	7788	high noise
 799	4000	43.6	43.6	8433	high noise
 800	4000	50.0	50.0	7787	high noise
 801	4000	44.9	44.9	8103	high noise
 802	4000	56.6	56.6	6568	high noise
 803	4000	57.2	57.2	6643	high noise
 804	4000	45.5	45.5	8120	high noise
 805	4000	51.3	51.3	7070	high noise
 806	4000	47.1	47.1	7917	high noise
 807	4000	51.6	51.6	7006	high noise
 808	4000	53.7	53.7	7256	high noise
 809	4000	49.2	49.2	7979	high noise
 810	4000	47.6	47.6	7764	high noise
 811	4000	47.5	47.5	7745	high noise
 812	4000	50.7	50.7	7494	high noise
 813	4000	52.1	52.1	7464	high noise
 814	4000	61.9	61.9	6372	high noise
 815	4000	44.9	44.9	8583	high noise
 816	4000	47.8	47.8	8181	high noise
 817	4000	56.1	56.1	7163	high noise
 818	4000	51.8	51.8	7405	high noise
 819	4000	53.6	53.6	7896	high noise
 820	4000	51.1	51.1	7619	high noise
 821	4004	54.6	54.6	7396	high noise
 822	4000	56.8	56.8	7195	high noise
 823	4000	60.1	60.1	6766	high noise
 824	4000	50.8	50.8	7618	high noise
 825	4000	56.3	56.3	6901	high noise
 826	4000	58.1	58.1	6930	high noise
 827	4000	58.4	58.4	6988	high noise
 828	4000	55.5	55.5	7185	high noise
 829	4000	50.3	50.3	8106	high noise
 830	4004	60.6	60.6	6912	high noise
 831	4004	61.5	61.5	7729	high noise
 832	4004	61.5	61.5	7419	high noise
 833	4004	61.2	61.2	6741	high noise
 834	4000	58.8	58.8	7173	high noise
 835	4004	65.1	65.1	7358	high noise
 836	4004	59.6	59.6	6988	high noise
 837	4000	55.0	55.0	7205	high noise
 838	4004	56.6	56.6	7679	high noise
 839	4004	59.8	59.8	6831	high noise
 840	4000	58.6	58.6	7190	high noise
 841	4000	56.5	56.5	7425	high noise
 842	4000	60.1	60.1	6772	high noise
 843	4004	64.7	64.7	7761	high noise
 844	4004	59.3	59.3	7432	high noise
 845	4000	57.4	57.4	7453	high noise
 846	4004	63.7	63.7	7015	high noise
 847	4004	59.6	59.6	7685	high noise
 848	4004	58.6	58.6	7824	high noise
 849	4004	60.5	60.5	8253	high noise
 850	4004	61.2	61.2	7947	high noise
 851	4004	60.4	60.4	7280	high noise
 852	4004	65.1	65.1	7280	high noise
 853	4004	58.2	58.2	7677	high noise
 854	4004	61.5	61.5	7282	high noise
 855	4000	57.9	57.9	7474	high noise
 856	4004	60.4	60.4	8011	high noise
 857	4004	62.2	62.2	7255	high noise
 858	4004	60.8	60.8	7442	high noise
 859	4004	59.4	59.4	8228	high noise
 860	4004	63.6	63.6	6943	high noise
 861	4004	65.1	65.1	8386	high noise
 862	4004	62.3	62.3	8267	high noise
 863	4000	61.7	61.7	6534	high noise
 864	4004	59.0	59.0	7527	high noise
 865	4000	59.2	59.2	6666	high noise
 866	4000	61.0	61.0	7243	high noise
 867	4004	56.6	56.6	7992	high noise
 868	4004	57.1	57.1	7235	high noise
 869	4004	64.7	64.7	6927	high noise
 870	4004	55.9	55.9	8171	high noise
 871	4004	60.7	60.7	7773	high noise
 872	4000	58.4	58.4	6699	high noise
 873	4004	60.8	60.8	7563	high noise
 874	4000	60.4	60.4	7358	high noise
 875	4004	58.8	58.8	7503	high noise
 876	4004	55.1	55.1	7480	high noise
 877	4000	58.0	58.0	7159	high noise
 878	4004	56.6	56.6	7477	high noise
 879	4004	58.1	58.1	7740	high noise
 880	4004	56.6	56.6	7336	high noise
 881	4000	56.0	56.0	6774	high noise
 882	4004	56.9	56.9	7590	high noise
 883	4000	54.3	54.3	7223	high noise
 884	4000	56.6	56.6	7308	high noise
 885	4000	56.8	56.8	7885	high noise
 886	4004	62.3	62.3	7679	high noise
 887	4000	52.6	52.6	7768	high noise
 888	4000	54.2	54.2	7435	high noise
 889	4000	55.6	55.6	6927	high noise
 890	4000	54.1	54.1	7814	high noise
 891	4000	46.3	46.3	7724	high noise
 892	4000	46.5	46.5	8282	high noise
 893	4004	55.9	55.9	7173	high noise
 894	4004	57.3	57.3	7664	high noise
 895	4000	56.3	56.3	7045	high noise
 896	4000	46.3	46.3	9092	high noise
 897	1101	0.0	0.0	   0	dead
 898	4000	42.6	42.6	8522	high noise
 899	4000	48.5	48.5	9540	high noise
 900	4000	51.0	51.0	8567	high noise
 901	4000	41.1	41.1	10058	high noise
 902	4000	41.4	41.4	9005	high noise
 903	4000	47.2	47.2	9366	high noise
 904	4000	44.0	44.0	8792	high noise
 905	4004	45.3	45.3	9508	high noise
 906	4000	40.8	40.8	10473	high noise
 907	4000	48.5	48.5	8730	high noise
 908	4000	45.4	45.4	8741	high noise
 909	4000	42.6	42.6	9325	high noise
 910	4000	46.0	46.0	9044	high noise
 911	4004	46.2	46.2	9389	high noise
 912	4000	44.3	44.3	9290	high noise
 913	4000	46.4	46.4	8738	high noise
 914	4000	48.2	48.2	8014	high noise
 915	4000	44.7	44.7	9198	high noise
 916	4004	54.5	54.5	9366	high noise
 917	4000	44.3	44.3	9060	high noise
 918	4000	43.0	43.0	9106	high noise
 919	4000	43.5	43.5	9408	high noise
 920	4000	44.0	44.0	8421	high noise
 921	4000	43.1	43.1	8850	high noise
 922	4000	52.0	52.0	7922	high noise
 923	4000	47.6	47.6	8816	high noise
 924	4000	51.0	51.0	7602	high noise
 925	4004	50.2	50.2	8869	high noise
 926	4000	45.9	45.9	8623	high noise
 927	4000	45.2	45.2	8311	high noise
 928	4000	46.8	46.8	8169	high noise
 929	4000	48.2	48.2	8726	high noise
 930	4000	46.0	46.0	8653	high noise
 931	4000	48.6	48.6	8468	high noise
 932	4000	52.1	52.1	8301	high noise
 933	4000	47.3	47.3	8607	high noise
 934	4000	47.4	47.4	8180	high noise
 935	4000	51.4	51.4	8155	high noise
 936	4000	50.3	50.3	8614	high noise
 937	4004	51.3	51.3	8708	high noise
 938	4000	49.3	49.3	8643	high noise
 939	4000	48.2	48.2	9076	high noise
 940	4000	41.1	41.1	8647	high noise
 941	4000	47.5	47.5	8545	high noise
 942	4004	49.5	49.5	8566	high noise
 943	4000	46.2	46.2	8440	high noise
 944	4000	44.6	44.6	9428	high noise
 945	4000	45.0	45.0	8627	high noise
 946	4000	41.8	41.8	8235	high noise
 947	4004	53.2	53.2	8629	high noise
 948	4000	43.8	43.8	8959	high noise
 949	4000	45.8	45.8	9834	high noise
 950	4000	52.7	52.7	7419	high noise
 951	4000	45.6	45.6	9249	high noise
 952	4004	48.5	48.5	8411	high noise
 953	4004	47.5	47.5	8659	high noise
 954	4000	46.4	46.4	8173	high noise
 955	4000	45.5	45.5	8478	high noise
 956	4000	39.8	39.8	9016	high noise
 957	4004	44.3	44.3	9492	high noise
 958	4000	49.5	49.5	7907	high noise
 959	4000	44.9	44.9	9070	high noise
 960	4000	44.3	44.3	8272	high noise
 961	4004	54.8	54.8	8137	high noise
 962	4004	54.3	54.3	8547	high noise
 963	4000	45.6	45.6	8420	high noise
 964	4000	39.9	39.9	9498	high noise
 965	4000	46.8	46.8	8818	high noise
 966	4000	40.0	40.0	9846	high noise
 967	4000	40.2	40.2	9760	high noise
 968	4000	42.1	42.1	9632	high noise
 969	4000	48.0	48.0	8363	high noise
 970	4000	38.6	38.6	9396	high noise
 971	4000	42.9	42.9	9047	high noise
 972	4000	43.3	43.3	9174	high noise
 973	4000	49.4	49.4	7554	high noise
 974	4000	50.7	50.7	7491	high noise
 975	4000	46.0	46.0	7953	high noise
 976	4000	48.8	48.8	8108	high noise
 977	4000	52.2	52.2	7926	high noise
 978	4000	51.1	51.1	7437	high noise
 979	4000	54.6	54.6	7691	high noise
 980	4000	44.4	44.4	8769	high noise
 981	4000	45.1	45.1	8345	high noise
 982	4000	46.1	46.1	9138	high noise
 983	4000	47.3	47.3	7884	high noise
 984	4004	43.8	43.8	9484	high noise
 985	4004	50.1	50.1	8690	high noise
 986	4000	49.5	49.5	8342	high noise
 987	4000	46.0	46.0	8538	high noise
 988	4000	47.5	47.5	8590	high noise
 989	4000	45.3	45.3	8609	high noise
 990	4000	42.7	42.7	9184	high noise
 991	4000	44.4	44.4	8892	high noise
 992	4004	44.7	44.7	9436	high noise
 993	4000	44.9	44.9	8363	high noise
 994	4000	46.8	46.8	8677	high noise
 995	4000	47.0	47.0	8641	high noise
 996	4000	44.6	44.6	9166	high noise
 997	4000	47.7	47.7	8466	high noise
 998	4000	38.2	38.2	9085	high noise
 999	4000	43.3	43.3	8390	high noise
1000	4000	41.7	41.7	9286	high noise
1001	4000	46.0	46.0	8987	high noise
1002	4000	47.3	47.3	8923	high noise
1003	4000	40.5	40.5	9259	high noise
1004	4000	41.3	41.3	10166	high noise
1005	4000	46.3	46.3	8874	high noise
1006	4000	45.2	45.2	8672	high noise
1007	4004	52.5	52.5	8647	high noise
1008	4000	38.5	38.5	9755	high noise
1009	4000	50.2	50.2	8050	high noise
1010	4000	44.7	44.7	8451	high noise
1011	4000	46.8	46.8	8675	high noise
1012	4000	46.1	46.1	8517	high noise
1013	4000	41.2	41.2	8877	high noise
1014	4000	43.8	43.8	9030	high noise
1015	4000	42.5	42.5	8921	high noise
1016	4000	46.9	46.9	8788	high noise
1017	4000	44.0	44.0	8760	high noise
1018	4000	42.1	42.1	9052	high noise
1019	4000	43.3	43.3	8840	high noise
1020	4000	36.8	36.8	10323	high noise
1021	4000	49.6	49.6	7523	high noise
1022	4000	48.6	48.6	8324	high noise
1023	4000	42.5	42.5	8985	high noise
1024	4000	43.2	43.2	9418	high noise
1025	4000	54.1	54.1	7732	high noise
1026	4000	55.4	55.4	7661	high noise
1027	4000	53.4	53.4	7994	high noise
1028	4000	46.0	46.0	7771	high noise
1029	4000	45.7	45.7	8596	high noise
1030	4000	49.0	49.0	8153	high noise
1031	4000	45.0	45.0	8588	high noise
1032	4000	49.7	49.7	8180	high noise
1033	4000	47.6	47.6	7933	high noise
1034	4004	52.6	52.6	9184	high noise
1035	4000	43.9	43.9	8335	high noise
1036	4000	45.7	45.7	8303	high noise
1037	4000	49.7	49.7	8182	high noise
1038	4000	40.3	40.3	9262	high noise
1039	4000	48.3	48.3	9130	high noise
1040	4000	51.2	51.2	8142	high noise
1041	4000	51.3	51.3	8307	high noise
1042	4000	54.2	54.2	7718	high noise
1043	4000	47.0	47.0	8595	high noise
1044	4000	51.2	51.2	7981	high noise
1045	4000	49.4	49.4	8477	high noise
1046	4000	53.2	53.2	7829	high noise
1047	4004	56.0	56.0	7953	high noise
1048	4000	50.1	50.1	7791	high noise
1049	4000	47.9	47.9	8802	high noise
1050	4000	46.4	46.4	8201	high noise
1051	4000	49.3	49.3	8208	high noise
1052	4000	50.5	50.5	8450	high noise
1053	4000	52.0	52.0	7853	high noise
1054	4000	48.5	48.5	8248	high noise
1055	4000	52.4	52.4	8325	high noise
1056	4000	47.2	47.2	8505	high noise
1057	4004	52.3	52.3	8995	high noise
1058	4000	50.2	50.2	7715	high noise
1059	4000	40.9	40.9	9348	high noise
1060	4000	52.8	52.8	9003	high noise
1061	4000	51.5	51.5	8642	high noise
1062	4000	54.4	54.4	7610	high noise
1063	4000	53.2	53.2	8059	high noise
1064	4004	52.5	52.5	8669	high noise
1065	4000	47.4	47.4	8517	high noise
1066	4000	44.9	44.9	9049	high noise
1067	4000	48.5	48.5	8315	high noise
1068	4000	45.9	45.9	8693	high noise
1069	4000	47.8	47.8	7864	high noise
1070	4000	52.7	52.7	8399	high noise
1071	4000	44.8	44.8	9168	high noise
1072	4000	46.4	46.4	8354	high noise
1073	4000	48.3	48.3	8132	high noise
1074	4000	56.7	56.7	7245	high noise
1075	4004	52.3	52.3	7732	high noise
1076	4000	48.2	48.2	8516	high noise
1077	4000	48.3	48.3	8601	high noise
1078	4000	47.9	47.9	7785	high noise
1079	4000	45.8	45.8	8973	high noise
1080	4004	53.4	53.4	8619	high noise
1081	4004	47.8	47.8	9834	high noise
1082	4000	53.6	53.6	8071	high noise
1083	4000	55.3	55.3	7443	high noise
1084	4000	56.9	56.9	8069	high noise
1085	4000	49.7	49.7	8529	high noise
1086	4004	49.8	49.8	8099	high noise
1087	4000	48.8	48.8	8710	high noise
1088	4000	52.2	52.2	7838	high noise
1089	4000	50.5	50.5	8176	high noise
1090	4004	52.7	52.7	8501	high noise
1091	4004	52.9	52.9	8379	high noise
1092	4000	50.4	50.4	8281	high noise
1093	4000	47.6	47.6	9171	high noise
1094	4000	56.6	56.6	7344	high noise
1095	4000	52.2	52.2	8455	high noise
1096	4000	57.4	57.4	8038	high noise
1097	4004	53.1	53.1	7583	high noise
1098	4000	52.7	52.7	7850	high noise
1099	4000	47.9	47.9	8088	high noise
1100	4000	50.6	50.6	8137	high noise
1101	4000	52.3	52.3	7789	high noise
1102	4000	48.6	48.6	8612	high noise
1103	4004	50.5	50.5	8809	high noise
1104	4000	53.5	53.5	8235	high noise
1105	4000	54.7	54.7	7817	high noise
1106	4004	54.1	54.1	8602	high noise
1107	4000	50.5	50.5	7944	high noise
1108	4000	48.6	48.6	7952	high noise
1109	4004	52.8	52.8	8803	high noise
1110	4000	47.1	47.1	8415	high noise
1111	4004	50.4	50.4	8199	high noise
1112	4000	46.2	46.2	8269	high noise
1113	4000	48.7	48.7	8028	high noise
1114	4000	50.8	50.8	8532	high noise
1115	4000	52.5	52.5	7815	high noise
1116	4000	50.0	50.0	7525	high noise
1117	4000	46.2	46.2	7783	high noise
1118	4004	48.0	48.0	9227	high noise
1119	4004	50.9	50.9	8268	high noise
1120	4000	45.3	45.3	8524	high noise
1121	4000	48.9	48.9	7864	high noise
1122	4004	55.3	55.3	7818	high noise
1123	4000	50.1	50.1	8077	high noise
1124	4000	48.6	48.6	8406	high noise
1125	4004	51.4	51.4	8346	high noise
1126	4000	54.7	54.7	8227	high noise
1127	4000	55.0	55.0	7565	high noise
1128	4000	54.4	54.4	7926	high noise
1129	4000	51.4	51.4	8187	high noise
1130	4004	53.7	53.7	7800	high noise
1131	4000	53.5	53.5	7789	high noise
1132	4000	48.6	48.6	8555	high noise
1133	4004	53.9	53.9	7847	high noise
1134	4000	49.8	49.8	8186	high noise
1135	4000	45.6	45.6	9171	high noise
1136	4000	51.3	51.3	8095	high noise
1137	4004	51.7	51.7	8519	high noise
1138	4000	48.5	48.5	8336	high noise
1139	4000	52.1	52.1	8177	high noise
1140	4004	52.1	52.1	7845	high noise
1141	4000	46.8	46.8	8770	high noise
1142	4004	53.1	53.1	8325	high noise
1143	4000	54.8	54.8	8315	high noise
1144	4000	49.0	49.0	8152	high noise
1145	4004	54.1	54.1	8769	high noise
1146	4000	53.1	53.1	7240	high noise
1147	4000	50.7	50.7	7613	high noise
1148	4000	55.0	55.0	7540	high noise
1149	4004	50.7	50.7	8722	high noise
1150	4004	55.3	55.3	8191	high noise
1151	4000	55.5	55.5	7498	high noise
1152	4000	47.0	47.0	7854	high noise
1153	4000	47.3	47.3	7854	high noise
1154	4000	44.6	44.6	8747	high noise
1155	4000	49.7	49.7	8062	high noise
1156	4000	45.9	45.9	8749	high noise
1157	4000	45.2	45.2	8479	high noise
1158	4000	47.7	47.7	8769	high noise
1159	4000	47.2	47.2	8232	high noise
1160	4000	51.9	51.9	7356	high noise
1161	4000	43.6	43.6	8291	high noise
1162	4000	47.6	47.6	8302	high noise
1163	4000	43.6	43.6	9250	high noise
1164	4000	45.7	45.7	8081	high noise
1165	4000	47.5	47.5	8550	high noise
1166	4000	49.2	49.2	8046	high noise
1167	4000	50.7	50.7	8228	high noise
1168	4000	48.8	48.8	7623	high noise
1169	4000	46.9	46.9	8221	high noise
1170	4000	49.6	49.6	8314	high noise
1171	4000	47.0	47.0	8734	high noise
1172	4000	47.6	47.6	8583	high noise
1173	4000	44.4	44.4	8386	high noise
1174	4000	42.8	42.8	8525	high noise
1175	4000	43.1	43.1	8730	high noise
1176	4000	41.3	41.3	9190	high noise
1177	4000	49.8	49.8	7942	high noise
1178	4000	43.9	43.9	8748	high noise
1179	4000	46.4	46.4	8469	high noise
1180	4004	48.1	48.1	8584	high noise
1181	4000	53.1	53.1	8087	high noise
1182	4000	46.6	46.6	8460	high noise
1183	4000	46.3	46.3	8178	high noise
1184	4000	44.7	44.7	8780	high noise
1185	4000	35.9	35.9	11476	high noise
1186	4000	41.8	41.8	8906	high noise
1187	4000	51.4	51.4	8099	high noise
1188	4000	49.5	49.5	7662	high noise
1189	4000	48.9	48.9	8070	high noise
1190	4000	51.5	51.5	7565	high noise
1191	4000	44.5	44.5	8885	high noise
1192	4000	40.5	40.5	9758	high noise
1193	4000	44.6	44.6	7983	high noise
1194	4000	44.7	44.7	8973	high noise
1195	4000	45.3	45.3	9519	high noise
1196	4000	48.5	48.5	8273	high noise
1197	4000	46.6	46.6	8564	high noise
1198	4000	51.8	51.8	8035	high noise
1199	4000	53.5	53.5	7838	high noise
1200	4000	48.3	48.3	7490	high noise
1201	4000	44.4	44.4	8349	high noise
1202	4000	47.4	47.4	8440	high noise
1203	4004	47.0	47.0	9200	high noise
1204	4000	48.0	48.0	8873	high noise
1205	4000	51.2	51.2	7467	high noise
1206	4000	48.2	48.2	8485	high noise
1207	4004	50.6	50.6	8370	high noise
1208	4004	49.3	49.3	8407	high noise
1209	4000	46.1	46.1	8651	high noise
1210	4000	48.5	48.5	8227	high noise
1211	4000	50.6	50.6	7324	high noise
1212	4000	50.4	50.4	8368	high noise
1213	4000	44.8	44.8	8845	high noise
1214	4000	53.9	53.9	8004	high noise
1215	4000	43.6	43.6	8839	high noise
1216	4000	47.8	47.8	7738	high noise
1217	4000	44.2	44.2	8803	high noise
1218	4000	43.6	43.6	8827	high noise
1219	4000	44.0	44.0	8525	high noise
1220	4000	52.3	52.3	8049	high noise
1221	4000	44.3	44.3	8178	high noise
1222	4000	45.2	45.2	8989	high noise
1223	4000	49.3	49.3	8521	high noise
1224	4000	44.9	44.9	8784	high noise
1225	4000	51.5	51.5	7897	high noise
1226	4000	45.3	45.3	9293	high noise
1227	4000	41.6	41.6	9263	high noise
1228	4000	47.4	47.4	8512	high noise
1229	4000	42.2	42.2	9039	high noise
1230	4000	42.1	42.1	8767	high noise
1231	4000	45.1	45.1	9065	high noise
1232	4000	48.3	48.3	8141	high noise
1233	4000	45.4	45.4	8707	high noise
1234	4000	48.5	48.5	7756	high noise
1235	4000	49.2	49.2	8917	high noise
1236	4000	45.1	45.1	8317	high noise
1237	4004	48.4	48.4	9043	high noise
1238	4000	45.1	45.1	8218	high noise
1239	4000	44.6	44.6	7881	high noise
1240	4000	46.7	46.7	8616	high noise
1241	4000	48.0	48.0	8197	high noise
1242	4000	45.8	45.8	8273	high noise
1243	4000	47.6	47.6	8442	high noise
1244	4000	40.8	40.8	8964	high noise
1245	4004	49.4	49.4	9435	high noise
1246	4000	43.7	43.7	8659	high noise
1247	4000	45.3	45.3	9137	high noise
1248	4000	42.5	42.5	9593	high noise
1249	4000	39.5	39.5	9664	high noise
1250	4000	44.4	44.4	8278	high noise
1251	4000	40.4	40.4	9073	high noise
1252	4000	42.6	42.6	9059	high noise
1253	4000	43.4	43.4	8465	high noise
1254	4000	40.7	40.7	9850	high noise
1255	4004	39.1	39.1	10845	high noise
1256	4000	43.9	43.9	9241	high noise
1257	4004	47.1	47.1	9613	high noise
1258	4000	43.3	43.3	9628	high noise
1259	4000	42.6	42.6	9238	high noise
1260	4000	39.5	39.5	9528	high noise
1261	4000	41.0	41.0	9996	high noise
1262	4000	45.6	45.6	8794	high noise
1263	4000	44.7	44.7	8220	high noise
1264	4000	41.6	41.6	9197	high noise
1265	4000	40.7	40.7	9812	high noise
1266	4000	43.7	43.7	8642	high noise
1267	4000	40.9	40.9	8989	high noise
1268	4000	45.7	45.7	8316	high noise
1269	4000	45.5	45.5	8427	high noise
1270	4000	49.7	49.7	7906	high noise
1271	4000	45.2	45.2	8699	high noise
1272	4000	47.4	47.4	8474	high noise
1273	4000	45.5	45.5	8365	high noise
1274	4000	45.3	45.3	8768	high noise
1275	4000	47.2	47.2	8899	high noise
1276	4000	40.4	40.4	8994	high noise
1277	4000	43.0	43.0	9491	high noise
1278	4004	50.2	50.2	7683	high noise
1279	4004	53.5	53.5	7671	high noise
1280	4000	51.1	51.1	7037	high noise
1281	4000	47.0	47.0	7751	high noise
1282	4000	50.0	50.0	6480	high noise
1283	4000	55.4	55.4	6385	high noise
1284	4000	53.2	53.2	5888	high noise
1285	4000	50.4	50.4	5969	high noise
1286	4000	49.6	49.6	6080	high noise
1287	4000	53.4	53.4	6174	high noise
1288	4000	52.4	52.4	6523	high noise
1289	4000	52.6	52.6	5911	high noise
1290	4000	48.8	48.8	7032	high noise
1291	4000	51.4	51.4	5029	high noise
1292	4000	52.2	52.2	6459	high noise
1293	4000	51.1	51.1	6036	high noise
1294	4000	52.3	52.3	6367	high noise
1295	4000	48.7	48.7	6423	high noise
1296	4000	51.1	51.1	5942	high noise
1297	4000	54.1	54.1	5518	high noise
1298	4000	47.0	47.0	7491	high noise
1299	4000	52.7	52.7	5997	high noise
1300	4000	51.0	51.0	6827	high noise
1301	4000	51.6	51.6	5392	high noise
1302	4000	51.1	51.1	6755	high noise
1303	4000	48.3	48.3	6399	high noise
1304	4000	46.1	46.1	7409	high noise
1305	4000	50.4	50.4	7001	high noise
1306	4000	46.4	46.4	6693	high noise
1307	4000	50.4	50.4	6139	high noise
1308	4000	55.3	55.3	5736	high noise
1309	4000	48.3	48.3	7005	high noise
1310	4000	49.3	49.3	6788	high noise
1311	4000	51.4	51.4	5884	high noise
1312	4000	51.6	51.6	6659	high noise
1313	4000	55.9	55.9	5297	high noise
1314	4000	50.6	50.6	6340	high noise
1315	4000	50.2	50.2	6217	high noise
1316	4000	50.5	50.5	6275	high noise
1317	4000	48.5	48.5	7225	high noise
1318	4000	52.5	52.5	6985	high noise
1319	4000	50.9	50.9	6495	high noise
1320	4000	49.0	49.0	6798	high noise
1321	4000	48.5	48.5	6576	high noise
1322	4000	55.9	55.9	5803	high noise
1323	4000	52.1	52.1	5578	high noise
1324	4000	51.8	51.8	6222	high noise
1325	4000	46.7	46.7	7714	high noise
1326	4000	49.9	49.9	5993	high noise
1327	4000	56.4	56.4	5451	high noise
1328	4000	52.8	52.8	6089	high noise
1329	4000	48.3	48.3	6872	high noise
1330	4000	54.1	54.1	5555	high noise
1331	4000	50.6	50.6	6589	high noise
1332	4000	50.4	50.4	6219	high noise
1333	4000	51.8	51.8	6400	high noise
1334	4000	49.6	49.6	6496	high noise
1335	4000	51.1	51.1	6354	high noise
1336	4000	49.7	49.7	6955	high noise
1337	4000	48.8	48.8	6626	high noise
1338	4000	55.8	55.8	5484	high noise
1339	4000	49.8	49.8	6717	high noise
1340	4000	52.0	52.0	6560	high noise
1341	4000	58.1	58.1	5697	high noise
1342	4000	52.6	52.6	6475	high noise
1343	4000	57.0	57.0	5811	high noise
1344	4000	49.5	49.5	6566	high noise
1345	4000	50.9	50.9	6332	high noise
1346	4000	49.5	49.5	6589	high noise
1347	4000	53.2	53.2	5632	high noise
1348	4000	48.8	48.8	6720	high noise
1349	4000	54.5	54.5	5895	high noise
1350	4000	49.9	49.9	6384	high noise
1351	4000	52.6	52.6	5586	high noise
1352	4000	50.4	50.4	6646	high noise
1353	4000	53.2	53.2	6484	high noise
1354	4000	46.9	46.9	7439	high noise
1355	4000	50.1	50.1	6529	high noise
1356	4000	44.9	44.9	7015	high noise
1357	4000	45.9	45.9	7963	high noise
1358	4000	52.1	52.1	5738	high noise
1359	4000	51.4	51.4	5267	high noise
1360	4000	46.9	46.9	6627	high noise
1361	4000	49.9	49.9	6708	high noise
1362	4000	50.8	50.8	5928	high noise
1363	4000	50.3	50.3	6550	high noise
1364	4000	51.3	51.3	6255	high noise
1365	4000	50.2	50.2	5984	high noise
1366	4000	47.1	47.1	6881	high noise
1367	4000	46.6	46.6	6994	high noise
1368	4000	50.6	50.6	5596	high noise
1369	4000	51.9	51.9	6086	high noise
1370	4000	44.1	44.1	7625	high noise
1371	4000	47.5	47.5	6722	high noise
1372	4000	53.5	53.5	5675	high noise
1373	4000	49.9	49.9	6127	high noise
1374	4000	44.4	44.4	7396	high noise
1375	4000	49.6	49.6	5962	high noise
1376	4000	50.9	50.9	5680	high noise
1377	4000	44.7	44.7	7355	high noise
1378	4000	50.2	50.2	6477	high noise
1379	4000	49.5	49.5	6696	high noise
1380	4000	51.1	51.1	5909	high noise
1381	4000	42.6	42.6	8037	high noise
1382	4000	48.0	48.0	5917	high noise
1383	4000	50.7	50.7	6375	high noise
1384	4000	45.3	45.3	6309	high noise
1385	4000	48.6	48.6	6189	high noise
1386	4000	44.6	44.6	7302	high noise
1387	4000	46.7	46.7	7224	high noise
1388	4000	41.2	41.2	8984	high noise
1389	4000	52.0	52.0	6229	high noise
1390	4000	53.2	53.2	5745	high noise
1391	4000	46.6	46.6	6972	high noise
1392	4000	50.6	50.6	6403	high noise
1393	4000	49.9	49.9	6708	high noise
1394	4000	46.5	46.5	7532	high noise
1395	4000	47.5	47.5	6732	high noise
1396	4000	49.7	49.7	6495	high noise
1397	4000	49.6	49.6	6461	high noise
1398	4000	49.1	49.1	6661	high noise
1399	4000	52.1	52.1	6232	high noise
1400	4000	48.5	48.5	6825	high noise
1401	4000	49.9	49.9	6677	high noise
1402	4000	45.5	45.5	6945	high noise
1403	4000	50.1	50.1	5827	high noise
1404	4000	41.7	41.7	7426	high noise
1405	4000	50.4	50.4	6654	high noise
1406	4000	50.1	50.1	6276	high noise
1407	4000	49.8	49.8	6776	high noise
1408	4000	37.7	37.7	8796	high noise
1409	4000	40.0	40.0	7779	high noise
1410	4000	42.1	42.1	7256	high noise
1411	4000	38.1	38.1	9315	high noise
1412	4000	39.4	39.4	7848	high noise
1413	4000	43.8	43.8	7248	high noise
1414	4000	38.5	38.5	8237	high noise
1415	4000	43.3	43.3	7273	high noise
1416	4000	43.7	43.7	7195	high noise
1417	4000	38.2	38.2	8585	high noise
1418	4000	42.4	42.4	7894	high noise
1419	4000	45.2	45.2	6431	high noise
1420	4000	41.8	41.8	7616	high noise
1421	4000	40.0	40.0	8408	high noise
1422	4000	43.8	43.8	7199	high noise
1423	4000	44.0	44.0	7305	high noise
1424	4000	43.0	43.0	8030	high noise
1425	4000	45.0	45.0	7910	high noise
1426	4000	42.6	42.6	7725	high noise
1427	4000	44.2	44.2	7128	high noise
1428	4000	40.6	40.6	8092	high noise
1429	4000	41.3	41.3	7711	high noise
1430	4000	41.2	41.2	8883	high noise
1431	4000	36.7	36.7	8902	high noise
1432	4000	45.4	45.4	7343	high noise
1433	4000	42.5	42.5	8489	high noise
1434	4000	43.1	43.1	8329	high noise
1435	4000	41.6	41.6	7470	high noise
1436	4000	44.3	44.3	7088	high noise
1437	4000	43.4	43.4	7786	high noise
1438	4000	44.9	44.9	7308	high noise
1439	4000	39.0	39.0	8941	high noise
1440	4000	43.5	43.5	7942	high noise
1441	4000	38.5	38.5	8766	high noise
1442	4000	40.8	40.8	8660	high noise
1443	4000	42.3	42.3	7945	high noise
1444	4000	43.3	43.3	7578	high noise
1445	4000	41.7	41.7	7829	high noise
1446	4000	41.8	41.8	7983	high noise
1447	4000	42.9	42.9	7648	high noise
1448	4000	43.7	43.7	8132	high noise
1449	4000	41.4	41.4	8529	high noise
1450	4000	45.5	45.5	6981	high noise
1451	4000	43.3	43.3	7071	high noise
1452	4000	43.6	43.6	7639	high noise
1453	4000	46.1	46.1	7048	high noise
1454	4000	43.3	43.3	7826	high noise
1455	4000	41.1	41.1	7928	high noise
1456	4000	41.1	41.1	8735	high noise
1457	4000	33.9	33.9	10878	high noise
1458	4000	43.1	43.1	7989	high noise
1459	4000	41.4	41.4	8203	high noise
1460	4000	37.6	37.6	9274	high noise
1461	4000	40.2	40.2	8472	high noise
1462	4000	45.0	45.0	7587	high noise
1463	4000	42.6	42.6	8210	high noise
1464	4000	43.5	43.5	8268	high noise
1465	4000	43.4	43.4	7125	high noise
1466	4000	45.6	45.6	6834	high noise
1467	4000	41.6	41.6	8477	high noise
1468	4000	43.5	43.5	7369	high noise
1469	4000	43.7	43.7	7380	high noise
1470	4000	38.5	38.5	8529	high noise
1471	4000	43.3	43.3	6616	high noise
1472	4000	45.7	45.7	6905	high noise
1473	4000	41.5	41.5	7997	high noise
1474	4000	41.9	41.9	7244	high noise
1475	4000	40.4	40.4	8598	high noise
1476	4000	43.2	43.2	7552	high noise
1477	4000	42.9	42.9	7397	high noise
1478	4000	46.4	46.4	6556	high noise
1479	4000	40.2	40.2	8099	high noise
1480	4000	44.3	44.3	6904	high noise
1481	4000	37.7	37.7	8077	high noise
1482	4000	45.9	45.9	6521	high noise
1483	4000	43.3	43.3	7928	high noise
1484	4000	37.4	37.4	9108	high noise
1485	4000	46.2	46.2	6643	high noise
1486	4000	40.5	40.5	7913	high noise
1487	4000	42.8	42.8	7414	high noise
1488	4000	41.6	41.6	7696	high noise
1489	4000	42.5	42.5	7531	high noise
1490	4000	40.0	40.0	7588	high noise
1491	4000	42.7	42.7	7872	high noise
1492	4000	38.1	38.1	8589	high noise
1493	4000	38.9	38.9	8410	high noise
1494	4000	38.3	38.3	8697	high noise
1495	4000	43.7	43.7	7102	high noise
1496	4000	40.5	40.5	8329	high noise
1497	4000	41.9	41.9	6713	high noise
1498	4000	39.0	39.0	8124	high noise
1499	4000	39.4	39.4	8327	high noise
1500	4000	38.6	38.6	8668	high noise
1501	4000	43.4	43.4	6276	high noise
1502	4000	40.6	40.6	8464	high noise
1503	4000	44.9	44.9	7296	high noise
1504	4000	39.9	39.9	8711	high noise
1505	4000	35.2	35.2	8917	high noise
1506	4000	34.2	34.2	10559	high noise
1507	4000	39.7	39.7	8408	high noise
1508	4000	42.6	42.6	7421	high noise
1509	4000	39.4	39.4	8459	high noise
1510	4000	39.8	39.8	8424	high noise
1511	4000	44.3	44.3	7354	high noise
1512	4000	39.2	39.2	7899	high noise
1513	4000	36.6	36.6	9094	high noise
1514	4000	42.3	42.3	6941	high noise
1515	4000	36.2	36.2	9197	high noise
1516	4000	39.9	39.9	7926	high noise
1517	4000	44.0	44.0	7678	high noise
1518	4000	40.6	40.6	8067	high noise
1519	4000	37.3	37.3	8584	high noise
1520	4000	42.9	42.9	6902	high noise
1521	4000	34.9	34.9	9677	high noise
1522	4000	41.4	41.4	7303	high noise
1523	4000	38.5	38.5	7891	high noise
1524	4000	39.4	39.4	8731	high noise
1525	4000	44.7	44.7	7108	high noise
1526	4000	39.9	39.9	7934	high noise
1527	4000	42.8	42.8	6795	high noise
1528	4000	42.9	42.9	6681	high noise
1529	4000	39.0	39.0	8205	high noise
1530	4000	39.5	39.5	7804	high noise
1531	4000	38.3	38.3	8218	high noise
1532	4000	39.8	39.8	7895	high noise
1533	4000	37.3	37.3	8676	high noise
1534	4000	44.1	44.1	6705	high noise
1535	4000	39.3	39.3	8275	high noise
1536	4000	52.1	52.1	6303	high noise
1537	4000	48.1	48.1	6812	high noise
1538	4000	52.0	52.0	6382	high noise
1539	4000	48.9	48.9	6838	high noise
1540	4000	52.6	52.6	7164	high noise
1541	4000	48.3	48.3	6962	high noise
1542	4000	47.9	47.9	6662	high noise
1543	4000	50.8	50.8	6279	high noise
1544	4000	51.2	51.2	6047	high noise
1545	4000	50.0	50.0	6416	high noise
1546	4000	48.3	48.3	6914	high noise
1547	4000	49.6	49.6	7158	high noise
1548	4000	49.2	49.2	6443	high noise
1549	4000	47.9	47.9	7138	high noise
1550	4000	47.2	47.2	8030	high noise
1551	4000	47.8	47.8	6727	high noise
1552	4000	54.0	54.0	6791	high noise
1553	4000	49.2	49.2	6664	high noise
1554	4000	51.4	51.4	6302	high noise
1555	4000	42.7	42.7	7701	high noise
1556	4000	51.0	51.0	6563	high noise
1557	4000	50.3	50.3	6808	high noise
1558	4000	53.2	53.2	6374	high noise
1559	4000	53.1	53.1	6722	high noise
1560	4000	52.6	52.6	6537	high noise
1561	4000	50.0	50.0	6400	high noise
1562	4000	52.1	52.1	6911	high noise
1563	4000	46.5	46.5	7243	high noise
1564	4000	50.1	50.1	6423	high noise
1565	4000	47.7	47.7	6954	high noise
1566	4000	46.3	46.3	7965	high noise
1567	4000	50.7	50.7	6446	high noise
1568	4000	47.8	47.8	7556	high noise
1569	4000	47.6	47.6	7120	high noise
1570	4000	46.0	46.0	7459	high noise
1571	4000	51.8	51.8	6402	high noise
1572	4000	50.6	50.6	6618	high noise
1573	4000	51.7	51.7	6713	high noise
1574	4000	46.1	46.1	6713	high noise
1575	4000	50.8	50.8	6380	high noise
1576	4000	47.4	47.4	7969	high noise
1577	4000	50.2	50.2	6676	high noise
1578	4000	49.1	49.1	6151	high noise
1579	4000	50.2	50.2	6500	high noise
1580	4000	48.3	48.3	7306	high noise
1581	4000	44.5	44.5	7436	high noise
1582	4000	50.0	50.0	6716	high noise
1583	4000	53.9	53.9	6095	high noise
1584	4000	47.4	47.4	7004	high noise
1585	4000	48.2	48.2	6525	high noise
1586	4000	52.3	52.3	6560	high noise
1587	4000	49.9	49.9	6617	high noise
1588	4000	48.3	48.3	6945	high noise
1589	4000	49.7	49.7	7311	high noise
1590	4000	50.2	50.2	6910	high noise
1591	4000	46.3	46.3	7640	high noise
1592	4000	46.5	46.5	7139	high noise
1593	4000	52.6	52.6	6136	high noise
1594	4000	49.3	49.3	6968	high noise
1595	4000	50.5	50.5	6168	high noise
1596	4000	46.9	46.9	7348	high noise
1597	4000	44.8	44.8	7894	high noise
1598	4000	48.4	48.4	7174	high noise
1599	4000	50.0	50.0	6725	high noise
1600	4000	50.6	50.6	7024	high noise
1601	4000	51.8	51.8	6519	high noise
1602	4000	48.4	48.4	7560	high noise
1603	4000	48.1	48.1	7440	high noise
1604	4000	47.6	47.6	6944	high noise
1605	4000	50.9	50.9	6736	high noise
1606	4000	44.9	44.9	7340	high noise
1607	4000	47.7	47.7	7131	high noise
1608	4000	51.3	51.3	6195	high noise
1609	4000	52.7	52.7	6659	high noise
1610	4000	48.1	48.1	7605	high noise
1611	4000	48.8	48.8	6858	high noise
1612	4000	47.5	47.5	7339	high noise
1613	4000	46.0	46.0	7187	high noise
1614	4000	47.1	47.1	7168	high noise
1615	4000	48.1	48.1	6941	high noise
1616	4000	45.8	45.8	7188	high noise
1617	4000	48.3	48.3	7299	high noise
1618	4000	47.4	47.4	7273	high noise
1619	4000	45.5	45.5	7307	high noise
1620	4000	47.7	47.7	6281	high noise
1621	4000	49.3	49.3	6799	high noise
1622	4000	46.3	46.3	7246	high noise
1623	4000	49.4	49.4	6717	high noise
1624	4000	47.9	47.9	6999	high noise
1625	4000	47.2	47.2	6784	high noise
1626	4000	48.9	48.9	7331	high noise
1627	4000	48.2	48.2	6391	high noise
1628	4000	45.1	45.1	7109	high noise
1629	4000	49.6	49.6	6962	high noise
1630	4000	50.6	50.6	6668	high noise
1631	4000	46.6	46.6	7028	high noise
1632	4000	46.4	46.4	7520	high noise
1633	4000	43.8	43.8	8241	high noise
1634	4000	48.5	48.5	6093	high noise
1635	4000	49.8	49.8	5948	high noise
1636	4000	45.5	45.5	7562	high noise
1637	4000	48.2	48.2	6879	high noise
1638	4000	47.5	47.5	7204	high noise
1639	4000	50.6	50.6	6613	high noise
1640	4000	47.9	47.9	6937	high noise
1641	4000	50.0	50.0	7149	high noise
1642	4000	45.1	45.1	7874	high noise
1643	4000	49.5	49.5	6944	high noise
1644	4000	46.3	46.3	6616	high noise
1645	4000	45.0	45.0	7014	high noise
1646	4000	46.1	46.1	6613	high noise
1647	4000	50.0	50.0	6615	high noise
1648	4000	47.6	47.6	6749	high noise
1649	4000	43.3	43.3	6858	high noise
1650	4000	45.7	45.7	7565	high noise
1651	4000	49.0	49.0	5717	high noise
1652	4000	49.2	49.2	6411	high noise
1653	4000	48.6	48.6	7345	high noise
1654	4000	46.1	46.1	6679	high noise
1655	4000	43.1	43.1	8118	high noise
1656	4000	44.0	44.0	8347	high noise
1657	4000	47.4	47.4	7180	high noise
1658	4000	45.8	45.8	7056	high noise
1659	4000	54.6	54.6	5970	high noise
1660	4000	48.1	48.1	6350	high noise
1661	4000	44.8	44.8	7262	high noise
1662	4000	44.0	44.0	7415	high noise
1663	4000	45.5	45.5	7198	high noise
1664	4000	38.6	38.6	7334	high noise
1665	4000	42.0	42.0	7191	high noise
1666	4000	46.1	46.1	6402	high noise
1667	4000	44.4	44.4	7445	high noise
1668	4000	41.1	41.1	7810	high noise
1669	4000	42.4	42.4	7550	high noise
1670	4000	40.3	40.3	8641	high noise
1671	4000	44.3	44.3	6452	high noise
1672	4000	43.3	43.3	7068	high noise
1673	4000	41.6	41.6	7751	high noise
1674	4000	47.3	47.3	6213	high noise
1675	4000	42.3	42.3	7199	high noise
1676	4000	42.9	42.9	7495	high noise
1677	4000	43.2	43.2	7305	high noise
1678	4000	39.8	39.8	7403	high noise
1679	4000	41.6	41.6	6541	high noise
1680	4000	43.8	43.8	7473	high noise
1681	4000	41.6	41.6	7380	high noise
1682	4000	43.1	43.1	7050	high noise
1683	4000	39.5	39.5	8543	high noise
1684	4000	48.3	48.3	6353	high noise
1685	4000	44.1	44.1	6508	high noise
1686	4000	44.5	44.5	7371	high noise
1687	4000	44.6	44.6	7683	high noise
1688	4000	42.6	42.6	7455	high noise
1689	4000	41.5	41.5	7209	high noise
1690	4000	44.4	44.4	7294	high noise
1691	4000	45.1	45.1	7091	high noise
1692	4000	44.3	44.3	6726	high noise
1693	4000	45.3	45.3	6497	high noise
1694	4000	41.2	41.2	8175	high noise
1695	4000	44.7	44.7	6447	high noise
1696	4000	42.6	42.6	7435	high noise
1697	4000	41.1	41.1	7904	high noise
1698	4000	40.4	40.4	8424	high noise
1699	4000	42.7	42.7	8480	high noise
1700	4000	41.3	41.3	7478	high noise
1701	4000	42.7	42.7	7524	high noise
1702	4000	41.4	41.4	7296	high noise
1703	4000	46.3	46.3	6747	high noise
1704	4000	46.1	46.1	7338	high noise
1705	4000	39.2	39.2	7871	high noise
1706	4000	43.2	43.2	6995	high noise
1707	4000	42.6	42.6	7385	high noise
1708	4000	43.1	43.1	7261	high noise
1709	4000	43.3	43.3	7404	high noise
1710	4000	40.4	40.4	7526	high noise
1711	4000	45.4	45.4	7612	high noise
1712	4000	45.3	45.3	6953	high noise
1713	4000	45.9	45.9	6619	high noise
1714	4000	40.8	40.8	7655	high noise
1715	4000	42.4	42.4	9064	high noise
1716	4000	40.4	40.4	8000	high noise
1717	4000	44.2	44.2	7120	high noise
1718	4000	42.0	42.0	7449	high noise
1719	4000	44.0	44.0	6861	high noise
1720	4000	44.8	44.8	8014	high noise
1721	4000	45.8	45.8	6615	high noise
1722	4000	44.9	44.9	7351	high noise
1723	4000	43.8	43.8	7688	high noise
1724	4000	40.5	40.5	8101	high noise
1725	4000	42.6	42.6	7973	high noise
1726	4000	47.8	47.8	6824	high noise
1727	4000	46.4	46.4	6673	high noise
1728	4000	40.8	40.8	8231	high noise
1729	4000	47.8	47.8	6813	high noise
1730	4000	40.0	40.0	7743	high noise
1731	4000	39.8	39.8	8381	high noise
1732	4000	40.4	40.4	8108	high noise
1733	4000	40.0	40.0	6606	high noise
1734	4000	44.8	44.8	7532	high noise
1735	4000	44.9	44.9	6997	high noise
1736	4000	41.3	41.3	7502	high noise
1737	4000	42.3	42.3	8039	high noise
1738	4000	40.1	40.1	7708	high noise
1739	4000	43.5	43.5	8053	high noise
1740	4000	40.7	40.7	7716	high noise
1741	4000	40.6	40.6	7830	high noise
1742	4000	41.7	41.7	7764	high noise
1743	4000	41.8	41.8	7441	high noise
1744	4000	44.0	44.0	6681	high noise
1745	4000	39.5	39.5	8126	high noise
1746	4000	44.1	44.1	7675	high noise
1747	4000	45.3	45.3	7874	high noise
1748	4000	44.8	44.8	7062	high noise
1749	4000	37.6	37.6	9028	high noise
1750	4000	43.1	43.1	7319	high noise
1751	4000	45.3	45.3	7253	high noise
1752	4000	42.6	42.6	7483	high noise
1753	4000	41.7	41.7	7905	high noise
1754	4000	42.5	42.5	8035	high noise
1755	4000	40.8	40.8	7939	high noise
1756	4000	40.8	40.8	7391	high noise
1757	4000	39.4	39.4	8728	high noise
1758	4000	41.2	41.2	8826	high noise
1759	4000	40.0	40.0	8178	high noise
1760	4000	36.0	36.0	9680	high noise
1761	4000	41.5	41.5	8158	high noise
1762	4000	42.1	42.1	7785	high noise
1763	4000	45.8	45.8	6794	high noise
1764	4000	41.5	41.5	7546	high noise
1765	4000	42.2	42.2	7931	high noise
1766	4000	38.7	38.7	8992	high noise
1767	4000	41.6	41.6	7020	high noise
1768	4000	40.9	40.9	8188	high noise
1769	4000	41.4	41.4	8329	high noise
1770	4000	36.8	36.8	10103	high noise
1771	4000	42.9	42.9	7587	high noise
1772	4000	44.7	44.7	7188	high noise
1773	4000	40.6	40.6	7520	high noise
1774	4000	42.2	42.2	8284	high noise
1775	4000	41.6	41.6	8508	high noise
1776	4000	39.4	39.4	8406	high noise
1777	4000	43.5	43.5	7571	high noise
1778	4000	38.6	38.6	8206	high noise
1779	4000	38.7	38.7	8334	high noise
1780	4000	39.3	39.3	9116	high noise
1781	4000	49.1	49.1	6324	high noise
1782	4000	38.6	38.6	8543	high noise
1783	4000	41.3	41.3	7953	high noise
1784	4000	41.5	41.5	8359	high noise
1785	4000	40.1	40.1	8644	high noise
1786	4000	42.0	42.0	7838	high noise
1787	4000	44.3	44.3	7574	high noise
1788	4000	34.9	34.9	9812	high noise
1789	4000	39.2	39.2	8689	high noise
1790	4000	39.6	39.6	7948	high noise
1791	4000	36.5	36.5	8240	high noise
1792	4000	36.9	36.9	9175	high noise
1793	4000	43.2	43.2	7853	high noise
1794	4000	46.2	46.2	7034	high noise
1795	4000	42.5	42.5	7730	high noise
1796	4000	42.6	42.6	7793	high noise
1797	4000	37.9	37.9	9148	high noise
1798	4000	38.6	38.6	9421	high noise
1799	4000	42.8	42.8	7382	high noise
1800	4000	42.2	42.2	8437	high noise
1801	4000	39.3	39.3	8567	high noise
1802	4000	46.3	46.3	6733	high noise
1803	4000	38.1	38.1	9053	high noise
1804	4000	39.7	39.7	8781	high noise
1805	4000	41.1	41.1	7436	high noise
1806	4000	41.0	41.0	7767	high noise
1807	4000	40.5	40.5	7923	high noise
1808	4000	37.6	37.6	9459	high noise
1809	4000	41.4	41.4	7698	high noise
1810	4000	39.9	39.9	8308	high noise
1811	4000	42.2	42.2	7648	high noise
1812	4000	40.7	40.7	8287	high noise
1813	4000	45.1	45.1	7997	high noise
1814	4000	38.4	38.4	7857	high noise
1815	4000	42.6	42.6	8486	high noise
1816	4000	37.9	37.9	8155	high noise
1817	4000	40.8	40.8	7161	high noise
1818	4000	40.7	40.7	8177	high noise
1819	4000	38.1	38.1	9134	high noise
1820	4000	41.0	41.0	7828	high noise
1821	4000	40.3	40.3	8646	high noise
1822	4000	41.3	41.3	7373	high noise
1823	4000	34.0	34.0	9522	high noise
1824	4000	44.6	44.6	7659	high noise
1825	4000	39.7	39.7	8335	high noise
1826	4000	37.1	37.1	8939	high noise
1827	4000	40.5	40.5	8480	high noise
1828	4000	36.0	36.0	10282	high noise
1829	4000	38.2	38.2	8655	high noise
1830	4000	40.2	40.2	8797	high noise
1831	4000	40.1	40.1	8692	high noise
1832	4000	45.0	45.0	7556	high noise
1833	4000	38.4	38.4	9176	high noise
1834	4000	38.0	38.0	9169	high noise
1835	4000	38.6	38.6	8646	high noise
1836	4000	37.6	37.6	8997	high noise
1837	4000	43.0	43.0	7810	high noise
1838	4000	35.4	35.4	9415	high noise
1839	4000	45.4	45.4	6581	high noise
1840	4000	36.5	36.5	8472	high noise
1841	4000	41.7	41.7	8557	high noise
1842	4000	38.1	38.1	8440	high noise
1843	4000	45.3	45.3	7231	high noise
1844	4000	36.6	36.6	9427	high noise
1845	4000	46.1	46.1	6874	high noise
1846	4000	41.1	41.1	8175	high noise
1847	4000	40.0	40.0	8108	high noise
1848	4000	40.5	40.5	8627	high noise
1849	4000	40.3	40.3	8723	high noise
1850	4000	40.1	40.1	7523	high noise
1851	4000	37.1	37.1	8700	high noise
1852	4000	36.4	36.4	9773	high noise
1853	4000	40.7	40.7	8729	high noise
1854	4000	39.9	39.9	8633	high noise
1855	4000	43.5	43.5	9104	high noise
1856	4000	44.0	44.0	7306	high noise
1857	4000	38.5	38.5	8024	high noise
1858	4000	37.4	37.4	8702	high noise
1859	4000	38.8	38.8	8612	high noise
1860	4000	34.8	34.8	9720	high noise
1861	4000	39.3	39.3	8594	high noise
1862	4000	41.4	41.4	7387	high noise
1863	4000	37.9	37.9	8869	high noise
1864	4000	38.6	38.6	8556	high noise
1865	4000	36.4	36.4	9444	high noise
1866	4000	37.3	37.3	8567	high noise
1867	4000	38.4	38.4	8132	high noise
1868	4000	40.5	40.5	7940	high noise
1869	4000	40.7	40.7	8039	high noise
1870	4000	35.5	35.5	9213	high noise
1871	4000	38.8	38.8	8847	high noise
1872	4000	34.5	34.5	9104	high noise
1873	4000	38.6	38.6	8375	high noise
1874	4000	37.9	37.9	9083	high noise
1875	4000	33.5	33.5	10041	high noise
1876	4000	36.6	36.6	9041	high noise
1877	4000	38.5	38.5	8592	high noise
1878	4000	36.7	36.7	9514	high noise
1879	4000	33.6	33.6	10269	high noise
1880	4000	36.6	36.6	9191	high noise
1881	4000	38.5	38.5	8563	high noise
1882	4000	41.4	41.4	7400	high noise
1883	4000	35.2	35.2	9371	high noise
1884	4000	37.9	37.9	8809	high noise
1885	4000	40.1	40.1	8453	high noise
1886	4000	40.4	40.4	8887	high noise
1887	4000	34.8	34.8	10387	high noise
1888	4000	40.0	40.0	8263	high noise
1889	4000	38.6	38.6	8543	high noise
1890	4000	34.1	34.1	11515	high noise
1891	4000	34.6	34.6	10196	high noise
1892	4000	39.5	39.5	8128	high noise
1893	4000	35.0	35.0	9691	high noise
1894	4000	37.7	37.7	8430	high noise
1895	4000	35.6	35.6	9930	high noise
1896	4000	40.2	40.2	8123	high noise
1897	4000	36.4	36.4	8253	high noise
1898	4000	36.4	36.4	9611	high noise
1899	4000	39.9	39.9	8502	high noise
1900	4000	39.5	39.5	8106	high noise
1901	4000	37.1	37.1	9012	high noise
1902	4000	36.1	36.1	8924	high noise
1903	4000	36.7	36.7	9259	high noise
1904	4000	33.6	33.6	9604	high noise
1905	4000	34.5	34.5	9729	high noise
1906	4000	38.7	38.7	8622	high noise
1907	4000	34.4	34.4	10924	high noise
1908	4000	34.5	34.5	9021	high noise
1909	4000	31.8	31.8	10751	high noise
1910	4000	37.7	37.7	9094	high noise
1911	4000	37.8	37.8	8751	high noise
1912	4000	39.8	39.8	8637	high noise
1913	4000	34.1	34.1	10053	high noise
1914	4000	37.0	37.0	8738	high noise
1915	4000	38.6	38.6	8081	high noise
1916	4000	36.4	36.4	8958	high noise
1917	4000	39.1	39.1	9681	high noise
1918	4000	35.2	35.2	9835	high noise
1919	4000	42.9	42.9	7096	high noise
1920	4000	41.1	41.1	8886	high noise
1921	4000	42.6	42.6	8536	high noise
1922	4000	47.0	47.0	7628	high noise
1923	4000	46.1	46.1	7615	high noise
1924	4000	47.1	47.1	7355	high noise
1925	4000	45.6	45.6	7693	high noise
1926	4000	45.3	45.3	7301	high noise
1927	4000	48.9	48.9	7133	high noise
1928	4000	46.4	46.4	7343	high noise
1929	4000	47.1	47.1	7151	high noise
1930	4000	45.4	45.4	8085	high noise
1931	4000	44.4	44.4	8636	high noise
1932	4000	44.9	44.9	7481	high noise
1933	4000	44.5	44.5	7894	high noise
1934	4000	44.0	44.0	7469	high noise
1935	4000	44.4	44.4	7732	high noise
1936	4000	45.9	45.9	6845	high noise
1937	4000	48.9	48.9	6983	high noise
1938	4000	45.1	45.1	7538	high noise
1939	4000	43.4	43.4	7463	high noise
1940	4000	46.5	46.5	7586	high noise
1941	4000	46.6	46.6	7484	high noise
1942	4000	45.0	45.0	8128	high noise
1943	4000	44.6	44.6	8204	high noise
1944	4000	47.3	47.3	7444	high noise
1945	4000	46.3	46.3	7941	high noise
1946	4000	46.3	46.3	7170	high noise
1947	4000	44.8	44.8	7132	high noise
1948	4000	46.6	46.6	7416	high noise
1949	4000	43.2	43.2	8312	high noise
1950	4000	46.4	46.4	7342	high noise
1951	4000	46.2	46.2	7506	high noise
1952	4000	48.6	48.6	6922	high noise
1953	4000	45.9	45.9	7410	high noise
1954	4000	45.1	45.1	7588	high noise
1955	4000	48.5	48.5	7166	high noise
1956	4000	41.9	41.9	9095	high noise
1957	4000	46.2	46.2	7941	high noise
1958	4000	46.0	46.0	7454	high noise
1959	4000	43.1	43.1	7505	high noise
1960	4000	46.0	46.0	7975	high noise
1961	4000	47.3	47.3	7500	high noise
1962	4000	43.5	43.5	8306	high noise
1963	4000	39.4	39.4	8265	high noise
1964	4000	47.0	47.0	7228	high noise
1965	4000	46.0	46.0	7583	high noise
1966	4000	46.7	46.7	7511	high noise
1967	4000	44.9	44.9	7933	high noise
1968	4000	51.9	51.9	7031	high noise
1969	4000	45.9	45.9	7713	high noise
1970	4000	43.2	43.2	8000	high noise
1971	4000	43.7	43.7	8696	high noise
1972	4000	45.5	45.5	7585	high noise
1973	4000	44.6	44.6	7445	high noise
1974	4000	42.8	42.8	8193	high noise
1975	4000	47.5	47.5	7011	high noise
1976	4000	44.1	44.1	8320	high noise
1977	4000	44.5	44.5	7987	high noise
1978	4000	44.8	44.8	7811	high noise
1979	4000	42.4	42.4	8352	high noise
1980	4000	50.9	50.9	7064	high noise
1981	4000	45.0	45.0	8177	high noise
1982	4000	48.4	48.4	7129	high noise
1983	4000	48.5	48.5	7439	high noise
1984	4000	48.3	48.3	6728	high noise
1985	4000	43.0	43.0	9133	high noise
1986	4000	46.1	46.1	7333	high noise
1987	4000	44.8	44.8	8176	high noise
1988	4000	47.6	47.6	7451	high noise
1989	4000	44.4	44.4	7551	high noise
1990	4000	45.5	45.5	7641	high noise
1991	4000	41.2	41.2	9392	high noise
1992	4000	44.0	44.0	7791	high noise
1993	4000	42.4	42.4	8690	high noise
1994	4000	45.5	45.5	8407	high noise
1995	4000	46.0	46.0	7345	high noise
1996	4000	45.4	45.4	8035	high noise
1997	4000	41.7	41.7	8287	high noise
1998	4000	41.4	41.4	8075	high noise
1999	4000	44.2	44.2	7486	high noise
2000	4000	39.0	39.0	9577	high noise
2001	4000	47.8	47.8	6903	high noise
2002	4000	43.7	43.7	8178	high noise
2003	4000	41.3	41.3	8469	high noise
2004	4000	42.8	42.8	8156	high noise
2005	4000	40.1	40.1	9282	high noise
2006	4000	46.8	46.8	7389	high noise
2007	4000	42.0	42.0	8442	high noise
2008	4000	41.5	41.5	8648	high noise
2009	4000	43.4	43.4	7875	high noise
2010	4000	44.7	44.7	7490	high noise
2011	4000	45.1	45.1	7938	high noise
2012	4000	43.0	43.0	8668	high noise
2013	4000	44.1	44.1	7937	high noise
2014	4000	42.3	42.3	8285	high noise
2015	4000	40.9	40.9	9105	high noise
2016	4000	42.0	42.0	8763	high noise
2017	4000	48.5	48.5	6863	high noise
2018	4000	41.4	41.4	8680	high noise
2019	4000	44.6	44.6	7715	high noise
2020	4000	41.1	41.1	8278	high noise
2021	4000	43.9	43.9	7746	high noise
2022	4000	39.6	39.6	9091	high noise
2023	4000	42.3	42.3	8254	high noise
2024	4000	44.3	44.3	7471	high noise
2025	4000	46.0	46.0	7804	high noise
2026	4000	43.4	43.4	7822	high noise
2027	4000	44.5	44.5	7907	high noise
2028	4000	40.9	40.9	8266	high noise
2029	4000	44.7	44.7	7616	high noise
2030	4000	40.8	40.8	8136	high noise
2031	4000	42.4	42.4	7966	high noise
2032	4000	43.0	43.0	8108	high noise
2033	4000	45.4	45.4	8401	high noise
2034	4000	44.5	44.5	7824	high noise
2035	4000	44.1	44.1	8026	high noise
2036	4000	39.7	39.7	9197	high noise
2037	4000	44.8	44.8	7938	high noise
2038	4000	40.7	40.7	8659	high noise
2039	4000	42.7	42.7	7857	high noise
2040	4000	41.8	41.8	8639	high noise
2041	4000	48.0	48.0	6649	high noise
2042	4000	42.9	42.9	8172	high noise
2043	4000	45.7	45.7	8225	high noise
2044	4000	40.8	40.8	9192	high noise
2045	4000	42.4	42.4	8229	high noise
2046	4000	42.0	42.0	8046	high noise
2047	4000	44.9	44.9	8295	high noise
2048	4000	46.8	46.8	7268	high noise
2049	4000	48.6	48.6	7075	high noise
2050	4000	47.2	47.2	8146	high noise
2051	4000	45.7	45.7	8563	high noise
2052	4000	46.3	46.3	7244	high noise
2053	4000	43.3	43.3	8410	high noise
2054	4000	46.0	46.0	7891	high noise
2055	4000	41.6	41.6	7746	high noise
2056	4000	49.7	49.7	6140	high noise
2057	4000	48.5	48.5	6797	high noise
2058	4000	45.2	45.2	8216	high noise
2059	4000	43.8	43.8	8093	high noise
2060	4000	45.0	45.0	7408	high noise
2061	4000	40.7	40.7	8425	high noise
2062	4000	43.2	43.2	7801	high noise
2063	4000	45.3	45.3	7506	high noise
2064	4000	46.6	46.6	7747	high noise
2065	4000	48.4	48.4	7285	high noise
2066	4000	46.1	46.1	6840	high noise
2067	4000	46.2	46.2	7928	high noise
2068	4000	50.0	50.0	7276	high noise
2069	4000	45.9	45.9	8188	high noise
2070	4000	46.9	46.9	7166	high noise
2071	4000	45.8	45.8	6844	high noise
2072	4000	41.4	41.4	9149	high noise
2073	4000	46.3	46.3	7827	high noise
2074	4000	43.1	43.1	9189	high noise
2075	4000	47.1	47.1	7178	high noise
2076	4000	48.2	48.2	7248	high noise
2077	4000	42.9	42.9	8016	high noise
2078	4000	43.5	43.5	8017	high noise
2079	4000	46.8	46.8	7379	high noise
2080	4000	51.2	51.2	7360	high noise
2081	4000	43.8	43.8	7669	high noise
2082	4000	45.5	45.5	7942	high noise
2083	4000	44.9	44.9	7588	high noise
2084	4000	47.7	47.7	6818	high noise
2085	4000	45.5	45.5	7677	high noise
2086	4000	48.6	48.6	7697	high noise
2087	4000	44.3	44.3	7811	high noise
2088	4000	46.2	46.2	7735	high noise
2089	4000	46.8	46.8	7453	high noise
2090	4000	47.8	47.8	7261	high noise
2091	4000	42.8	42.8	7602	high noise
2092	4000	47.3	47.3	7925	high noise
2093	4000	53.1	53.1	7220	high noise
2094	4000	51.2	51.2	6932	high noise
2095	4000	46.7	46.7	7383	high noise
2096	4000	50.4	50.4	7423	high noise
2097	4000	46.1	46.1	7280	high noise
2098	4000	47.1	47.1	7781	high noise
2099	4000	44.7	44.7	7249	high noise
2100	4000	49.6	49.6	6823	high noise
2101	4000	46.6	46.6	7652	high noise
2102	4000	50.2	50.2	7029	high noise
2103	4000	47.7	47.7	7166	high noise
2104	4000	49.7	49.7	6596	high noise
2105	4000	50.3	50.3	7192	high noise
2106	4000	49.9	49.9	6578	high noise
2107	4000	48.3	48.3	7176	high noise
2108	4000	50.5	50.5	6834	high noise
2109	4000	49.7	49.7	7204	high noise
2110	4000	50.7	50.7	7602	high noise
2111	4000	52.1	52.1	6541	high noise
2112	4000	48.5	48.5	7766	high noise
2113	4000	52.3	52.3	6541	high noise
2114	4000	48.4	48.4	7772	high noise
2115	4000	46.6	46.6	7001	high noise
2116	4000	47.6	47.6	7361	high noise
2117	4000	53.2	53.2	7783	high noise
2118	4000	46.5	46.5	7513	high noise
2119	4000	50.8	50.8	6746	high noise
2120	4000	52.0	52.0	6670	high noise
2121	4000	52.5	52.5	7280	high noise
2122	4000	50.5	50.5	7029	high noise
2123	4000	47.1	47.1	7290	high noise
2124	4000	49.3	49.3	7147	high noise
2125	4000	50.7	50.7	7236	high noise
2126	4000	45.5	45.5	7534	high noise
2127	4000	46.0	46.0	8033	high noise
2128	4000	46.4	46.4	7896	high noise
2129	4000	47.1	47.1	7660	high noise
2130	4000	44.4	44.4	7667	high noise
2131	4000	53.5	53.5	6889	high noise
2132	4000	49.3	49.3	6755	high noise
2133	4000	48.9	48.9	6670	high noise
2134	4000	46.5	46.5	7385	high noise
2135	4000	48.8	48.8	7315	high noise
2136	4000	45.7	45.7	7214	high noise
2137	4000	48.6	48.6	7336	high noise
2138	4000	52.4	52.4	6742	high noise
2139	4000	53.3	53.3	6922	high noise
2140	4000	50.2	50.2	7403	high noise
2141	4000	53.5	53.5	7031	high noise
2142	4000	44.4	44.4	8224	high noise
2143	4000	48.1	48.1	7267	high noise
2144	4000	47.7	47.7	7026	high noise
2145	4000	47.2	47.2	7284	high noise
2146	4000	46.0	46.0	8039	high noise
2147	4000	47.4	47.4	7680	high noise
2148	4000	50.4	50.4	6858	high noise
2149	4000	43.9	43.9	7122	high noise
2150	4000	49.5	49.5	7515	high noise
2151	4000	53.3	53.3	7268	high noise
2152	4000	54.2	54.2	7272	high noise
2153	4000	51.6	51.6	7112	high noise
2154	4000	54.1	54.1	6349	high noise
2155	4000	47.6	47.6	7944	high noise
2156	4000	46.2	46.2	8114	high noise
2157	4000	45.9	45.9	7470	high noise
2158	4000	49.8	49.8	7175	high noise
2159	4000	48.5	48.5	7235	high noise
2160	4000	53.9	53.9	7160	high noise
2161	4000	51.0	51.0	6884	high noise
2162	4000	49.3	49.3	7304	high noise
2163	4000	53.4	53.4	6858	high noise
2164	4000	54.2	54.2	6963	high noise
2165	4000	50.6	50.6	6872	high noise
2166	4000	54.0	54.0	7238	high noise
2167	4000	53.6	53.6	6168	high noise
2168	4000	51.7	51.7	7043	high noise
2169	4000	45.3	45.3	7370	high noise
2170	4000	48.6	48.6	7157	high noise
2171	4000	51.7	51.7	7399	high noise
2172	4000	48.8	48.8	7435	high noise
2173	4000	51.7	51.7	7312	high noise
2174	4000	49.0	49.0	7441	high noise
2175	4000	45.2	45.2	7523	high noise
2176	4004	60.1	60.1	9194	high noise
2177	4000	41.5	41.5	8156	high noise
2178	4000	38.5	38.5	9156	high noise
2179	4000	37.5	37.5	9010	high noise
2180	4000	40.5	40.5	9279	high noise
2181	4000	45.4	45.4	8181	high noise
2182	4000	48.8	48.8	8102	high noise
2183	4000	39.9	39.9	9035	high noise
2184	4000	37.9	37.9	8735	high noise
2185	4000	46.5	46.5	7730	high noise
2186	4000	45.0	45.0	8573	high noise
2187	4000	37.8	37.8	9815	high noise
2188	4000	42.6	42.6	8479	high noise
2189	4000	46.9	46.9	8340	high noise
2190	4000	36.7	36.7	10032	high noise
2191	4000	38.9	38.9	9356	high noise
2192	4000	48.2	48.2	7824	high noise
2193	4000	45.6	45.6	8703	high noise
2194	4000	42.7	42.7	8657	high noise
2195	4000	36.2	36.2	9240	high noise
2196	4000	38.9	38.9	9492	high noise
2197	4000	40.2	40.2	8782	high noise
2198	4000	45.0	45.0	8396	high noise
2199	4000	42.5	42.5	8595	high noise
2200	4000	46.5	46.5	7969	high noise
2201	4000	48.1	48.1	7925	high noise
2202	4000	48.8	48.8	7905	high noise
2203	4000	41.9	41.9	8636	high noise
2204	4000	45.2	45.2	7639	high noise
2205	4000	36.2	36.2	9355	high noise
2206	4000	52.3	52.3	7594	high noise
2207	4000	39.7	39.7	9134	high noise
2208	4000	38.4	38.4	9113	high noise
2209	4000	40.9	40.9	9010	high noise
2210	4000	42.2	42.2	8830	high noise
2211	4000	35.0	35.0	10252	high noise
2212	4000	45.3	45.3	8137	high noise
2213	4000	43.8	43.8	8064	high noise
2214	4000	43.9	43.9	8906	high noise
2215	4000	39.5	39.5	8904	high noise
2216	4000	39.7	39.7	9554	high noise
2217	4000	42.8	42.8	8336	high noise
2218	4000	46.1	46.1	8593	high noise
2219	4000	45.7	45.7	8545	high noise
2220	4000	43.9	43.9	8418	high noise
2221	4000	47.6	47.6	7999	high noise
2222	4000	40.2	40.2	9838	high noise
2223	4000	38.1	38.1	9216	high noise
2224	4000	39.8	39.8	8630	high noise
2225	4000	48.9	48.9	7666	high noise
2226	4000	42.9	42.9	8214	high noise
2227	4000	45.5	45.5	8291	high noise
2228	4000	37.8	37.8	9036	high noise
2229	4000	50.2	50.2	7595	high noise
2230	4000	44.1	44.1	8583	high noise
2231	4000	49.9	49.9	7800	high noise
2232	4000	42.8	42.8	8496	high noise
2233	4000	48.5	48.5	7740	high noise
2234	4000	52.1	52.1	7549	high noise
2235	4000	44.1	44.1	8735	high noise
2236	4000	52.0	52.0	7779	high noise
2237	4000	48.1	48.1	7190	high noise
2238	4000	42.5	42.5	8783	high noise
2239	4000	42.1	42.1	8796	high noise
2240	4000	43.7	43.7	8006	high noise
2241	4000	47.4	47.4	7912	high noise
2242	4000	46.0	46.0	8358	high noise
2243	4000	49.4	49.4	7695	high noise
2244	4000	50.0	50.0	7751	high noise
2245	4000	46.1	46.1	7767	high noise
2246	4000	49.1	49.1	8186	high noise
2247	4000	44.2	44.2	8306	high noise
2248	4000	41.0	41.0	8762	high noise
2249	4000	42.9	42.9	8572	high noise
2250	4000	45.0	45.0	7731	high noise
2251	4000	46.0	46.0	7706	high noise
2252	4000	51.5	51.5	7145	high noise
2253	4000	48.4	48.4	7767	high noise
2254	4000	51.4	51.4	7344	high noise
2255	4000	46.8	46.8	7147	high noise
2256	4000	48.9	48.9	7738	high noise
2257	4000	47.0	47.0	7860	high noise
2258	4000	43.8	43.8	8757	high noise
2259	4000	37.1	37.1	9539	high noise
2260	4000	37.5	37.5	10054	high noise
2261	4000	43.9	43.9	8325	high noise
2262	4004	40.8	40.8	9304	high noise
2263	4000	34.7	34.7	10345	high noise
2264	4000	41.6	41.6	9230	high noise
2265	4000	35.1	35.1	9703	high noise
2266	4000	34.2	34.2	10241	high noise
2267	4000	41.5	41.5	9242	high noise
2268	4000	37.0	37.0	9539	high noise
2269	4000	38.4	38.4	8812	high noise
2270	4000	38.9	38.9	8150	high noise
2271	4000	44.5	44.5	8259	high noise
2272	4000	46.3	46.3	8417	high noise
2273	4000	52.1	52.1	7185	high noise
2274	4000	46.3	46.3	8064	high noise
2275	4000	35.5	35.5	9519	high noise
2276	4000	48.6	48.6	8217	high noise
2277	4000	45.7	45.7	8007	high noise
2278	4000	41.4	41.4	8886	high noise
2279	4000	40.9	40.9	9223	high noise
2280	4000	46.5	46.5	8362	high noise
2281	4000	41.4	41.4	9048	high noise
2282	4000	41.8	41.8	8173	high noise
2283	4000	46.4	46.4	8311	high noise
2284	4000	39.9	39.9	8624	high noise
2285	4000	44.7	44.7	7732	high noise
2286	4000	47.1	47.1	8187	high noise
2287	4000	50.7	50.7	7787	high noise
2288	4000	38.8	38.8	9862	high noise
2289	4000	37.7	37.7	9622	high noise
2290	4000	45.2	45.2	8206	high noise
2291	4000	38.4	38.4	8765	high noise
2292	4000	43.0	43.0	8702	high noise
2293	4000	42.7	42.7	8679	high noise
2294	4000	49.3	49.3	7821	high noise
2295	4000	51.3	51.3	7656	high noise
2296	4000	48.5	48.5	7724	high noise
2297	4000	39.2	39.2	8375	high noise
2298	4000	44.2	44.2	8391	high noise
2299	4000	41.3	41.3	8122	high noise
2300	4000	42.3	42.3	8714	high noise
2301	4000	43.9	43.9	8363	high noise
2302	4000	40.7	40.7	8644	high noise
2303	4000	43.3	43.3	8092	high noise
2304	4000	45.9	45.9	8015	high noise
2305	4000	48.2	48.2	7786	high noise
2306	4000	51.7	51.7	7829	high noise
2307	4000	56.3	56.3	7407	high noise
2308	4000	47.7	47.7	7972	high noise
2309	4000	43.0	43.0	8270	high noise
2310	4000	53.0	53.0	7343	high noise
2311	4000	45.9	45.9	8316	high noise
2312	4000	47.5	47.5	8101	high noise
2313	4000	48.6	48.6	8040	high noise
2314	4000	46.4	46.4	7751	high noise
2315	4000	46.9	46.9	7874	high noise
2316	4000	57.3	57.3	6755	high noise
2317	4000	52.3	52.3	7234	high noise
2318	4000	52.9	52.9	7126	high noise
2319	4000	39.1	39.1	8756	high noise
2320	4000	53.2	53.2	6969	high noise
2321	4000	46.7	46.7	7750	high noise
2322	4000	52.7	52.7	7396	high noise
2323	4000	45.3	45.3	7841	high noise
2324	4000	51.7	51.7	6896	high noise
2325	4004	60.3	60.3	6958	high noise
2326	4000	53.4	53.4	7808	high noise
2327	4000	47.0	47.0	8704	high noise
2328	4000	45.2	45.2	8182	high noise
2329	4000	54.6	54.6	7246	high noise
2330	4000	51.2	51.2	6612	high noise
2331	4000	49.2	49.2	7965	high noise
2332	4000	49.8	49.8	7494	high noise
2333	4000	48.2	48.2	7569	high noise
2334	4000	58.8	58.8	6972	high noise
2335	4000	53.1	53.1	7013	high noise
2336	4000	49.7	49.7	6994	high noise
2337	4004	54.4	54.4	7858	high noise
2338	4000	48.7	48.7	7850	high noise
2339	4004	47.0	47.0	7966	high noise
2340	4000	55.8	55.8	6982	high noise
2341	4000	46.8	46.8	8166	high noise
2342	4000	57.2	57.2	7226	high noise
2343	4000	46.0	46.0	7465	high noise
2344	4000	51.2	51.2	7327	high noise
2345	4000	49.7	49.7	7351	high noise
2346	4000	46.5	46.5	7554	high noise
2347	4000	61.3	61.3	6320	high noise
2348	4000	50.2	50.2	7669	high noise
2349	4000	49.1	49.1	8059	high noise
2350	4000	48.8	48.8	7470	high noise
2351	4000	52.3	52.3	7695	high noise
2352	4000	49.1	49.1	7682	high noise
2353	4000	55.0	55.0	6541	high noise
2354	4000	52.9	52.9	7394	high noise
2355	4000	55.6	55.6	6470	high noise
2356	4000	49.2	49.2	7862	high noise
2357	4000	55.9	55.9	6823	high noise
2358	4000	49.5	49.5	8237	high noise
2359	4004	56.6	56.6	7392	high noise
2360	4004	56.8	56.8	6896	high noise
2361	4000	55.2	55.2	7133	high noise
2362	4000	48.7	48.7	7910	high noise
2363	4000	47.4	47.4	7537	high noise
2364	4000	45.3	45.3	7858	high noise
2365	4000	50.9	50.9	7681	high noise
2366	4000	46.1	46.1	7581	high noise
2367	4000	49.6	49.6	7931	high noise
2368	4000	52.4	52.4	7680	high noise
2369	4000	58.3	58.3	6868	high noise
2370	4004	58.2	58.2	7453	high noise
2371	4000	52.3	52.3	7237	high noise
2372	4000	57.3	57.3	6999	high noise
2373	4000	50.2	50.2	7592	high noise
2374	4004	60.7	60.7	7488	high noise
2375	4004	58.1	58.1	7036	high noise
2376	4000	48.8	48.8	7995	high noise
2377	4000	52.0	52.0	7211	high noise
2378	4000	60.9	60.9	7090	high noise
2379	4000	54.9	54.9	7197	high noise
2380	4000	55.5	55.5	7243	high noise
2381	4000	55.3	55.3	7159	high noise
2382	4000	46.4	46.4	7652	high noise
2383	4000	48.5	48.5	7745	high noise
2384	4000	41.7	41.7	8498	high noise
2385	4000	54.8	54.8	6671	high noise
2386	4000	49.5	49.5	7890	high noise
2387	4000	56.5	56.5	6972	high noise
2388	4000	49.9	49.9	7501	high noise
2389	4000	51.0	51.0	6985	high noise
2390	4000	55.7	55.7	6797	high noise
2391	4000	51.3	51.3	7776	high noise
2392	4000	54.9	54.9	6894	high noise
2393	4000	49.6	49.6	6888	high noise
2394	4000	44.1	44.1	7806	high noise
2395	4000	45.8	45.8	7690	high noise
2396	4004	60.7	60.7	7090	high noise
2397	4000	59.2	59.2	6948	high noise
2398	4000	57.7	57.7	7362	high noise
2399	4000	58.5	58.5	6566	high noise
2400	4000	50.5	50.5	7959	high noise
2401	4000	59.0	59.0	6655	high noise
2402	4000	50.4	50.4	7572	high noise
2403	4000	60.1	60.1	6856	high noise
2404	4000	56.5	56.5	6733	high noise
2405	4004	56.0	56.0	6954	high noise
2406	4000	51.2	51.2	7089	high noise
2407	4000	48.8	48.8	7866	high noise
2408	4000	44.8	44.8	7444	high noise
2409	4000	52.0	52.0	7476	high noise
2410	4000	50.1	50.1	7386	high noise
2411	4000	46.8	46.8	7545	high noise
2412	4004	56.3	56.3	7629	high noise
2413	4000	50.4	50.4	7381	high noise
2414	4000	48.9	48.9	7293	high noise
2415	4000	49.6	49.6	7577	high noise
2416	4000	53.1	53.1	7344	high noise
2417	4000	51.6	51.6	7018	high noise
2418	4000	46.4	46.4	7415	high noise
2419	4000	51.2	51.2	7724	high noise
2420	4000	51.1	51.1	7653	high noise
2421	4004	55.5	55.5	7506	high noise
2422	4000	50.0	50.0	7697	high noise
2423	4004	54.4	54.4	7556	high noise
2424	4000	45.6	45.6	7671	high noise
2425	4000	52.7	52.7	7441	high noise
2426	4004	58.2	58.2	7070	high noise
2427	4000	51.2	51.2	8079	high noise
2428	4000	52.4	52.4	7465	high noise
2429	4000	52.5	52.5	7838	high noise
2430	4000	58.5	58.5	6885	high noise
2431	4000	56.2	56.2	6957	high noise
2432	4000	41.4	41.4	8517	high noise
2433	4000	41.9	41.9	8046	high noise
2434	4000	48.4	48.4	7685	high noise
2435	4000	41.0	41.0	8691	high noise
2436	4000	47.3	47.3	7259	high noise
2437	4000	41.5	41.5	8478	high noise
2438	4000	44.8	44.8	8638	high noise
2439	4000	44.1	44.1	7839	high noise
2440	4000	48.9	48.9	7461	high noise
2441	4000	47.4	47.4	7603	high noise
2442	4000	49.6	49.6	7616	high noise
2443	4000	52.5	52.5	7685	high noise
2444	4000	44.8	44.8	7831	high noise
2445	4000	46.0	46.0	8526	high noise
2446	4000	45.3	45.3	8624	high noise
2447	4000	55.4	55.4	7085	high noise
2448	4000	47.8	47.8	7860	high noise
2449	4000	56.0	56.0	7154	high noise
2450	4000	44.0	44.0	7195	high noise
2451	4000	51.6	51.6	7401	high noise
2452	4000	44.1	44.1	8496	high noise
2453	4000	47.0	47.0	8066	high noise
2454	4000	47.4	47.4	7444	high noise
2455	4000	44.0	44.0	9083	high noise
2456	4000	51.5	51.5	7775	high noise
2457	4000	40.9	40.9	8293	high noise
2458	4000	47.3	47.3	8129	high noise
2459	4000	46.6	46.6	8062	high noise
2460	4000	43.7	43.7	8456	high noise
2461	4000	51.2	51.2	6831	high noise
2462	4000	54.2	54.2	7301	high noise
2463	4000	49.7	49.7	7822	high noise
2464	4000	49.3	49.3	7970	high noise
2465	4000	51.9	51.9	7451	high noise
2466	4000	51.9	51.9	7949	high noise
2467	4000	48.8	48.8	7278	high noise
2468	4000	45.8	45.8	7741	high noise
2469	4000	47.7	47.7	7893	high noise
2470	4000	50.6	50.6	7530	high noise
2471	4000	49.2	49.2	7759	high noise
2472	4000	51.7	51.7	7321	high noise
2473	4000	52.3	52.3	6911	high noise
2474	4000	46.2	46.2	8214	high noise
2475	4000	47.0	47.0	7677	high noise
2476	4000	51.5	51.5	7871	high noise
2477	4000	54.8	54.8	7412	high noise
2478	4000	44.0	44.0	8160	high noise
2479	4000	46.5	46.5	7857	high noise
2480	4000	51.3	51.3	7536	high noise
2481	4000	46.7	46.7	8498	high noise
2482	4000	49.4	49.4	7427	high noise
2483	4000	43.0	43.0	8378	high noise
2484	4000	44.7	44.7	8200	high noise
2485	4000	49.3	49.3	8422	high noise
2486	4000	51.9	51.9	7534	high noise
2487	4000	52.3	52.3	6916	high noise
2488	4000	56.8	56.8	7559	high noise
2489	4000	49.8	49.8	7478	high noise
2490	4000	52.0	52.0	7071	high noise
2491	4000	48.7	48.7	8021	high noise
2492	4000	40.9	40.9	8051	high noise
2493	4000	54.5	54.5	7326	high noise
2494	4000	45.2	45.2	8310	high noise
2495	4000	52.9	52.9	6928	high noise
2496	4000	53.8	53.8	7665	high noise
2497	4000	47.9	47.9	8213	high noise
2498	4000	46.5	46.5	7115	high noise
2499	4000	47.3	47.3	8370	high noise
2500	4000	49.5	49.5	7919	high noise
2501	4004	54.0	54.0	7711	high noise
2502	4000	43.8	43.8	8599	high noise
2503	4000	46.5	46.5	7347	high noise
2504	4000	46.9	46.9	8278	high noise
2505	4000	45.8	45.8	8537	high noise
2506	4000	43.2	43.2	8404	high noise
2507	4000	43.5	43.5	8391	high noise
2508	4000	42.7	42.7	8689	high noise
2509	4000	40.5	40.5	8617	high noise
2510	4000	44.9	44.9	8486	high noise
2511	4000	42.6	42.6	7910	high noise
2512	4000	38.4	38.4	9194	high noise
2513	4000	47.8	47.8	7944	high noise
2514	4000	44.3	44.3	7576	high noise
2515	4000	53.0	53.0	7203	high noise
2516	4000	41.4	41.4	8035	high noise
2517	4000	47.4	47.4	7595	high noise
2518	4000	44.5	44.5	8353	high noise
2519	4000	46.1	46.1	8390	high noise
2520	4000	46.2	46.2	8645	high noise
2521	4000	46.3	46.3	8261	high noise
2522	4000	47.6	47.6	7925	high noise
2523	4000	41.1	41.1	9203	high noise
2524	4000	54.1	54.1	7306	high noise
2525	4000	46.4	46.4	7145	high noise
2526	4000	43.4	43.4	8952	high noise
2527	4000	44.9	44.9	7611	high noise
2528	4000	49.2	49.2	7997	high noise
2529	4000	42.6	42.6	8456	high noise
2530	4000	41.9	41.9	8459	high noise
2531	4000	41.0	41.0	8705	high noise
2532	4000	51.0	51.0	7587	high noise
2533	4000	44.2	44.2	8259	high noise
2534	4000	49.9	49.9	7433	high noise
2535	4000	49.8	49.8	7562	high noise
2536	4000	45.9	45.9	7888	high noise
2537	4000	51.5	51.5	7679	high noise
2538	4000	42.6	42.6	8404	high noise
2539	4000	44.4	44.4	8180	high noise
2540	4000	41.7	41.7	8293	high noise
2541	4000	44.2	44.2	8851	high noise
2542	4000	43.1	43.1	8504	high noise
2543	4000	45.7	45.7	7997	high noise
2544	4000	37.9	37.9	8849	high noise
2545	4000	38.3	38.3	9227	high noise
2546	4000	48.5	48.5	7938	high noise
2547	4000	41.3	41.3	8665	high noise
2548	4000	51.4	51.4	8017	high noise
2549	4000	49.4	49.4	6845	high noise
2550	4000	43.3	43.3	8716	high noise
2551	4000	52.7	52.7	7395	high noise
2552	4000	44.4	44.4	8769	high noise
2553	4000	47.4	47.4	7556	high noise
2554	4000	43.6	43.6	8660	high noise
2555	4000	49.1	49.1	8016	high noise
2556	4000	43.9	43.9	8627	high noise
2557	4000	45.6	45.6	7472	high noise
2558	4000	52.6	52.6	7710	high noise
2559	4000	41.2	41.2	8760	high noise
