#chan	code	gain	offset	innse	comment
   0	4000	81.6	81.6	1049	high noise
   1	4000	77.5	77.5	 936	high noise
   2	   0	72.8	72.8	 803	OK
   3	   0	83.9	83.9	 760	OK
   4	   0	82.6	82.6	 873	OK
   5	   0	77.8	77.8	 733	OK
   6	   0	76.5	76.5	 868	OK
   7	   0	79.4	79.4	 814	OK
   8	   0	77.8	77.8	 856	OK
   9	   0	72.2	72.2	 904	OK
  10	   0	77.5	77.5	 819	OK
  11	   0	74.9	74.9	 728	OK
  12	   0	80.8	80.8	 759	OK
  13	   0	79.7	79.7	 886	OK
  14	   0	84.2	84.2	 721	OK
  15	   0	76.5	76.5	 735	OK
  16	   0	82.7	82.7	 782	OK
  17	4000	85.0	85.0	 917	high noise
  18	   0	80.3	80.3	 792	OK
  19	   0	79.0	79.0	 773	OK
  20	   0	73.6	73.6	 771	OK
  21	   0	75.6	75.6	 789	OK
  22	   0	79.2	79.2	 751	OK
  23	   0	74.1	74.1	 855	OK
  24	   0	76.5	76.5	 735	OK
  25	   0	74.1	74.1	 738	OK
  26	   0	76.3	76.3	 783	OK
  27	   0	72.4	72.4	 793	OK
  28	   0	78.0	78.0	 819	OK
  29	   0	75.5	75.5	 776	OK
  30	   0	79.7	79.7	 836	OK
  31	   0	85.1	85.1	 676	OK
  32	   0	77.1	77.1	 774	OK
  33	   0	81.0	81.0	 810	OK
  34	   0	75.3	75.3	 758	OK
  35	   0	78.0	78.0	 701	OK
  36	   0	81.4	81.4	 782	OK
  37	   0	84.0	84.0	 860	OK
  38	   0	79.8	79.8	 752	OK
  39	   0	78.9	78.9	 802	OK
  40	   0	82.1	82.1	 713	OK
  41	   0	82.6	82.6	 795	OK
  42	   0	86.1	86.1	 740	OK
  43	   0	77.6	77.6	 867	OK
  44	   0	72.7	72.7	 727	OK
  45	   0	80.5	80.5	 842	OK
  46	   0	85.7	85.7	 833	OK
  47	   0	83.3	83.3	 841	OK
  48	   0	80.4	80.4	 795	OK
  49	   0	80.2	80.2	 752	OK
  50	   0	79.2	79.2	 759	OK
  51	   0	80.0	80.0	 810	OK
  52	   0	80.9	80.9	 837	OK
  53	   0	80.4	80.4	 724	OK
  54	   0	86.5	86.5	 904	OK
  55	   0	77.9	77.9	 811	OK
  56	   0	77.6	77.6	 774	OK
  57	   0	79.8	79.8	 795	OK
  58	   0	79.9	79.9	 795	OK
  59	   0	80.8	80.8	 793	OK
  60	   0	81.9	81.9	 727	OK
  61	   0	80.8	80.8	 714	OK
  62	   0	77.7	77.7	 849	OK
  63	   0	84.6	84.6	 754	OK
  64	   0	80.5	80.5	 739	OK
  65	   0	82.1	82.1	 782	OK
  66	   0	90.6	90.6	 802	OK
  67	   0	78.5	78.5	 736	OK
  68	   0	91.3	91.3	 817	OK
  69	   0	83.6	83.6	 761	OK
  70	   0	84.4	84.4	 772	OK
  71	   0	82.4	82.4	 740	OK
  72	4000	80.0	80.0	 913	high noise
  73	   0	78.8	78.8	 805	OK
  74	   0	84.7	84.7	 855	OK
  75	   0	85.4	85.4	 717	OK
  76	   0	86.1	86.1	 766	OK
  77	   0	81.7	81.7	 784	OK
  78	   0	84.8	84.8	 792	OK
  79	   0	90.0	90.0	 885	OK
  80	   0	82.8	82.8	 867	OK
  81	   0	83.2	83.2	 816	OK
  82	   0	84.6	84.6	 764	OK
  83	   0	86.5	86.5	 715	OK
  84	   0	83.6	83.6	 685	OK
  85	   0	79.4	79.4	 753	OK
  86	   0	81.5	81.5	 738	OK
  87	   0	78.5	78.5	 833	OK
  88	   0	85.8	85.8	 777	OK
  89	   0	81.2	81.2	 791	OK
  90	   0	79.3	79.3	 778	OK
  91	   0	83.2	83.2	 715	OK
  92	   0	79.7	79.7	 843	OK
  93	   0	79.1	79.1	 837	OK
  94	   0	84.1	84.1	 838	OK
  95	   0	83.2	83.2	 696	OK
  96	   0	78.8	78.8	 766	OK
  97	   0	80.8	80.8	 773	OK
  98	   0	76.6	76.6	 842	OK
  99	   0	77.2	77.2	 833	OK
 100	   0	82.2	82.2	 803	OK
 101	   0	83.0	83.0	 778	OK
 102	   0	79.3	79.3	 775	OK
 103	   0	81.3	81.3	 796	OK
 104	   0	81.4	81.4	 785	OK
 105	   0	80.0	80.0	 864	OK
 106	   0	78.4	78.4	 770	OK
 107	   0	79.1	79.1	 767	OK
 108	   0	82.0	82.0	 772	OK
 109	   0	75.2	75.2	 822	OK
 110	   0	79.3	79.3	 724	OK
 111	   0	83.3	83.3	 778	OK
 112	   0	88.8	88.8	 854	OK
 113	   0	82.1	82.1	 723	OK
 114	   0	80.0	80.0	 802	OK
 115	   0	83.9	83.9	 693	OK
 116	   0	77.8	77.8	 774	OK
 117	   0	77.3	77.3	 698	OK
 118	   0	79.3	79.3	 780	OK
 119	   0	78.5	78.5	 712	OK
 120	   0	77.6	77.6	 777	OK
 121	   0	82.6	82.6	 814	OK
 122	   0	81.2	81.2	 848	OK
 123	   0	80.4	80.4	 737	OK
 124	   0	78.9	78.9	 872	OK
 125	   0	74.0	74.0	 835	OK
 126	   0	81.8	81.8	 866	OK
 127	   0	74.7	74.7	 796	OK
 128	   0	75.0	75.0	 786	OK
 129	   0	71.7	71.7	 780	OK
 130	   0	72.9	72.9	 807	OK
 131	   0	78.8	78.8	 844	OK
 132	   0	77.9	77.9	 697	OK
 133	   0	79.7	79.7	 810	OK
 134	   0	76.4	76.4	 809	OK
 135	   0	77.6	77.6	 856	OK
 136	   0	78.3	78.3	 859	OK
 137	   0	70.4	70.4	 878	OK
 138	   0	74.4	74.4	 849	OK
 139	   0	76.4	76.4	 831	OK
 140	   0	74.6	74.6	 904	OK
 141	   0	78.2	78.2	 782	OK
 142	   0	70.2	70.2	 732	OK
 143	   0	69.9	69.9	 701	OK
 144	4000	75.7	75.7	 930	high noise
 145	   0	76.2	76.2	 779	OK
 146	   0	72.5	72.5	 826	OK
 147	   0	70.5	70.5	 654	OK
 148	   0	75.7	75.7	 891	OK
 149	   0	77.3	77.3	 767	OK
 150	   0	75.1	75.1	 774	OK
 151	   0	72.7	72.7	 808	OK
 152	   0	75.3	75.3	 788	OK
 153	   0	74.7	74.7	 758	OK
 154	   0	76.7	76.7	 765	OK
 155	   0	77.5	77.5	 747	OK
 156	   0	76.1	76.1	 778	OK
 157	   0	79.3	79.3	 735	OK
 158	   0	76.5	76.5	 812	OK
 159	   0	79.0	79.0	 768	OK
 160	   0	72.4	72.4	 899	OK
 161	   0	74.1	74.1	 878	OK
 162	   0	76.7	76.7	 838	OK
 163	   0	77.3	77.3	 832	OK
 164	   0	76.1	76.1	 892	OK
 165	   0	77.4	77.4	 846	OK
 166	   0	78.1	78.1	 808	OK
 167	   0	70.1	70.1	 821	OK
 168	   0	77.8	77.8	 778	OK
 169	   0	79.4	79.4	 741	OK
 170	   0	73.7	73.7	 747	OK
 171	   0	80.4	80.4	 806	OK
 172	   0	74.4	74.4	 856	OK
 173	   0	77.8	77.8	 759	OK
 174	   0	73.0	73.0	 773	OK
 175	   0	77.7	77.7	 727	OK
 176	   0	71.6	71.6	 825	OK
 177	   0	78.7	78.7	 713	OK
 178	   0	74.4	74.4	 775	OK
 179	   0	77.2	77.2	 827	OK
 180	   0	73.0	73.0	 813	OK
 181	   0	73.6	73.6	 661	OK
 182	   0	78.0	78.0	 797	OK
 183	   0	78.7	78.7	 882	OK
 184	   0	80.7	80.7	 727	OK
 185	   0	79.1	79.1	 791	OK
 186	   0	77.9	77.9	 845	OK
 187	   0	83.8	83.8	 886	OK
 188	   0	80.6	80.6	 704	OK
 189	   0	77.5	77.5	 811	OK
 190	   0	79.6	79.6	 889	OK
 191	   0	78.8	78.8	 854	OK
 192	   0	77.3	77.3	 802	OK
 193	   0	76.7	76.7	 773	OK
 194	   0	72.3	72.3	 758	OK
 195	   0	75.1	75.1	 801	OK
 196	   0	76.3	76.3	 806	OK
 197	   0	70.6	70.6	 689	OK
 198	   0	74.3	74.3	 903	OK
 199	   0	77.6	77.6	 816	OK
 200	   0	79.1	79.1	 749	OK
 201	   0	77.6	77.6	 732	OK
 202	4000	79.5	79.5	 913	high noise
 203	   0	79.4	79.4	 805	OK
 204	   0	78.1	78.1	 814	OK
 205	   0	67.8	67.8	 849	OK
 206	   0	81.1	81.1	 781	OK
 207	   0	78.5	78.5	 837	OK
 208	   0	72.3	72.3	 837	OK
 209	   0	78.3	78.3	 741	OK
 210	   0	77.2	77.2	 734	OK
 211	   0	72.5	72.5	 770	OK
 212	   0	74.2	74.2	 746	OK
 213	4000	71.2	71.2	 938	high noise
 214	   0	77.2	77.2	 816	OK
 215	   0	77.0	77.0	 801	OK
 216	   0	75.4	75.4	 821	OK
 217	   0	77.0	77.0	 709	OK
 218	   0	76.3	76.3	 805	OK
 219	   0	76.3	76.3	 825	OK
 220	   0	77.2	77.2	 850	OK
 221	   0	77.7	77.7	 769	OK
 222	   0	71.8	71.8	 668	OK
 223	   0	70.4	70.4	 818	OK
 224	   0	77.2	77.2	 719	OK
 225	   0	82.1	82.1	 805	OK
 226	   0	78.1	78.1	 796	OK
 227	   0	73.4	73.4	 824	OK
 228	   0	79.3	79.3	 781	OK
 229	   0	78.2	78.2	 848	OK
 230	   0	78.7	78.7	 716	OK
 231	   0	74.0	74.0	 806	OK
 232	   0	81.2	81.2	 823	OK
 233	   0	78.7	78.7	 874	OK
 234	   0	70.8	70.8	 751	OK
 235	   0	75.1	75.1	 714	OK
 236	   0	77.3	77.3	 783	OK
 237	   0	71.3	71.3	 745	OK
 238	   0	76.3	76.3	 842	OK
 239	   0	77.5	77.5	 610	OK
 240	   0	74.6	74.6	 726	OK
 241	   0	74.3	74.3	 780	OK
 242	   0	77.3	77.3	 738	OK
 243	   0	69.8	69.8	 758	OK
 244	   0	75.3	75.3	 713	OK
 245	   0	75.4	75.4	 799	OK
 246	   0	71.5	71.5	 763	OK
 247	   0	79.9	79.9	 697	OK
 248	   0	71.2	71.2	 833	OK
 249	   0	76.2	76.2	 607	OK
 250	   0	72.2	72.2	 820	OK
 251	   0	77.3	77.3	 808	OK
 252	   0	78.3	78.3	 840	OK
 253	   0	73.5	73.5	 782	OK
 254	   0	73.9	73.9	 881	OK
 255	   0	74.3	74.3	 765	OK
 256	   0	93.8	93.8	 672	OK
 257	   0	92.7	92.7	 722	OK
 258	   0	88.0	88.0	 658	OK
 259	   0	93.8	93.8	 748	OK
 260	   0	86.8	86.8	 695	OK
 261	   0	85.0	85.0	 726	OK
 262	   0	83.2	83.2	 812	OK
 263	   0	98.4	98.4	 707	OK
 264	   0	88.5	88.5	 733	OK
 265	   0	95.7	95.7	 602	OK
 266	   0	96.9	96.9	 721	OK
 267	   0	89.8	89.8	 762	OK
 268	   0	85.1	85.1	 750	OK
 269	   0	95.4	95.4	 718	OK
 270	   0	86.1	86.1	 781	OK
 271	   0	94.4	94.4	 646	OK
 272	   0	92.4	92.4	 745	OK
 273	   0	92.3	92.3	 706	OK
 274	   0	87.6	87.6	 556	OK
 275	   0	92.9	92.9	 656	OK
 276	   0	88.3	88.3	 710	OK
 277	   0	77.9	77.9	 727	OK
 278	   0	87.7	87.7	 759	OK
 279	   0	96.2	96.2	 789	OK
 280	   0	88.9	88.9	 696	OK
 281	   0	94.6	94.6	 733	OK
 282	   0	87.5	87.5	 807	OK
 283	   0	90.0	90.0	 785	OK
 284	   0	93.6	93.6	 782	OK
 285	   0	90.9	90.9	 786	OK
 286	   0	88.2	88.2	 652	OK
 287	   0	91.4	91.4	 636	OK
 288	   0	85.4	85.4	 680	OK
 289	   0	81.4	81.4	 774	OK
 290	   0	88.3	88.3	 776	OK
 291	   0	94.7	94.7	 786	OK
 292	   0	94.5	94.5	 648	OK
 293	   0	92.3	92.3	 667	OK
 294	   0	79.1	79.1	 697	OK
 295	   0	86.5	86.5	 712	OK
 296	   0	87.4	87.4	 727	OK
 297	   0	91.6	91.6	 743	OK
 298	   0	86.4	86.4	 670	OK
 299	   0	93.2	93.2	 747	OK
 300	   0	95.4	95.4	 687	OK
 301	   0	88.3	88.3	 710	OK
 302	   0	88.2	88.2	 667	OK
 303	   0	90.2	90.2	 750	OK
 304	   0	84.9	84.9	 740	OK
 305	   0	93.3	93.3	 766	OK
 306	   0	93.0	93.0	 706	OK
 307	   0	93.7	93.7	 632	OK
 308	   0	91.0	91.0	 747	OK
 309	   0	95.7	95.7	 755	OK
 310	   0	89.1	89.1	 774	OK
 311	   0	90.6	90.6	 696	OK
 312	   0	87.4	87.4	 707	OK
 313	   0	87.2	87.2	 713	OK
 314	   0	87.1	87.1	 667	OK
 315	   0	89.0	89.0	 613	OK
 316	   0	99.8	99.8	 779	OK
 317	   0	93.4	93.4	 688	OK
 318	   0	91.7	91.7	 673	OK
 319	   0	93.0	93.0	 680	OK
 320	   0	94.9	94.9	 807	OK
 321	   0	96.5	96.5	 646	OK
 322	   0	91.9	91.9	 801	OK
 323	   0	94.6	94.6	 740	OK
 324	   0	93.2	93.2	 646	OK
 325	4000	91.7	91.7	 828	high noise
 326	   0	86.7	86.7	 762	OK
 327	   0	89.3	89.3	 743	OK
 328	   0	89.8	89.8	 639	OK
 329	   0	90.2	90.2	 714	OK
 330	   0	90.7	90.7	 793	OK
 331	   0	91.6	91.6	 669	OK
 332	   0	97.6	97.6	 711	OK
 333	   0	87.7	87.7	 759	OK
 334	   0	93.3	93.3	 737	OK
 335	   0	91.7	91.7	 661	OK
 336	   0	83.7	83.7	 697	OK
 337	   0	88.3	88.3	 680	OK
 338	   0	90.7	90.7	 762	OK
 339	   0	90.2	90.2	 662	OK
 340	   0	83.8	83.8	 714	OK
 341	   0	87.9	87.9	 741	OK
 342	   0	87.6	87.6	 701	OK
 343	   0	83.0	83.0	 799	OK
 344	   0	86.4	86.4	 739	OK
 345	   0	90.9	90.9	 620	OK
 346	   0	98.0	98.0	 746	OK
 347	   0	86.9	86.9	 689	OK
 348	   0	90.0	90.0	 681	OK
 349	   0	87.3	87.3	 747	OK
 350	   0	92.2	92.2	 631	OK
 351	   0	92.6	92.6	 718	OK
 352	   0	85.6	85.6	 753	OK
 353	   0	82.2	82.2	 651	OK
 354	   0	86.3	86.3	 658	OK
 355	   0	94.1	94.1	 683	OK
 356	   0	86.9	86.9	 693	OK
 357	   0	88.2	88.2	 699	OK
 358	   0	90.9	90.9	 784	OK
 359	   0	91.8	91.8	 628	OK
 360	   0	86.4	86.4	 642	OK
 361	   0	90.7	90.7	 698	OK
 362	   0	89.8	89.8	 722	OK
 363	   0	91.1	91.1	 744	OK
 364	   0	82.8	82.8	 771	OK
 365	   0	89.8	89.8	 793	OK
 366	   0	88.8	88.8	 681	OK
 367	   0	88.3	88.3	 757	OK
 368	   0	89.1	89.1	 645	OK
 369	   0	90.0	90.0	 822	OK
 370	   0	90.3	90.3	 675	OK
 371	   0	93.6	93.6	 752	OK
 372	   0	85.1	85.1	 734	OK
 373	   0	91.8	91.8	 739	OK
 374	   0	93.2	93.2	 783	OK
 375	   0	83.4	83.4	 721	OK
 376	   0	90.9	90.9	 676	OK
 377	   0	87.5	87.5	 788	OK
 378	   0	92.2	92.2	 734	OK
 379	   0	89.9	89.9	 722	OK
 380	   0	85.0	85.0	 656	OK
 381	   0	91.8	91.8	 816	OK
 382	   0	91.9	91.9	 699	OK
 383	   0	89.3	89.3	 654	OK
 384	   0	76.9	76.9	 759	OK
 385	   0	83.5	83.5	 677	OK
 386	   0	81.4	81.4	 716	OK
 387	   0	80.0	80.0	 666	OK
 388	   0	83.7	83.7	 723	OK
 389	   0	86.6	86.6	 748	OK
 390	   0	88.5	88.5	 627	OK
 391	   0	83.0	83.0	 719	OK
 392	   0	77.9	77.9	 651	OK
 393	   0	77.1	77.1	 690	OK
 394	   0	82.1	82.1	 684	OK
 395	   0	82.6	82.6	 741	OK
 396	   0	79.7	79.7	 675	OK
 397	   0	86.6	86.6	 724	OK
 398	   0	87.5	87.5	 696	OK
 399	   0	83.3	83.3	 718	OK
 400	   0	88.3	88.3	 682	OK
 401	   0	83.2	83.2	 683	OK
 402	   0	81.9	81.9	 735	OK
 403	   0	74.2	74.2	 625	OK
 404	   0	85.3	85.3	 595	OK
 405	   0	81.0	81.0	 637	OK
 406	   0	81.3	81.3	 748	OK
 407	   0	84.5	84.5	 733	OK
 408	   0	81.0	81.0	 749	OK
 409	   0	80.7	80.7	 684	OK
 410	   0	78.9	78.9	 727	OK
 411	   0	82.2	82.2	 694	OK
 412	   0	85.4	85.4	 735	OK
 413	   0	85.9	85.9	 695	OK
 414	   0	87.7	87.7	 754	OK
 415	   0	87.9	87.9	 680	OK
 416	   0	80.1	80.1	 708	OK
 417	   0	91.1	91.1	 723	OK
 418	   0	85.8	85.8	 747	OK
 419	   0	81.3	81.3	 691	OK
 420	   0	86.9	86.9	 753	OK
 421	   0	86.1	86.1	 598	OK
 422	   0	82.9	82.9	 679	OK
 423	   0	89.2	89.2	 693	OK
 424	   0	87.6	87.6	 740	OK
 425	   0	82.1	82.1	 721	OK
 426	   0	87.3	87.3	 658	OK
 427	   0	84.8	84.8	 788	OK
 428	   0	91.7	91.7	 636	OK
 429	   0	86.7	86.7	 696	OK
 430	   0	85.0	85.0	 761	OK
 431	   0	83.3	83.3	 741	OK
 432	   0	78.6	78.6	 771	OK
 433	   0	86.6	86.6	 727	OK
 434	   0	83.4	83.4	 612	OK
 435	   0	80.2	80.2	 631	OK
 436	   0	78.8	78.8	 737	OK
 437	   0	88.3	88.3	 715	OK
 438	   0	81.9	81.9	 765	OK
 439	   0	84.0	84.0	 752	OK
 440	   0	88.0	88.0	 743	OK
 441	   0	85.9	85.9	 549	OK
 442	   0	84.8	84.8	 753	OK
 443	   0	85.2	85.2	 811	OK
 444	   0	84.9	84.9	 746	OK
 445	   0	86.1	86.1	 671	OK
 446	   0	87.9	87.9	 648	OK
 447	   0	82.8	82.8	 714	OK
 448	   0	86.1	86.1	 813	OK
 449	   0	94.6	94.6	 725	OK
 450	   0	87.5	87.5	 758	OK
 451	   0	88.3	88.3	 586	OK
 452	   0	84.8	84.8	 649	OK
 453	   0	81.5	81.5	 738	OK
 454	   0	86.0	86.0	 734	OK
 455	   0	87.5	87.5	 701	OK
 456	   0	83.9	83.9	 771	OK
 457	   0	86.9	86.9	 737	OK
 458	   0	83.6	83.6	 673	OK
 459	   0	84.5	84.5	 667	OK
 460	   0	84.2	84.2	 672	OK
 461	   0	81.5	81.5	 728	OK
 462	   0	88.8	88.8	 714	OK
 463	   0	90.3	90.3	 691	OK
 464	   0	92.0	92.0	 744	OK
 465	   0	79.0	79.0	 724	OK
 466	   0	83.2	83.2	 710	OK
 467	   0	81.4	81.4	 708	OK
 468	   0	80.9	80.9	 664	OK
 469	   0	93.0	93.0	 773	OK
 470	   0	84.8	84.8	 709	OK
 471	   0	83.7	83.7	 648	OK
 472	   0	83.1	83.1	 758	OK
 473	   0	77.5	77.5	 745	OK
 474	   0	85.8	85.8	 750	OK
 475	   0	83.6	83.6	 676	OK
 476	   0	83.6	83.6	 707	OK
 477	4000	79.9	79.9	 818	high noise
 478	   0	81.9	81.9	 773	OK
 479	   0	78.6	78.6	 624	OK
 480	   0	82.0	82.0	 658	OK
 481	   0	85.0	85.0	 665	OK
 482	4000	80.5	80.5	 864	high noise
 483	   0	80.8	80.8	 723	OK
 484	   0	82.2	82.2	 767	OK
 485	   0	84.0	84.0	 717	OK
 486	   0	81.7	81.7	 810	OK
 487	   0	76.8	76.8	 605	OK
 488	   0	81.7	81.7	 790	OK
 489	   0	82.3	82.3	 806	OK
 490	   0	80.0	80.0	 755	OK
 491	   0	78.3	78.3	 692	OK
 492	   0	83.8	83.8	 631	OK
 493	   0	80.4	80.4	 761	OK
 494	   0	84.2	84.2	 740	OK
 495	   0	86.0	86.0	 710	OK
 496	   0	82.9	82.9	 756	OK
 497	   0	84.8	84.8	 618	OK
 498	   0	80.0	80.0	 726	OK
 499	   0	80.7	80.7	 662	OK
 500	   0	76.2	76.2	 740	OK
 501	   0	88.7	88.7	 791	OK
 502	   0	89.2	89.2	 766	OK
 503	   0	85.5	85.5	 739	OK
 504	   0	86.9	86.9	 745	OK
 505	   0	83.6	83.6	 641	OK
 506	   0	89.7	89.7	 627	OK
 507	   0	83.2	83.2	 653	OK
 508	   0	80.0	80.0	 714	OK
 509	   0	80.1	80.1	 708	OK
 510	   0	84.6	84.6	 731	OK
 511	   0	82.4	82.4	 710	OK
 512	   0	87.0	87.0	 617	OK
 513	   0	88.6	88.6	 675	OK
 514	   0	89.7	89.7	 709	OK
 515	   0	87.3	87.3	 625	OK
 516	   0	84.3	84.3	 625	OK
 517	   0	91.3	91.3	 654	OK
 518	   0	89.6	89.6	 661	OK
 519	   0	89.0	89.0	 586	OK
 520	   0	87.8	87.8	 618	OK
 521	   0	91.6	91.6	 644	OK
 522	   0	87.2	87.2	 647	OK
 523	   0	94.1	94.1	 720	OK
 524	   0	91.4	91.4	 657	OK
 525	   0	86.0	86.0	 631	OK
 526	   0	84.7	84.7	 718	OK
 527	   0	86.6	86.6	 701	OK
 528	   0	84.1	84.1	 627	OK
 529	   0	90.4	90.4	 658	OK
 530	4000	95.1	95.1	 782	high noise
 531	   0	88.7	88.7	 664	OK
 532	   0	90.9	90.9	 604	OK
 533	   0	86.9	86.9	 670	OK
 534	   0	89.7	89.7	 553	OK
 535	   0	87.8	87.8	 574	OK
 536	   0	88.8	88.8	 619	OK
 537	   0	83.4	83.4	 732	OK
 538	   0	86.9	86.9	 675	OK
 539	   0	87.9	87.9	 589	OK
 540	   0	91.5	91.5	 689	OK
 541	   0	88.1	88.1	 641	OK
 542	4000	91.9	91.9	 801	high noise
 543	   0	95.8	95.8	 696	OK
 544	   0	88.7	88.7	 643	OK
 545	   0	90.4	90.4	 676	OK
 546	   0	85.4	85.4	 701	OK
 547	   0	89.4	89.4	 647	OK
 548	   0	80.2	80.2	 667	OK
 549	   0	91.6	91.6	 579	OK
 550	   0	86.6	86.6	 634	OK
 551	   0	89.3	89.3	 645	OK
 552	   0	93.1	93.1	 659	OK
 553	   0	88.4	88.4	 678	OK
 554	   0	92.5	92.5	 647	OK
 555	   0	83.2	83.2	 737	OK
 556	   0	84.4	84.4	 676	OK
 557	   0	89.5	89.5	 645	OK
 558	   0	92.3	92.3	 616	OK
 559	   0	92.6	92.6	 641	OK
 560	   0	95.4	95.4	 666	OK
 561	1000	92.2	92.2	 527	unbonded
 562	   0	84.2	84.2	 738	OK
 563	   0	86.2	86.2	 660	OK
 564	   0	92.7	92.7	 676	OK
 565	   0	92.5	92.5	 694	OK
 566	   0	91.3	91.3	 740	OK
 567	   0	90.7	90.7	 617	OK
 568	   0	81.3	81.3	 714	OK
 569	   0	94.6	94.6	 717	OK
 570	   0	87.3	87.3	 607	OK
 571	4000	96.6	96.6	 792	high noise
 572	   0	100.2	100.2	 698	OK
 573	   0	90.9	90.9	 562	OK
 574	   0	89.4	89.4	 727	OK
 575	   0	90.8	90.8	 628	OK
 576	   0	95.1	95.1	 651	OK
 577	   0	88.9	88.9	 704	OK
 578	   0	92.6	92.6	 650	OK
 579	   0	91.0	91.0	 696	OK
 580	   0	95.3	95.3	 687	OK
 581	   0	90.4	90.4	 620	OK
 582	   0	89.5	89.5	 684	OK
 583	   0	86.9	86.9	 690	OK
 584	   0	90.3	90.3	 592	OK
 585	   0	88.1	88.1	 638	OK
 586	   0	86.2	86.2	 697	OK
 587	   0	90.7	90.7	 620	OK
 588	   0	91.8	91.8	 658	OK
 589	   0	88.7	88.7	 589	OK
 590	   0	93.0	93.0	 736	OK
 591	   0	93.6	93.6	 626	OK
 592	   0	89.9	89.9	 694	OK
 593	   0	88.6	88.6	 674	OK
 594	   0	88.3	88.3	 646	OK
 595	   0	89.5	89.5	 582	OK
 596	   0	88.5	88.5	 727	OK
 597	   0	90.1	90.1	 674	OK
 598	   0	90.0	90.0	 655	OK
 599	   0	87.7	87.7	 733	OK
 600	   0	84.6	84.6	 726	OK
 601	   0	93.1	93.1	 607	OK
 602	   0	86.1	86.1	 649	OK
 603	   0	85.2	85.2	 593	OK
 604	   0	90.7	90.7	 656	OK
 605	   0	92.9	92.9	 580	OK
 606	   0	88.2	88.2	 648	OK
 607	   0	80.0	80.0	 610	OK
 608	   0	79.6	79.6	 660	OK
 609	   0	85.9	85.9	 681	OK
 610	4000	87.8	87.8	 771	high noise
 611	   0	85.7	85.7	 661	OK
 612	   0	88.5	88.5	 721	OK
 613	   0	87.7	87.7	 722	OK
 614	   0	99.8	99.8	 737	OK
 615	   0	89.1	89.1	 639	OK
 616	   0	91.4	91.4	 668	OK
 617	   0	87.2	87.2	 676	OK
 618	   0	90.2	90.2	 639	OK
 619	   0	90.5	90.5	 623	OK
 620	   0	95.2	95.2	 691	OK
 621	   0	89.5	89.5	 573	OK
 622	   0	81.1	81.1	 669	OK
 623	   0	93.1	93.1	 706	OK
 624	   0	85.8	85.8	 753	OK
 625	   0	89.7	89.7	 705	OK
 626	   0	87.2	87.2	 710	OK
 627	   0	88.4	88.4	 659	OK
 628	4000	86.8	86.8	 769	high noise
 629	   0	85.7	85.7	 621	OK
 630	   0	89.8	89.8	 671	OK
 631	   0	93.5	93.5	 742	OK
 632	   0	87.4	87.4	 666	OK
 633	   0	94.5	94.5	 646	OK
 634	   0	91.0	91.0	 661	OK
 635	   0	87.2	87.2	 709	OK
 636	   0	95.8	95.8	 708	OK
 637	   0	83.6	83.6	 676	OK
 638	   0	90.3	90.3	 651	OK
 639	   0	90.3	90.3	 689	OK
 640	   0	87.2	87.2	 799	OK
 641	   0	86.3	86.3	 692	OK
 642	   0	91.0	91.0	 772	OK
 643	   0	88.5	88.5	 723	OK
 644	   0	87.1	87.1	 677	OK
 645	   0	88.3	88.3	 788	OK
 646	   0	84.2	84.2	 676	OK
 647	   0	89.9	89.9	 782	OK
 648	   0	92.2	92.2	 769	OK
 649	   0	90.2	90.2	 805	OK
 650	   0	85.2	85.2	 739	OK
 651	   0	90.3	90.3	 690	OK
 652	   0	86.5	86.5	 812	OK
 653	   0	87.8	87.8	 800	OK
 654	   0	85.9	85.9	 783	OK
 655	   0	89.3	89.3	 681	OK
 656	   0	86.7	86.7	 760	OK
 657	   0	89.8	89.8	 704	OK
 658	   0	82.3	82.3	 696	OK
 659	   0	85.4	85.4	 737	OK
 660	   0	91.2	91.2	 715	OK
 661	   0	85.1	85.1	 738	OK
 662	   0	86.5	86.5	 701	OK
 663	   0	83.4	83.4	 761	OK
 664	   0	89.5	89.5	 680	OK
 665	   0	88.7	88.7	 728	OK
 666	   0	96.1	96.1	 707	OK
 667	   0	88.5	88.5	 747	OK
 668	   0	79.7	79.7	 762	OK
 669	   0	87.4	87.4	 754	OK
 670	   0	93.5	93.5	 756	OK
 671	   0	93.4	93.4	 674	OK
 672	   0	86.5	86.5	 710	OK
 673	   0	87.4	87.4	 750	OK
 674	   0	85.4	85.4	 705	OK
 675	   0	99.9	99.9	 716	OK
 676	   0	87.0	87.0	 774	OK
 677	   0	82.0	82.0	 809	OK
 678	   0	84.9	84.9	 669	OK
 679	   0	87.3	87.3	 754	OK
 680	   0	86.6	86.6	 699	OK
 681	   0	83.3	83.3	 704	OK
 682	   0	85.6	85.6	 684	OK
 683	   0	82.0	82.0	 774	OK
 684	   0	81.9	81.9	 759	OK
 685	   0	94.5	94.5	 817	OK
 686	4000	83.2	83.2	 867	high noise
 687	   0	92.5	92.5	 767	OK
 688	   0	89.3	89.3	 745	OK
 689	   0	95.3	95.3	 767	OK
 690	   0	90.2	90.2	 746	OK
 691	   0	88.3	88.3	 771	OK
 692	   0	86.8	86.8	 743	OK
 693	   0	90.7	90.7	 714	OK
 694	   0	89.1	89.1	 727	OK
 695	   0	80.5	80.5	 708	OK
 696	   0	96.4	96.4	 635	OK
 697	   0	90.4	90.4	 834	OK
 698	   0	93.7	93.7	 767	OK
 699	   0	97.7	97.7	 838	OK
 700	   0	93.6	93.6	 803	OK
 701	   0	85.6	85.6	 742	OK
 702	   0	87.9	87.9	 710	OK
 703	   0	87.6	87.6	 652	OK
 704	   0	86.3	86.3	 779	OK
 705	   0	86.1	86.1	 746	OK
 706	   0	89.0	89.0	 756	OK
 707	   0	84.8	84.8	 720	OK
 708	   0	87.7	87.7	 812	OK
 709	   0	91.5	91.5	 725	OK
 710	   0	96.2	96.2	 747	OK
 711	   0	91.7	91.7	 826	OK
 712	   0	91.5	91.5	 755	OK
 713	   0	90.2	90.2	 808	OK
 714	   0	88.6	88.6	 720	OK
 715	   0	85.2	85.2	 666	OK
 716	   0	91.3	91.3	 765	OK
 717	   0	87.4	87.4	 647	OK
 718	   0	89.4	89.4	 765	OK
 719	4000	88.6	88.6	 862	high noise
 720	   0	94.6	94.6	 830	OK
 721	   0	85.8	85.8	 635	OK
 722	   0	92.6	92.6	 767	OK
 723	   0	87.4	87.4	 767	OK
 724	   0	93.3	93.3	 749	OK
 725	   0	88.2	88.2	 727	OK
 726	   0	86.5	86.5	 769	OK
 727	   0	86.1	86.1	 646	OK
 728	   0	84.0	84.0	 681	OK
 729	   0	89.3	89.3	 729	OK
 730	   0	89.5	89.5	 768	OK
 731	   0	77.0	77.0	 749	OK
 732	   0	86.9	86.9	 815	OK
 733	   0	84.2	84.2	 758	OK
 734	   0	83.9	83.9	 648	OK
 735	4000	86.9	86.9	 854	high noise
 736	   0	91.7	91.7	 718	OK
 737	   0	88.8	88.8	 763	OK
 738	   0	80.5	80.5	 688	OK
 739	   0	87.4	87.4	 627	OK
 740	   0	86.0	86.0	 719	OK
 741	   0	87.6	87.6	 718	OK
 742	   0	85.7	85.7	 683	OK
 743	   0	86.3	86.3	 677	OK
 744	   0	82.6	82.6	 657	OK
 745	   0	93.1	93.1	 686	OK
 746	   0	89.4	89.4	 725	OK
 747	   0	86.5	86.5	 782	OK
 748	   0	83.5	83.5	 690	OK
 749	   0	87.1	87.1	 700	OK
 750	   0	92.6	92.6	 711	OK
 751	   0	91.3	91.3	 695	OK
 752	   0	84.1	84.1	 700	OK
 753	   0	90.1	90.1	 813	OK
 754	   0	90.1	90.1	 784	OK
 755	   0	92.3	92.3	 649	OK
 756	   0	84.2	84.2	 787	OK
 757	   0	92.0	92.0	 674	OK
 758	   0	91.6	91.6	 739	OK
 759	   0	83.8	83.8	 752	OK
 760	   0	85.1	85.1	 670	OK
 761	   0	83.6	83.6	 746	OK
 762	   0	92.8	92.8	 717	OK
 763	   0	86.5	86.5	 720	OK
 764	   0	82.6	82.6	 744	OK
 765	   0	80.8	80.8	 725	OK
 766	   0	90.5	90.5	 734	OK
 767	   0	90.5	90.5	 737	OK
 768	   0	86.0	86.0	 744	OK
 769	   0	88.3	88.3	 880	OK
 770	   0	80.2	80.2	 731	OK
 771	   0	86.7	86.7	 724	OK
 772	   0	81.9	81.9	 812	OK
 773	   0	88.8	88.8	 669	OK
 774	   0	89.6	89.6	 698	OK
 775	   0	86.1	86.1	 717	OK
 776	   0	82.2	82.2	 724	OK
 777	   0	86.5	86.5	 835	OK
 778	   0	84.7	84.7	 705	OK
 779	   0	81.4	81.4	 694	OK
 780	   0	90.2	90.2	 717	OK
 781	   0	86.7	86.7	 734	OK
 782	   0	85.4	85.4	 772	OK
 783	   0	89.5	89.5	 762	OK
 784	   0	91.3	91.3	 681	OK
 785	   0	84.7	84.7	 665	OK
 786	   0	93.6	93.6	 709	OK
 787	   0	90.9	90.9	 711	OK
 788	   0	80.0	80.0	 850	OK
 789	   0	86.4	86.4	 779	OK
 790	   0	87.5	87.5	 811	OK
 791	   0	89.8	89.8	 706	OK
 792	   0	87.1	87.1	 820	OK
 793	   0	89.5	89.5	 811	OK
 794	   0	88.0	88.0	 688	OK
 795	   0	90.3	90.3	 777	OK
 796	   0	84.0	84.0	 829	OK
 797	   0	90.4	90.4	 772	OK
 798	   0	83.5	83.5	 730	OK
 799	   0	86.6	86.6	 744	OK
 800	   0	82.8	82.8	 730	OK
 801	   0	83.2	83.2	 814	OK
 802	   0	82.6	82.6	 926	OK
 803	   0	91.9	91.9	 699	OK
 804	   0	88.3	88.3	 871	OK
 805	   0	95.7	95.7	 775	OK
 806	   0	86.9	86.9	 729	OK
 807	   0	85.5	85.5	 884	OK
 808	   0	87.6	87.6	 793	OK
 809	   0	84.1	84.1	 918	OK
 810	   0	85.6	85.6	 841	OK
 811	   0	94.9	94.9	 892	OK
 812	   0	85.3	85.3	 793	OK
 813	   0	84.6	84.6	 840	OK
 814	4000	85.0	85.0	 962	high noise
 815	   0	94.9	94.9	 939	OK
 816	   0	85.2	85.2	 876	OK
 817	   0	87.2	87.2	 945	OK
 818	   0	84.7	84.7	 823	OK
 819	4000	91.8	91.8	 954	high noise
 820	4000	81.4	81.4	 964	high noise
 821	4000	84.1	84.1	1019	high noise
 822	   0	86.8	86.8	 900	OK
 823	   0	92.9	92.9	 865	OK
 824	4000	87.1	87.1	1012	high noise
 825	   0	86.1	86.1	 905	OK
 826	4000	89.8	89.8	 992	high noise
 827	   0	81.1	81.1	 934	OK
 828	4000	87.3	87.3	1083	high noise
 829	4000	90.4	90.4	1013	high noise
 830	   0	90.2	90.2	 942	OK
 831	4000	87.9	87.9	1006	high noise
 832	4000	88.8	88.8	1007	high noise
 833	4000	91.6	91.6	 953	high noise
 834	   0	88.6	88.6	 911	OK
 835	   0	84.6	84.6	 931	OK
 836	4000	91.7	91.7	 986	high noise
 837	4000	87.6	87.6	1002	high noise
 838	4000	87.0	87.0	1036	high noise
 839	4000	87.4	87.4	 971	high noise
 840	   0	82.4	82.4	 902	OK
 841	4000	92.6	92.6	 984	high noise
 842	   0	87.2	87.2	 913	OK
 843	4000	86.1	86.1	 970	high noise
 844	4000	92.5	92.5	 990	high noise
 845	4000	88.0	88.0	 977	high noise
 846	   0	91.3	91.3	 921	OK
 847	   0	86.4	86.4	 859	OK
 848	   0	83.5	83.5	 883	OK
 849	   0	83.3	83.3	 888	OK
 850	4000	84.2	84.2	1008	high noise
 851	   0	79.9	79.9	 906	OK
 852	4000	85.2	85.2	 979	high noise
 853	   0	85.7	85.7	 932	OK
 854	   0	90.4	90.4	 878	OK
 855	4000	88.8	88.8	1003	high noise
 856	   0	89.2	89.2	 878	OK
 857	   0	96.9	96.9	 838	OK
 858	   0	92.1	92.1	 866	OK
 859	   0	85.7	85.7	 752	OK
 860	   0	84.0	84.0	 879	OK
 861	   0	84.3	84.3	 869	OK
 862	   0	88.8	88.8	 782	OK
 863	   0	89.1	89.1	 846	OK
 864	   0	88.8	88.8	 731	OK
 865	   0	91.0	91.0	 701	OK
 866	   0	91.2	91.2	 850	OK
 867	   0	88.1	88.1	 780	OK
 868	   0	83.2	83.2	 827	OK
 869	   0	86.8	86.8	 732	OK
 870	   0	88.3	88.3	 742	OK
 871	   0	92.6	92.6	 681	OK
 872	   0	87.8	87.8	 696	OK
 873	   0	92.0	92.0	 770	OK
 874	   0	87.2	87.2	 780	OK
 875	   0	90.0	90.0	 771	OK
 876	   0	85.7	85.7	 673	OK
 877	   0	83.7	83.7	 684	OK
 878	   0	89.6	89.6	 750	OK
 879	   0	87.6	87.6	 637	OK
 880	   0	82.3	82.3	 757	OK
 881	   0	86.7	86.7	 782	OK
 882	   0	84.4	84.4	 649	OK
 883	   0	90.9	90.9	 720	OK
 884	   0	80.2	80.2	 734	OK
 885	   0	83.2	83.2	 684	OK
 886	   0	88.2	88.2	 637	OK
 887	   0	83.7	83.7	 765	OK
 888	   0	84.7	84.7	 615	OK
 889	   0	85.7	85.7	 675	OK
 890	   0	86.1	86.1	 646	OK
 891	   0	84.7	84.7	 716	OK
 892	   0	83.6	83.6	 675	OK
 893	   0	81.0	81.0	 739	OK
 894	   0	78.9	78.9	 823	OK
 895	   0	83.5	83.5	 740	OK
 896	   0	81.6	81.6	 664	OK
 897	   0	90.6	90.6	 700	OK
 898	   0	87.1	87.1	 640	OK
 899	   0	88.3	88.3	 646	OK
 900	   0	89.6	89.6	 742	OK
 901	   0	85.8	85.8	 643	OK
 902	   0	85.6	85.6	 650	OK
 903	   0	87.7	87.7	 645	OK
 904	   0	84.4	84.4	 621	OK
 905	4000	89.8	89.8	 750	high noise
 906	   0	88.8	88.8	 664	OK
 907	   0	88.1	88.1	 596	OK
 908	   0	85.0	85.0	 679	OK
 909	   0	84.7	84.7	 693	OK
 910	   0	91.2	91.2	 676	OK
 911	   0	91.2	91.2	 651	OK
 912	   0	87.7	87.7	 660	OK
 913	   0	90.0	90.0	 654	OK
 914	   0	87.3	87.3	 688	OK
 915	   0	88.7	88.7	 719	OK
 916	   0	91.4	91.4	 588	OK
 917	   0	94.9	94.9	 613	OK
 918	   0	92.1	92.1	 645	OK
 919	   0	92.8	92.8	 699	OK
 920	   0	95.1	95.1	 607	OK
 921	   0	80.7	80.7	 730	OK
 922	   0	84.7	84.7	 647	OK
 923	   0	84.0	84.0	 646	OK
 924	   0	91.3	91.3	 613	OK
 925	   0	91.1	91.1	 694	OK
 926	   0	94.1	94.1	 616	OK
 927	   0	86.9	86.9	 662	OK
 928	   0	86.9	86.9	 669	OK
 929	   0	86.8	86.8	 609	OK
 930	   0	85.9	85.9	 681	OK
 931	   0	100.5	100.5	 631	OK
 932	   0	90.8	90.8	 740	OK
 933	   0	82.9	82.9	 697	OK
 934	   0	86.5	86.5	 636	OK
 935	   0	93.8	93.8	 610	OK
 936	1000	86.5	86.5	 534	unbonded
 937	   0	90.5	90.5	 662	OK
 938	   0	91.9	91.9	 644	OK
 939	   0	84.4	84.4	 705	OK
 940	   0	90.6	90.6	 644	OK
 941	   0	83.5	83.5	 639	OK
 942	   0	87.0	87.0	 668	OK
 943	   0	92.7	92.7	 696	OK
 944	   0	88.3	88.3	 698	OK
 945	   0	82.9	82.9	 709	OK
 946	   0	87.1	87.1	 567	OK
 947	   0	87.3	87.3	 700	OK
 948	   0	94.0	94.0	 626	OK
 949	   0	83.5	83.5	 719	OK
 950	   0	88.1	88.1	 673	OK
 951	   0	84.7	84.7	 681	OK
 952	   0	84.9	84.9	 716	OK
 953	   0	90.1	90.1	 654	OK
 954	   0	91.0	91.0	 627	OK
 955	   0	90.1	90.1	 644	OK
 956	   0	91.0	91.0	 569	OK
 957	   0	91.6	91.6	 544	OK
 958	   0	93.1	93.1	 630	OK
 959	   0	87.6	87.6	 656	OK
 960	   0	87.9	87.9	 618	OK
 961	   0	88.6	88.6	 690	OK
 962	   0	91.7	91.7	 588	OK
 963	   0	82.2	82.2	 567	OK
 964	   0	90.0	90.0	 678	OK
 965	   0	88.4	88.4	 609	OK
 966	   0	89.9	89.9	 691	OK
 967	   0	88.7	88.7	 595	OK
 968	   0	91.4	91.4	 598	OK
 969	   0	87.5	87.5	 623	OK
 970	   0	91.5	91.5	 685	OK
 971	   0	86.1	86.1	 678	OK
 972	   0	87.3	87.3	 600	OK
 973	   0	84.8	84.8	 665	OK
 974	   0	89.8	89.8	 693	OK
 975	   0	91.2	91.2	 645	OK
 976	   0	89.6	89.6	 629	OK
 977	   0	95.0	95.0	 683	OK
 978	   0	91.8	91.8	 667	OK
 979	   0	83.4	83.4	 689	OK
 980	   0	79.9	79.9	 588	OK
 981	   0	83.7	83.7	 668	OK
 982	   0	89.9	89.9	 726	OK
 983	   0	82.1	82.1	 660	OK
 984	   0	90.0	90.0	 649	OK
 985	   0	83.9	83.9	 698	OK
 986	   0	92.8	92.8	 672	OK
 987	   0	84.5	84.5	 621	OK
 988	   0	86.2	86.2	 546	OK
 989	   0	89.7	89.7	 607	OK
 990	   0	86.0	86.0	 693	OK
 991	   0	86.6	86.6	 705	OK
 992	   0	95.5	95.5	 605	OK
 993	   0	79.3	79.3	 667	OK
 994	   0	86.3	86.3	 661	OK
 995	   0	84.6	84.6	 716	OK
 996	   0	86.4	86.4	 609	OK
 997	   0	91.4	91.4	 582	OK
 998	   0	86.7	86.7	 676	OK
 999	   0	85.1	85.1	 668	OK
1000	   0	90.1	90.1	 658	OK
1001	   0	88.3	88.3	 656	OK
1002	   0	89.5	89.5	 583	OK
1003	   0	96.1	96.1	 686	OK
1004	   0	92.4	92.4	 648	OK
1005	   0	86.6	86.6	 638	OK
1006	4000	87.4	87.4	 751	high noise
1007	   0	86.7	86.7	 632	OK
1008	   0	93.3	93.3	 657	OK
1009	   0	90.1	90.1	 574	OK
1010	   0	91.5	91.5	 723	OK
1011	   0	95.4	95.4	 715	OK
1012	   0	92.5	92.5	 570	OK
1013	   0	89.2	89.2	 695	OK
1014	   0	86.5	86.5	 646	OK
1015	   0	82.7	82.7	 689	OK
1016	   0	87.3	87.3	 634	OK
1017	   0	88.8	88.8	 616	OK
1018	1000	82.6	82.6	 531	unbonded
1019	   0	92.6	92.6	 687	OK
1020	   0	85.7	85.7	 571	OK
1021	   0	90.7	90.7	 652	OK
1022	   0	85.2	85.2	 621	OK
1023	   0	89.7	89.7	 641	OK
1024	   0	78.0	78.0	 680	OK
1025	   0	78.3	78.3	 690	OK
1026	   0	90.7	90.7	 635	OK
1027	   0	88.8	88.8	 612	OK
1028	   0	88.7	88.7	 645	OK
1029	   0	84.3	84.3	 685	OK
1030	   0	88.5	88.5	 634	OK
1031	   0	82.5	82.5	 710	OK
1032	   0	86.8	86.8	 627	OK
1033	   0	88.1	88.1	 705	OK
1034	1000	86.9	86.9	 539	unbonded
1035	   0	88.8	88.8	 699	OK
1036	   0	84.9	84.9	 728	OK
1037	   0	84.0	84.0	 721	OK
1038	   0	91.6	91.6	 606	OK
1039	4000	88.6	88.6	 767	high noise
1040	   0	85.2	85.2	 683	OK
1041	   0	88.2	88.2	 551	OK
1042	   0	78.6	78.6	 732	OK
1043	   0	91.4	91.4	 580	OK
1044	   0	81.8	81.8	 671	OK
1045	   0	84.6	84.6	 683	OK
1046	   0	81.1	81.1	 659	OK
1047	   0	85.8	85.8	 681	OK
1048	   0	85.5	85.5	 679	OK
1049	   0	84.2	84.2	 714	OK
1050	   0	82.6	82.6	 650	OK
1051	   0	88.4	88.4	 608	OK
1052	   0	90.8	90.8	 722	OK
1053	   0	79.2	79.2	 646	OK
1054	   0	89.1	89.1	 648	OK
1055	   0	88.0	88.0	 642	OK
1056	   0	84.9	84.9	 741	OK
1057	   0	83.7	83.7	 681	OK
1058	   0	85.9	85.9	 716	OK
1059	   0	85.1	85.1	 656	OK
1060	   0	84.3	84.3	 699	OK
1061	   0	83.7	83.7	 547	OK
1062	   0	88.4	88.4	 621	OK
1063	   0	84.9	84.9	 664	OK
1064	   0	89.5	89.5	 578	OK
1065	   0	85.4	85.4	 697	OK
1066	   0	83.1	83.1	 588	OK
1067	   0	88.3	88.3	 726	OK
1068	   0	88.5	88.5	 637	OK
1069	   0	93.7	93.7	 655	OK
1070	   0	89.1	89.1	 606	OK
1071	   0	91.4	91.4	 680	OK
1072	   0	82.8	82.8	 617	OK
1073	   0	87.6	87.6	 693	OK
1074	   0	79.8	79.8	 633	OK
1075	   0	84.9	84.9	 651	OK
1076	   0	83.3	83.3	 729	OK
1077	   0	88.7	88.7	 746	OK
1078	   0	93.7	93.7	 721	OK
1079	4000	81.7	81.7	 783	high noise
1080	   0	86.0	86.0	 591	OK
1081	   0	90.4	90.4	 632	OK
1082	   0	87.3	87.3	 734	OK
1083	   0	89.5	89.5	 605	OK
1084	   0	79.6	79.6	 632	OK
1085	   0	86.4	86.4	 654	OK
1086	   0	84.0	84.0	 689	OK
1087	   0	82.2	82.2	 675	OK
1088	1000	96.2	96.2	 519	unbonded
1089	   0	87.6	87.6	 626	OK
1090	   0	79.8	79.8	 612	OK
1091	   0	82.2	82.2	 711	OK
1092	   0	94.0	94.0	 661	OK
1093	   0	89.4	89.4	 759	OK
1094	   0	81.6	81.6	 699	OK
1095	   0	86.3	86.3	 702	OK
1096	   0	83.8	83.8	 676	OK
1097	   0	88.8	88.8	 616	OK
1098	   0	85.4	85.4	 674	OK
1099	   0	84.2	84.2	 721	OK
1100	   0	85.9	85.9	 594	OK
1101	   0	85.9	85.9	 667	OK
1102	   0	86.0	86.0	 663	OK
1103	   0	90.1	90.1	 645	OK
1104	   0	84.9	84.9	 666	OK
1105	   0	86.7	86.7	 670	OK
1106	   0	88.4	88.4	 647	OK
1107	   0	87.8	87.8	 620	OK
1108	   0	82.1	82.1	 651	OK
1109	   0	82.8	82.8	 647	OK
1110	   0	88.1	88.1	 684	OK
1111	   0	82.2	82.2	 646	OK
1112	   0	94.9	94.9	 685	OK
1113	   0	90.3	90.3	 652	OK
1114	   0	82.5	82.5	 689	OK
1115	   0	86.2	86.2	 707	OK
1116	   0	88.1	88.1	 628	OK
1117	   0	89.5	89.5	 684	OK
1118	   0	85.2	85.2	 665	OK
1119	   0	88.5	88.5	 748	OK
1120	   0	92.4	92.4	 685	OK
1121	   0	80.8	80.8	 612	OK
1122	   0	87.9	87.9	 704	OK
1123	   0	86.9	86.9	 604	OK
1124	   0	84.9	84.9	 564	OK
1125	   0	87.2	87.2	 619	OK
1126	   0	87.3	87.3	 610	OK
1127	   0	88.1	88.1	 623	OK
1128	   0	81.0	81.0	 657	OK
1129	   0	78.1	78.1	 640	OK
1130	   0	82.0	82.0	 627	OK
1131	   0	82.1	82.1	 635	OK
1132	   0	81.4	81.4	 713	OK
1133	   0	89.2	89.2	 635	OK
1134	   0	83.7	83.7	 641	OK
1135	   0	92.5	92.5	 668	OK
1136	1000	82.2	82.2	 525	unbonded
1137	   0	82.6	82.6	 715	OK
1138	   0	84.8	84.8	 756	OK
1139	   0	84.9	84.9	 745	OK
1140	   0	86.7	86.7	 599	OK
1141	   0	81.4	81.4	 715	OK
1142	   0	89.1	89.1	 709	OK
1143	   0	91.8	91.8	 624	OK
1144	   0	87.2	87.2	 761	OK
1145	   0	82.1	82.1	 677	OK
1146	   0	80.3	80.3	 729	OK
1147	   0	80.0	80.0	 683	OK
1148	   0	86.7	86.7	 621	OK
1149	   0	86.1	86.1	 664	OK
1150	   0	82.0	82.0	 623	OK
1151	   0	81.0	81.0	 695	OK
1152	   0	81.9	81.9	 652	OK
1153	   0	81.6	81.6	 678	OK
1154	4000	86.3	86.3	 795	high noise
1155	   0	85.4	85.4	 766	OK
1156	4000	87.9	87.9	 799	high noise
1157	   0	82.5	82.5	 650	OK
1158	   0	86.9	86.9	 670	OK
1159	   0	83.0	83.0	 780	OK
1160	   0	84.7	84.7	 611	OK
1161	   0	82.2	82.2	 762	OK
1162	   0	84.7	84.7	 631	OK
1163	   0	88.5	88.5	 620	OK
1164	   0	79.0	79.0	 676	OK
1165	   0	90.3	90.3	 637	OK
1166	   0	72.8	72.8	 583	OK
1167	   0	82.7	82.7	 639	OK
1168	   0	82.9	82.9	 671	OK
1169	   0	90.0	90.0	 771	OK
1170	   0	80.0	80.0	 753	OK
1171	   0	89.1	89.1	 773	OK
1172	   0	80.1	80.1	 698	OK
1173	   0	86.5	86.5	 724	OK
1174	   0	84.0	84.0	 649	OK
1175	   0	84.1	84.1	 602	OK
1176	   0	87.5	87.5	 717	OK
1177	   0	80.9	80.9	 774	OK
1178	   0	87.3	87.3	 698	OK
1179	   0	83.3	83.3	 708	OK
1180	   0	88.5	88.5	 563	OK
1181	   0	90.6	90.6	 710	OK
1182	   0	89.8	89.8	 651	OK
1183	   0	80.8	80.8	 735	OK
1184	   0	84.6	84.6	 666	OK
1185	   0	86.7	86.7	 623	OK
1186	   0	85.3	85.3	 642	OK
1187	   0	80.4	80.4	 620	OK
1188	   0	84.9	84.9	 758	OK
1189	   0	82.6	82.6	 715	OK
1190	   0	89.5	89.5	 659	OK
1191	4000	83.5	83.5	 809	high noise
1192	   0	84.2	84.2	 630	OK
1193	   0	80.7	80.7	 608	OK
1194	   0	84.5	84.5	 683	OK
1195	   0	76.6	76.6	 704	OK
1196	   0	91.2	91.2	 744	OK
1197	   0	85.4	85.4	 619	OK
1198	   0	92.6	92.6	 699	OK
1199	4000	88.8	88.8	 813	high noise
1200	   0	85.2	85.2	 698	OK
1201	   0	93.8	93.8	 596	OK
1202	   0	82.2	82.2	 648	OK
1203	   0	88.3	88.3	 622	OK
1204	   0	86.9	86.9	 733	OK
1205	   0	90.5	90.5	 681	OK
1206	   0	76.4	76.4	 675	OK
1207	   0	90.7	90.7	 736	OK
1208	   0	92.7	92.7	 616	OK
1209	   0	89.4	89.4	 694	OK
1210	   0	95.3	95.3	 616	OK
1211	   0	83.7	83.7	 713	OK
1212	   0	88.1	88.1	 713	OK
1213	   0	88.0	88.0	 648	OK
1214	   0	87.7	87.7	 625	OK
1215	   0	80.8	80.8	 709	OK
1216	   0	90.1	90.1	 631	OK
1217	   0	85.6	85.6	 699	OK
1218	   0	82.9	82.9	 541	OK
1219	   0	90.2	90.2	 694	OK
1220	   0	80.8	80.8	 676	OK
1221	   0	90.1	90.1	 683	OK
1222	   0	92.4	92.4	 689	OK
1223	   0	96.4	96.4	 654	OK
1224	   0	89.4	89.4	 621	OK
1225	   0	90.1	90.1	 678	OK
1226	   0	80.5	80.5	 622	OK
1227	   0	90.6	90.6	 722	OK
1228	   0	81.0	81.0	 674	OK
1229	   0	90.1	90.1	 674	OK
1230	   0	88.3	88.3	 632	OK
1231	   0	86.3	86.3	 669	OK
1232	   0	85.9	85.9	 699	OK
1233	   0	92.1	92.1	 694	OK
1234	   0	79.3	79.3	 639	OK
1235	   0	84.9	84.9	 674	OK
1236	   0	82.9	82.9	 676	OK
1237	4000	86.9	86.9	 784	high noise
1238	   0	86.5	86.5	 751	OK
1239	   0	91.7	91.7	 620	OK
1240	   0	83.3	83.3	 725	OK
1241	   0	82.7	82.7	 720	OK
1242	   0	83.5	83.5	 712	OK
1243	   0	82.0	82.0	 593	OK
1244	   0	86.6	86.6	 575	OK
1245	   0	88.3	88.3	 748	OK
1246	   0	79.4	79.4	 697	OK
1247	   0	85.9	85.9	 668	OK
1248	   0	83.0	83.0	 677	OK
1249	   0	84.9	84.9	 643	OK
1250	   0	85.4	85.4	 630	OK
1251	   0	84.9	84.9	 693	OK
1252	   0	80.4	80.4	 726	OK
1253	   0	92.7	92.7	 719	OK
1254	   0	84.2	84.2	 652	OK
1255	   0	91.0	91.0	 627	OK
1256	   0	94.3	94.3	 713	OK
1257	   0	82.8	82.8	 693	OK
1258	   0	92.2	92.2	 684	OK
1259	   0	89.0	89.0	 654	OK
1260	   0	79.6	79.6	 702	OK
1261	   0	85.5	85.5	 686	OK
1262	   0	84.5	84.5	 598	OK
1263	   0	82.7	82.7	 659	OK
1264	   0	81.9	81.9	 709	OK
1265	   0	89.1	89.1	 769	OK
1266	   0	83.1	83.1	 557	OK
1267	   0	83.1	83.1	 703	OK
1268	   0	85.9	85.9	 687	OK
1269	   0	85.6	85.6	 653	OK
1270	   0	87.5	87.5	 577	OK
1271	   0	88.1	88.1	 713	OK
1272	   0	86.0	86.0	 567	OK
1273	   0	84.5	84.5	 688	OK
1274	   0	86.5	86.5	 681	OK
1275	   0	86.3	86.3	 729	OK
1276	   0	90.1	90.1	 697	OK
1277	   0	82.8	82.8	 669	OK
1278	   0	87.0	87.0	 659	OK
1279	   0	91.7	91.7	 734	OK
1280	   0	80.3	80.3	 879	OK
1281	4000	74.9	74.9	 992	high noise
1282	   0	73.8	73.8	 809	OK
1283	   0	80.6	80.6	 764	OK
1284	   0	79.0	79.0	 894	OK
1285	   0	77.5	77.5	 778	OK
1286	   0	79.5	79.5	 681	OK
1287	   0	78.4	78.4	 779	OK
1288	   0	74.3	74.3	 793	OK
1289	   0	77.9	77.9	 772	OK
1290	   0	71.8	71.8	 831	OK
1291	   0	78.9	78.9	 812	OK
1292	   0	80.9	80.9	 838	OK
1293	   0	74.2	74.2	 836	OK
1294	   0	72.0	72.0	 789	OK
1295	   0	74.0	74.0	 854	OK
1296	   0	78.0	78.0	 700	OK
1297	   0	76.1	76.1	 738	OK
1298	   0	81.3	81.3	 794	OK
1299	   0	73.5	73.5	 779	OK
1300	   0	73.9	73.9	 881	OK
1301	   0	77.3	77.3	 768	OK
1302	   0	80.6	80.6	 819	OK
1303	   0	81.5	81.5	 705	OK
1304	   0	77.6	77.6	 772	OK
1305	   0	77.4	77.4	 765	OK
1306	   0	77.6	77.6	 727	OK
1307	   0	78.1	78.1	 889	OK
1308	   0	80.0	80.0	 721	OK
1309	   0	77.3	77.3	 770	OK
1310	   0	77.7	77.7	 764	OK
1311	   0	79.5	79.5	 720	OK
1312	   0	76.9	76.9	 744	OK
1313	   0	79.7	79.7	 702	OK
1314	   0	72.8	72.8	 735	OK
1315	   0	86.8	86.8	 814	OK
1316	   0	86.0	86.0	 815	OK
1317	   0	78.3	78.3	 669	OK
1318	   0	76.6	76.6	 777	OK
1319	   0	80.7	80.7	 732	OK
1320	   0	77.7	77.7	 773	OK
1321	   0	86.7	86.7	 802	OK
1322	   0	74.8	74.8	 680	OK
1323	   0	79.7	79.7	 849	OK
1324	   0	79.6	79.6	 668	OK
1325	   0	75.6	75.6	 729	OK
1326	   0	80.7	80.7	 770	OK
1327	   0	81.0	81.0	 784	OK
1328	   0	73.3	73.3	 657	OK
1329	   0	77.1	77.1	 791	OK
1330	   0	76.5	76.5	 833	OK
1331	   0	76.4	76.4	 671	OK
1332	   0	79.4	79.4	 696	OK
1333	   0	75.8	75.8	 776	OK
1334	   0	79.4	79.4	 847	OK
1335	   0	76.4	76.4	 822	OK
1336	   0	81.0	81.0	 758	OK
1337	   0	75.5	75.5	 812	OK
1338	   0	79.0	79.0	 740	OK
1339	   0	77.4	77.4	 793	OK
1340	   0	75.1	75.1	 745	OK
1341	   0	80.5	80.5	 845	OK
1342	   0	86.1	86.1	 821	OK
1343	   0	86.0	86.0	 721	OK
1344	   0	86.6	86.6	 719	OK
1345	   0	78.7	78.7	 861	OK
1346	   0	82.5	82.5	 736	OK
1347	   0	86.3	86.3	 779	OK
1348	   0	86.4	86.4	 871	OK
1349	   0	79.2	79.2	 726	OK
1350	   0	82.6	82.6	 757	OK
1351	   0	74.3	74.3	 820	OK
1352	   0	79.9	79.9	 698	OK
1353	   0	79.5	79.5	 798	OK
1354	   0	78.9	78.9	 773	OK
1355	   0	78.2	78.2	 714	OK
1356	   0	78.8	78.8	 767	OK
1357	   0	79.4	79.4	 771	OK
1358	   0	88.9	88.9	 870	OK
1359	   0	75.5	75.5	 668	OK
1360	   0	79.2	79.2	 690	OK
1361	   0	79.9	79.9	 792	OK
1362	   0	81.5	81.5	 750	OK
1363	   0	80.1	80.1	 802	OK
1364	   0	75.2	75.2	 884	OK
1365	   0	80.6	80.6	 716	OK
1366	   0	80.0	80.0	 844	OK
1367	   0	82.8	82.8	 738	OK
1368	   0	83.2	83.2	 822	OK
1369	   0	83.7	83.7	 753	OK
1370	   0	85.0	85.0	 770	OK
1371	   0	82.6	82.6	 867	OK
1372	   0	77.3	77.3	 806	OK
1373	   0	77.1	77.1	 779	OK
1374	   0	79.8	79.8	 709	OK
1375	   0	76.8	76.8	 728	OK
1376	   0	78.3	78.3	 781	OK
1377	   0	83.7	83.7	 841	OK
1378	   0	83.9	83.9	 709	OK
1379	   0	80.8	80.8	 890	OK
1380	   0	89.0	89.0	 834	OK
1381	   0	78.0	78.0	 789	OK
1382	   0	80.7	80.7	 755	OK
1383	   0	75.5	75.5	 704	OK
1384	   0	81.0	81.0	 792	OK
1385	   0	75.7	75.7	 889	OK
1386	   0	80.1	80.1	 789	OK
1387	   0	82.9	82.9	 809	OK
1388	   0	81.1	81.1	 730	OK
1389	   0	75.5	75.5	 804	OK
1390	   0	76.0	76.0	 890	OK
1391	   0	77.3	77.3	 777	OK
1392	   0	76.7	76.7	 811	OK
1393	   0	79.5	79.5	 851	OK
1394	   0	80.1	80.1	 677	OK
1395	   0	78.9	78.9	 810	OK
1396	   0	78.9	78.9	 741	OK
1397	   0	79.1	79.1	 796	OK
1398	   0	80.6	80.6	 734	OK
1399	   0	86.7	86.7	 778	OK
1400	   0	78.4	78.4	 780	OK
1401	   0	75.7	75.7	 810	OK
1402	   0	76.7	76.7	 793	OK
1403	   0	82.3	82.3	 885	OK
1404	   0	85.8	85.8	 846	OK
1405	   0	73.4	73.4	 823	OK
1406	   0	77.6	77.6	 773	OK
1407	   0	84.7	84.7	 813	OK
1408	   0	73.0	73.0	 797	OK
1409	   0	74.2	74.2	 893	OK
1410	   0	71.7	71.7	 760	OK
1411	   0	77.1	77.1	 697	OK
1412	   0	74.4	74.4	 799	OK
1413	   0	73.9	73.9	 812	OK
1414	   0	72.9	72.9	 817	OK
1415	   0	69.9	69.9	 720	OK
1416	   0	77.6	77.6	 897	OK
1417	   0	78.1	78.1	 741	OK
1418	   0	78.4	78.4	 879	OK
1419	   0	78.4	78.4	 703	OK
1420	   0	77.9	77.9	 714	OK
1421	   0	73.6	73.6	 659	OK
1422	   0	73.7	73.7	 794	OK
1423	   0	80.5	80.5	 817	OK
1424	   0	77.2	77.2	 773	OK
1425	   0	72.0	72.0	 691	OK
1426	   0	76.5	76.5	 688	OK
1427	   0	80.9	80.9	 816	OK
1428	   0	79.5	79.5	 777	OK
1429	   0	74.5	74.5	 779	OK
1430	   0	71.6	71.6	 749	OK
1431	   0	73.6	73.6	 704	OK
1432	   0	77.2	77.2	 777	OK
1433	   0	77.3	77.3	 766	OK
1434	   0	72.7	72.7	 807	OK
1435	   0	76.8	76.8	 694	OK
1436	   0	71.9	71.9	 874	OK
1437	   0	72.7	72.7	 805	OK
1438	   0	72.6	72.6	 751	OK
1439	   0	82.3	82.3	 862	OK
1440	   0	79.7	79.7	 866	OK
1441	   0	80.3	80.3	 841	OK
1442	   0	74.7	74.7	 780	OK
1443	   0	78.1	78.1	 807	OK
1444	   0	75.3	75.3	 737	OK
1445	   0	74.9	74.9	 796	OK
1446	   0	73.1	73.1	 808	OK
1447	   0	73.2	73.2	 806	OK
1448	   0	76.1	76.1	 801	OK
1449	   0	76.2	76.2	 778	OK
1450	   0	77.8	77.8	 844	OK
1451	   0	80.0	80.0	 821	OK
1452	   0	75.0	75.0	 844	OK
1453	   0	80.9	80.9	 761	OK
1454	   0	72.5	72.5	 818	OK
1455	   0	81.7	81.7	 772	OK
1456	   0	75.1	75.1	 820	OK
1457	   0	71.2	71.2	 738	OK
1458	   0	77.5	77.5	 813	OK
1459	   0	81.9	81.9	 844	OK
1460	   0	69.9	69.9	 874	OK
1461	   0	74.5	74.5	 791	OK
1462	   0	78.8	78.8	 734	OK
1463	   0	72.3	72.3	 822	OK
1464	   0	74.3	74.3	 746	OK
1465	   0	77.4	77.4	 807	OK
1466	   0	77.4	77.4	 746	OK
1467	   0	75.4	75.4	 673	OK
1468	   0	79.4	79.4	 790	OK
1469	   0	79.4	79.4	 846	OK
1470	   0	80.5	80.5	 736	OK
1471	   0	79.5	79.5	 869	OK
1472	   0	75.8	75.8	 657	OK
1473	   0	80.7	80.7	 772	OK
1474	   0	72.5	72.5	 762	OK
1475	   0	70.2	70.2	 814	OK
1476	   0	74.8	74.8	 784	OK
1477	   0	76.4	76.4	 775	OK
1478	   0	74.9	74.9	 751	OK
1479	   0	70.4	70.4	 844	OK
1480	   0	75.9	75.9	 760	OK
1481	   0	73.5	73.5	 698	OK
1482	   0	77.2	77.2	 821	OK
1483	   0	75.6	75.6	 902	OK
1484	   0	77.8	77.8	 839	OK
1485	   0	78.0	78.0	 755	OK
1486	   0	79.6	79.6	 722	OK
1487	   0	77.1	77.1	 851	OK
1488	   0	76.4	76.4	 735	OK
1489	   0	69.3	69.3	 749	OK
1490	   0	76.9	76.9	 837	OK
1491	   0	72.1	72.1	 802	OK
1492	   0	73.5	73.5	 745	OK
1493	   0	73.3	73.3	 794	OK
1494	4000	73.8	73.8	 945	high noise
1495	   0	76.3	76.3	 784	OK
1496	   0	73.1	73.1	 787	OK
1497	   0	71.7	71.7	 695	OK
1498	   0	82.6	82.6	 814	OK
1499	   0	75.9	75.9	 834	OK
1500	   0	71.6	71.6	 724	OK
1501	   0	74.2	74.2	 773	OK
1502	   0	82.4	82.4	 808	OK
1503	   0	83.4	83.4	 732	OK
1504	   0	70.8	70.8	 786	OK
1505	   0	74.3	74.3	 751	OK
1506	   0	70.5	70.5	 802	OK
1507	   0	80.3	80.3	 773	OK
1508	   0	77.8	77.8	 728	OK
1509	   0	68.8	68.8	 725	OK
1510	   0	74.0	74.0	 748	OK
1511	   0	73.3	73.3	 835	OK
1512	   0	74.3	74.3	 807	OK
1513	   0	76.6	76.6	 763	OK
1514	   0	72.6	72.6	 863	OK
1515	   0	69.6	69.6	 757	OK
1516	   0	76.5	76.5	 847	OK
1517	   0	76.1	76.1	 698	OK
1518	   0	76.9	76.9	 732	OK
1519	   0	72.6	72.6	 821	OK
1520	   0	76.2	76.2	 896	OK
1521	   0	76.5	76.5	 757	OK
1522	   0	78.2	78.2	 837	OK
1523	   0	67.9	67.9	 663	OK
1524	   0	72.3	72.3	 780	OK
1525	   0	74.8	74.8	 823	OK
1526	   0	75.8	75.8	 787	OK
1527	   0	71.3	71.3	 849	OK
1528	   0	75.5	75.5	 727	OK
1529	   0	73.0	73.0	 750	OK
1530	   0	79.8	79.8	 800	OK
1531	   0	77.3	77.3	 822	OK
1532	   0	73.9	73.9	 804	OK
1533	   0	75.4	75.4	 794	OK
1534	   0	74.7	74.7	 864	OK
1535	4000	78.1	78.1	 916	high noise
1536	   0	91.9	91.9	 668	OK
1537	   0	90.9	90.9	 773	OK
1538	   0	79.2	79.2	 701	OK
1539	   0	84.0	84.0	 702	OK
1540	   0	82.4	82.4	 624	OK
1541	   0	89.5	89.5	 685	OK
1542	   0	94.6	94.6	 743	OK
1543	   0	80.7	80.7	 661	OK
1544	   0	91.1	91.1	 661	OK
1545	   0	94.1	94.1	 743	OK
1546	   0	90.4	90.4	 765	OK
1547	   0	87.0	87.0	 754	OK
1548	   0	87.2	87.2	 636	OK
1549	   0	87.4	87.4	 760	OK
1550	   0	93.1	93.1	 678	OK
1551	   0	91.0	91.0	 745	OK
1552	   0	85.8	85.8	 784	OK
1553	   0	86.3	86.3	 765	OK
1554	   0	89.5	89.5	 776	OK
1555	   0	94.4	94.4	 759	OK
1556	   0	90.4	90.4	 746	OK
1557	   0	86.9	86.9	 722	OK
1558	4000	81.0	81.0	 848	high noise
1559	   0	83.9	83.9	 667	OK
1560	   0	100.1	100.1	 698	OK
1561	4000	94.0	94.0	 851	high noise
1562	   0	91.5	91.5	 692	OK
1563	   0	90.8	90.8	 778	OK
1564	   0	86.7	86.7	 666	OK
1565	   0	84.9	84.9	 715	OK
1566	   0	80.5	80.5	 727	OK
1567	   0	90.9	90.9	 747	OK
1568	   0	103.1	103.1	 786	OK
1569	   0	89.8	89.8	 791	OK
1570	   0	88.2	88.2	 760	OK
1571	   0	91.4	91.4	 722	OK
1572	   0	93.4	93.4	 710	OK
1573	   0	90.2	90.2	 819	OK
1574	   0	87.2	87.2	 751	OK
1575	   0	96.5	96.5	 744	OK
1576	   0	87.7	87.7	 734	OK
1577	   0	86.8	86.8	 623	OK
1578	   0	88.4	88.4	 698	OK
1579	   0	87.1	87.1	 650	OK
1580	   0	90.3	90.3	 733	OK
1581	   0	93.8	93.8	 801	OK
1582	   0	90.3	90.3	 659	OK
1583	   0	92.6	92.6	 769	OK
1584	   0	93.7	93.7	 699	OK
1585	   0	98.2	98.2	 793	OK
1586	   0	97.7	97.7	 644	OK
1587	   0	89.0	89.0	 686	OK
1588	   0	93.8	93.8	 788	OK
1589	   0	86.9	86.9	 781	OK
1590	   0	92.9	92.9	 709	OK
1591	   0	86.3	86.3	 751	OK
1592	   0	93.5	93.5	 684	OK
1593	   0	90.9	90.9	 712	OK
1594	   0	95.1	95.1	 664	OK
1595	   0	92.3	92.3	 725	OK
1596	   0	82.6	82.6	 604	OK
1597	   0	88.7	88.7	 730	OK
1598	   0	89.6	89.6	 763	OK
1599	   0	90.7	90.7	 700	OK
1600	   0	87.5	87.5	 736	OK
1601	   0	86.0	86.0	 757	OK
1602	   0	90.6	90.6	 760	OK
1603	   0	96.6	96.6	 688	OK
1604	   0	89.3	89.3	 749	OK
1605	   0	90.5	90.5	 600	OK
1606	   0	93.8	93.8	 678	OK
1607	   0	89.3	89.3	 715	OK
1608	   0	87.6	87.6	 707	OK
1609	   0	93.4	93.4	 715	OK
1610	   0	91.9	91.9	 654	OK
1611	   0	89.7	89.7	 726	OK
1612	   0	85.6	85.6	 654	OK
1613	   0	87.7	87.7	 602	OK
1614	   0	88.8	88.8	 711	OK
1615	   0	88.7	88.7	 704	OK
1616	   0	94.0	94.0	 752	OK
1617	   0	85.6	85.6	 724	OK
1618	   0	92.2	92.2	 711	OK
1619	   0	88.2	88.2	 717	OK
1620	   0	87.0	87.0	 640	OK
1621	   0	87.7	87.7	 752	OK
1622	   0	84.9	84.9	 709	OK
1623	   0	89.1	89.1	 708	OK
1624	   0	92.6	92.6	 695	OK
1625	   0	93.0	93.0	 709	OK
1626	   0	91.7	91.7	 768	OK
1627	   0	91.6	91.6	 737	OK
1628	   0	90.3	90.3	 718	OK
1629	   0	86.9	86.9	 706	OK
1630	   0	82.6	82.6	 640	OK
1631	   0	90.9	90.9	 724	OK
1632	   0	96.0	96.0	 651	OK
1633	   0	85.7	85.7	 672	OK
1634	   0	88.8	88.8	 729	OK
1635	   0	86.4	86.4	 631	OK
1636	   0	82.3	82.3	 646	OK
1637	   0	82.0	82.0	 728	OK
1638	   0	87.6	87.6	 727	OK
1639	   0	82.3	82.3	 670	OK
1640	   0	89.0	89.0	 797	OK
1641	   0	87.8	87.8	 607	OK
1642	   0	93.7	93.7	 694	OK
1643	   0	86.7	86.7	 693	OK
1644	   0	87.9	87.9	 682	OK
1645	   0	89.4	89.4	 676	OK
1646	   0	85.3	85.3	 680	OK
1647	   0	87.6	87.6	 808	OK
1648	   0	84.8	84.8	 694	OK
1649	   0	90.8	90.8	 735	OK
1650	   0	87.9	87.9	 676	OK
1651	   0	82.5	82.5	 747	OK
1652	   0	87.1	87.1	 688	OK
1653	   0	90.8	90.8	 700	OK
1654	   0	95.2	95.2	 666	OK
1655	   0	84.8	84.8	 679	OK
1656	   0	91.1	91.1	 679	OK
1657	   0	82.3	82.3	 740	OK
1658	   0	92.3	92.3	 739	OK
1659	   0	93.7	93.7	 677	OK
1660	   0	84.1	84.1	 727	OK
1661	   0	88.5	88.5	 743	OK
1662	   0	89.5	89.5	 686	OK
1663	   0	83.4	83.4	 719	OK
1664	   0	78.9	78.9	 717	OK
1665	   0	76.6	76.6	 747	OK
1666	   0	84.9	84.9	 762	OK
1667	   0	81.6	81.6	 611	OK
1668	   0	81.4	81.4	 762	OK
1669	   0	84.0	84.0	 747	OK
1670	   0	83.2	83.2	 767	OK
1671	   0	81.3	81.3	 708	OK
1672	   0	80.3	80.3	 728	OK
1673	   0	84.6	84.6	 633	OK
1674	   0	76.9	76.9	 740	OK
1675	   0	76.9	76.9	 708	OK
1676	   0	76.0	76.0	 798	OK
1677	   0	79.7	79.7	 758	OK
1678	4000	83.4	83.4	 845	high noise
1679	   0	80.7	80.7	 781	OK
1680	   0	82.0	82.0	 751	OK
1681	   0	75.5	75.5	 638	OK
1682	   0	86.7	86.7	 754	OK
1683	   0	76.6	76.6	 745	OK
1684	   0	84.6	84.6	 756	OK
1685	   0	87.6	87.6	 730	OK
1686	   0	85.2	85.2	 624	OK
1687	   0	84.5	84.5	 683	OK
1688	   0	85.9	85.9	 709	OK
1689	   0	86.1	86.1	 709	OK
1690	   0	80.8	80.8	 710	OK
1691	   0	76.4	76.4	 580	OK
1692	   0	86.9	86.9	 736	OK
1693	   0	85.7	85.7	 623	OK
1694	   0	81.9	81.9	 675	OK
1695	   0	84.1	84.1	 676	OK
1696	   0	79.7	79.7	 721	OK
1697	   0	80.4	80.4	 707	OK
1698	   0	79.0	79.0	 725	OK
1699	   0	85.6	85.6	 716	OK
1700	   0	82.6	82.6	 666	OK
1701	   0	82.2	82.2	 768	OK
1702	   0	81.1	81.1	 691	OK
1703	   0	88.5	88.5	 631	OK
1704	   0	85.2	85.2	 738	OK
1705	   0	80.8	80.8	 733	OK
1706	   0	82.7	82.7	 747	OK
1707	   0	78.1	78.1	 589	OK
1708	   0	86.4	86.4	 688	OK
1709	   0	87.1	87.1	 646	OK
1710	   0	83.9	83.9	 692	OK
1711	   0	84.4	84.4	 757	OK
1712	   0	86.6	86.6	 686	OK
1713	   0	77.6	77.6	 646	OK
1714	   0	83.7	83.7	 666	OK
1715	   0	77.6	77.6	 816	OK
1716	   0	84.0	84.0	 723	OK
1717	   0	84.5	84.5	 652	OK
1718	   0	84.0	84.0	 704	OK
1719	   0	84.8	84.8	 766	OK
1720	   0	85.0	85.0	 672	OK
1721	   0	81.6	81.6	 649	OK
1722	   0	85.3	85.3	 813	OK
1723	   0	85.6	85.6	 628	OK
1724	   0	87.1	87.1	 800	OK
1725	   0	89.9	89.9	 722	OK
1726	   0	81.9	81.9	 683	OK
1727	   0	89.5	89.5	 637	OK
1728	   0	93.0	93.0	 625	OK
1729	   0	86.4	86.4	 714	OK
1730	   0	87.3	87.3	 641	OK
1731	   0	79.2	79.2	 763	OK
1732	   0	89.7	89.7	 707	OK
1733	   0	87.4	87.4	 755	OK
1734	   0	80.0	80.0	 698	OK
1735	4000	82.2	82.2	 834	high noise
1736	   0	77.2	77.2	 705	OK
1737	   0	84.6	84.6	 762	OK
1738	   0	83.9	83.9	 673	OK
1739	   0	92.5	92.5	 644	OK
1740	   0	86.5	86.5	 656	OK
1741	   0	81.4	81.4	 692	OK
1742	   0	81.3	81.3	 811	OK
1743	   0	84.8	84.8	 760	OK
1744	   0	80.2	80.2	 678	OK
1745	   0	87.4	87.4	 701	OK
1746	   0	85.8	85.8	 629	OK
1747	   0	81.5	81.5	 665	OK
1748	   0	92.1	92.1	 685	OK
1749	   0	81.6	81.6	 731	OK
1750	   0	94.5	94.5	 664	OK
1751	   0	80.1	80.1	 687	OK
1752	   0	82.4	82.4	 719	OK
1753	   0	82.7	82.7	 692	OK
1754	   0	91.8	91.8	 768	OK
1755	   0	86.2	86.2	 776	OK
1756	   0	81.2	81.2	 693	OK
1757	   0	86.5	86.5	 704	OK
1758	   0	80.2	80.2	 787	OK
1759	   0	78.5	78.5	 728	OK
1760	   0	81.9	81.9	 721	OK
1761	   0	82.2	82.2	 686	OK
1762	   0	76.1	76.1	 719	OK
1763	   0	83.9	83.9	 807	OK
1764	   0	80.7	80.7	 721	OK
1765	   0	75.2	75.2	 814	OK
1766	   0	85.6	85.6	 761	OK
1767	   0	75.4	75.4	 721	OK
1768	   0	79.0	79.0	 648	OK
1769	   0	84.1	84.1	 670	OK
1770	   0	89.0	89.0	 794	OK
1771	   0	83.1	83.1	 716	OK
1772	   0	79.3	79.3	 655	OK
1773	   0	87.6	87.6	 604	OK
1774	   0	89.3	89.3	 751	OK
1775	   0	76.4	76.4	 695	OK
1776	   0	76.4	76.4	 816	OK
1777	4000	84.9	84.9	 824	high noise
1778	1000	85.3	85.3	 521	unbonded
1779	   0	98.2	98.2	 707	OK
1780	   0	86.3	86.3	 770	OK
1781	   0	81.3	81.3	 722	OK
1782	   0	84.2	84.2	 750	OK
1783	   0	85.8	85.8	 679	OK
1784	   0	83.8	83.8	 739	OK
1785	   0	75.0	75.0	 790	OK
1786	   0	80.1	80.1	 755	OK
1787	   0	77.0	77.0	 681	OK
1788	   0	82.1	82.1	 714	OK
1789	   0	76.2	76.2	 773	OK
1790	   0	79.0	79.0	 733	OK
1791	   0	82.3	82.3	 680	OK
1792	   0	88.6	88.6	 696	OK
1793	   0	85.6	85.6	 709	OK
1794	   0	84.6	84.6	 601	OK
1795	   0	93.0	93.0	 708	OK
1796	   0	95.0	95.0	 651	OK
1797	   0	88.7	88.7	 700	OK
1798	   0	82.0	82.0	 656	OK
1799	   0	85.1	85.1	 674	OK
1800	   0	88.9	88.9	 705	OK
1801	   0	82.6	82.6	 581	OK
1802	   0	85.7	85.7	 553	OK
1803	   0	84.8	84.8	 650	OK
1804	   0	88.0	88.0	 648	OK
1805	   0	91.6	91.6	 638	OK
1806	   0	80.6	80.6	 634	OK
1807	   0	90.1	90.1	 583	OK
1808	   0	82.0	82.0	 748	OK
1809	4000	90.8	90.8	 775	high noise
1810	   0	89.9	89.9	 653	OK
1811	   0	93.5	93.5	 571	OK
1812	   0	90.6	90.6	 562	OK
1813	   0	85.6	85.6	 639	OK
1814	   0	84.9	84.9	 718	OK
1815	4000	83.3	83.3	 755	high noise
1816	   0	86.5	86.5	 683	OK
1817	   0	87.4	87.4	 610	OK
1818	   0	90.7	90.7	 674	OK
1819	   0	88.2	88.2	 685	OK
1820	   0	85.0	85.0	 652	OK
1821	   0	88.9	88.9	 664	OK
1822	   0	87.7	87.7	 718	OK
1823	   0	89.2	89.2	 685	OK
1824	   0	86.3	86.3	 549	OK
1825	   0	83.2	83.2	 730	OK
1826	   0	85.3	85.3	 708	OK
1827	   0	86.1	86.1	 692	OK
1828	   0	83.0	83.0	 694	OK
1829	   0	85.5	85.5	 638	OK
1830	   0	80.9	80.9	 665	OK
1831	4000	85.4	85.4	 757	high noise
1832	   0	93.0	93.0	 639	OK
1833	   0	85.0	85.0	 704	OK
1834	   0	88.3	88.3	 693	OK
1835	   0	86.3	86.3	 656	OK
1836	   0	82.6	82.6	 686	OK
1837	   0	86.6	86.6	 639	OK
1838	   0	91.6	91.6	 714	OK
1839	   0	88.9	88.9	 629	OK
1840	   0	92.9	92.9	 605	OK
1841	   0	86.9	86.9	 746	OK
1842	   0	91.6	91.6	 611	OK
1843	4000	90.0	90.0	 770	high noise
1844	   0	84.6	84.6	 607	OK
1845	   0	88.8	88.8	 728	OK
1846	   0	83.5	83.5	 665	OK
1847	   0	97.5	97.5	 668	OK
1848	   0	91.9	91.9	 692	OK
1849	   0	90.2	90.2	 684	OK
1850	   0	89.6	89.6	 649	OK
1851	   0	86.8	86.8	 546	OK
1852	   0	89.2	89.2	 600	OK
1853	   0	98.7	98.7	 701	OK
1854	   0	90.2	90.2	 682	OK
1855	   0	93.4	93.4	 692	OK
1856	   0	94.7	94.7	 683	OK
1857	   0	89.9	89.9	 646	OK
1858	   0	92.1	92.1	 666	OK
1859	   0	84.4	84.4	 746	OK
1860	   0	86.3	86.3	 658	OK
1861	   0	89.8	89.8	 650	OK
1862	   0	93.0	93.0	 658	OK
1863	   0	91.4	91.4	 656	OK
1864	   0	92.2	92.2	 552	OK
1865	   0	87.4	87.4	 662	OK
1866	   0	94.4	94.4	 617	OK
1867	   0	76.5	76.5	 597	OK
1868	   0	86.8	86.8	 647	OK
1869	   0	83.2	83.2	 627	OK
1870	   0	95.7	95.7	 643	OK
1871	   0	83.3	83.3	 662	OK
1872	   0	85.2	85.2	 637	OK
1873	   0	88.1	88.1	 616	OK
1874	   0	87.4	87.4	 626	OK
1875	   0	91.8	91.8	 643	OK
1876	   0	92.4	92.4	 641	OK
1877	   0	93.9	93.9	 611	OK
1878	   0	90.6	90.6	 623	OK
1879	   0	84.8	84.8	 701	OK
1880	   0	86.5	86.5	 708	OK
1881	   0	85.0	85.0	 660	OK
1882	   0	93.7	93.7	 702	OK
1883	   0	84.0	84.0	 682	OK
1884	1000	87.8	87.8	 476	unbonded
1885	   0	91.3	91.3	 736	OK
1886	   0	83.6	83.6	 633	OK
1887	   0	89.6	89.6	 686	OK
1888	   0	92.3	92.3	 669	OK
1889	   0	92.3	92.3	 588	OK
1890	   0	90.5	90.5	 590	OK
1891	   0	87.5	87.5	 632	OK
1892	   0	92.7	92.7	 675	OK
1893	   0	94.3	94.3	 643	OK
1894	   0	91.3	91.3	 627	OK
1895	   0	84.1	84.1	 674	OK
1896	   0	83.6	83.6	 648	OK
1897	   0	92.4	92.4	 640	OK
1898	   0	90.9	90.9	 740	OK
1899	   0	82.9	82.9	 635	OK
1900	   0	87.4	87.4	 589	OK
1901	   0	91.4	91.4	 642	OK
1902	   0	88.0	88.0	 639	OK
1903	   0	87.0	87.0	 606	OK
1904	   0	86.5	86.5	 634	OK
1905	   0	92.7	92.7	 637	OK
1906	1000	87.0	87.0	 479	unbonded
1907	   0	82.1	82.1	 700	OK
1908	   0	86.4	86.4	 645	OK
1909	   0	83.4	83.4	 636	OK
1910	   0	90.4	90.4	 712	OK
1911	   0	88.2	88.2	 707	OK
1912	   0	90.2	90.2	 597	OK
1913	   0	93.6	93.6	 661	OK
1914	   0	96.7	96.7	 681	OK
1915	   0	88.2	88.2	 579	OK
1916	   0	84.8	84.8	 682	OK
1917	1000	87.1	87.1	 517	unbonded
1918	   0	81.6	81.6	 728	OK
1919	   0	91.8	91.8	 680	OK
1920	   0	82.2	82.2	 708	OK
1921	   0	76.4	76.4	 810	OK
1922	   0	89.8	89.8	 724	OK
1923	   0	83.3	83.3	 696	OK
1924	   0	87.2	87.2	 708	OK
1925	   0	84.7	84.7	 670	OK
1926	   0	84.9	84.9	 762	OK
1927	   0	88.3	88.3	 682	OK
1928	   0	79.8	79.8	 762	OK
1929	   0	91.3	91.3	 776	OK
1930	   0	84.3	84.3	 620	OK
1931	   0	88.1	88.1	 651	OK
1932	   0	82.4	82.4	 711	OK
1933	   0	85.8	85.8	 744	OK
1934	   0	83.3	83.3	 638	OK
1935	   0	86.5	86.5	 735	OK
1936	   0	86.0	86.0	 709	OK
1937	   0	93.4	93.4	 701	OK
1938	   0	93.5	93.5	 710	OK
1939	   0	81.4	81.4	 705	OK
1940	   0	82.9	82.9	 691	OK
1941	   0	89.7	89.7	 727	OK
1942	   0	86.2	86.2	 730	OK
1943	   0	91.6	91.6	 682	OK
1944	   0	84.4	84.4	 759	OK
1945	4000	88.1	88.1	 843	high noise
1946	   0	85.8	85.8	 696	OK
1947	   0	88.8	88.8	 666	OK
1948	   0	88.6	88.6	 707	OK
1949	   0	85.9	85.9	 596	OK
1950	   0	85.6	85.6	 643	OK
1951	   0	84.2	84.2	 639	OK
1952	   0	83.4	83.4	 770	OK
1953	   0	85.2	85.2	 598	OK
1954	   0	83.8	83.8	 679	OK
1955	   0	91.9	91.9	 761	OK
1956	   0	85.7	85.7	 751	OK
1957	   0	88.2	88.2	 813	OK
1958	   0	84.4	84.4	 662	OK
1959	   0	86.1	86.1	 798	OK
1960	   0	87.1	87.1	 785	OK
1961	   0	83.9	83.9	 697	OK
1962	   0	90.7	90.7	 692	OK
1963	   0	88.8	88.8	 726	OK
1964	   0	91.8	91.8	 809	OK
1965	   0	85.2	85.2	 669	OK
1966	   0	90.2	90.2	 705	OK
1967	   0	88.3	88.3	 782	OK
1968	   0	91.0	91.0	 719	OK
1969	   0	91.6	91.6	 634	OK
1970	   0	91.1	91.1	 724	OK
1971	   0	88.5	88.5	 698	OK
1972	   0	90.3	90.3	 740	OK
1973	   0	82.5	82.5	 689	OK
1974	   0	83.8	83.8	 692	OK
1975	   0	91.4	91.4	 727	OK
1976	   0	92.3	92.3	 636	OK
1977	   0	82.8	82.8	 760	OK
1978	   0	94.4	94.4	 756	OK
1979	   0	85.4	85.4	 694	OK
1980	   0	94.1	94.1	 753	OK
1981	   0	86.9	86.9	 598	OK
1982	   0	92.7	92.7	 763	OK
1983	   0	92.4	92.4	 648	OK
1984	   0	96.1	96.1	 760	OK
1985	   0	85.5	85.5	 672	OK
1986	   0	91.1	91.1	 695	OK
1987	   0	85.9	85.9	 794	OK
1988	   0	87.4	87.4	 729	OK
1989	   0	92.2	92.2	 714	OK
1990	   0	91.3	91.3	 643	OK
1991	   0	90.4	90.4	 650	OK
1992	   0	87.3	87.3	 752	OK
1993	   0	91.2	91.2	 800	OK
1994	   0	89.2	89.2	 811	OK
1995	   0	92.8	92.8	 757	OK
1996	   0	86.3	86.3	 702	OK
1997	   0	90.2	90.2	 686	OK
1998	   0	88.4	88.4	 645	OK
1999	   0	86.5	86.5	 722	OK
2000	   0	91.3	91.3	 734	OK
2001	   0	89.5	89.5	 686	OK
2002	   0	87.9	87.9	 692	OK
2003	   0	84.8	84.8	 738	OK
2004	   0	93.6	93.6	 681	OK
2005	   0	89.1	89.1	 766	OK
2006	4000	85.5	85.5	 856	high noise
2007	   0	90.2	90.2	 752	OK
2008	   0	91.6	91.6	 705	OK
2009	   0	86.7	86.7	 697	OK
2010	   0	81.9	81.9	 727	OK
2011	   0	90.6	90.6	 662	OK
2012	   0	90.1	90.1	 729	OK
2013	   0	90.4	90.4	 803	OK
2014	   0	89.3	89.3	 642	OK
2015	   0	84.4	84.4	 756	OK
2016	   0	86.9	86.9	 795	OK
2017	   0	86.1	86.1	 768	OK
2018	   0	92.3	92.3	 768	OK
2019	   0	89.2	89.2	 781	OK
2020	   0	84.4	84.4	 644	OK
2021	   0	82.9	82.9	 748	OK
2022	   0	84.4	84.4	 701	OK
2023	   0	82.4	82.4	 663	OK
2024	   0	85.0	85.0	 639	OK
2025	   0	83.4	83.4	 690	OK
2026	   0	83.1	83.1	 777	OK
2027	   0	83.7	83.7	 761	OK
2028	   0	82.4	82.4	 680	OK
2029	   0	87.9	87.9	 743	OK
2030	   0	87.1	87.1	 693	OK
2031	   0	83.8	83.8	 747	OK
2032	   0	85.9	85.9	 800	OK
2033	   0	81.7	81.7	 640	OK
2034	   0	86.8	86.8	 682	OK
2035	   0	92.0	92.0	 756	OK
2036	   0	86.1	86.1	 691	OK
2037	   0	85.2	85.2	 643	OK
2038	   0	82.3	82.3	 737	OK
2039	   0	85.1	85.1	 705	OK
2040	   0	83.2	83.2	 668	OK
2041	   0	88.1	88.1	 761	OK
2042	   0	86.7	86.7	 777	OK
2043	   0	90.3	90.3	 740	OK
2044	4000	91.0	91.0	 848	high noise
2045	   0	87.3	87.3	 732	OK
2046	   0	79.0	79.0	 689	OK
2047	   0	85.5	85.5	 705	OK
2048	   0	88.8	88.8	 761	OK
2049	   0	81.8	81.8	 814	OK
2050	   0	81.1	81.1	 707	OK
2051	   0	87.2	87.2	 784	OK
2052	4000	86.3	86.3	 865	high noise
2053	   0	90.0	90.0	 743	OK
2054	   0	88.7	88.7	 710	OK
2055	   0	94.2	94.2	 685	OK
2056	   0	88.5	88.5	 736	OK
2057	   0	77.2	77.2	 723	OK
2058	   0	85.8	85.8	 770	OK
2059	   0	82.9	82.9	 798	OK
2060	   0	90.2	90.2	 745	OK
2061	   0	84.6	84.6	 686	OK
2062	   0	82.5	82.5	 716	OK
2063	   0	83.1	83.1	 720	OK
2064	   0	86.1	86.1	 711	OK
2065	   0	87.4	87.4	 698	OK
2066	   0	93.6	93.6	 753	OK
2067	   0	84.0	84.0	 799	OK
2068	   0	87.5	87.5	 707	OK
2069	   0	86.2	86.2	 639	OK
2070	   0	92.5	92.5	 730	OK
2071	   0	77.5	77.5	 749	OK
2072	   0	86.2	86.2	 726	OK
2073	   0	87.1	87.1	 712	OK
2074	   0	92.9	92.9	 783	OK
2075	   0	88.6	88.6	 796	OK
2076	   0	84.4	84.4	 704	OK
2077	4000	81.3	81.3	 844	high noise
2078	   0	84.8	84.8	 821	OK
2079	   0	85.9	85.9	 763	OK
2080	   0	80.6	80.6	 734	OK
2081	   0	86.6	86.6	 748	OK
2082	   0	85.4	85.4	 703	OK
2083	   0	85.5	85.5	 784	OK
2084	   0	85.4	85.4	 747	OK
2085	   0	83.8	83.8	 718	OK
2086	   0	85.0	85.0	 812	OK
2087	   0	81.4	81.4	 736	OK
2088	   0	87.9	87.9	 714	OK
2089	   0	87.0	87.0	 790	OK
2090	   0	87.2	87.2	 761	OK
2091	   0	91.9	91.9	 775	OK
2092	   0	81.8	81.8	 723	OK
2093	   0	91.9	91.9	 778	OK
2094	   0	86.0	86.0	 683	OK
2095	   0	100.0	100.0	 753	OK
2096	   0	84.9	84.9	 743	OK
2097	   0	92.1	92.1	 712	OK
2098	   0	92.9	92.9	 731	OK
2099	   0	82.6	82.6	 725	OK
2100	   0	89.9	89.9	 723	OK
2101	   0	87.9	87.9	 646	OK
2102	   0	87.8	87.8	 697	OK
2103	   0	89.3	89.3	 770	OK
2104	   0	83.7	83.7	 775	OK
2105	   0	83.8	83.8	 708	OK
2106	   0	86.2	86.2	 745	OK
2107	   0	86.5	86.5	 728	OK
2108	   0	93.9	93.9	 732	OK
2109	   0	87.9	87.9	 713	OK
2110	   0	87.7	87.7	 771	OK
2111	   0	88.3	88.3	 638	OK
2112	   0	84.3	84.3	 723	OK
2113	   0	88.2	88.2	 625	OK
2114	   0	95.8	95.8	 732	OK
2115	   0	94.1	94.1	 728	OK
2116	   0	85.7	85.7	 585	OK
2117	   0	90.2	90.2	 787	OK
2118	   0	94.2	94.2	 709	OK
2119	   0	87.7	87.7	 661	OK
2120	   0	87.4	87.4	 765	OK
2121	   0	86.6	86.6	 652	OK
2122	   0	81.6	81.6	 734	OK
2123	   0	88.4	88.4	 726	OK
2124	   0	83.2	83.2	 675	OK
2125	   0	89.7	89.7	 620	OK
2126	   0	84.9	84.9	 646	OK
2127	   0	87.4	87.4	 761	OK
2128	   0	83.9	83.9	 732	OK
2129	   0	79.1	79.1	 768	OK
2130	   0	83.1	83.1	 816	OK
2131	   0	75.4	75.4	 737	OK
2132	   0	84.8	84.8	 653	OK
2133	   0	85.7	85.7	 745	OK
2134	   0	83.5	83.5	 713	OK
2135	   0	84.7	84.7	 728	OK
2136	   0	87.8	87.8	 684	OK
2137	   0	92.8	92.8	 812	OK
2138	   0	92.2	92.2	 713	OK
2139	   0	89.8	89.8	 713	OK
2140	   0	90.2	90.2	 721	OK
2141	   0	89.0	89.0	 677	OK
2142	   0	94.7	94.7	 699	OK
2143	   0	90.3	90.3	 686	OK
2144	   0	87.6	87.6	 761	OK
2145	   0	91.9	91.9	 721	OK
2146	   0	81.7	81.7	 747	OK
2147	   0	88.7	88.7	 567	OK
2148	   0	86.3	86.3	 653	OK
2149	   0	86.3	86.3	 724	OK
2150	   0	93.6	93.6	 706	OK
2151	   0	88.9	88.9	 733	OK
2152	   0	86.0	86.0	 706	OK
2153	   0	88.8	88.8	 729	OK
2154	   0	88.9	88.9	 678	OK
2155	   0	94.2	94.2	 764	OK
2156	   0	90.4	90.4	 743	OK
2157	   0	87.3	87.3	 730	OK
2158	   0	88.8	88.8	 711	OK
2159	   0	84.8	84.8	 682	OK
2160	   0	79.9	79.9	 712	OK
2161	   0	82.4	82.4	 669	OK
2162	   0	89.2	89.2	 630	OK
2163	   0	91.9	91.9	 695	OK
2164	   0	92.5	92.5	 662	OK
2165	   0	92.4	92.4	 741	OK
2166	   0	87.4	87.4	 668	OK
2167	   0	90.1	90.1	 713	OK
2168	   0	85.2	85.2	 749	OK
2169	   0	88.1	88.1	 616	OK
2170	   0	86.2	86.2	 725	OK
2171	   0	87.2	87.2	 657	OK
2172	   0	88.7	88.7	 748	OK
2173	   0	82.4	82.4	 707	OK
2174	   0	87.0	87.0	 756	OK
2175	   0	83.9	83.9	 821	OK
2176	   0	87.6	87.6	 736	OK
2177	   0	84.4	84.4	 695	OK
2178	   0	82.9	82.9	 677	OK
2179	   0	91.5	91.5	 712	OK
2180	   0	79.8	79.8	 623	OK
2181	   0	89.7	89.7	 675	OK
2182	   0	81.7	81.7	 708	OK
2183	   0	94.5	94.5	 638	OK
2184	   0	90.5	90.5	 681	OK
2185	   0	87.0	87.0	 641	OK
2186	   0	97.5	97.5	 617	OK
2187	   0	92.6	92.6	 685	OK
2188	   0	95.3	95.3	 611	OK
2189	   0	98.7	98.7	 674	OK
2190	   0	92.8	92.8	 714	OK
2191	   0	88.9	88.9	 589	OK
2192	   0	91.3	91.3	 671	OK
2193	   0	80.7	80.7	 632	OK
2194	   0	83.7	83.7	 736	OK
2195	   0	90.0	90.0	 596	OK
2196	   0	89.7	89.7	 646	OK
2197	   0	83.0	83.0	 670	OK
2198	   0	88.7	88.7	 675	OK
2199	   0	91.8	91.8	 570	OK
2200	   0	84.8	84.8	 723	OK
2201	   0	83.0	83.0	 645	OK
2202	   0	89.3	89.3	 645	OK
2203	   0	94.3	94.3	 700	OK
2204	   0	82.8	82.8	 696	OK
2205	   0	89.5	89.5	 645	OK
2206	   0	89.3	89.3	 660	OK
2207	   0	90.7	90.7	 579	OK
2208	   0	88.3	88.3	 640	OK
2209	   0	93.2	93.2	 747	OK
2210	1000	86.4	86.4	 525	unbonded
2211	   0	85.0	85.0	 684	OK
2212	   0	82.4	82.4	 708	OK
2213	   0	84.1	84.1	 740	OK
2214	   0	84.2	84.2	 677	OK
2215	   0	83.4	83.4	 729	OK
2216	   0	91.6	91.6	 663	OK
2217	   0	83.7	83.7	 607	OK
2218	   0	96.1	96.1	 633	OK
2219	   0	83.2	83.2	 682	OK
2220	   0	85.1	85.1	 611	OK
2221	   0	88.5	88.5	 665	OK
2222	   0	86.0	86.0	 613	OK
2223	   0	85.5	85.5	 615	OK
2224	   0	93.4	93.4	 728	OK
2225	   0	83.1	83.1	 603	OK
2226	   0	88.1	88.1	 673	OK
2227	   0	86.0	86.0	 645	OK
2228	   0	97.5	97.5	 605	OK
2229	   0	88.1	88.1	 668	OK
2230	   0	95.4	95.4	 646	OK
2231	   0	93.3	93.3	 702	OK
2232	   0	90.2	90.2	 652	OK
2233	   0	100.2	100.2	 616	OK
2234	   0	92.8	92.8	 672	OK
2235	   0	92.2	92.2	 589	OK
2236	   0	97.2	97.2	 651	OK
2237	   0	89.9	89.9	 591	OK
2238	   0	92.3	92.3	 715	OK
2239	   0	99.5	99.5	 700	OK
2240	   0	86.7	86.7	 692	OK
2241	   0	86.1	86.1	 681	OK
2242	   0	97.8	97.8	 578	OK
2243	   0	84.4	84.4	 714	OK
2244	   0	86.5	86.5	 603	OK
2245	   0	86.7	86.7	 679	OK
2246	   0	88.8	88.8	 740	OK
2247	1000	87.7	87.7	 534	unbonded
2248	   0	94.3	94.3	 573	OK
2249	   0	89.2	89.2	 657	OK
2250	   0	98.5	98.5	 688	OK
2251	   0	86.6	86.6	 710	OK
2252	   0	82.9	82.9	 757	OK
2253	   0	90.2	90.2	 701	OK
2254	   0	88.0	88.0	 664	OK
2255	4000	84.3	84.3	 764	high noise
2256	   0	81.7	81.7	 578	OK
2257	   0	90.4	90.4	 618	OK
2258	   0	87.5	87.5	 643	OK
2259	   0	84.2	84.2	 601	OK
2260	   0	98.2	98.2	 614	OK
2261	   0	85.6	85.6	 677	OK
2262	   0	92.8	92.8	 674	OK
2263	   0	91.0	91.0	 703	OK
2264	   0	79.0	79.0	 681	OK
2265	   0	90.0	90.0	 680	OK
2266	   0	86.6	86.6	 730	OK
2267	   0	88.9	88.9	 682	OK
2268	   0	85.8	85.8	 593	OK
2269	   0	88.5	88.5	 706	OK
2270	   0	87.9	87.9	 703	OK
2271	   0	92.7	92.7	 696	OK
2272	   0	89.9	89.9	 624	OK
2273	   0	90.9	90.9	 674	OK
2274	   0	79.6	79.6	 736	OK
2275	   0	96.0	96.0	 696	OK
2276	   0	90.8	90.8	 648	OK
2277	   0	88.9	88.9	 668	OK
2278	   0	91.1	91.1	 668	OK
2279	   0	88.0	88.0	 667	OK
2280	   0	85.6	85.6	 687	OK
2281	   0	87.7	87.7	 709	OK
2282	   0	88.6	88.6	 668	OK
2283	   0	90.2	90.2	 680	OK
2284	   0	89.3	89.3	 720	OK
2285	   0	90.2	90.2	 677	OK
2286	   0	89.9	89.9	 755	OK
2287	   0	98.1	98.1	 661	OK
2288	   0	83.5	83.5	 586	OK
2289	   0	92.9	92.9	 688	OK
2290	   0	86.4	86.4	 640	OK
2291	   0	79.7	79.7	 692	OK
2292	   0	79.3	79.3	 651	OK
2293	   0	89.1	89.1	 618	OK
2294	   0	85.5	85.5	 697	OK
2295	   0	88.4	88.4	 647	OK
2296	   0	84.9	84.9	 616	OK
2297	   0	94.4	94.4	 726	OK
2298	   0	92.9	92.9	 682	OK
2299	   0	89.1	89.1	 731	OK
2300	   0	92.4	92.4	 684	OK
2301	   0	96.9	96.9	 584	OK
2302	   0	86.9	86.9	 679	OK
2303	   0	83.7	83.7	 686	OK
2304	   0	86.4	86.4	 654	OK
2305	   0	84.4	84.4	 722	OK
2306	   0	88.2	88.2	 610	OK
2307	   0	84.2	84.2	 622	OK
2308	   0	86.1	86.1	 662	OK
2309	   0	82.5	82.5	 667	OK
2310	   0	85.2	85.2	 681	OK
2311	   0	84.8	84.8	 693	OK
2312	   0	84.6	84.6	 659	OK
2313	   0	82.0	82.0	 762	OK
2314	   0	86.4	86.4	 661	OK
2315	   0	84.5	84.5	 594	OK
2316	   0	77.0	77.0	 726	OK
2317	   0	87.8	87.8	 634	OK
2318	   0	79.9	79.9	 671	OK
2319	   0	81.1	81.1	 703	OK
2320	   0	85.2	85.2	 710	OK
2321	   0	88.4	88.4	 674	OK
2322	   0	84.5	84.5	 590	OK
2323	   0	88.6	88.6	 699	OK
2324	   0	78.5	78.5	 656	OK
2325	   0	91.7	91.7	 622	OK
2326	   0	88.7	88.7	 664	OK
2327	   0	87.4	87.4	 684	OK
2328	4000	85.3	85.3	 809	high noise
2329	   0	83.1	83.1	 756	OK
2330	   0	88.1	88.1	 611	OK
2331	   0	78.4	78.4	 726	OK
2332	   0	88.2	88.2	 658	OK
2333	   0	84.9	84.9	 603	OK
2334	   0	91.8	91.8	 692	OK
2335	   0	89.3	89.3	 705	OK
2336	   0	94.4	94.4	 739	OK
2337	   0	87.8	87.8	 671	OK
2338	   0	94.8	94.8	 641	OK
2339	   0	85.8	85.8	 758	OK
2340	   0	87.2	87.2	 719	OK
2341	   0	84.0	84.0	 728	OK
2342	   0	91.1	91.1	 684	OK
2343	   0	83.2	83.2	 672	OK
2344	   0	87.0	87.0	 747	OK
2345	   0	89.1	89.1	 698	OK
2346	   0	91.8	91.8	 692	OK
2347	   0	87.8	87.8	 756	OK
2348	   0	88.9	88.9	 744	OK
2349	   0	81.3	81.3	 682	OK
2350	   0	94.0	94.0	 694	OK
2351	   0	89.6	89.6	 707	OK
2352	   0	84.6	84.6	 599	OK
2353	   0	82.9	82.9	 633	OK
2354	   0	87.3	87.3	 659	OK
2355	   0	91.0	91.0	 621	OK
2356	4000	89.9	89.9	 800	high noise
2357	   0	86.3	86.3	 747	OK
2358	   0	87.7	87.7	 691	OK
2359	   0	88.8	88.8	 664	OK
2360	   0	89.9	89.9	 632	OK
2361	   0	94.4	94.4	 659	OK
2362	4000	87.9	87.9	 792	high noise
2363	   0	97.2	97.2	 720	OK
2364	   0	89.0	89.0	 729	OK
2365	   0	82.7	82.7	 742	OK
2366	   0	87.4	87.4	 731	OK
2367	4000	87.6	87.6	 799	high noise
2368	   0	88.1	88.1	 604	OK
2369	   0	89.3	89.3	 745	OK
2370	   0	93.4	93.4	 617	OK
2371	   0	93.2	93.2	 689	OK
2372	   0	84.9	84.9	 732	OK
2373	   0	89.4	89.4	 685	OK
2374	   0	88.6	88.6	 705	OK
2375	   0	95.4	95.4	 649	OK
2376	   0	85.3	85.3	 714	OK
2377	   0	89.1	89.1	 668	OK
2378	   0	87.3	87.3	 684	OK
2379	   0	83.4	83.4	 659	OK
2380	   0	81.4	81.4	 680	OK
2381	   0	79.7	79.7	 613	OK
2382	   0	82.3	82.3	 688	OK
2383	   0	92.2	92.2	 613	OK
2384	   0	80.0	80.0	 613	OK
2385	   0	85.5	85.5	 601	OK
2386	   0	85.3	85.3	 651	OK
2387	   0	84.6	84.6	 679	OK
2388	   0	84.9	84.9	 626	OK
2389	   0	86.3	86.3	 722	OK
2390	   0	82.7	82.7	 642	OK
2391	   0	90.1	90.1	 648	OK
2392	4000	87.2	87.2	 788	high noise
2393	   0	84.7	84.7	 600	OK
2394	   0	89.5	89.5	 700	OK
2395	   0	85.9	85.9	 734	OK
2396	   0	90.5	90.5	 626	OK
2397	   0	84.7	84.7	 780	OK
2398	   0	82.1	82.1	 675	OK
2399	   0	87.9	87.9	 751	OK
2400	   0	82.9	82.9	 709	OK
2401	   0	89.0	89.0	 673	OK
2402	   0	84.9	84.9	 696	OK
2403	   0	83.6	83.6	 739	OK
2404	   0	85.1	85.1	 581	OK
2405	   0	81.5	81.5	 703	OK
2406	   0	79.5	79.5	 715	OK
2407	   0	86.9	86.9	 729	OK
2408	   0	84.3	84.3	 586	OK
2409	   0	85.4	85.4	 616	OK
2410	   0	92.7	92.7	 654	OK
2411	4000	83.0	83.0	 801	high noise
2412	   0	82.7	82.7	 673	OK
2413	   0	84.0	84.0	 657	OK
2414	   0	86.4	86.4	 732	OK
2415	   0	89.2	89.2	 773	OK
2416	   0	88.9	88.9	 669	OK
2417	   0	84.3	84.3	 663	OK
2418	   0	86.4	86.4	 697	OK
2419	   0	95.0	95.0	 712	OK
2420	   0	86.1	86.1	 652	OK
2421	   0	89.1	89.1	 597	OK
2422	   0	87.9	87.9	 694	OK
2423	   0	77.9	77.9	 640	OK
2424	   0	80.4	80.4	 714	OK
2425	   0	86.8	86.8	 778	OK
2426	   0	79.6	79.6	 622	OK
2427	   0	86.8	86.8	 679	OK
2428	   0	83.1	83.1	 679	OK
2429	   0	77.7	77.7	 666	OK
2430	   0	85.6	85.6	 720	OK
2431	   0	84.0	84.0	 720	OK
2432	   0	81.9	81.9	 678	OK
2433	   0	79.2	79.2	 709	OK
2434	   0	84.9	84.9	 756	OK
2435	   0	90.2	90.2	 667	OK
2436	   0	81.4	81.4	 735	OK
2437	   0	82.1	82.1	 740	OK
2438	   0	80.0	80.0	 774	OK
2439	   0	81.5	81.5	 745	OK
2440	   0	85.4	85.4	 724	OK
2441	   0	83.6	83.6	 709	OK
2442	   0	78.4	78.4	 596	OK
2443	   0	89.7	89.7	 575	OK
2444	   0	86.5	86.5	 658	OK
2445	   0	84.6	84.6	 695	OK
2446	   0	86.0	86.0	 660	OK
2447	   0	83.4	83.4	 720	OK
2448	   0	87.1	87.1	 722	OK
2449	   0	84.4	84.4	 705	OK
2450	   0	88.2	88.2	 745	OK
2451	   0	87.0	87.0	 736	OK
2452	   0	89.5	89.5	 711	OK
2453	   0	85.7	85.7	 641	OK
2454	   0	81.8	81.8	 783	OK
2455	   0	81.7	81.7	 777	OK
2456	   0	84.8	84.8	 722	OK
2457	   0	87.7	87.7	 660	OK
2458	   0	88.9	88.9	 710	OK
2459	   0	89.2	89.2	 690	OK
2460	   0	89.6	89.6	 690	OK
2461	   0	86.1	86.1	 786	OK
2462	   0	84.5	84.5	 687	OK
2463	   0	92.2	92.2	 797	OK
2464	   0	83.0	83.0	 688	OK
2465	   0	90.3	90.3	 776	OK
2466	   0	87.3	87.3	 691	OK
2467	   0	85.2	85.2	 727	OK
2468	   0	87.4	87.4	 662	OK
2469	   0	84.2	84.2	 756	OK
2470	   0	89.3	89.3	 730	OK
2471	   0	80.8	80.8	 648	OK
2472	   0	81.7	81.7	 712	OK
2473	   0	78.7	78.7	 756	OK
2474	   0	85.9	85.9	 643	OK
2475	   0	92.9	92.9	 677	OK
2476	   0	85.7	85.7	 733	OK
2477	   0	85.2	85.2	 702	OK
2478	   0	88.3	88.3	 707	OK
2479	   0	88.4	88.4	 693	OK
2480	   0	84.2	84.2	 682	OK
2481	   0	83.4	83.4	 665	OK
2482	   0	93.5	93.5	 717	OK
2483	   0	81.2	81.2	 721	OK
2484	   0	88.9	88.9	 766	OK
2485	   0	95.6	95.6	 775	OK
2486	   0	83.8	83.8	 711	OK
2487	   0	86.7	86.7	 607	OK
2488	   0	85.9	85.9	 636	OK
2489	   0	89.8	89.8	 723	OK
2490	   0	90.1	90.1	 726	OK
2491	   0	90.7	90.7	 672	OK
2492	   0	87.1	87.1	 654	OK
2493	   0	91.0	91.0	 745	OK
2494	   0	81.7	81.7	 694	OK
2495	   0	84.2	84.2	 677	OK
2496	   0	92.0	92.0	 701	OK
2497	   0	87.9	87.9	 698	OK
2498	   0	88.3	88.3	 678	OK
2499	   0	87.3	87.3	 639	OK
2500	   0	88.3	88.3	 696	OK
2501	   0	83.8	83.8	 695	OK
2502	   0	84.8	84.8	 666	OK
2503	   0	81.6	81.6	 620	OK
2504	   0	90.8	90.8	 613	OK
2505	   0	93.9	93.9	 709	OK
2506	   0	90.7	90.7	 731	OK
2507	   0	76.2	76.2	 783	OK
2508	   0	81.0	81.0	 667	OK
2509	   0	82.0	82.0	 607	OK
2510	   0	79.8	79.8	 756	OK
2511	   0	82.3	82.3	 631	OK
2512	   0	78.5	78.5	 729	OK
2513	   0	81.5	81.5	 759	OK
2514	   0	87.0	87.0	 597	OK
2515	   0	86.0	86.0	 740	OK
2516	   0	93.6	93.6	 733	OK
2517	   0	79.5	79.5	 710	OK
2518	   0	86.0	86.0	 666	OK
2519	   0	84.1	84.1	 789	OK
2520	   0	87.8	87.8	 602	OK
2521	   0	87.9	87.9	 734	OK
2522	   0	90.9	90.9	 716	OK
2523	   0	82.7	82.7	 671	OK
2524	   0	86.0	86.0	 703	OK
2525	   0	83.8	83.8	 715	OK
2526	   0	83.2	83.2	 687	OK
2527	   0	82.2	82.2	 727	OK
2528	   0	88.5	88.5	 699	OK
2529	   0	80.7	80.7	 627	OK
2530	   0	83.5	83.5	 745	OK
2531	   0	85.2	85.2	 717	OK
2532	   0	91.2	91.2	 693	OK
2533	   0	85.0	85.0	 748	OK
2534	   0	89.2	89.2	 666	OK
2535	   0	86.5	86.5	 729	OK
2536	   0	88.1	88.1	 740	OK
2537	   0	82.9	82.9	 674	OK
2538	   0	81.3	81.3	 713	OK
2539	   0	86.6	86.6	 725	OK
2540	   0	83.8	83.8	 752	OK
2541	4000	88.4	88.4	 822	high noise
2542	   0	91.5	91.5	 647	OK
2543	   0	92.9	92.9	 575	OK
2544	   0	86.1	86.1	 751	OK
2545	   0	92.6	92.6	 683	OK
2546	   0	80.1	80.1	 760	OK
2547	   0	85.8	85.8	 733	OK
2548	   0	80.7	80.7	 559	OK
2549	   0	91.1	91.1	 698	OK
2550	   0	83.3	83.3	 724	OK
2551	   0	82.7	82.7	 737	OK
2552	   0	86.6	86.6	 619	OK
2553	   0	82.3	82.3	 783	OK
2554	   0	83.6	83.6	 700	OK
2555	   0	76.0	76.0	 764	OK
2556	   0	83.8	83.8	 645	OK
2557	   0	86.4	86.4	 707	OK
2558	   0	79.9	79.9	 766	OK
2559	4000	85.6	85.6	 834	high noise
