#chan	code	gain	offset	innse	comment
   0	   0	88.9	88.9	 692	OK
   1	   0	83.8	83.8	 646	OK
   2	   0	90.8	90.8	 574	OK
   3	   0	82.5	82.5	 611	OK
   4	   0	94.5	94.5	 583	OK
   5	   0	92.4	92.4	 567	OK
   6	   0	78.9	78.9	 736	OK
   7	1000	87.7	87.7	 534	unbonded
   8	   0	90.0	90.0	 620	OK
   9	4000	83.5	83.5	 786	high noise
  10	   0	82.8	82.8	 573	OK
  11	   0	78.7	78.7	 608	OK
  12	   0	81.6	81.6	 685	OK
  13	   0	87.8	87.8	 677	OK
  14	   0	94.0	94.0	 672	OK
  15	   0	91.3	91.3	 610	OK
  16	   0	85.1	85.1	 646	OK
  17	   0	86.2	86.2	 663	OK
  18	   0	87.7	87.7	 640	OK
  19	   0	95.0	95.0	 659	OK
  20	   0	82.0	82.0	 697	OK
  21	   0	88.9	88.9	 604	OK
  22	   0	80.7	80.7	 726	OK
  23	   0	86.3	86.3	 683	OK
  24	   0	90.4	90.4	 706	OK
  25	   0	86.2	86.2	 702	OK
  26	   0	90.2	90.2	 697	OK
  27	   0	87.1	87.1	 700	OK
  28	1000	88.9	88.9	 519	unbonded
  29	   0	92.8	92.8	 665	OK
  30	   0	92.6	92.6	 541	OK
  31	   0	83.7	83.7	 643	OK
  32	   0	94.2	94.2	 684	OK
  33	   0	86.9	86.9	 682	OK
  34	   0	91.8	91.8	 717	OK
  35	   0	84.4	84.4	 701	OK
  36	   0	84.9	84.9	 744	OK
  37	   0	92.7	92.7	 608	OK
  38	   0	89.3	89.3	 678	OK
  39	   0	92.2	92.2	 652	OK
  40	   0	85.9	85.9	 701	OK
  41	   0	85.2	85.2	 599	OK
  42	   0	85.2	85.2	 634	OK
  43	   0	89.8	89.8	 637	OK
  44	   0	86.8	86.8	 624	OK
  45	   0	87.8	87.8	 613	OK
  46	   0	91.3	91.3	 725	OK
  47	4000	95.2	95.2	 801	high noise
  48	   0	89.2	89.2	 741	OK
  49	   0	89.3	89.3	 653	OK
  50	   0	94.1	94.1	 684	OK
  51	   0	82.5	82.5	 618	OK
  52	   0	90.3	90.3	 643	OK
  53	   0	83.3	83.3	 708	OK
  54	   0	83.8	83.8	 684	OK
  55	   0	88.0	88.0	 682	OK
  56	   0	84.9	84.9	 698	OK
  57	   0	90.8	90.8	 672	OK
  58	   0	86.1	86.1	 590	OK
  59	   0	90.2	90.2	 637	OK
  60	   0	90.0	90.0	 679	OK
  61	   0	85.6	85.6	 740	OK
  62	   0	90.3	90.3	 710	OK
  63	   0	93.3	93.3	 699	OK
  64	   0	92.4	92.4	 731	OK
  65	   0	83.6	83.6	 732	OK
  66	   0	91.3	91.3	 697	OK
  67	   0	94.3	94.3	 679	OK
  68	   0	88.1	88.1	 694	OK
  69	   0	83.4	83.4	 645	OK
  70	   0	90.0	90.0	 669	OK
  71	   0	86.6	86.6	 699	OK
  72	   0	81.1	81.1	 713	OK
  73	   0	83.0	83.0	 612	OK
  74	4000	78.1	78.1	 813	high noise
  75	1000	81.3	81.3	 508	unbonded
  76	   0	82.9	82.9	 626	OK
  77	   0	91.1	91.1	 644	OK
  78	   0	87.5	87.5	 670	OK
  79	   0	83.5	83.5	 721	OK
  80	   0	83.1	83.1	 744	OK
  81	   0	86.0	86.0	 717	OK
  82	   0	88.0	88.0	 585	OK
  83	   0	79.8	79.8	 728	OK
  84	   0	83.0	83.0	 645	OK
  85	   0	85.6	85.6	 730	OK
  86	   0	85.5	85.5	 639	OK
  87	   0	83.6	83.6	 683	OK
  88	   0	80.1	80.1	 624	OK
  89	   0	92.0	92.0	 703	OK
  90	   0	85.0	85.0	 705	OK
  91	   0	85.4	85.4	 619	OK
  92	   0	86.6	86.6	 700	OK
  93	   0	81.7	81.7	 703	OK
  94	   0	92.2	92.2	 660	OK
  95	   0	86.5	86.5	 666	OK
  96	   0	87.6	87.6	 759	OK
  97	   0	89.8	89.8	 583	OK
  98	   0	91.6	91.6	 571	OK
  99	   0	80.0	80.0	 739	OK
 100	   0	87.1	87.1	 674	OK
 101	   0	83.4	83.4	 738	OK
 102	   0	85.8	85.8	 708	OK
 103	   0	85.5	85.5	 607	OK
 104	   0	90.3	90.3	 724	OK
 105	1000	89.2	89.2	 519	unbonded
 106	   0	81.1	81.1	 637	OK
 107	   0	97.2	97.2	 731	OK
 108	   0	79.9	79.9	 679	OK
 109	   0	87.9	87.9	 674	OK
 110	   0	85.9	85.9	 675	OK
 111	   0	80.4	80.4	 656	OK
 112	   0	85.9	85.9	 680	OK
 113	   0	86.0	86.0	 718	OK
 114	   0	92.9	92.9	 656	OK
 115	   0	88.5	88.5	 582	OK
 116	   0	82.2	82.2	 607	OK
 117	   0	96.6	96.6	 626	OK
 118	   0	82.4	82.4	 708	OK
 119	   0	87.1	87.1	 744	OK
 120	   0	80.3	80.3	 696	OK
 121	   0	83.3	83.3	 757	OK
 122	   0	89.5	89.5	 721	OK
 123	   0	86.2	86.2	 709	OK
 124	   0	87.2	87.2	 704	OK
 125	   0	87.3	87.3	 734	OK
 126	   0	86.7	86.7	 651	OK
 127	1000	90.5	90.5	 540	unbonded
 128	   0	80.6	80.6	 617	OK
 129	1000	83.9	83.9	 529	unbonded
 130	   0	93.6	93.6	 664	OK
 131	   0	84.2	84.2	 699	OK
 132	   0	91.4	91.4	 608	OK
 133	   0	84.5	84.5	 682	OK
 134	   0	80.0	80.0	 713	OK
 135	   0	89.9	89.9	 571	OK
 136	   0	82.4	82.4	 615	OK
 137	   0	82.0	82.0	 628	OK
 138	   0	81.3	81.3	 633	OK
 139	   0	88.7	88.7	 595	OK
 140	4000	91.2	91.2	 761	high noise
 141	   0	84.5	84.5	 579	OK
 142	   0	86.9	86.9	 710	OK
 143	   0	85.7	85.7	 681	OK
 144	   0	89.3	89.3	 669	OK
 145	   0	87.7	87.7	 687	OK
 146	   0	87.7	87.7	 579	OK
 147	   0	81.5	81.5	 622	OK
 148	   0	83.3	83.3	 705	OK
 149	   0	91.4	91.4	 692	OK
 150	   0	87.6	87.6	 620	OK
 151	   0	90.0	90.0	 708	OK
 152	   0	85.7	85.7	 666	OK
 153	   0	87.9	87.9	 700	OK
 154	   0	86.2	86.2	 666	OK
 155	   0	86.5	86.5	 579	OK
 156	   0	85.3	85.3	 699	OK
 157	   0	86.8	86.8	 686	OK
 158	   0	94.5	94.5	 611	OK
 159	   0	89.5	89.5	 683	OK
 160	   0	91.3	91.3	 550	OK
 161	   0	83.2	83.2	 595	OK
 162	   0	88.9	88.9	 681	OK
 163	   0	90.9	90.9	 571	OK
 164	   0	91.8	91.8	 609	OK
 165	   0	89.1	89.1	 546	OK
 166	   0	92.6	92.6	 600	OK
 167	   0	84.2	84.2	 739	OK
 168	   0	79.6	79.6	 684	OK
 169	   0	93.7	93.7	 661	OK
 170	   0	83.4	83.4	 735	OK
 171	   0	81.7	81.7	 565	OK
 172	   0	92.4	92.4	 678	OK
 173	   0	85.1	85.1	 718	OK
 174	   0	87.5	87.5	 681	OK
 175	   0	87.9	87.9	 646	OK
 176	   0	80.0	80.0	 711	OK
 177	   0	94.7	94.7	 559	OK
 178	   0	84.2	84.2	 639	OK
 179	   0	89.8	89.8	 642	OK
 180	   0	84.8	84.8	 707	OK
 181	   0	89.9	89.9	 633	OK
 182	   0	87.8	87.8	 661	OK
 183	   0	85.7	85.7	 618	OK
 184	   0	81.1	81.1	 657	OK
 185	   0	84.0	84.0	 652	OK
 186	   0	91.5	91.5	 681	OK
 187	   0	87.3	87.3	 717	OK
 188	   0	97.5	97.5	 596	OK
 189	   0	88.2	88.2	 665	OK
 190	   0	92.4	92.4	 670	OK
 191	   0	89.2	89.2	 678	OK
 192	   0	84.7	84.7	 687	OK
 193	   0	80.1	80.1	 673	OK
 194	   0	88.9	88.9	 618	OK
 195	   0	83.2	83.2	 567	OK
 196	   0	92.9	92.9	 707	OK
 197	   0	86.4	86.4	 706	OK
 198	   0	94.2	94.2	 682	OK
 199	   0	91.9	91.9	 585	OK
 200	   0	81.6	81.6	 640	OK
 201	   0	78.3	78.3	 673	OK
 202	1000	91.9	91.9	 520	unbonded
 203	   0	87.9	87.9	 683	OK
 204	   0	84.9	84.9	 579	OK
 205	   0	84.0	84.0	 609	OK
 206	   0	89.5	89.5	 634	OK
 207	   0	93.3	93.3	 708	OK
 208	   0	87.7	87.7	 682	OK
 209	   0	81.8	81.8	 647	OK
 210	   0	84.8	84.8	 689	OK
 211	4000	96.8	96.8	 765	high noise
 212	   0	83.2	83.2	 688	OK
 213	   0	83.4	83.4	 600	OK
 214	   0	83.1	83.1	 700	OK
 215	   0	76.2	76.2	 677	OK
 216	   0	76.2	76.2	 682	OK
 217	   0	87.7	87.7	 680	OK
 218	   0	84.5	84.5	 696	OK
 219	   0	93.2	93.2	 645	OK
 220	   0	81.1	81.1	 595	OK
 221	   0	90.7	90.7	 579	OK
 222	   0	84.7	84.7	 655	OK
 223	   0	88.3	88.3	 567	OK
 224	   0	78.4	78.4	 742	OK
 225	   0	80.8	80.8	 717	OK
 226	   0	94.8	94.8	 565	OK
 227	   0	86.4	86.4	 742	OK
 228	   0	79.3	79.3	 642	OK
 229	   0	82.0	82.0	 666	OK
 230	   0	80.9	80.9	 720	OK
 231	   0	84.9	84.9	 688	OK
 232	   0	82.7	82.7	 695	OK
 233	   0	85.0	85.0	 696	OK
 234	   0	85.0	85.0	 635	OK
 235	   0	80.8	80.8	 603	OK
 236	   0	87.9	87.9	 621	OK
 237	   0	84.1	84.1	 588	OK
 238	   0	79.6	79.6	 620	OK
 239	   0	86.5	86.5	 575	OK
 240	   0	92.7	92.7	 609	OK
 241	   0	81.0	81.0	 614	OK
 242	   0	88.1	88.1	 719	OK
 243	1000	86.9	86.9	 469	unbonded
 244	   0	85.1	85.1	 698	OK
 245	   0	88.8	88.8	 672	OK
 246	   0	84.0	84.0	 586	OK
 247	   0	88.0	88.0	 661	OK
 248	   0	87.0	87.0	 602	OK
 249	   0	88.5	88.5	 667	OK
 250	   0	81.7	81.7	 553	OK
 251	   0	88.7	88.7	 589	OK
 252	   0	91.9	91.9	 615	OK
 253	   0	93.0	93.0	 630	OK
 254	1000	93.4	93.4	 391	unbonded
 255	   0	83.5	83.5	 573	OK
 256	   0	93.5	93.5	 579	OK
 257	   0	84.8	84.8	 706	OK
 258	   0	89.6	89.6	 633	OK
 259	   0	89.5	89.5	 629	OK
 260	   0	88.4	88.4	 593	OK
 261	   0	98.1	98.1	 702	OK
 262	   0	95.6	95.6	 573	OK
 263	   0	88.5	88.5	 730	OK
 264	   0	90.0	90.0	 680	OK
 265	   0	90.1	90.1	 594	OK
 266	   0	87.9	87.9	 640	OK
 267	1000	85.6	85.6	 507	unbonded
 268	   0	95.0	95.0	 612	OK
 269	   0	91.0	91.0	 657	OK
 270	   0	87.2	87.2	 606	OK
 271	   0	88.3	88.3	 718	OK
 272	   0	92.6	92.6	 637	OK
 273	   0	85.3	85.3	 737	OK
 274	   0	89.5	89.5	 672	OK
 275	1000	85.6	85.6	 534	unbonded
 276	   0	90.8	90.8	 684	OK
 277	   0	94.1	94.1	 746	OK
 278	1000	90.5	90.5	 467	unbonded
 279	   0	89.4	89.4	 547	OK
 280	   0	85.3	85.3	 657	OK
 281	   0	87.9	87.9	 609	OK
 282	   0	88.8	88.8	 549	OK
 283	   0	94.1	94.1	 655	OK
 284	   0	91.1	91.1	 648	OK
 285	   0	88.6	88.6	 582	OK
 286	   0	84.4	84.4	 678	OK
 287	   0	82.1	82.1	 627	OK
 288	   0	84.4	84.4	 617	OK
 289	   0	88.0	88.0	 714	OK
 290	   0	88.4	88.4	 622	OK
 291	   0	87.5	87.5	 724	OK
 292	   0	89.4	89.4	 659	OK
 293	   0	89.9	89.9	 640	OK
 294	   0	92.2	92.2	 683	OK
 295	   0	91.2	91.2	 661	OK
 296	   0	86.2	86.2	 543	OK
 297	   0	92.9	92.9	 646	OK
 298	   0	86.2	86.2	 628	OK
 299	   0	89.0	89.0	 625	OK
 300	   0	88.2	88.2	 570	OK
 301	   0	95.3	95.3	 606	OK
 302	   0	93.6	93.6	 619	OK
 303	   0	91.8	91.8	 703	OK
 304	   0	90.2	90.2	 641	OK
 305	   0	85.4	85.4	 697	OK
 306	   0	94.2	94.2	 704	OK
 307	   0	94.4	94.4	 640	OK
 308	   0	89.5	89.5	 684	OK
 309	   0	87.4	87.4	 685	OK
 310	   0	89.5	89.5	 636	OK
 311	   0	92.5	92.5	 664	OK
 312	   0	90.9	90.9	 648	OK
 313	   0	86.9	86.9	 636	OK
 314	   0	88.1	88.1	 646	OK
 315	4000	92.4	92.4	 771	high noise
 316	   0	92.9	92.9	 610	OK
 317	   0	86.9	86.9	 689	OK
 318	   0	90.3	90.3	 653	OK
 319	   0	101.1	101.1	 694	OK
 320	   0	92.2	92.2	 593	OK
 321	   0	89.2	89.2	 706	OK
 322	   0	91.9	91.9	 639	OK
 323	   0	81.7	81.7	 747	OK
 324	   0	93.7	93.7	 748	OK
 325	   0	89.0	89.0	 704	OK
 326	   0	90.5	90.5	 693	OK
 327	   0	85.0	85.0	 585	OK
 328	   0	88.0	88.0	 614	OK
 329	   0	84.4	84.4	 662	OK
 330	   0	93.0	93.0	 657	OK
 331	   0	92.1	92.1	 667	OK
 332	   0	82.9	82.9	 689	OK
 333	   0	91.8	91.8	 669	OK
 334	   0	91.2	91.2	 648	OK
 335	   0	83.2	83.2	 691	OK
 336	   0	87.1	87.1	 569	OK
 337	   0	94.9	94.9	 730	OK
 338	   0	91.3	91.3	 657	OK
 339	   0	83.2	83.2	 682	OK
 340	   0	86.7	86.7	 622	OK
 341	   0	97.3	97.3	 676	OK
 342	   0	91.9	91.9	 682	OK
 343	   0	92.3	92.3	 609	OK
 344	   0	99.0	99.0	 546	OK
 345	4000	90.6	90.6	 758	high noise
 346	   0	91.3	91.3	 676	OK
 347	   0	96.0	96.0	 659	OK
 348	1501	0.0	0.0	   0	dead
 349	   0	95.6	95.6	 667	OK
 350	   0	90.6	90.6	 603	OK
 351	4000	86.9	86.9	 756	high noise
 352	   0	81.6	81.6	 731	OK
 353	   0	88.1	88.1	 727	OK
 354	   0	87.0	87.0	 642	OK
 355	   0	92.6	92.6	 652	OK
 356	   0	90.0	90.0	 669	OK
 357	   0	86.1	86.1	 654	OK
 358	   0	85.6	85.6	 702	OK
 359	   0	85.6	85.6	 715	OK
 360	   0	88.5	88.5	 687	OK
 361	   0	85.0	85.0	 650	OK
 362	   0	87.2	87.2	 735	OK
 363	   0	83.5	83.5	 680	OK
 364	4000	88.6	88.6	 754	high noise
 365	   0	91.5	91.5	 657	OK
 366	4000	88.2	88.2	 811	high noise
 367	   0	92.5	92.5	 646	OK
 368	   0	85.7	85.7	 711	OK
 369	   0	91.5	91.5	 642	OK
 370	4000	93.5	93.5	 783	high noise
 371	   0	90.7	90.7	 719	OK
 372	   0	90.1	90.1	 632	OK
 373	   0	86.5	86.5	 681	OK
 374	   0	96.4	96.4	 700	OK
 375	4000	82.1	82.1	 786	high noise
 376	   0	94.3	94.3	 694	OK
 377	   0	82.4	82.4	 670	OK
 378	   0	92.3	92.3	 601	OK
 379	   0	96.2	96.2	 664	OK
 380	4000	91.6	91.6	 760	high noise
 381	4000	84.3	84.3	 786	high noise
 382	   0	91.6	91.6	 601	OK
 383	   0	88.6	88.6	 643	OK
 384	   0	79.9	79.9	 730	OK
 385	   0	80.0	80.0	 680	OK
 386	   0	82.3	82.3	 669	OK
 387	1000	87.6	87.6	 521	unbonded
 388	   0	78.3	78.3	 695	OK
 389	   0	80.2	80.2	 620	OK
 390	   0	76.6	76.6	 726	OK
 391	   0	82.1	82.1	 665	OK
 392	   0	83.2	83.2	 653	OK
 393	   0	80.5	80.5	 671	OK
 394	   0	85.6	85.6	 681	OK
 395	   0	79.6	79.6	 724	OK
 396	   0	78.8	78.8	 692	OK
 397	   0	85.1	85.1	 783	OK
 398	   0	86.4	86.4	 650	OK
 399	   0	84.9	84.9	 695	OK
 400	   0	81.4	81.4	 729	OK
 401	   0	82.0	82.0	 675	OK
 402	   0	90.0	90.0	 752	OK
 403	   0	85.3	85.3	 742	OK
 404	   0	83.9	83.9	 613	OK
 405	   0	74.5	74.5	 781	OK
 406	   0	86.3	86.3	 683	OK
 407	   0	85.5	85.5	 654	OK
 408	   0	81.0	81.0	 703	OK
 409	   0	88.5	88.5	 673	OK
 410	   0	80.6	80.6	 664	OK
 411	   0	82.4	82.4	 710	OK
 412	   0	80.5	80.5	 667	OK
 413	   0	88.6	88.6	 563	OK
 414	   0	86.2	86.2	 582	OK
 415	   0	87.5	87.5	 650	OK
 416	   0	83.5	83.5	 712	OK
 417	   0	83.0	83.0	 665	OK
 418	   0	86.9	86.9	 742	OK
 419	   0	84.4	84.4	 739	OK
 420	   0	79.5	79.5	 651	OK
 421	4000	77.3	77.3	 811	high noise
 422	   0	80.1	80.1	 670	OK
 423	   0	88.0	88.0	 715	OK
 424	   0	82.0	82.0	 695	OK
 425	   0	90.1	90.1	 634	OK
 426	   0	90.9	90.9	 702	OK
 427	   0	87.9	87.9	 752	OK
 428	   0	88.0	88.0	 755	OK
 429	   0	80.1	80.1	 755	OK
 430	   0	81.5	81.5	 739	OK
 431	   0	84.5	84.5	 738	OK
 432	   0	81.7	81.7	 662	OK
 433	   0	85.4	85.4	 658	OK
 434	   0	83.5	83.5	 695	OK
 435	   0	82.8	82.8	 599	OK
 436	   0	92.9	92.9	 677	OK
 437	   0	74.8	74.8	 727	OK
 438	   0	87.5	87.5	 712	OK
 439	4000	85.7	85.7	 797	high noise
 440	4000	81.1	81.1	 803	high noise
 441	   0	90.5	90.5	 634	OK
 442	   0	82.5	82.5	 704	OK
 443	   0	91.4	91.4	 606	OK
 444	   0	86.3	86.3	 747	OK
 445	   0	87.5	87.5	 758	OK
 446	   0	86.4	86.4	 657	OK
 447	   0	83.2	83.2	 681	OK
 448	   0	90.0	90.0	 620	OK
 449	   0	86.5	86.5	 750	OK
 450	   0	85.3	85.3	 687	OK
 451	4000	92.4	92.4	 801	high noise
 452	   0	85.6	85.6	 783	OK
 453	   0	91.7	91.7	 713	OK
 454	   0	89.6	89.6	 619	OK
 455	   0	85.3	85.3	 739	OK
 456	   0	93.2	93.2	 608	OK
 457	   0	84.9	84.9	 686	OK
 458	   0	91.7	91.7	 772	OK
 459	   0	82.3	82.3	 743	OK
 460	   0	92.1	92.1	 642	OK
 461	   0	89.8	89.8	 768	OK
 462	   0	93.2	93.2	 657	OK
 463	   0	95.2	95.2	 583	OK
 464	   0	84.1	84.1	 760	OK
 465	   0	86.6	86.6	 588	OK
 466	   0	93.0	93.0	 681	OK
 467	   0	85.3	85.3	 592	OK
 468	   0	86.4	86.4	 632	OK
 469	   0	90.3	90.3	 745	OK
 470	   0	84.0	84.0	 702	OK
 471	   0	83.6	83.6	 709	OK
 472	   0	87.2	87.2	 629	OK
 473	   0	84.0	84.0	 573	OK
 474	   0	92.7	92.7	 673	OK
 475	   0	79.9	79.9	 755	OK
 476	   0	90.3	90.3	 596	OK
 477	   0	90.4	90.4	 631	OK
 478	   0	82.1	82.1	 682	OK
 479	   0	91.6	91.6	 772	OK
 480	   0	81.8	81.8	 685	OK
 481	4000	80.0	80.0	 854	high noise
 482	   0	84.4	84.4	 563	OK
 483	   0	81.0	81.0	 589	OK
 484	   0	77.2	77.2	 569	OK
 485	   0	87.6	87.6	 732	OK
 486	   0	85.4	85.4	 727	OK
 487	   0	87.0	87.0	 612	OK
 488	   0	86.5	86.5	 662	OK
 489	   0	85.3	85.3	 750	OK
 490	   0	90.6	90.6	 697	OK
 491	   0	72.2	72.2	 779	OK
 492	   0	85.9	85.9	 669	OK
 493	   0	84.3	84.3	 739	OK
 494	   0	84.0	84.0	 709	OK
 495	   0	80.8	80.8	 685	OK
 496	   0	90.6	90.6	 695	OK
 497	   0	83.9	83.9	 691	OK
 498	   0	82.9	82.9	 670	OK
 499	   0	90.8	90.8	 639	OK
 500	   0	94.8	94.8	 710	OK
 501	   0	88.1	88.1	 576	OK
 502	   0	89.1	89.1	 716	OK
 503	   0	84.0	84.0	 698	OK
 504	   0	84.9	84.9	 696	OK
 505	   0	94.4	94.4	 730	OK
 506	   0	85.3	85.3	 718	OK
 507	   0	91.9	91.9	 643	OK
 508	   0	88.4	88.4	 690	OK
 509	   0	88.0	88.0	 719	OK
 510	   0	88.4	88.4	 654	OK
 511	   0	85.6	85.6	 716	OK
 512	   0	92.2	92.2	 593	OK
 513	   0	90.9	90.9	 544	OK
 514	   0	90.1	90.1	 697	OK
 515	   0	91.4	91.4	 705	OK
 516	   0	90.0	90.0	 705	OK
 517	   0	84.6	84.6	 669	OK
 518	   0	90.2	90.2	 644	OK
 519	   0	98.9	98.9	 648	OK
 520	   0	95.7	95.7	 585	OK
 521	4000	96.2	96.2	 769	high noise
 522	   0	91.7	91.7	 632	OK
 523	   0	93.4	93.4	 626	OK
 524	   0	87.9	87.9	 625	OK
 525	   0	85.5	85.5	 664	OK
 526	   0	102.0	102.0	 662	OK
 527	   0	100.4	100.4	 687	OK
 528	1000	90.4	90.4	 510	unbonded
 529	   0	89.8	89.8	 622	OK
 530	   0	89.2	89.2	 577	OK
 531	   0	91.0	91.0	 733	OK
 532	   0	87.4	87.4	 642	OK
 533	   0	88.0	88.0	 574	OK
 534	   0	91.2	91.2	 750	OK
 535	   0	92.8	92.8	 673	OK
 536	   0	101.1	101.1	 643	OK
 537	   0	81.4	81.4	 663	OK
 538	   0	91.4	91.4	 575	OK
 539	   0	92.4	92.4	 599	OK
 540	   0	91.2	91.2	 667	OK
 541	1000	85.3	85.3	 540	unbonded
 542	   0	93.2	93.2	 636	OK
 543	   0	89.8	89.8	 562	OK
 544	   0	85.7	85.7	 728	OK
 545	   0	89.4	89.4	 642	OK
 546	   0	91.0	91.0	 691	OK
 547	   0	95.2	95.2	 637	OK
 548	   0	95.0	95.0	 686	OK
 549	   0	87.7	87.7	 573	OK
 550	   0	83.4	83.4	 702	OK
 551	   0	93.6	93.6	 576	OK
 552	   0	90.2	90.2	 624	OK
 553	   0	89.2	89.2	 623	OK
 554	   0	89.0	89.0	 638	OK
 555	   0	86.7	86.7	 730	OK
 556	   0	85.8	85.8	 697	OK
 557	   0	90.9	90.9	 716	OK
 558	   0	87.3	87.3	 561	OK
 559	   0	100.8	100.8	 651	OK
 560	   0	89.6	89.6	 657	OK
 561	   0	91.2	91.2	 751	OK
 562	   0	90.2	90.2	 703	OK
 563	   0	93.2	93.2	 700	OK
 564	   0	89.4	89.4	 649	OK
 565	   0	90.1	90.1	 705	OK
 566	   0	89.2	89.2	 696	OK
 567	   0	91.3	91.3	 724	OK
 568	   0	92.9	92.9	 632	OK
 569	   0	87.4	87.4	 598	OK
 570	   0	83.4	83.4	 704	OK
 571	   0	92.3	92.3	 684	OK
 572	   0	85.5	85.5	 749	OK
 573	   0	87.8	87.8	 697	OK
 574	   0	95.9	95.9	 671	OK
 575	   0	98.7	98.7	 611	OK
 576	   0	93.3	93.3	 665	OK
 577	   0	89.4	89.4	 599	OK
 578	   0	94.5	94.5	 696	OK
 579	   0	92.1	92.1	 641	OK
 580	   0	92.2	92.2	 690	OK
 581	   0	84.0	84.0	 692	OK
 582	   0	97.7	97.7	 636	OK
 583	   0	100.1	100.1	 620	OK
 584	   0	88.4	88.4	 596	OK
 585	   0	90.2	90.2	 657	OK
 586	   0	96.9	96.9	 606	OK
 587	   0	91.8	91.8	 623	OK
 588	   0	89.7	89.7	 660	OK
 589	   0	95.4	95.4	 620	OK
 590	   0	97.1	97.1	 650	OK
 591	   0	85.6	85.6	 720	OK
 592	   0	91.5	91.5	 675	OK
 593	   0	91.5	91.5	 671	OK
 594	   0	99.3	99.3	 678	OK
 595	   0	88.3	88.3	 671	OK
 596	   0	89.2	89.2	 620	OK
 597	   0	103.1	103.1	 658	OK
 598	   0	87.9	87.9	 676	OK
 599	   0	92.7	92.7	 727	OK
 600	   0	92.9	92.9	 671	OK
 601	   0	92.4	92.4	 724	OK
 602	4000	83.3	83.3	 766	high noise
 603	   0	91.9	91.9	 587	OK
 604	   0	91.2	91.2	 697	OK
 605	   0	92.8	92.8	 684	OK
 606	   0	93.0	93.0	 640	OK
 607	   0	86.5	86.5	 658	OK
 608	   0	89.1	89.1	 670	OK
 609	   0	91.9	91.9	 677	OK
 610	   0	91.6	91.6	 742	OK
 611	   0	93.3	93.3	 640	OK
 612	4000	88.6	88.6	 757	high noise
 613	   0	96.8	96.8	 658	OK
 614	   0	97.4	97.4	 672	OK
 615	   0	86.1	86.1	 684	OK
 616	1000	96.9	96.9	 527	unbonded
 617	   0	88.9	88.9	 708	OK
 618	   0	88.0	88.0	 661	OK
 619	   0	95.2	95.2	 620	OK
 620	   0	95.3	95.3	 722	OK
 621	   0	94.9	94.9	 607	OK
 622	   0	87.5	87.5	 653	OK
 623	   0	88.7	88.7	 696	OK
 624	   0	86.0	86.0	 667	OK
 625	   0	91.6	91.6	 657	OK
 626	   0	93.2	93.2	 557	OK
 627	   0	87.4	87.4	 674	OK
 628	   0	91.6	91.6	 583	OK
 629	   0	81.9	81.9	 651	OK
 630	   0	93.1	93.1	 639	OK
 631	   0	89.5	89.5	 671	OK
 632	   0	90.0	90.0	 709	OK
 633	   0	84.6	84.6	 607	OK
 634	   0	95.8	95.8	 646	OK
 635	   0	90.0	90.0	 657	OK
 636	   0	87.0	87.0	 673	OK
 637	   0	97.6	97.6	 584	OK
 638	   0	89.3	89.3	 642	OK
 639	   0	89.0	89.0	 671	OK
 640	   0	89.8	89.8	 604	OK
 641	   0	91.5	91.5	 586	OK
 642	4000	98.7	98.7	 682	high noise
 643	1000	90.7	90.7	 519	unbonded
 644	   0	102.0	102.0	 646	OK
 645	   0	91.5	91.5	 620	OK
 646	   0	92.3	92.3	 541	OK
 647	   0	100.4	100.4	 623	OK
 648	   0	97.2	97.2	 599	OK
 649	   0	90.5	90.5	 565	OK
 650	   0	95.7	95.7	 605	OK
 651	   0	91.7	91.7	 638	OK
 652	   0	90.6	90.6	 607	OK
 653	   0	93.5	93.5	 592	OK
 654	   0	98.2	98.2	 658	OK
 655	   0	96.9	96.9	 557	OK
 656	   0	89.6	89.6	 602	OK
 657	   0	93.1	93.1	 638	OK
 658	4000	95.6	95.6	 699	high noise
 659	1000	99.0	99.0	 510	unbonded
 660	   0	95.1	95.1	 598	OK
 661	   0	93.5	93.5	 666	OK
 662	1000	97.8	97.8	 516	unbonded
 663	   0	93.2	93.2	 607	OK
 664	   0	102.5	102.5	 576	OK
 665	   0	97.2	97.2	 580	OK
 666	   0	96.9	96.9	 559	OK
 667	1000	94.5	94.5	 499	unbonded
 668	   0	95.2	95.2	 609	OK
 669	   0	87.3	87.3	 612	OK
 670	   0	100.6	100.6	 583	OK
 671	   0	97.1	97.1	 565	OK
 672	   0	100.7	100.7	 600	OK
 673	   0	97.8	97.8	 555	OK
 674	1000	102.4	102.4	 538	unbonded
 675	   0	99.6	99.6	 614	OK
 676	4000	95.6	95.6	 677	high noise
 677	   0	96.9	96.9	 570	OK
 678	1000	91.3	91.3	 465	unbonded
 679	   0	100.0	100.0	 589	OK
 680	   0	93.4	93.4	 605	OK
 681	   0	95.5	95.5	 644	OK
 682	1000	91.0	91.0	 509	unbonded
 683	   0	102.5	102.5	 593	OK
 684	   0	94.6	94.6	 563	OK
 685	   0	96.9	96.9	 563	OK
 686	   0	98.0	98.0	 607	OK
 687	   0	94.5	94.5	 548	OK
 688	   0	95.6	95.6	 592	OK
 689	   0	99.8	99.8	 563	OK
 690	   0	96.4	96.4	 595	OK
 691	   0	93.8	93.8	 570	OK
 692	   0	95.0	95.0	 584	OK
 693	1000	94.5	94.5	 525	unbonded
 694	   0	93.3	93.3	 635	OK
 695	   0	97.3	97.3	 604	OK
 696	   0	96.8	96.8	 618	OK
 697	   0	84.6	84.6	 594	OK
 698	   0	102.7	102.7	 567	OK
 699	   0	95.6	95.6	 554	OK
 700	   0	91.3	91.3	 557	OK
 701	   0	94.4	94.4	 551	OK
 702	   0	91.9	91.9	 664	OK
 703	   0	97.4	97.4	 669	OK
 704	   0	99.0	99.0	 567	OK
 705	   0	99.2	99.2	 631	OK
 706	1000	100.8	100.8	 536	unbonded
 707	   0	97.3	97.3	 602	OK
 708	1000	96.5	96.5	 537	unbonded
 709	   0	93.9	93.9	 642	OK
 710	1000	98.0	98.0	 488	unbonded
 711	   0	98.0	98.0	 582	OK
 712	   0	99.1	99.1	 652	OK
 713	   0	93.5	93.5	 561	OK
 714	   0	94.4	94.4	 633	OK
 715	   0	98.2	98.2	 603	OK
 716	   0	99.5	99.5	 575	OK
 717	1000	99.2	99.2	 524	unbonded
 718	   0	97.9	97.9	 601	OK
 719	   0	98.8	98.8	 586	OK
 720	   0	93.4	93.4	 617	OK
 721	   0	91.5	91.5	 613	OK
 722	1501	0.0	0.0	   0	dead
 723	   0	92.4	92.4	 606	OK
 724	   0	90.4	90.4	 640	OK
 725	   0	95.8	95.8	 643	OK
 726	   0	96.6	96.6	 635	OK
 727	1000	93.1	93.1	 507	unbonded
 728	   0	93.6	93.6	 651	OK
 729	1000	89.4	89.4	 506	unbonded
 730	   0	94.1	94.1	 622	OK
 731	   0	86.5	86.5	 624	OK
 732	4000	87.8	87.8	 671	high noise
 733	   0	91.3	91.3	 581	OK
 734	   0	98.9	98.9	 597	OK
 735	   0	93.5	93.5	 547	OK
 736	1000	98.9	98.9	 527	unbonded
 737	4000	93.1	93.1	 674	high noise
 738	   0	97.3	97.3	 601	OK
 739	   0	94.2	94.2	 610	OK
 740	   0	96.7	96.7	 623	OK
 741	   0	89.4	89.4	 657	OK
 742	   0	89.9	89.9	 605	OK
 743	   0	101.8	101.8	 553	OK
 744	   0	98.9	98.9	 559	OK
 745	   0	87.6	87.6	 644	OK
 746	   0	103.1	103.1	 642	OK
 747	   0	105.1	105.1	 569	OK
 748	1000	97.8	97.8	 504	unbonded
 749	4000	84.4	84.4	 718	high noise
 750	   0	95.0	95.0	 558	OK
 751	   0	89.5	89.5	 573	OK
 752	   0	99.6	99.6	 634	OK
 753	   0	95.8	95.8	 584	OK
 754	   0	91.4	91.4	 580	OK
 755	   0	94.3	94.3	 575	OK
 756	   0	90.1	90.1	 609	OK
 757	1000	100.3	100.3	 501	unbonded
 758	   0	97.2	97.2	 655	OK
 759	1501	0.0	0.0	   0	dead
 760	1000	92.3	92.3	 509	unbonded
 761	   0	92.1	92.1	 557	OK
 762	1000	94.3	94.3	 536	unbonded
 763	   0	95.0	95.0	 564	OK
 764	   0	100.0	100.0	 589	OK
 765	   0	90.3	90.3	 645	OK
 766	   0	90.4	90.4	 591	OK
 767	   0	88.4	88.4	 629	OK
 768	   0	85.5	85.5	 714	OK
 769	4000	81.1	81.1	 791	high noise
 770	   0	80.0	80.0	 657	OK
 771	   0	80.2	80.2	 702	OK
 772	   0	86.0	86.0	 644	OK
 773	   0	77.9	77.9	 700	OK
 774	   0	93.0	93.0	 613	OK
 775	   0	86.4	86.4	 612	OK
 776	   0	86.3	86.3	 712	OK
 777	   0	86.1	86.1	 632	OK
 778	4000	79.8	79.8	 797	high noise
 779	   0	80.8	80.8	 655	OK
 780	1000	83.8	83.8	 539	unbonded
 781	   0	78.3	78.3	 615	OK
 782	4000	78.7	78.7	 774	high noise
 783	   0	75.5	75.5	 580	OK
 784	   0	86.4	86.4	 563	OK
 785	   0	82.7	82.7	 594	OK
 786	1000	79.3	79.3	 523	unbonded
 787	   0	78.8	78.8	 631	OK
 788	   0	80.8	80.8	 675	OK
 789	   0	81.0	81.0	 665	OK
 790	   0	78.6	78.6	 710	OK
 791	4000	79.5	79.5	 753	high noise
 792	   0	85.6	85.6	 689	OK
 793	   0	87.1	87.1	 601	OK
 794	   0	88.1	88.1	 646	OK
 795	1000	79.6	79.6	 521	unbonded
 796	   0	78.5	78.5	 620	OK
 797	   0	82.8	82.8	 676	OK
 798	   0	83.1	83.1	 584	OK
 799	1501	0.0	0.0	   0	dead
 800	   0	85.5	85.5	 588	OK
 801	   0	81.3	81.3	 698	OK
 802	   0	79.5	79.5	 688	OK
 803	   0	86.2	86.2	 637	OK
 804	   0	85.3	85.3	 618	OK
 805	   0	78.9	78.9	 635	OK
 806	   0	78.1	78.1	 691	OK
 807	   0	85.5	85.5	 566	OK
 808	   0	87.2	87.2	 581	OK
 809	   0	82.5	82.5	 698	OK
 810	   0	85.9	85.9	 613	OK
 811	4000	82.0	82.0	 792	high noise
 812	   0	86.5	86.5	 636	OK
 813	   0	90.0	90.0	 712	OK
 814	   0	90.1	90.1	 666	OK
 815	   0	72.9	72.9	 625	OK
 816	   0	82.9	82.9	 678	OK
 817	   0	81.8	81.8	 648	OK
 818	   0	83.7	83.7	 659	OK
 819	   0	81.3	81.3	 655	OK
 820	   0	84.7	84.7	 682	OK
 821	   0	85.2	85.2	 592	OK
 822	   0	74.9	74.9	 575	OK
 823	   0	82.9	82.9	 582	OK
 824	   0	89.4	89.4	 673	OK
 825	   0	79.7	79.7	 642	OK
 826	   0	83.8	83.8	 670	OK
 827	   0	80.7	80.7	 671	OK
 828	   0	86.3	86.3	 634	OK
 829	   0	89.9	89.9	 730	OK
 830	   0	80.5	80.5	 632	OK
 831	   0	86.0	86.0	 635	OK
 832	   0	81.2	81.2	 742	OK
 833	   0	86.6	86.6	 705	OK
 834	   0	85.9	85.9	 671	OK
 835	   0	82.6	82.6	 599	OK
 836	   0	90.8	90.8	 630	OK
 837	   0	81.8	81.8	 649	OK
 838	   0	83.3	83.3	 734	OK
 839	   0	94.1	94.1	 625	OK
 840	   0	81.4	81.4	 588	OK
 841	4000	83.1	83.1	 792	high noise
 842	   0	88.8	88.8	 718	OK
 843	   0	84.0	84.0	 572	OK
 844	   0	81.7	81.7	 655	OK
 845	   0	77.3	77.3	 702	OK
 846	   0	74.7	74.7	 699	OK
 847	   0	87.1	87.1	 640	OK
 848	   0	79.6	79.6	 590	OK
 849	   0	88.8	88.8	 631	OK
 850	   0	78.8	78.8	 700	OK
 851	   0	78.5	78.5	 688	OK
 852	   0	87.6	87.6	 562	OK
 853	   0	81.0	81.0	 640	OK
 854	   0	83.0	83.0	 619	OK
 855	   0	76.8	76.8	 668	OK
 856	   0	81.0	81.0	 609	OK
 857	   0	88.5	88.5	 626	OK
 858	   0	82.9	82.9	 626	OK
 859	   0	89.5	89.5	 649	OK
 860	   0	80.6	80.6	 589	OK
 861	   0	82.2	82.2	 581	OK
 862	   0	86.2	86.2	 729	OK
 863	   0	82.1	82.1	 611	OK
 864	   0	80.0	80.0	 658	OK
 865	   0	84.8	84.8	 723	OK
 866	   0	83.9	83.9	 660	OK
 867	   0	83.5	83.5	 592	OK
 868	   0	87.5	87.5	 732	OK
 869	4000	82.0	82.0	 793	high noise
 870	   0	84.6	84.6	 683	OK
 871	   0	85.1	85.1	 684	OK
 872	   0	82.3	82.3	 626	OK
 873	   0	86.7	86.7	 679	OK
 874	   0	86.4	86.4	 589	OK
 875	1000	84.2	84.2	 531	unbonded
 876	   0	84.7	84.7	 725	OK
 877	   0	81.4	81.4	 697	OK
 878	   0	89.8	89.8	 652	OK
 879	1000	92.2	92.2	 468	unbonded
 880	4000	82.7	82.7	 755	high noise
 881	   0	80.0	80.0	 584	OK
 882	   0	86.2	86.2	 687	OK
 883	   0	82.2	82.2	 655	OK
 884	   0	90.7	90.7	 680	OK
 885	   0	82.7	82.7	 655	OK
 886	   0	83.1	83.1	 578	OK
 887	   0	80.5	80.5	 664	OK
 888	   0	83.4	83.4	 564	OK
 889	   0	78.2	78.2	 598	OK
 890	   0	86.4	86.4	 647	OK
 891	4000	82.7	82.7	 762	high noise
 892	   0	85.1	85.1	 702	OK
 893	   0	91.1	91.1	 660	OK
 894	   0	77.3	77.3	 647	OK
 895	1000	85.0	85.0	 535	unbonded
 896	   0	88.3	88.3	 560	OK
 897	   0	95.3	95.3	 592	OK
 898	   0	83.7	83.7	 599	OK
 899	   0	91.1	91.1	 630	OK
 900	   0	88.9	88.9	 557	OK
 901	   0	86.4	86.4	 637	OK
 902	1000	94.0	94.0	 521	unbonded
 903	   0	84.1	84.1	 563	OK
 904	   0	92.4	92.4	 581	OK
 905	   0	82.5	82.5	 663	OK
 906	   0	89.0	89.0	 605	OK
 907	   0	89.3	89.3	 619	OK
 908	   0	87.0	87.0	 551	OK
 909	   0	85.6	85.6	 660	OK
 910	1000	101.2	101.2	 506	unbonded
 911	   0	86.2	86.2	 599	OK
 912	   0	89.9	89.9	 643	OK
 913	   0	91.4	91.4	 599	OK
 914	   0	86.2	86.2	 637	OK
 915	   0	91.2	91.2	 554	OK
 916	4000	92.2	92.2	 675	high noise
 917	   0	90.2	90.2	 608	OK
 918	   0	99.3	99.3	 546	OK
 919	   0	85.1	85.1	 644	OK
 920	   0	88.9	88.9	 620	OK
 921	   0	91.5	91.5	 631	OK
 922	   0	85.4	85.4	 640	OK
 923	   0	95.1	95.1	 579	OK
 924	   0	93.1	93.1	 633	OK
 925	   0	91.3	91.3	 610	OK
 926	   0	87.6	87.6	 599	OK
 927	1000	95.5	95.5	 510	unbonded
 928	   0	88.5	88.5	 599	OK
 929	   0	92.4	92.4	 627	OK
 930	   0	94.8	94.8	 626	OK
 931	   0	90.0	90.0	 595	OK
 932	   0	95.9	95.9	 591	OK
 933	   0	91.9	91.9	 655	OK
 934	4000	88.1	88.1	 703	high noise
 935	   0	93.0	93.0	 634	OK
 936	4000	94.2	94.2	 680	high noise
 937	   0	94.9	94.9	 597	OK
 938	   0	94.8	94.8	 615	OK
 939	   0	99.3	99.3	 667	OK
 940	1000	94.6	94.6	 465	unbonded
 941	   0	88.3	88.3	 613	OK
 942	   0	88.1	88.1	 588	OK
 943	   0	85.7	85.7	 647	OK
 944	   0	94.0	94.0	 568	OK
 945	   0	94.0	94.0	 559	OK
 946	1000	94.5	94.5	 512	unbonded
 947	   0	89.3	89.3	 596	OK
 948	   0	87.9	87.9	 658	OK
 949	   0	91.1	91.1	 623	OK
 950	   0	89.2	89.2	 631	OK
 951	   0	92.5	92.5	 569	OK
 952	1000	89.0	89.0	 515	unbonded
 953	   0	93.2	93.2	 590	OK
 954	   0	89.4	89.4	 598	OK
 955	   0	82.9	82.9	 613	OK
 956	   0	93.7	93.7	 593	OK
 957	4000	90.6	90.6	 685	high noise
 958	   0	91.5	91.5	 580	OK
 959	   0	94.3	94.3	 625	OK
 960	   0	86.8	86.8	 547	OK
 961	   0	91.2	91.2	 659	OK
 962	1000	93.7	93.7	 506	unbonded
 963	1000	91.3	91.3	 531	unbonded
 964	   0	94.0	94.0	 547	OK
 965	   0	90.4	90.4	 614	OK
 966	1000	93.8	93.8	 531	unbonded
 967	1000	91.5	91.5	 512	unbonded
 968	1000	96.7	96.7	 531	unbonded
 969	   0	98.3	98.3	 560	OK
 970	1000	90.8	90.8	 473	unbonded
 971	4000	88.9	88.9	 674	high noise
 972	1000	89.1	89.1	 525	unbonded
 973	1000	88.8	88.8	 538	unbonded
 974	   0	88.5	88.5	 604	OK
 975	   0	88.1	88.1	 564	OK
 976	   0	89.5	89.5	 571	OK
 977	   0	85.2	85.2	 552	OK
 978	1000	95.7	95.7	 526	unbonded
 979	1000	95.2	95.2	 505	unbonded
 980	   0	91.6	91.6	 608	OK
 981	   0	96.8	96.8	 572	OK
 982	1000	91.3	91.3	 466	unbonded
 983	   0	91.1	91.1	 566	OK
 984	1000	97.4	97.4	 517	unbonded
 985	   0	92.5	92.5	 586	OK
 986	   0	96.3	96.3	 554	OK
 987	1000	87.6	87.6	 509	unbonded
 988	   0	85.4	85.4	 597	OK
 989	1000	96.6	96.6	 533	unbonded
 990	   0	87.5	87.5	 555	OK
 991	   0	98.4	98.4	 600	OK
 992	   0	87.0	87.0	 578	OK
 993	   0	94.2	94.2	 608	OK
 994	1000	92.0	92.0	 460	unbonded
 995	   0	96.2	96.2	 548	OK
 996	   0	86.6	86.6	 612	OK
 997	   0	92.9	92.9	 552	OK
 998	   0	101.7	101.7	 587	OK
 999	4000	92.8	92.8	 679	high noise
1000	   0	97.8	97.8	 543	OK
1001	   0	89.0	89.0	 613	OK
1002	   0	91.2	91.2	 574	OK
1003	   0	89.7	89.7	 644	OK
1004	   0	91.3	91.3	 650	OK
1005	   0	88.5	88.5	 570	OK
1006	   0	86.2	86.2	 597	OK
1007	   0	96.8	96.8	 660	OK
1008	   0	93.9	93.9	 580	OK
1009	   0	89.4	89.4	 577	OK
1010	1000	98.3	98.3	 537	unbonded
1011	   0	90.0	90.0	 549	OK
1012	   0	93.2	93.2	 615	OK
1013	1000	93.7	93.7	 513	unbonded
1014	   0	91.9	91.9	 597	OK
1015	   0	91.6	91.6	 602	OK
1016	   0	89.4	89.4	 611	OK
1017	   0	85.7	85.7	 552	OK
1018	1000	91.1	91.1	 519	unbonded
1019	1000	85.8	85.8	 528	unbonded
1020	   0	92.8	92.8	 565	OK
1021	   0	80.3	80.3	 552	OK
1022	   0	96.2	96.2	 593	OK
1023	1000	88.5	88.5	 536	unbonded
1024	   0	89.5	89.5	 632	OK
1025	   0	86.9	86.9	 588	OK
1026	   0	90.1	90.1	 604	OK
1027	   0	83.5	83.5	 695	OK
1028	   0	85.6	85.6	 652	OK
1029	1000	86.5	86.5	 532	unbonded
1030	   0	82.8	82.8	 702	OK
1031	1000	84.1	84.1	 481	unbonded
1032	   0	87.7	87.7	 583	OK
1033	   0	81.7	81.7	 588	OK
1034	   0	80.7	80.7	 671	OK
1035	1501	0.0	0.0	   0	dead
1036	   0	87.5	87.5	 569	OK
1037	   0	87.0	87.0	 574	OK
1038	   0	83.0	83.0	 595	OK
1039	   0	88.7	88.7	 601	OK
1040	4000	80.9	80.9	 756	high noise
1041	4000	81.6	81.6	 725	high noise
1042	   0	80.5	80.5	 651	OK
1043	   0	92.2	92.2	 570	OK
1044	   0	89.4	89.4	 562	OK
1045	   0	86.3	86.3	 624	OK
1046	   0	93.1	93.1	 634	OK
1047	   0	83.0	83.0	 683	OK
1048	   0	86.9	86.9	 667	OK
1049	   0	87.0	87.0	 658	OK
1050	   0	95.5	95.5	 687	OK
1051	   0	88.1	88.1	 645	OK
1052	   0	89.3	89.3	 547	OK
1053	4000	85.6	85.6	 723	high noise
1054	   0	90.1	90.1	 641	OK
1055	   0	80.3	80.3	 694	OK
1056	   0	84.1	84.1	 603	OK
1057	   0	89.2	89.2	 632	OK
1058	1000	85.7	85.7	 532	unbonded
1059	   0	82.0	82.0	 654	OK
1060	   0	86.8	86.8	 680	OK
1061	   0	92.6	92.6	 678	OK
1062	   0	82.2	82.2	 690	OK
1063	   0	85.4	85.4	 660	OK
1064	4000	88.1	88.1	 737	high noise
1065	1000	87.6	87.6	 524	unbonded
1066	   0	94.5	94.5	 547	OK
1067	   0	90.5	90.5	 652	OK
1068	   0	90.9	90.9	 703	OK
1069	   0	86.4	86.4	 644	OK
1070	   0	96.5	96.5	 545	OK
1071	   0	86.7	86.7	 630	OK
1072	   0	94.0	94.0	 571	OK
1073	   0	84.8	84.8	 681	OK
1074	   0	92.6	92.6	 658	OK
1075	   0	85.9	85.9	 631	OK
1076	   0	84.6	84.6	 562	OK
1077	   0	89.8	89.8	 596	OK
1078	   0	91.3	91.3	 647	OK
1079	   0	87.6	87.6	 623	OK
1080	   0	85.1	85.1	 623	OK
1081	   0	87.3	87.3	 545	OK
1082	   0	94.8	94.8	 685	OK
1083	   0	90.5	90.5	 672	OK
1084	   0	90.4	90.4	 678	OK
1085	   0	90.1	90.1	 678	OK
1086	   0	90.7	90.7	 560	OK
1087	   0	86.8	86.8	 635	OK
1088	   0	92.6	92.6	 663	OK
1089	   0	87.7	87.7	 700	OK
1090	   0	88.7	88.7	 626	OK
1091	   0	90.6	90.6	 562	OK
1092	4000	85.2	85.2	 754	high noise
1093	   0	86.2	86.2	 551	OK
1094	   0	88.9	88.9	 618	OK
1095	   0	88.1	88.1	 699	OK
1096	   0	86.3	86.3	 647	OK
1097	4000	86.0	86.0	 727	high noise
1098	   0	84.9	84.9	 603	OK
1099	   0	92.1	92.1	 609	OK
1100	   0	86.8	86.8	 633	OK
1101	   0	91.8	91.8	 565	OK
1102	   0	91.4	91.4	 662	OK
1103	   0	90.4	90.4	 548	OK
1104	   0	93.9	93.9	 572	OK
1105	   0	83.3	83.3	 663	OK
1106	   0	80.2	80.2	 624	OK
1107	   0	92.9	92.9	 563	OK
1108	   0	87.0	87.0	 686	OK
1109	   0	87.8	87.8	 658	OK
1110	   0	86.4	86.4	 542	OK
1111	   0	87.9	87.9	 604	OK
1112	   0	85.3	85.3	 677	OK
1113	   0	87.4	87.4	 557	OK
1114	4000	84.4	84.4	 805	high noise
1115	   0	81.7	81.7	 606	OK
1116	   0	87.9	87.9	 663	OK
1117	   0	94.2	94.2	 584	OK
1118	   0	92.6	92.6	 590	OK
1119	   0	91.7	91.7	 624	OK
1120	   0	98.4	98.4	 629	OK
1121	   0	91.5	91.5	 618	OK
1122	   0	91.1	91.1	 557	OK
1123	   0	83.9	83.9	 666	OK
1124	   0	90.0	90.0	 627	OK
1125	4000	87.2	87.2	 790	high noise
1126	   0	90.9	90.9	 629	OK
1127	   0	93.9	93.9	 561	OK
1128	   0	97.0	97.0	 581	OK
1129	   0	89.3	89.3	 661	OK
1130	   0	95.5	95.5	 619	OK
1131	   0	86.8	86.8	 678	OK
1132	   0	87.5	87.5	 616	OK
1133	   0	89.8	89.8	 645	OK
1134	   0	93.9	93.9	 628	OK
1135	   0	88.6	88.6	 606	OK
1136	   0	93.5	93.5	 643	OK
1137	4000	88.4	88.4	 731	high noise
1138	   0	86.0	86.0	 663	OK
1139	   0	84.5	84.5	 593	OK
1140	   0	89.6	89.6	 605	OK
1141	   0	83.2	83.2	 569	OK
1142	   0	81.4	81.4	 599	OK
1143	   0	90.2	90.2	 651	OK
1144	   0	92.1	92.1	 633	OK
1145	1000	88.4	88.4	 466	unbonded
1146	   0	87.3	87.3	 693	OK
1147	   0	87.6	87.6	 632	OK
1148	   0	98.6	98.6	 572	OK
1149	   0	84.3	84.3	 555	OK
1150	   0	80.7	80.7	 617	OK
1151	   0	91.4	91.4	 639	OK
1152	   0	95.8	95.8	 644	OK
1153	   0	96.2	96.2	 558	OK
1154	   0	99.0	99.0	 726	OK
1155	4000	93.4	93.4	 764	high noise
1156	   0	96.3	96.3	 641	OK
1157	   0	93.8	93.8	 620	OK
1158	   0	94.8	94.8	 719	OK
1159	   0	88.1	88.1	 684	OK
1160	   0	87.5	87.5	 667	OK
1161	   0	87.3	87.3	 666	OK
1162	   0	93.7	93.7	 673	OK
1163	   0	84.0	84.0	 653	OK
1164	   0	85.7	85.7	 658	OK
1165	   0	92.7	92.7	 692	OK
1166	   0	93.6	93.6	 717	OK
1167	4000	96.9	96.9	 769	high noise
1168	   0	93.8	93.8	 669	OK
1169	   0	94.3	94.3	 649	OK
1170	   0	98.3	98.3	 631	OK
1171	   0	96.8	96.8	 642	OK
1172	   0	90.7	90.7	 639	OK
1173	   0	93.1	93.1	 663	OK
1174	   0	93.8	93.8	 652	OK
1175	   0	87.2	87.2	 649	OK
1176	4000	88.6	88.6	 758	high noise
1177	   0	96.3	96.3	 663	OK
1178	   0	91.9	91.9	 695	OK
1179	   0	89.4	89.4	 742	OK
1180	   0	89.9	89.9	 634	OK
1181	   0	84.5	84.5	 749	OK
1182	4000	86.5	86.5	 808	high noise
1183	   0	90.9	90.9	 711	OK
1184	4000	89.4	89.4	 758	high noise
1185	   0	89.5	89.5	 644	OK
1186	1000	87.8	87.8	 536	unbonded
1187	   0	99.0	99.0	 672	OK
1188	   0	89.7	89.7	 652	OK
1189	   0	96.6	96.6	 658	OK
1190	   0	87.8	87.8	 585	OK
1191	1000	89.7	89.7	 503	unbonded
1192	   0	95.3	95.3	 663	OK
1193	   0	86.8	86.8	 612	OK
1194	   0	90.9	90.9	 666	OK
1195	   0	88.5	88.5	 718	OK
1196	   0	95.1	95.1	 747	OK
1197	   0	90.8	90.8	 750	OK
1198	   0	90.0	90.0	 685	OK
1199	   0	90.0	90.0	 631	OK
1200	4000	88.6	88.6	 771	high noise
1201	   0	95.5	95.5	 659	OK
1202	   0	85.0	85.0	 663	OK
1203	   0	88.5	88.5	 636	OK
1204	   0	91.4	91.4	 626	OK
1205	   0	89.3	89.3	 620	OK
1206	   0	87.2	87.2	 631	OK
1207	   0	89.3	89.3	 561	OK
1208	   0	89.2	89.2	 746	OK
1209	   0	92.3	92.3	 700	OK
1210	   0	89.7	89.7	 648	OK
1211	   0	90.7	90.7	 648	OK
1212	   0	88.1	88.1	 622	OK
1213	   0	90.8	90.8	 672	OK
1214	4000	91.5	91.5	 769	high noise
1215	   0	95.3	95.3	 721	OK
1216	   0	89.4	89.4	 615	OK
1217	   0	95.8	95.8	 671	OK
1218	   0	98.0	98.0	 637	OK
1219	   0	84.9	84.9	 625	OK
1220	4000	82.8	82.8	 774	high noise
1221	   0	93.0	93.0	 597	OK
1222	   0	87.9	87.9	 716	OK
1223	   0	82.9	82.9	 638	OK
1224	   0	85.6	85.6	 708	OK
1225	   0	88.8	88.8	 667	OK
1226	   0	92.4	92.4	 707	OK
1227	   0	84.2	84.2	 619	OK
1228	   0	90.1	90.1	 563	OK
1229	   0	87.2	87.2	 632	OK
1230	   0	93.6	93.6	 695	OK
1231	   0	92.8	92.8	 663	OK
1232	   0	89.7	89.7	 637	OK
1233	4000	86.6	86.6	 763	high noise
1234	   0	91.9	91.9	 679	OK
1235	   0	83.3	83.3	 703	OK
1236	   0	80.6	80.6	 730	OK
1237	   0	83.5	83.5	 690	OK
1238	   0	78.5	78.5	 671	OK
1239	   0	89.0	89.0	 635	OK
1240	   0	90.0	90.0	 626	OK
1241	   0	88.4	88.4	 641	OK
1242	1000	94.9	94.9	 527	unbonded
1243	   0	95.8	95.8	 552	OK
1244	   0	81.9	81.9	 569	OK
1245	   0	85.9	85.9	 672	OK
1246	   0	82.0	82.0	 695	OK
1247	   0	84.8	84.8	 638	OK
1248	   0	88.0	88.0	 670	OK
1249	   0	84.3	84.3	 622	OK
1250	   0	90.0	90.0	 633	OK
1251	   0	83.2	83.2	 717	OK
1252	   0	90.4	90.4	 577	OK
1253	   0	88.3	88.3	 640	OK
1254	   0	85.8	85.8	 699	OK
1255	   0	91.5	91.5	 637	OK
1256	   0	86.9	86.9	 613	OK
1257	   0	84.4	84.4	 606	OK
1258	   0	83.7	83.7	 617	OK
1259	   0	89.2	89.2	 657	OK
1260	   0	92.5	92.5	 631	OK
1261	   0	86.4	86.4	 642	OK
1262	   0	82.2	82.2	 590	OK
1263	   0	85.2	85.2	 656	OK
1264	4000	87.8	87.8	 754	high noise
1265	   0	85.8	85.8	 569	OK
1266	   0	88.0	88.0	 631	OK
1267	   0	85.4	85.4	 673	OK
1268	   0	84.2	84.2	 576	OK
1269	   0	95.2	95.2	 555	OK
1270	   0	89.3	89.3	 560	OK
1271	   0	90.7	90.7	 632	OK
1272	   0	92.0	92.0	 643	OK
1273	   0	96.1	96.1	 597	OK
1274	   0	83.3	83.3	 644	OK
1275	   0	93.5	93.5	 644	OK
1276	   0	90.8	90.8	 585	OK
1277	   0	98.1	98.1	 669	OK
1278	1000	93.6	93.6	 503	unbonded
1279	   0	90.2	90.2	 566	OK
1280	   0	88.3	88.3	 679	OK
1281	4000	90.0	90.0	 759	high noise
1282	   0	80.8	80.8	 698	OK
1283	4000	79.9	79.9	 766	high noise
1284	   0	84.4	84.4	 630	OK
1285	   0	89.5	89.5	 647	OK
1286	   0	89.8	89.8	 706	OK
1287	   0	90.3	90.3	 640	OK
1288	   0	85.9	85.9	 698	OK
1289	   0	89.3	89.3	 670	OK
1290	   0	83.8	83.8	 642	OK
1291	   0	90.6	90.6	 685	OK
1292	1000	91.7	91.7	 533	unbonded
1293	   0	88.0	88.0	 578	OK
1294	   0	80.5	80.5	 696	OK
1295	   0	86.3	86.3	 594	OK
1296	   0	90.5	90.5	 621	OK
1297	   0	82.3	82.3	 601	OK
1298	   0	85.7	85.7	 674	OK
1299	   0	95.0	95.0	 595	OK
1300	   0	82.7	82.7	 677	OK
1301	   0	83.6	83.6	 667	OK
1302	   0	85.9	85.9	 666	OK
1303	   0	84.7	84.7	 694	OK
1304	   0	83.7	83.7	 549	OK
1305	4000	88.0	88.0	 754	high noise
1306	   0	89.7	89.7	 614	OK
1307	   0	87.0	87.0	 637	OK
1308	   0	87.2	87.2	 710	OK
1309	   0	80.3	80.3	 678	OK
1310	   0	78.1	78.1	 681	OK
1311	   0	85.7	85.7	 635	OK
1312	   0	85.9	85.9	 642	OK
1313	   0	89.3	89.3	 598	OK
1314	   0	82.6	82.6	 654	OK
1315	   0	82.1	82.1	 710	OK
1316	   0	89.7	89.7	 580	OK
1317	   0	90.3	90.3	 657	OK
1318	   0	87.8	87.8	 589	OK
1319	   0	95.2	95.2	 639	OK
1320	   0	89.6	89.6	 561	OK
1321	   0	81.9	81.9	 708	OK
1322	   0	83.3	83.3	 645	OK
1323	   0	83.0	83.0	 739	OK
1324	   0	87.2	87.2	 647	OK
1325	   0	86.2	86.2	 628	OK
1326	   0	84.4	84.4	 702	OK
1327	   0	93.6	93.6	 683	OK
1328	   0	84.4	84.4	 586	OK
1329	   0	78.4	78.4	 637	OK
1330	   0	89.7	89.7	 629	OK
1331	   0	87.3	87.3	 691	OK
1332	   0	84.2	84.2	 728	OK
1333	   0	90.3	90.3	 654	OK
1334	   0	87.3	87.3	 621	OK
1335	   0	86.3	86.3	 656	OK
1336	   0	84.7	84.7	 697	OK
1337	   0	83.3	83.3	 711	OK
1338	8000	81.7	81.7	 540	partbonded
1339	   0	95.1	95.1	 649	OK
1340	   0	89.2	89.2	 609	OK
1341	   0	87.7	87.7	 680	OK
1342	   0	89.3	89.3	 598	OK
1343	   0	86.9	86.9	 600	OK
1344	   0	87.7	87.7	 634	OK
1345	   0	88.6	88.6	 685	OK
1346	4000	85.6	85.6	 761	high noise
1347	   0	79.8	79.8	 671	OK
1348	4000	80.4	80.4	 783	high noise
1349	   0	91.5	91.5	 593	OK
1350	   0	88.5	88.5	 679	OK
1351	   0	89.5	89.5	 625	OK
1352	1000	87.1	87.1	 522	unbonded
1353	   0	83.3	83.3	 719	OK
1354	   0	88.8	88.8	 626	OK
1355	   0	88.1	88.1	 662	OK
1356	   0	83.1	83.1	 641	OK
1357	   0	86.5	86.5	 665	OK
1358	   0	82.5	82.5	 749	OK
1359	   0	86.1	86.1	 700	OK
1360	   0	81.8	81.8	 576	OK
1361	   0	84.3	84.3	 706	OK
1362	   0	92.2	92.2	 632	OK
1363	   0	87.4	87.4	 619	OK
1364	   0	87.0	87.0	 716	OK
1365	   0	86.2	86.2	 709	OK
1366	   0	83.6	83.6	 688	OK
1367	   0	90.3	90.3	 637	OK
1368	   0	78.0	78.0	 684	OK
1369	   0	73.2	73.2	 739	OK
1370	   0	91.1	91.1	 695	OK
1371	   0	85.8	85.8	 653	OK
1372	   0	82.5	82.5	 665	OK
1373	   0	75.7	75.7	 738	OK
1374	1000	86.4	86.4	 516	unbonded
1375	   0	85.9	85.9	 597	OK
1376	   0	80.9	80.9	 641	OK
1377	   0	88.5	88.5	 651	OK
1378	   0	83.0	83.0	 661	OK
1379	1000	81.6	81.6	 515	unbonded
1380	   0	87.3	87.3	 603	OK
1381	   0	86.8	86.8	 690	OK
1382	   0	86.4	86.4	 639	OK
1383	   0	87.3	87.3	 676	OK
1384	   0	84.1	84.1	 678	OK
1385	   0	95.4	95.4	 615	OK
1386	   0	88.4	88.4	 693	OK
1387	   0	80.2	80.2	 621	OK
1388	1000	85.8	85.8	 528	unbonded
1389	   0	80.0	80.0	 643	OK
1390	   0	90.5	90.5	 591	OK
1391	   0	88.1	88.1	 702	OK
1392	   0	86.0	86.0	 656	OK
1393	   0	78.2	78.2	 730	OK
1394	   0	83.2	83.2	 602	OK
1395	1000	83.5	83.5	 536	unbonded
1396	   0	81.5	81.5	 607	OK
1397	   0	79.2	79.2	 713	OK
1398	4000	85.5	85.5	 775	high noise
1399	   0	90.6	90.6	 596	OK
1400	   0	81.3	81.3	 591	OK
1401	   0	82.5	82.5	 670	OK
1402	   0	88.6	88.6	 683	OK
1403	   0	79.1	79.1	 616	OK
1404	   0	78.5	78.5	 683	OK
1405	   0	88.8	88.8	 642	OK
1406	   0	89.2	89.2	 729	OK
1407	   0	80.8	80.8	 751	OK
1408	1000	85.7	85.7	 532	unbonded
1409	   0	82.1	82.1	 639	OK
1410	   0	82.4	82.4	 670	OK
1411	1000	87.1	87.1	 494	unbonded
1412	   0	91.2	91.2	 680	OK
1413	   0	88.7	88.7	 641	OK
1414	   0	92.4	92.4	 680	OK
1415	1000	84.2	84.2	 534	unbonded
1416	   0	91.1	91.1	 634	OK
1417	   0	86.1	86.1	 629	OK
1418	1000	88.7	88.7	 536	unbonded
1419	4000	80.0	80.0	 722	high noise
1420	   0	86.1	86.1	 557	OK
1421	   0	92.5	92.5	 599	OK
1422	   0	88.8	88.8	 610	OK
1423	1000	83.2	83.2	 477	unbonded
1424	4000	78.9	78.9	 744	high noise
1425	   0	78.6	78.6	 630	OK
1426	   0	71.4	71.4	 703	OK
1427	   0	88.0	88.0	 635	OK
1428	   0	88.0	88.0	 713	OK
1429	   0	90.0	90.0	 611	OK
1430	   0	90.8	90.8	 557	OK
1431	   0	83.6	83.6	 608	OK
1432	   0	90.3	90.3	 614	OK
1433	1000	90.5	90.5	 514	unbonded
1434	   0	86.4	86.4	 547	OK
1435	4000	85.1	85.1	 722	high noise
1436	   0	84.7	84.7	 603	OK
1437	   0	83.1	83.1	 671	OK
1438	4000	87.0	87.0	 720	high noise
1439	   0	81.8	81.8	 659	OK
1440	   0	90.9	90.9	 636	OK
1441	   0	88.6	88.6	 586	OK
1442	   0	93.6	93.6	 569	OK
1443	   0	89.6	89.6	 668	OK
1444	   0	83.0	83.0	 664	OK
1445	   0	86.0	86.0	 666	OK
1446	   0	87.0	87.0	 654	OK
1447	1000	91.8	91.8	 534	unbonded
1448	   0	91.4	91.4	 648	OK
1449	1000	82.8	82.8	 525	unbonded
1450	   0	89.8	89.8	 654	OK
1451	   0	91.7	91.7	 627	OK
1452	   0	92.8	92.8	 640	OK
1453	   0	87.3	87.3	 621	OK
1454	1000	94.5	94.5	 538	unbonded
1455	   0	82.5	82.5	 605	OK
1456	   0	84.4	84.4	 645	OK
1457	   0	90.9	90.9	 593	OK
1458	   0	85.3	85.3	 582	OK
1459	   0	82.3	82.3	 694	OK
1460	1000	92.0	92.0	 532	unbonded
1461	   0	90.1	90.1	 685	OK
1462	   0	85.1	85.1	 577	OK
1463	   0	83.6	83.6	 602	OK
1464	   0	85.1	85.1	 613	OK
1465	   0	97.4	97.4	 637	OK
1466	   0	82.5	82.5	 548	OK
1467	   0	91.1	91.1	 591	OK
1468	1000	87.9	87.9	 540	unbonded
1469	   0	88.9	88.9	 569	OK
1470	   0	88.1	88.1	 588	OK
1471	   0	90.7	90.7	 597	OK
1472	   0	75.3	75.3	 630	OK
1473	   0	89.2	89.2	 685	OK
1474	   0	90.1	90.1	 652	OK
1475	   0	93.3	93.3	 623	OK
1476	   0	86.9	86.9	 609	OK
1477	   0	89.5	89.5	 616	OK
1478	   0	89.8	89.8	 666	OK
1479	   0	90.9	90.9	 649	OK
1480	   0	91.5	91.5	 605	OK
1481	   0	83.1	83.1	 591	OK
1482	   0	85.3	85.3	 647	OK
1483	   0	85.7	85.7	 679	OK
1484	   0	86.3	86.3	 617	OK
1485	   0	84.0	84.0	 605	OK
1486	   0	90.2	90.2	 589	OK
1487	   0	83.5	83.5	 613	OK
1488	   0	83.1	83.1	 673	OK
1489	   0	82.7	82.7	 661	OK
1490	   0	77.8	77.8	 623	OK
1491	   0	84.2	84.2	 608	OK
1492	1000	89.0	89.0	 521	unbonded
1493	   0	94.5	94.5	 585	OK
1494	   0	90.1	90.1	 620	OK
1495	   0	86.6	86.6	 634	OK
1496	1000	87.2	87.2	 500	unbonded
1497	4000	76.4	76.4	 738	high noise
1498	   0	83.1	83.1	 661	OK
1499	   0	87.6	87.6	 559	OK
1500	1000	86.7	86.7	 505	unbonded
1501	   0	89.8	89.8	 693	OK
1502	   0	83.1	83.1	 645	OK
1503	   0	84.0	84.0	 608	OK
1504	   0	86.5	86.5	 634	OK
1505	   0	82.9	82.9	 654	OK
1506	   0	87.5	87.5	 613	OK
1507	   0	86.9	86.9	 616	OK
1508	   0	83.4	83.4	 620	OK
1509	   0	82.6	82.6	 593	OK
1510	1000	89.4	89.4	 488	unbonded
1511	   0	94.4	94.4	 678	OK
1512	1000	87.6	87.6	 529	unbonded
1513	1000	92.1	92.1	 504	unbonded
1514	   0	83.9	83.9	 654	OK
1515	4000	81.6	81.6	 717	high noise
1516	   0	89.7	89.7	 642	OK
1517	   0	80.8	80.8	 605	OK
1518	4000	85.9	85.9	 730	high noise
1519	   0	89.4	89.4	 639	OK
1520	   0	85.7	85.7	 697	OK
1521	   0	90.9	90.9	 637	OK
1522	   0	81.2	81.2	 651	OK
1523	   0	89.7	89.7	 702	OK
1524	   0	97.1	97.1	 638	OK
1525	   0	89.6	89.6	 601	OK
1526	   0	80.9	80.9	 614	OK
1527	   0	79.9	79.9	 639	OK
1528	   0	85.5	85.5	 612	OK
1529	   0	83.3	83.3	 705	OK
1530	   0	82.6	82.6	 687	OK
1531	   0	92.6	92.6	 622	OK
1532	   0	91.5	91.5	 627	OK
1533	   0	79.5	79.5	 580	OK
1534	   0	85.5	85.5	 687	OK
1535	   0	80.1	80.1	 566	OK
1536	   0	82.4	82.4	 569	OK
1537	   0	91.3	91.3	 597	OK
1538	   0	90.1	90.1	 559	OK
1539	1000	89.9	89.9	 539	unbonded
1540	   0	97.0	97.0	 574	OK
1541	   0	85.1	85.1	 572	OK
1542	   0	91.5	91.5	 618	OK
1543	   0	89.9	89.9	 596	OK
1544	1000	92.7	92.7	 524	unbonded
1545	   0	92.2	92.2	 595	OK
1546	   0	87.9	87.9	 598	OK
1547	   0	87.5	87.5	 564	OK
1548	   0	92.6	92.6	 598	OK
1549	   0	88.6	88.6	 597	OK
1550	   0	91.6	91.6	 622	OK
1551	   0	93.0	93.0	 557	OK
1552	   0	82.1	82.1	 629	OK
1553	   0	83.8	83.8	 603	OK
1554	   0	91.7	91.7	 544	OK
1555	   0	83.6	83.6	 638	OK
1556	4000	89.6	89.6	 716	high noise
1557	   0	84.8	84.8	 561	OK
1558	   0	90.3	90.3	 675	OK
1559	   0	87.8	87.8	 593	OK
1560	1000	94.1	94.1	 534	unbonded
1561	   0	90.6	90.6	 599	OK
1562	   0	91.3	91.3	 703	OK
1563	   0	88.8	88.8	 626	OK
1564	   0	88.3	88.3	 552	OK
1565	   0	87.2	87.2	 618	OK
1566	   0	94.3	94.3	 583	OK
1567	   0	80.9	80.9	 683	OK
1568	   0	87.1	87.1	 571	OK
1569	   0	91.5	91.5	 551	OK
1570	   0	90.3	90.3	 554	OK
1571	1000	92.3	92.3	 444	unbonded
1572	   0	93.5	93.5	 567	OK
1573	   0	88.2	88.2	 654	OK
1574	   0	89.0	89.0	 686	OK
1575	   0	87.4	87.4	 593	OK
1576	   0	85.9	85.9	 613	OK
1577	   0	93.4	93.4	 658	OK
1578	   0	86.0	86.0	 624	OK
1579	   0	92.0	92.0	 593	OK
1580	   0	93.2	93.2	 686	OK
1581	   0	92.2	92.2	 585	OK
1582	   0	90.4	90.4	 645	OK
1583	   0	85.8	85.8	 576	OK
1584	   0	91.1	91.1	 652	OK
1585	   0	82.4	82.4	 666	OK
1586	   0	94.8	94.8	 673	OK
1587	   0	86.6	86.6	 618	OK
1588	   0	93.1	93.1	 597	OK
1589	   0	89.1	89.1	 656	OK
1590	   0	93.2	93.2	 578	OK
1591	   0	88.8	88.8	 645	OK
1592	   0	100.7	100.7	 581	OK
1593	   0	93.7	93.7	 575	OK
1594	   0	88.9	88.9	 574	OK
1595	   0	91.9	91.9	 622	OK
1596	   0	87.6	87.6	 672	OK
1597	   0	89.4	89.4	 614	OK
1598	   0	95.6	95.6	 623	OK
1599	   0	89.6	89.6	 604	OK
1600	4000	96.7	96.7	 727	high noise
1601	   0	94.6	94.6	 606	OK
1602	   0	94.8	94.8	 601	OK
1603	   0	88.4	88.4	 613	OK
1604	   0	83.1	83.1	 679	OK
1605	   0	87.7	87.7	 650	OK
1606	   0	91.6	91.6	 608	OK
1607	   0	89.1	89.1	 603	OK
1608	   0	86.2	86.2	 662	OK
1609	   0	90.1	90.1	 542	OK
1610	   0	86.2	86.2	 657	OK
1611	   0	87.7	87.7	 629	OK
1612	   0	86.7	86.7	 701	OK
1613	   0	84.4	84.4	 682	OK
1614	   0	90.2	90.2	 543	OK
1615	1000	85.2	85.2	 491	unbonded
1616	   0	91.1	91.1	 574	OK
1617	   0	84.9	84.9	 647	OK
1618	   0	95.2	95.2	 584	OK
1619	   0	96.7	96.7	 676	OK
1620	   0	86.9	86.9	 628	OK
1621	   0	85.0	85.0	 611	OK
1622	1000	91.5	91.5	 497	unbonded
1623	   0	90.3	90.3	 669	OK
1624	   0	85.3	85.3	 635	OK
1625	   0	82.7	82.7	 697	OK
1626	   0	89.3	89.3	 591	OK
1627	   0	85.9	85.9	 635	OK
1628	   0	83.8	83.8	 590	OK
1629	   0	84.0	84.0	 670	OK
1630	   0	87.4	87.4	 630	OK
1631	   0	81.0	81.0	 678	OK
1632	   0	88.3	88.3	 616	OK
1633	   0	85.4	85.4	 666	OK
1634	   0	87.8	87.8	 652	OK
1635	   0	84.8	84.8	 633	OK
1636	4000	85.9	85.9	 710	high noise
1637	   0	92.1	92.1	 687	OK
1638	   0	79.4	79.4	 625	OK
1639	   0	90.4	90.4	 640	OK
1640	   0	84.1	84.1	 544	OK
1641	   0	84.5	84.5	 663	OK
1642	1000	90.3	90.3	 525	unbonded
1643	   0	83.6	83.6	 646	OK
1644	   0	92.9	92.9	 675	OK
1645	1501	0.0	0.0	   0	dead
1646	   0	88.8	88.8	 669	OK
1647	   0	79.8	79.8	 619	OK
1648	   0	85.7	85.7	 671	OK
1649	   0	92.5	92.5	 628	OK
1650	   0	87.4	87.4	 660	OK
1651	   0	88.1	88.1	 642	OK
1652	   0	89.0	89.0	 609	OK
1653	   0	90.4	90.4	 631	OK
1654	   0	94.7	94.7	 656	OK
1655	4000	84.6	84.6	 709	high noise
1656	   0	87.1	87.1	 675	OK
1657	   0	91.3	91.3	 596	OK
1658	   0	96.8	96.8	 611	OK
1659	   0	89.2	89.2	 664	OK
1660	   0	86.7	86.7	 644	OK
1661	   0	84.1	84.1	 563	OK
1662	   0	89.5	89.5	 618	OK
1663	   0	86.5	86.5	 559	OK
1664	   0	83.1	83.1	 664	OK
1665	4000	78.0	78.0	 755	high noise
1666	4000	82.9	82.9	 749	high noise
1667	   0	78.3	78.3	 645	OK
1668	   0	88.4	88.4	 699	OK
1669	   0	77.8	77.8	 635	OK
1670	   0	79.3	79.3	 612	OK
1671	   0	80.1	80.1	 677	OK
1672	   0	79.0	79.0	 695	OK
1673	   0	87.1	87.1	 668	OK
1674	   0	79.7	79.7	 635	OK
1675	   0	79.3	79.3	 665	OK
1676	   0	81.8	81.8	 628	OK
1677	   0	75.6	75.6	 565	OK
1678	   0	82.7	82.7	 578	OK
1679	4000	84.8	84.8	 744	high noise
1680	   0	88.0	88.0	 549	OK
1681	   0	89.8	89.8	 680	OK
1682	   0	84.3	84.3	 552	OK
1683	   0	83.7	83.7	 571	OK
1684	   0	84.6	84.6	 695	OK
1685	   0	85.8	85.8	 652	OK
1686	   0	80.4	80.4	 722	OK
1687	   0	81.8	81.8	 653	OK
1688	   0	84.8	84.8	 594	OK
1689	   0	86.1	86.1	 616	OK
1690	   0	80.9	80.9	 693	OK
1691	   0	81.4	81.4	 710	OK
1692	   0	78.5	78.5	 611	OK
1693	   0	80.1	80.1	 683	OK
1694	   0	86.7	86.7	 611	OK
1695	   0	83.9	83.9	 692	OK
1696	   0	83.2	83.2	 657	OK
1697	   0	81.7	81.7	 665	OK
1698	   0	89.0	89.0	 588	OK
1699	   0	90.8	90.8	 671	OK
1700	   0	83.5	83.5	 596	OK
1701	   0	78.4	78.4	 669	OK
1702	4000	75.3	75.3	 779	high noise
1703	   0	87.1	87.1	 547	OK
1704	   0	82.7	82.7	 627	OK
1705	   0	90.9	90.9	 667	OK
1706	   0	82.9	82.9	 551	OK
1707	   0	83.2	83.2	 578	OK
1708	   0	87.3	87.3	 663	OK
1709	   0	84.5	84.5	 673	OK
1710	   0	83.7	83.7	 585	OK
1711	   0	80.2	80.2	 736	OK
1712	   0	90.2	90.2	 657	OK
1713	   0	81.6	81.6	 714	OK
1714	   0	81.8	81.8	 639	OK
1715	   0	83.8	83.8	 640	OK
1716	   0	94.6	94.6	 625	OK
1717	   0	79.6	79.6	 569	OK
1718	   0	85.1	85.1	 576	OK
1719	4000	80.7	80.7	 765	high noise
1720	   0	94.3	94.3	 643	OK
1721	   0	83.4	83.4	 605	OK
1722	   0	88.6	88.6	 556	OK
1723	   0	81.2	81.2	 689	OK
1724	   0	77.2	77.2	 647	OK
1725	4000	81.0	81.0	 738	high noise
1726	   0	81.2	81.2	 658	OK
1727	   0	89.7	89.7	 595	OK
1728	   0	90.6	90.6	 611	OK
1729	   0	84.7	84.7	 545	OK
1730	   0	86.7	86.7	 694	OK
1731	   0	94.0	94.0	 662	OK
1732	   0	95.3	95.3	 676	OK
1733	   0	89.4	89.4	 594	OK
1734	   0	78.7	78.7	 599	OK
1735	4000	88.6	88.6	 741	high noise
1736	   0	88.6	88.6	 582	OK
1737	   0	88.0	88.0	 649	OK
1738	   0	84.3	84.3	 646	OK
1739	   0	91.9	91.9	 566	OK
1740	   0	77.7	77.7	 546	OK
1741	4000	82.7	82.7	 751	high noise
1742	   0	85.8	85.8	 567	OK
1743	4000	86.4	86.4	 750	high noise
1744	1000	84.4	84.4	 485	unbonded
1745	   0	84.0	84.0	 571	OK
1746	4000	87.4	87.4	 742	high noise
1747	   0	86.2	86.2	 705	OK
1748	   0	82.5	82.5	 580	OK
1749	   0	76.6	76.6	 719	OK
1750	   0	94.4	94.4	 575	OK
1751	   0	81.4	81.4	 630	OK
1752	   0	85.4	85.4	 651	OK
1753	   0	87.5	87.5	 593	OK
1754	   0	89.1	89.1	 562	OK
1755	   0	84.4	84.4	 695	OK
1756	   0	83.6	83.6	 588	OK
1757	   0	78.5	78.5	 607	OK
1758	   0	79.1	79.1	 651	OK
1759	   0	86.7	86.7	 639	OK
1760	   0	85.5	85.5	 627	OK
1761	1000	86.2	86.2	 516	unbonded
1762	   0	87.7	87.7	 625	OK
1763	   0	90.2	90.2	 622	OK
1764	   0	89.5	89.5	 624	OK
1765	   0	87.2	87.2	 639	OK
1766	   0	93.8	93.8	 667	OK
1767	   0	86.4	86.4	 674	OK
1768	   0	88.3	88.3	 733	OK
1769	   0	88.3	88.3	 567	OK
1770	4000	81.5	81.5	 752	high noise
1771	   0	88.6	88.6	 675	OK
1772	   0	88.0	88.0	 593	OK
1773	   0	89.1	89.1	 636	OK
1774	   0	89.5	89.5	 661	OK
1775	   0	89.6	89.6	 640	OK
1776	1000	85.4	85.4	 488	unbonded
1777	4000	88.3	88.3	 770	high noise
1778	   0	87.3	87.3	 605	OK
1779	4000	77.5	77.5	 746	high noise
1780	   0	83.9	83.9	 690	OK
1781	   0	84.8	84.8	 690	OK
1782	1000	92.4	92.4	 512	unbonded
1783	   0	92.0	92.0	 609	OK
1784	   0	94.9	94.9	 550	OK
1785	   0	89.8	89.8	 664	OK
1786	   0	82.3	82.3	 598	OK
1787	   0	85.8	85.8	 676	OK
1788	   0	91.6	91.6	 641	OK
1789	   0	84.0	84.0	 662	OK
1790	   0	88.6	88.6	 577	OK
1791	   0	80.7	80.7	 637	OK
1792	   0	90.8	90.8	 595	OK
1793	   0	85.4	85.4	 633	OK
1794	4000	85.8	85.8	 693	high noise
1795	   0	93.1	93.1	 584	OK
1796	   0	92.3	92.3	 607	OK
1797	   0	87.9	87.9	 591	OK
1798	   0	95.0	95.0	 621	OK
1799	   0	94.6	94.6	 542	OK
1800	   0	85.1	85.1	 617	OK
1801	   0	93.2	93.2	 585	OK
1802	   0	91.0	91.0	 568	OK
1803	   0	97.4	97.4	 581	OK
1804	   0	93.1	93.1	 544	OK
1805	   0	89.8	89.8	 597	OK
1806	   0	99.6	99.6	 609	OK
1807	1000	101.6	101.6	 534	unbonded
1808	   0	95.2	95.2	 596	OK
1809	   0	96.5	96.5	 587	OK
1810	   0	93.2	93.2	 631	OK
1811	   0	84.8	84.8	 632	OK
1812	4000	84.4	84.4	 713	high noise
1813	   0	88.5	88.5	 581	OK
1814	   0	81.8	81.8	 557	OK
1815	   0	91.7	91.7	 587	OK
1816	   0	95.4	95.4	 630	OK
1817	   0	91.2	91.2	 569	OK
1818	   0	80.2	80.2	 584	OK
1819	   0	87.9	87.9	 610	OK
1820	   0	100.7	100.7	 580	OK
1821	   0	93.4	93.4	 590	OK
1822	1000	97.9	97.9	 509	unbonded
1823	   0	81.5	81.5	 641	OK
1824	   0	85.7	85.7	 594	OK
1825	   0	82.8	82.8	 659	OK
1826	1000	95.4	95.4	 514	unbonded
1827	   0	95.8	95.8	 561	OK
1828	1000	88.0	88.0	 482	unbonded
1829	4000	87.0	87.0	 685	high noise
1830	   0	85.0	85.0	 596	OK
1831	   0	91.9	91.9	 617	OK
1832	   0	92.1	92.1	 553	OK
1833	   0	94.7	94.7	 659	OK
1834	   0	89.6	89.6	 682	OK
1835	1000	90.3	90.3	 509	unbonded
1836	   0	90.0	90.0	 609	OK
1837	1000	98.4	98.4	 536	unbonded
1838	   0	85.3	85.3	 553	OK
1839	   0	84.8	84.8	 680	OK
1840	   0	97.6	97.6	 592	OK
1841	   0	87.9	87.9	 649	OK
1842	1000	92.3	92.3	 430	unbonded
1843	1000	93.6	93.6	 524	unbonded
1844	1000	95.2	95.2	 536	unbonded
1845	1000	86.4	86.4	 529	unbonded
1846	   0	94.6	94.6	 662	OK
1847	1000	92.1	92.1	 528	unbonded
1848	   0	94.3	94.3	 652	OK
1849	   0	96.4	96.4	 582	OK
1850	   0	92.9	92.9	 586	OK
1851	   0	86.6	86.6	 642	OK
1852	   0	95.4	95.4	 613	OK
1853	   0	92.6	92.6	 644	OK
1854	   0	91.7	91.7	 587	OK
1855	   0	94.1	94.1	 667	OK
1856	   0	93.2	93.2	 590	OK
1857	   0	97.0	97.0	 645	OK
1858	   0	89.1	89.1	 594	OK
1859	1000	95.0	95.0	 520	unbonded
1860	   0	90.2	90.2	 605	OK
1861	   0	91.5	91.5	 609	OK
1862	   0	88.3	88.3	 579	OK
1863	   0	92.2	92.2	 597	OK
1864	1000	90.7	90.7	 535	unbonded
1865	   0	91.9	91.9	 616	OK
1866	   0	92.4	92.4	 652	OK
1867	   0	93.9	93.9	 611	OK
1868	   0	95.3	95.3	 630	OK
1869	   0	83.3	83.3	 612	OK
1870	1000	89.2	89.2	 516	unbonded
1871	   0	97.8	97.8	 598	OK
1872	   0	98.2	98.2	 642	OK
1873	   0	92.7	92.7	 590	OK
1874	1000	95.4	95.4	 463	unbonded
1875	1000	93.0	93.0	 519	unbonded
1876	   0	87.6	87.6	 585	OK
1877	   0	84.4	84.4	 654	OK
1878	   0	91.5	91.5	 624	OK
1879	   0	98.1	98.1	 613	OK
1880	   0	88.5	88.5	 619	OK
1881	   0	85.1	85.1	 547	OK
1882	   0	85.6	85.6	 680	OK
1883	   0	95.2	95.2	 548	OK
1884	   0	88.6	88.6	 589	OK
1885	   0	92.5	92.5	 657	OK
1886	   0	94.1	94.1	 603	OK
1887	   0	80.8	80.8	 561	OK
1888	   0	103.2	103.2	 571	OK
1889	   0	92.5	92.5	 648	OK
1890	   0	85.6	85.6	 638	OK
1891	   0	89.3	89.3	 649	OK
1892	   0	91.5	91.5	 616	OK
1893	   0	92.5	92.5	 594	OK
1894	   0	97.8	97.8	 647	OK
1895	1000	94.2	94.2	 470	unbonded
1896	   0	85.0	85.0	 639	OK
1897	   0	95.2	95.2	 670	OK
1898	   0	93.5	93.5	 660	OK
1899	   0	92.2	92.2	 554	OK
1900	   0	91.8	91.8	 552	OK
1901	   0	93.4	93.4	 576	OK
1902	   0	89.6	89.6	 548	OK
1903	1000	92.0	92.0	 505	unbonded
1904	   0	94.2	94.2	 548	OK
1905	   0	92.2	92.2	 596	OK
1906	   0	85.6	85.6	 673	OK
1907	   0	90.8	90.8	 570	OK
1908	1000	93.8	93.8	 511	unbonded
1909	   0	82.2	82.2	 549	OK
1910	   0	90.7	90.7	 601	OK
1911	   0	97.7	97.7	 553	OK
1912	   0	88.1	88.1	 618	OK
1913	   0	86.5	86.5	 600	OK
1914	   0	85.1	85.1	 609	OK
1915	   0	90.9	90.9	 602	OK
1916	   0	92.9	92.9	 644	OK
1917	   0	90.5	90.5	 655	OK
1918	   0	87.3	87.3	 664	OK
1919	   0	89.4	89.4	 662	OK
1920	   0	96.9	96.9	 606	OK
1921	   0	93.5	93.5	 569	OK
1922	   0	87.1	87.1	 639	OK
1923	   0	100.5	100.5	 595	OK
1924	1000	90.0	90.0	 538	unbonded
1925	   0	94.0	94.0	 557	OK
1926	   0	98.6	98.6	 547	OK
1927	   0	94.2	94.2	 619	OK
1928	   0	91.0	91.0	 612	OK
1929	   0	95.8	95.8	 570	OK
1930	   0	101.9	101.9	 566	OK
1931	   0	90.7	90.7	 646	OK
1932	   0	84.4	84.4	 614	OK
1933	   0	99.1	99.1	 547	OK
1934	1000	96.2	96.2	 511	unbonded
1935	1000	94.7	94.7	 513	unbonded
1936	   0	95.8	95.8	 599	OK
1937	1000	96.7	96.7	 525	unbonded
1938	   0	89.4	89.4	 579	OK
1939	   0	95.5	95.5	 543	OK
1940	   0	90.6	90.6	 605	OK
1941	   0	96.2	96.2	 589	OK
1942	4000	89.8	89.8	 653	high noise
1943	4000	93.0	93.0	 660	high noise
1944	1000	104.4	104.4	 527	unbonded
1945	   0	104.5	104.5	 603	OK
1946	   0	92.2	92.2	 570	OK
1947	   0	92.3	92.3	 634	OK
1948	   0	95.3	95.3	 542	OK
1949	1000	94.7	94.7	 475	unbonded
1950	   0	94.4	94.4	 576	OK
1951	1000	104.9	104.9	 537	unbonded
1952	   0	89.1	89.1	 568	OK
1953	   0	99.0	99.0	 546	OK
1954	1000	100.1	100.1	 514	unbonded
1955	   0	93.5	93.5	 562	OK
1956	1000	96.0	96.0	 535	unbonded
1957	   0	92.1	92.1	 604	OK
1958	1000	100.7	100.7	 540	unbonded
1959	1000	93.5	93.5	 534	unbonded
1960	1000	97.8	97.8	 473	unbonded
1961	   0	92.9	92.9	 588	OK
1962	1000	94.3	94.3	 526	unbonded
1963	   0	96.1	96.1	 584	OK
1964	   0	87.3	87.3	 593	OK
1965	   0	90.3	90.3	 602	OK
1966	1000	92.1	92.1	 520	unbonded
1967	1000	93.0	93.0	 530	unbonded
1968	   0	92.1	92.1	 543	OK
1969	   0	100.7	100.7	 556	OK
1970	   0	98.6	98.6	 583	OK
1971	   0	96.3	96.3	 542	OK
1972	1000	93.6	93.6	 521	unbonded
1973	4000	93.3	93.3	 659	high noise
1974	   0	95.2	95.2	 549	OK
1975	   0	97.1	97.1	 561	OK
1976	   0	100.0	100.0	 560	OK
1977	   0	99.0	99.0	 581	OK
1978	1000	100.0	100.0	 521	unbonded
1979	1000	102.7	102.7	 508	unbonded
1980	   0	89.5	89.5	 562	OK
1981	1000	99.1	99.1	 519	unbonded
1982	   0	98.9	98.9	 576	OK
1983	   0	97.9	97.9	 568	OK
1984	1000	102.9	102.9	 490	unbonded
1985	   0	96.0	96.0	 601	OK
1986	   0	90.4	90.4	 582	OK
1987	   0	94.5	94.5	 588	OK
1988	   0	92.6	92.6	 584	OK
1989	1000	103.3	103.3	 535	unbonded
1990	1000	100.7	100.7	 535	unbonded
1991	4000	91.4	91.4	 667	high noise
1992	4000	96.0	96.0	 689	high noise
1993	   0	95.1	95.1	 565	OK
1994	   0	89.5	89.5	 566	OK
1995	   0	95.0	95.0	 644	OK
1996	1000	98.6	98.6	 423	unbonded
1997	   0	98.6	98.6	 615	OK
1998	   0	88.9	88.9	 544	OK
1999	   0	88.0	88.0	 576	OK
2000	1000	95.0	95.0	 519	unbonded
2001	   0	104.0	104.0	 552	OK
2002	   0	91.9	91.9	 566	OK
2003	1000	100.9	100.9	 485	unbonded
2004	   0	96.7	96.7	 609	OK
2005	   0	105.3	105.3	 563	OK
2006	   0	90.0	90.0	 578	OK
2007	   0	93.8	93.8	 630	OK
2008	   0	95.2	95.2	 590	OK
2009	   0	105.7	105.7	 583	OK
2010	1000	92.5	92.5	 537	unbonded
2011	   0	92.7	92.7	 551	OK
2012	1000	93.2	93.2	 517	unbonded
2013	1000	91.6	91.6	 477	unbonded
2014	   0	95.3	95.3	 594	OK
2015	   0	92.3	92.3	 612	OK
2016	   0	93.5	93.5	 601	OK
2017	1000	99.0	99.0	 537	unbonded
2018	1000	98.9	98.9	 535	unbonded
2019	   0	100.4	100.4	 545	OK
2020	   0	97.9	97.9	 556	OK
2021	4000	90.6	90.6	 671	high noise
2022	1000	98.8	98.8	 477	unbonded
2023	   0	104.1	104.1	 544	OK
2024	   0	86.8	86.8	 605	OK
2025	   0	102.6	102.6	 550	OK
2026	   0	100.6	100.6	 571	OK
2027	1000	84.4	84.4	 515	unbonded
2028	1000	94.5	94.5	 503	unbonded
2029	4000	85.5	85.5	 652	high noise
2030	1000	90.4	90.4	 529	unbonded
2031	   0	88.3	88.3	 593	OK
2032	   0	93.1	93.1	 606	OK
2033	   0	85.9	85.9	 649	OK
2034	1000	95.2	95.2	 538	unbonded
2035	   0	93.6	93.6	 595	OK
2036	   0	86.6	86.6	 596	OK
2037	1000	93.5	93.5	 519	unbonded
2038	   0	84.2	84.2	 558	OK
2039	   0	95.9	95.9	 596	OK
2040	1000	101.2	101.2	 522	unbonded
2041	1000	101.2	101.2	 427	unbonded
2042	   0	91.4	91.4	 563	OK
2043	   0	90.8	90.8	 570	OK
2044	1000	88.4	88.4	 517	unbonded
2045	1000	97.9	97.9	 533	unbonded
2046	   0	95.6	95.6	 547	OK
2047	   0	95.6	95.6	 588	OK
2048	   0	84.8	84.8	 611	OK
2049	1000	83.3	83.3	 492	unbonded
2050	   0	80.1	80.1	 688	OK
2051	1000	83.4	83.4	 532	unbonded
2052	   0	86.0	86.0	 624	OK
2053	   0	80.3	80.3	 662	OK
2054	   0	90.0	90.0	 552	OK
2055	   0	94.7	94.7	 544	OK
2056	   0	85.1	85.1	 613	OK
2057	   0	87.4	87.4	 634	OK
2058	   0	80.6	80.6	 583	OK
2059	   0	78.7	78.7	 665	OK
2060	   0	80.7	80.7	 613	OK
2061	1000	77.6	77.6	 522	unbonded
2062	1000	82.0	82.0	 524	unbonded
2063	   0	75.0	75.0	 597	OK
2064	1000	84.1	84.1	 517	unbonded
2065	4000	81.7	81.7	 719	high noise
2066	1000	88.9	88.9	 528	unbonded
2067	   0	78.2	78.2	 684	OK
2068	   0	84.0	84.0	 558	OK
2069	   0	81.6	81.6	 641	OK
2070	   0	88.5	88.5	 571	OK
2071	   0	83.4	83.4	 591	OK
2072	4000	77.8	77.8	 764	high noise
2073	   0	78.3	78.3	 628	OK
2074	   0	76.3	76.3	 566	OK
2075	   0	82.1	82.1	 551	OK
2076	   0	81.9	81.9	 583	OK
2077	   0	81.2	81.2	 656	OK
2078	   0	80.7	80.7	 640	OK
2079	   0	78.8	78.8	 704	OK
2080	   0	78.3	78.3	 590	OK
2081	8000	80.2	80.2	 540	partbonded
2082	   0	84.1	84.1	 684	OK
2083	   0	83.1	83.1	 671	OK
2084	   0	86.4	86.4	 601	OK
2085	   0	84.2	84.2	 707	OK
2086	   0	79.7	79.7	 650	OK
2087	   0	81.0	81.0	 585	OK
2088	1000	82.8	82.8	 524	unbonded
2089	   0	80.2	80.2	 661	OK
2090	   0	80.8	80.8	 569	OK
2091	   0	77.2	77.2	 575	OK
2092	   0	79.9	79.9	 612	OK
2093	   0	89.2	89.2	 594	OK
2094	   0	87.2	87.2	 573	OK
2095	   0	85.5	85.5	 561	OK
2096	   0	80.3	80.3	 614	OK
2097	   0	78.2	78.2	 624	OK
2098	   0	88.0	88.0	 609	OK
2099	   0	91.1	91.1	 559	OK
2100	   0	78.2	78.2	 621	OK
2101	   0	79.4	79.4	 687	OK
2102	   0	83.5	83.5	 543	OK
2103	   0	78.9	78.9	 690	OK
2104	   0	79.8	79.8	 621	OK
2105	   0	85.1	85.1	 605	OK
2106	   0	83.9	83.9	 652	OK
2107	   0	82.3	82.3	 666	OK
2108	   0	83.9	83.9	 662	OK
2109	   0	84.2	84.2	 652	OK
2110	   0	84.2	84.2	 583	OK
2111	   0	88.7	88.7	 596	OK
2112	   0	92.5	92.5	 680	OK
2113	1000	82.9	82.9	 515	unbonded
2114	   0	84.1	84.1	 670	OK
2115	   0	79.6	79.6	 595	OK
2116	   0	83.5	83.5	 638	OK
2117	   0	75.6	75.6	 593	OK
2118	   0	84.6	84.6	 587	OK
2119	   0	85.1	85.1	 576	OK
2120	   0	76.5	76.5	 583	OK
2121	   0	84.2	84.2	 633	OK
2122	   0	82.0	82.0	 600	OK
2123	   0	88.0	88.0	 659	OK
2124	   0	88.9	88.9	 660	OK
2125	   0	88.0	88.0	 654	OK
2126	1000	88.8	88.8	 501	unbonded
2127	   0	82.7	82.7	 660	OK
2128	   0	82.0	82.0	 579	OK
2129	   0	81.5	81.5	 677	OK
2130	   0	79.7	79.7	 619	OK
2131	   0	87.7	87.7	 698	OK
2132	   0	89.4	89.4	 645	OK
2133	   0	86.5	86.5	 612	OK
2134	   0	85.4	85.4	 663	OK
2135	   0	79.9	79.9	 647	OK
2136	   0	81.7	81.7	 669	OK
2137	   0	81.6	81.6	 709	OK
2138	   0	79.9	79.9	 624	OK
2139	   0	80.1	80.1	 643	OK
2140	   0	78.7	78.7	 673	OK
2141	   0	76.6	76.6	 620	OK
2142	4000	74.5	74.5	 721	high noise
2143	   0	82.1	82.1	 584	OK
2144	   0	78.8	78.8	 693	OK
2145	4000	84.8	84.8	 726	high noise
2146	   0	87.3	87.3	 642	OK
2147	   0	77.5	77.5	 578	OK
2148	   0	88.8	88.8	 547	OK
2149	4000	81.0	81.0	 751	high noise
2150	   0	80.7	80.7	 631	OK
2151	   0	87.2	87.2	 557	OK
2152	   0	80.9	80.9	 632	OK
2153	   0	82.7	82.7	 621	OK
2154	   0	86.2	86.2	 616	OK
2155	   0	78.9	78.9	 668	OK
2156	   0	83.8	83.8	 674	OK
2157	   0	89.5	89.5	 587	OK
2158	   0	79.4	79.4	 625	OK
2159	   0	83.0	83.0	 607	OK
2160	   0	77.4	77.4	 683	OK
2161	   0	84.3	84.3	 618	OK
2162	   0	85.4	85.4	 546	OK
2163	1000	78.3	78.3	 515	unbonded
2164	1000	87.4	87.4	 530	unbonded
2165	   0	85.4	85.4	 697	OK
2166	   0	80.0	80.0	 635	OK
2167	   0	83.4	83.4	 544	OK
2168	   0	84.0	84.0	 682	OK
2169	   0	83.9	83.9	 627	OK
2170	   0	76.7	76.7	 662	OK
2171	   0	84.2	84.2	 544	OK
2172	   0	83.1	83.1	 630	OK
2173	   0	82.8	82.8	 618	OK
2174	   0	85.3	85.3	 578	OK
2175	   0	76.8	76.8	 636	OK
2176	   0	101.4	101.4	 617	OK
2177	   0	95.2	95.2	 570	OK
2178	1000	87.2	87.2	 491	unbonded
2179	   0	80.9	80.9	 608	OK
2180	   0	79.2	79.2	 580	OK
2181	1000	88.8	88.8	 505	unbonded
2182	1000	83.4	83.4	 482	unbonded
2183	   0	88.2	88.2	 571	OK
2184	   0	85.9	85.9	 635	OK
2185	1000	83.0	83.0	 528	unbonded
2186	1000	91.9	91.9	 539	unbonded
2187	1000	87.4	87.4	 530	unbonded
2188	   0	85.6	85.6	 603	OK
2189	   0	87.1	87.1	 549	OK
2190	1000	101.3	101.3	 516	unbonded
2191	   0	91.7	91.7	 567	OK
2192	   0	92.1	92.1	 562	OK
2193	   0	90.6	90.6	 610	OK
2194	1000	92.6	92.6	 515	unbonded
2195	   0	92.2	92.2	 597	OK
2196	   0	92.4	92.4	 581	OK
2197	1000	82.9	82.9	 533	unbonded
2198	   0	87.6	87.6	 632	OK
2199	   0	85.7	85.7	 606	OK
2200	   0	85.7	85.7	 597	OK
2201	   0	92.0	92.0	 589	OK
2202	1000	93.3	93.3	 523	unbonded
2203	   0	88.7	88.7	 624	OK
2204	4000	87.1	87.1	 650	high noise
2205	   0	99.4	99.4	 603	OK
2206	1000	88.7	88.7	 492	unbonded
2207	   0	86.0	86.0	 546	OK
2208	   0	91.5	91.5	 574	OK
2209	   0	97.5	97.5	 553	OK
2210	   0	85.8	85.8	 606	OK
2211	   0	84.7	84.7	 617	OK
2212	1000	86.3	86.3	 490	unbonded
2213	1000	85.8	85.8	 538	unbonded
2214	1000	88.4	88.4	 499	unbonded
2215	4000	85.8	85.8	 658	high noise
2216	   0	92.6	92.6	 601	OK
2217	   0	88.5	88.5	 556	OK
2218	8000	92.1	92.1	 540	partbonded
2219	4000	87.9	87.9	 683	high noise
2220	   0	90.4	90.4	 560	OK
2221	1000	83.8	83.8	 459	unbonded
2222	1000	98.4	98.4	 517	unbonded
2223	   0	94.0	94.0	 553	OK
2224	1000	94.9	94.9	 515	unbonded
2225	1000	93.7	93.7	 532	unbonded
2226	1000	94.4	94.4	 502	unbonded
2227	1000	86.8	86.8	 516	unbonded
2228	1000	100.0	100.0	 526	unbonded
2229	   0	88.2	88.2	 555	OK
2230	1000	90.6	90.6	 531	unbonded
2231	   0	92.1	92.1	 584	OK
2232	   0	77.0	77.0	 628	OK
2233	   0	93.1	93.1	 549	OK
2234	   0	91.4	91.4	 567	OK
2235	   0	80.7	80.7	 615	OK
2236	1000	107.5	107.5	 516	unbonded
2237	   0	101.4	101.4	 622	OK
2238	1000	88.5	88.5	 518	unbonded
2239	1000	88.2	88.2	 521	unbonded
2240	4000	94.5	94.5	 651	high noise
2241	4000	85.1	85.1	 648	high noise
2242	1000	85.4	85.4	 469	unbonded
2243	8000	89.4	89.4	 540	partbonded
2244	1000	94.4	94.4	 466	unbonded
2245	   0	84.8	84.8	 614	OK
2246	1000	89.2	89.2	 519	unbonded
2247	1000	90.5	90.5	 527	unbonded
2248	   0	91.5	91.5	 621	OK
2249	1000	91.0	91.0	 482	unbonded
2250	   0	88.2	88.2	 545	OK
2251	   0	95.1	95.1	 545	OK
2252	   0	93.0	93.0	 543	OK
2253	1000	88.5	88.5	 458	unbonded
2254	1000	87.1	87.1	 514	unbonded
2255	1000	93.6	93.6	 498	unbonded
2256	1000	95.4	95.4	 536	unbonded
2257	   0	84.2	84.2	 592	OK
2258	   0	89.3	89.3	 541	OK
2259	   0	81.0	81.0	 602	OK
2260	   0	92.2	92.2	 562	OK
2261	4000	96.4	96.4	 639	high noise
2262	1000	92.9	92.9	 486	unbonded
2263	1000	96.2	96.2	 481	unbonded
2264	   0	99.8	99.8	 567	OK
2265	1000	89.3	89.3	 500	unbonded
2266	   0	85.5	85.5	 559	OK
2267	1000	97.1	97.1	 513	unbonded
2268	   0	84.9	84.9	 546	OK
2269	1000	98.0	98.0	 523	unbonded
2270	   0	89.4	89.4	 550	OK
2271	1000	84.6	84.6	 530	unbonded
2272	   0	94.5	94.5	 572	OK
2273	   0	91.9	91.9	 566	OK
2274	   0	82.3	82.3	 614	OK
2275	   0	87.8	87.8	 585	OK
2276	1000	95.0	95.0	 535	unbonded
2277	   0	87.3	87.3	 575	OK
2278	   0	81.6	81.6	 561	OK
2279	   0	94.3	94.3	 545	OK
2280	1000	92.9	92.9	 470	unbonded
2281	1000	89.3	89.3	 529	unbonded
2282	   0	88.4	88.4	 594	OK
2283	1000	85.7	85.7	 522	unbonded
2284	1000	89.5	89.5	 522	unbonded
2285	1000	99.9	99.9	 501	unbonded
2286	1000	91.4	91.4	 516	unbonded
2287	1000	93.0	93.0	 494	unbonded
2288	1000	86.9	86.9	 520	unbonded
2289	   0	91.0	91.0	 560	OK
2290	   0	95.7	95.7	 612	OK
2291	1000	87.6	87.6	 448	unbonded
2292	   0	87.3	87.3	 551	OK
2293	   0	88.1	88.1	 549	OK
2294	1000	93.6	93.6	 524	unbonded
2295	   0	88.5	88.5	 613	OK
2296	   0	79.5	79.5	 577	OK
2297	   0	89.7	89.7	 549	OK
2298	   0	79.6	79.6	 566	OK
2299	1000	96.4	96.4	 522	unbonded
2300	   0	87.1	87.1	 613	OK
2301	1000	88.2	88.2	 496	unbonded
2302	   0	99.0	99.0	 587	OK
2303	   0	84.3	84.3	 636	OK
2304	   0	89.6	89.6	 663	OK
2305	   0	88.5	88.5	 570	OK
2306	1000	85.2	85.2	 505	unbonded
2307	4000	88.3	88.3	 709	high noise
2308	   0	85.5	85.5	 544	OK
2309	   0	80.9	80.9	 629	OK
2310	   0	95.3	95.3	 584	OK
2311	   0	87.9	87.9	 611	OK
2312	   0	86.3	86.3	 663	OK
2313	   0	89.1	89.1	 601	OK
2314	1000	86.1	86.1	 501	unbonded
2315	   0	88.6	88.6	 560	OK
2316	   0	84.6	84.6	 629	OK
2317	   0	94.4	94.4	 564	OK
2318	1000	87.8	87.8	 535	unbonded
2319	   0	91.0	91.0	 620	OK
2320	   0	83.6	83.6	 558	OK
2321	   0	82.3	82.3	 575	OK
2322	   0	92.1	92.1	 546	OK
2323	   0	83.8	83.8	 579	OK
2324	   0	83.3	83.3	 645	OK
2325	   0	89.0	89.0	 637	OK
2326	1000	90.3	90.3	 449	unbonded
2327	   0	91.4	91.4	 635	OK
2328	   0	86.3	86.3	 586	OK
2329	   0	88.4	88.4	 547	OK
2330	   0	79.9	79.9	 549	OK
2331	   0	89.2	89.2	 603	OK
2332	4000	83.5	83.5	 704	high noise
2333	   0	86.5	86.5	 576	OK
2334	   0	80.0	80.0	 647	OK
2335	4000	94.9	94.9	 694	high noise
2336	   0	89.4	89.4	 553	OK
2337	1000	86.8	86.8	 530	unbonded
2338	1000	86.0	86.0	 420	unbonded
2339	4000	90.4	90.4	 766	high noise
2340	   0	77.0	77.0	 588	OK
2341	   0	90.1	90.1	 626	OK
2342	1000	86.9	86.9	 539	unbonded
2343	4000	82.7	82.7	 705	high noise
2344	   0	83.0	83.0	 572	OK
2345	   0	88.9	88.9	 574	OK
2346	   0	86.9	86.9	 642	OK
2347	   0	81.2	81.2	 627	OK
2348	   0	83.3	83.3	 652	OK
2349	   0	86.9	86.9	 589	OK
2350	   0	89.5	89.5	 613	OK
2351	   0	92.3	92.3	 668	OK
2352	   0	89.1	89.1	 580	OK
2353	   0	86.8	86.8	 647	OK
2354	   0	86.6	86.6	 641	OK
2355	   0	83.7	83.7	 604	OK
2356	   0	98.8	98.8	 543	OK
2357	1000	89.9	89.9	 489	unbonded
2358	4000	90.2	90.2	 704	high noise
2359	1000	86.6	86.6	 527	unbonded
2360	1000	85.1	85.1	 502	unbonded
2361	   0	93.4	93.4	 657	OK
2362	   0	88.2	88.2	 571	OK
2363	   0	86.7	86.7	 626	OK
2364	   0	85.1	85.1	 552	OK
2365	4000	86.0	86.0	 700	high noise
2366	   0	96.0	96.0	 628	OK
2367	   0	86.0	86.0	 602	OK
2368	   0	85.6	85.6	 644	OK
2369	   0	83.8	83.8	 589	OK
2370	   0	89.3	89.3	 588	OK
2371	   0	94.4	94.4	 672	OK
2372	   0	93.8	93.8	 593	OK
2373	   0	86.1	86.1	 616	OK
2374	   0	92.0	92.0	 608	OK
2375	   0	85.3	85.3	 680	OK
2376	   0	84.6	84.6	 579	OK
2377	   0	93.4	93.4	 577	OK
2378	   0	88.2	88.2	 592	OK
2379	   0	88.9	88.9	 610	OK
2380	   0	83.5	83.5	 638	OK
2381	1000	95.0	95.0	 539	unbonded
2382	4000	79.9	79.9	 748	high noise
2383	   0	93.6	93.6	 614	OK
2384	   0	87.8	87.8	 551	OK
2385	   0	83.4	83.4	 609	OK
2386	   0	88.7	88.7	 692	OK
2387	   0	85.7	85.7	 634	OK
2388	   0	89.9	89.9	 583	OK
2389	1000	87.1	87.1	 540	unbonded
2390	   0	89.5	89.5	 579	OK
2391	4000	85.8	85.8	 730	high noise
2392	   0	84.8	84.8	 675	OK
2393	1000	85.7	85.7	 516	unbonded
2394	   0	80.9	80.9	 601	OK
2395	   0	91.3	91.3	 563	OK
2396	   0	84.3	84.3	 620	OK
2397	   0	88.9	88.9	 544	OK
2398	   0	84.8	84.8	 652	OK
2399	   0	84.1	84.1	 646	OK
2400	   0	81.1	81.1	 603	OK
2401	   0	88.0	88.0	 565	OK
2402	   0	89.9	89.9	 581	OK
2403	   0	82.1	82.1	 648	OK
2404	   0	79.8	79.8	 600	OK
2405	   0	90.8	90.8	 556	OK
2406	   0	86.1	86.1	 589	OK
2407	   0	88.7	88.7	 590	OK
2408	   0	88.3	88.3	 647	OK
2409	   0	87.4	87.4	 561	OK
2410	1000	90.8	90.8	 501	unbonded
2411	4000	88.8	88.8	 725	high noise
2412	   0	94.3	94.3	 568	OK
2413	4000	83.6	83.6	 754	high noise
2414	   0	86.4	86.4	 585	OK
2415	   0	91.7	91.7	 627	OK
2416	   0	84.7	84.7	 608	OK
2417	   0	87.0	87.0	 619	OK
2418	   0	89.8	89.8	 550	OK
2419	   0	88.1	88.1	 575	OK
2420	   0	94.1	94.1	 595	OK
2421	   0	86.9	86.9	 591	OK
2422	   0	88.4	88.4	 543	OK
2423	   0	93.0	93.0	 579	OK
2424	   0	86.4	86.4	 601	OK
2425	   0	79.6	79.6	 605	OK
2426	   0	81.0	81.0	 662	OK
2427	   0	82.6	82.6	 625	OK
2428	1000	79.2	79.2	 505	unbonded
2429	   0	74.5	74.5	 667	OK
2430	   0	82.0	82.0	 678	OK
2431	   0	89.9	89.9	 619	OK
2432	   0	92.0	92.0	 609	OK
2433	   0	97.3	97.3	 636	OK
2434	   0	85.6	85.6	 666	OK
2435	   0	87.8	87.8	 656	OK
2436	   0	91.6	91.6	 623	OK
2437	4000	87.7	87.7	 731	high noise
2438	   0	89.8	89.8	 639	OK
2439	   0	94.3	94.3	 586	OK
2440	   0	89.7	89.7	 653	OK
2441	   0	87.2	87.2	 543	OK
2442	   0	85.3	85.3	 679	OK
2443	   0	91.4	91.4	 663	OK
2444	   0	94.3	94.3	 639	OK
2445	   0	87.2	87.2	 601	OK
2446	   0	83.8	83.8	 606	OK
2447	   0	90.3	90.3	 672	OK
2448	   0	88.4	88.4	 685	OK
2449	   0	88.8	88.8	 622	OK
2450	   0	88.7	88.7	 625	OK
2451	1000	98.2	98.2	 517	unbonded
2452	   0	92.8	92.8	 621	OK
2453	   0	91.7	91.7	 625	OK
2454	   0	95.1	95.1	 561	OK
2455	   0	85.8	85.8	 664	OK
2456	1000	96.5	96.5	 538	unbonded
2457	   0	93.5	93.5	 617	OK
2458	   0	94.6	94.6	 605	OK
2459	   0	85.4	85.4	 673	OK
2460	   0	92.7	92.7	 646	OK
2461	   0	83.7	83.7	 626	OK
2462	   0	94.0	94.0	 727	OK
2463	   0	90.7	90.7	 564	OK
2464	   0	95.5	95.5	 628	OK
2465	   0	94.8	94.8	 615	OK
2466	   0	84.8	84.8	 687	OK
2467	   0	90.3	90.3	 612	OK
2468	   0	89.1	89.1	 619	OK
2469	   0	90.5	90.5	 620	OK
2470	   0	89.0	89.0	 547	OK
2471	   0	87.8	87.8	 585	OK
2472	   0	89.3	89.3	 721	OK
2473	   0	82.5	82.5	 659	OK
2474	4000	83.6	83.6	 736	high noise
2475	4000	81.4	81.4	 755	high noise
2476	   0	90.1	90.1	 686	OK
2477	   0	90.1	90.1	 603	OK
2478	   0	89.4	89.4	 614	OK
2479	4000	88.3	88.3	 745	high noise
2480	   0	89.9	89.9	 577	OK
2481	   0	88.4	88.4	 682	OK
2482	   0	94.8	94.8	 596	OK
2483	   0	89.3	89.3	 668	OK
2484	1000	99.9	99.9	 532	unbonded
2485	   0	90.4	90.4	 574	OK
2486	   0	91.3	91.3	 631	OK
2487	   0	91.1	91.1	 601	OK
2488	   0	93.5	93.5	 685	OK
2489	   0	89.9	89.9	 645	OK
2490	   0	88.9	88.9	 659	OK
2491	   0	91.9	91.9	 718	OK
2492	   0	84.2	84.2	 650	OK
2493	   0	93.1	93.1	 664	OK
2494	   0	95.3	95.3	 696	OK
2495	   0	100.3	100.3	 590	OK
2496	   0	93.3	93.3	 611	OK
2497	   0	88.9	88.9	 671	OK
2498	   0	85.5	85.5	 686	OK
2499	   0	89.3	89.3	 603	OK
2500	   0	88.1	88.1	 625	OK
2501	   0	91.2	91.2	 629	OK
2502	   0	93.8	93.8	 545	OK
2503	   0	93.4	93.4	 666	OK
2504	   0	87.3	87.3	 547	OK
2505	   0	91.4	91.4	 711	OK
2506	   0	84.5	84.5	 664	OK
2507	   0	83.7	83.7	 691	OK
2508	   0	90.3	90.3	 634	OK
2509	   0	88.2	88.2	 664	OK
2510	   0	87.2	87.2	 573	OK
2511	   0	87.3	87.3	 680	OK
2512	   0	92.7	92.7	 654	OK
2513	   0	90.7	90.7	 645	OK
2514	   0	83.0	83.0	 677	OK
2515	1000	85.3	85.3	 520	unbonded
2516	   0	90.5	90.5	 689	OK
2517	1000	88.1	88.1	 511	unbonded
2518	   0	83.9	83.9	 614	OK
2519	   0	83.4	83.4	 615	OK
2520	   0	89.0	89.0	 724	OK
2521	   0	82.9	82.9	 715	OK
2522	   0	80.7	80.7	 670	OK
2523	   0	82.4	82.4	 606	OK
2524	   0	87.9	87.9	 622	OK
2525	   0	83.4	83.4	 670	OK
2526	   0	84.5	84.5	 654	OK
2527	   0	75.3	75.3	 596	OK
2528	   0	88.2	88.2	 718	OK
2529	   0	88.5	88.5	 629	OK
2530	   0	84.5	84.5	 646	OK
2531	   0	87.5	87.5	 629	OK
2532	   0	94.1	94.1	 634	OK
2533	4000	89.8	89.8	 744	high noise
2534	   0	88.4	88.4	 549	OK
2535	   0	86.2	86.2	 657	OK
2536	   0	89.3	89.3	 633	OK
2537	   0	80.2	80.2	 675	OK
2538	   0	83.5	83.5	 632	OK
2539	   0	83.5	83.5	 584	OK
2540	   0	86.9	86.9	 668	OK
2541	   0	82.6	82.6	 573	OK
2542	   0	90.4	90.4	 563	OK
2543	   0	87.9	87.9	 550	OK
2544	   0	87.6	87.6	 642	OK
2545	   0	86.8	86.8	 651	OK
2546	   0	88.9	88.9	 599	OK
2547	   0	84.7	84.7	 698	OK
2548	   0	90.3	90.3	 604	OK
2549	1000	84.8	84.8	 526	unbonded
2550	   0	97.1	97.1	 611	OK
2551	   0	89.1	89.1	 590	OK
2552	   0	88.4	88.4	 581	OK
2553	   0	84.3	84.3	 698	OK
2554	   0	85.8	85.8	 577	OK
2555	   0	89.2	89.2	 590	OK
2556	   0	82.7	82.7	 651	OK
2557	   0	91.4	91.4	 602	OK
2558	   0	85.5	85.5	 703	OK
2559	   0	87.6	87.6	 725	OK
